10.940236
10.876339
10.854540
10.896903
10.890731
10.906271
10.944580
11.108753
11.109173
11.179806
11.177482
11.101447
11.066482
11.216116
11.094210
11.046923
10.963327
10.876530
10.839485
10.836118
10.844536
10.889695
10.970875
10.959417
10.953751
10.961355
10.980909
10.962195
11.018085
10.985025
10.888963
10.824662
10.865741
10.892843
10.963814
10.976445
10.902785
10.845379
10.854915
10.876420
10.909071
10.983060
10.944077
10.899481
10.901069
10.933864
10.961452
11.047655
11.019222
10.972023
10.922569
10.936678
10.924953
10.988677
11.018467
10.983088
10.970040
10.960661
10.971936
11.004646
11.073718
11.045918
10.992800
10.978111
10.993263
10.949451
11.011717
10.972154
10.875304
10.804477
10.812794
10.810369
10.895020
10.952015
10.945052
10.936065
10.976800
11.019468
11.058785
11.119041
11.078405
10.976117
10.942247
10.918940
10.878783
10.924067
10.900775
10.831777
10.775858
10.819112
10.810072
10.848240
10.898745
10.874928
10.846636
10.885037
10.919667
10.964083
11.063133
11.086577
11.079618
11.294947
11.262413
11.161346
11.148942
11.192209
11.337830
10.018766
11.364424
11.159710
11.054804
11.033554
11.061417
10.935753
10.943011
11.101492
11.075194
11.018817
10.911147
10.855783
10.877513
10.940356
10.967937
10.919766
10.837616
10.834264
10.805849
10.838948
10.850430
10.826560
10.817319
10.849452
10.881984
10.925104
10.871861
10.798687
10.728846
10.716936
10.709198
10.778099
10.828135
10.861119
10.876307
10.940435
10.967178
11.051151
11.095595
11.049821
10.996500
10.982080
10.980336
10.990713
11.060814
11.020344
10.935154
10.917913
10.909160
10.900193
10.956854
10.961953
10.905891
10.882991
10.910892
10.923578
10.984305
11.035460
10.992783
10.924124
10.922245
10.908806
10.894068
10.925838
10.885126
10.821537
10.795486
10.810843
10.829927
10.897842
10.919450
10.848847
10.786212
10.793765
10.808069
10.835727
10.895493
10.869558
10.846957
10.858389
10.908012
10.923074
11.003323
10.990723
10.945999
10.913015
10.949423
10.955498
11.005449
11.046848
10.994241
10.933913
10.950030
10.972338
11.013429
11.047568
11.013065
10.958146
10.945542
10.974149
10.985310
11.058246
11.048962
10.992203
10.960331
10.983787
10.969758
11.023201
11.037649
10.964399
10.896501
10.902958
10.909493
10.938713
11.005640
10.970561
10.934744
10.931690
10.936540
10.958165
11.050665
11.063035
11.035303
11.009840
10.995054
10.996660
11.047487
11.067672
11.046736
11.016016
11.024668
11.001839
11.019596
11.038657
10.994377
10.946761
10.978921
10.975948
10.967084
11.003948
10.989420
10.936453
10.904805
10.911070
10.875155
10.919307
10.951563
10.912469
10.869455
10.900713
10.905831
10.941376
10.955834
10.886326
10.757193
10.752702
10.773268
10.791612
10.864252
10.856995
10.806689
10.785110
10.853868
10.859386
10.916259
10.963955
10.941046
10.909577
10.936169
10.975931
10.981878
11.015409
10.983039
10.912625
10.876740
10.885226
10.906419
10.947339
10.945721
10.872593
10.805639
10.840071
10.854752
10.883000
10.932940
10.896392
10.852992
10.891265
10.937114
10.967467
11.016171
10.998060
10.947908
10.917912
10.941459
10.932493
10.992874
10.994067
10.930050
10.873446
10.908103
10.925313
10.983392
11.027823
11.011406
10.959301
10.982633
11.004364
11.001719
11.016484
10.962580
10.854183
10.799827
10.816340
10.812818
10.866754
10.882242
10.869717
10.856413
10.937997
10.994858
11.046222
11.093639
11.043312
10.962836
10.955035
10.960307
10.951085
10.993075
10.975544
10.929541
10.902282
10.924565
10.962739
11.082024
11.112609
11.081153
11.067164
11.025122
10.901335
10.851045
10.837729
10.832507
10.815624
10.861937
10.943731
11.012073
11.098605
11.101810
11.063517
11.048160
11.110496
11.121485
11.140756
11.085998
11.022426
11.009583
11.014388
11.066509
11.089383
11.099771
11.093995
11.132691
11.113993
11.150649
11.107041
10.975459
10.847849
10.748318
10.686426
10.670208
10.728453
10.745177
10.798463
10.890219
10.956395
11.040850
11.147267
11.232205
11.259837
11.211457
11.110160
11.070202
11.065936
11.046209
11.087540
11.101661
11.058748
11.058272
11.011051
11.014351
11.023655
11.033070
10.982468
10.853654
10.678094
10.576447
10.541216
10.620840
10.717073
10.798800
10.856085
10.957623
11.045978
11.180349
11.227642
11.188890
11.148925
11.112889
10.994321
10.978418
10.883089
10.778483
10.694938
10.692666
10.724476
10.828176
10.939685
10.966334
10.947882
10.983492
10.955936
10.903557
10.893313
10.829937
10.729877
10.680330
10.707584
10.754279
10.814166
10.848580
10.832982
10.818966
10.845358
10.858337
10.886936
10.925791
10.896946
10.857433
10.845192
10.910480
10.942797
10.991431
10.973538
10.916691
10.877157
10.917735
10.962712
11.006079
11.022659
10.951829
10.849816
10.846253
10.837234
10.852982
10.896252
10.879449
10.849042
10.853639
10.910303
10.954323
10.997263
11.014567
10.948914
10.923863
10.950381
10.979195
11.020061
11.039331
10.997681
10.953959
10.970219
11.001397
11.021228
11.019757
10.962886
10.896774
10.869362
10.892714
10.937951
11.008268
11.043508
11.021706
10.981178
11.003915
11.029356
11.067536
11.064609
11.012670
10.948776
10.940227
10.946436
10.968364
11.008804
10.961447
10.893344
10.875838
10.890347
10.895536
10.947836
10.937489
10.930264
10.916318
10.956476
10.998972
11.039960
11.041806
10.905303
10.770945
10.743463
10.772140
10.823229
10.886103
10.909119
10.911759
10.939838
11.002792
11.042646
11.081569
11.055587
10.954966
10.850622
10.835853
10.823360
10.839876
10.844503
10.794577
10.756461
10.791637
10.882196
10.963449
11.048316
11.053328
10.993250
10.917748
10.905457
10.838737
10.836560
10.802214
10.772884
10.776292
10.883535
11.027931
11.146420
11.239939
11.251030
11.184255
11.150818
11.138104
11.107507
11.136811
11.075109
11.022525
10.987823
11.000618
11.017131
11.016094
11.017081
10.955435
10.904133
10.909021
10.926833
10.963001
10.967765
10.946881
10.890516
10.905695
10.929880
10.960122
10.993616
10.977645
10.942164
10.930044
10.946520
10.953864
10.961163
10.954279
10.902695
10.864386
10.890579
10.942583
11.000012
11.008383
10.956775
10.874722
10.872424
10.888247
10.893341
10.934936
10.951540
10.946089
10.940888
10.964843
11.032229
11.099946
11.144549
11.103446
11.064590
11.036808
11.047395
11.057720
11.078642
11.044392
11.024440
11.008567
10.997293
10.968644
10.895824
10.833982
10.802341
10.806894
10.851089
11.029755
11.116981
11.155905
11.215869
11.236538
11.234613
11.222263
11.178453
11.093603
11.139057
11.098589
11.104361
11.049630
10.950833
10.906040
10.880286
10.850924
10.863944
10.856745
10.872600
10.924932
10.920294
10.993894
11.008829
11.002162
10.996976
11.008184
10.982906
10.974471
10.972885
10.915829
10.940854
10.963659
10.996305
11.022539
11.001699
10.989666
10.999820
10.996938
11.112127
11.094330
11.031220
10.962004
10.984452
10.974289
10.996304
10.978498
10.948503
11.051148
11.009336
11.035499
11.045981
10.976892
10.952871
10.979974
11.006656
11.026134
10.991630
10.927220
10.933112
10.895721
10.913090
10.913568
10.862637
10.834862
10.875959
10.845270
10.839133
10.819973
10.787374
10.867074
10.873486
10.986971
11.070075
10.995268
10.958070
10.988939
10.990381
11.030665
10.973738
10.949729
10.962164
10.982059
11.133488
11.111617
11.013266
10.917145
10.906903
10.913022
10.937852
10.928050
10.898500
10.929015
10.955009
11.029959
11.070894
11.025615
10.937972
10.944783
10.961409
10.995792
10.959138
10.906256
10.934668
10.931007
11.036368
11.022108
10.938650
10.904549
10.901069
10.918848
10.943323
10.889940
10.834263
10.845803
10.834552
10.922510
10.967463
10.979278
11.112237
11.198581
11.289164
11.060189
10.937189
10.914590
11.037048
10.829516
10.746593
10.757938
10.743011
10.566599
10.594153
10.753032
10.776535
10.807556
10.902534
10.929884
10.949764
10.983840
10.991611
10.960106
10.900930
10.895373
10.901032
10.918452
10.950066
10.918059
10.856514
10.788082
10.806130
10.834469
10.901544
10.962128
10.967336
10.948601
10.972697
11.050938
11.083748
11.118418
11.127132
11.057084
10.986382
10.950598
10.943130
10.994071
10.981456
11.022264
11.031485
10.972896
10.953742
10.899876
10.892969
10.930930
11.002147
11.057486
11.032047
10.967766
10.893183
10.886338
10.969681
10.998280
11.011962
10.968132
10.881353
10.808795
10.737919
10.811022
10.871473
10.924422
10.980543
10.955362
10.904385
10.815535
10.799701
10.929278
10.948778
10.948679
10.953960
10.888779
10.847565
10.850739
10.910946
10.988944
11.007599
11.028052
11.016839
10.963998
10.906744
10.850978
10.845444
10.858354
10.907512
10.949312
10.920208
10.878583
10.806292
10.835452
10.949662
11.018888
11.065591
11.070776
10.994268
10.947807
10.873176
10.863047
10.890576
10.920538
11.002522
11.011117
10.943558
10.871453
10.774406
10.802402
10.844552
10.899993
10.975573
10.963708
10.934396
10.930946
10.979441
11.015962
11.028912
11.032014
10.989325
10.926933
10.840969
10.803530
10.827674
10.843768
10.881804
10.956750
10.936559
10.935771
10.938145
10.989408
11.068894
11.095869
11.131890
11.101156
11.017509
10.964511
10.888964
10.903654
10.904508
10.901809
10.935068
10.915394
10.860668
10.799749
10.751832
10.795757
10.889331
11.024285
11.096189
11.064101
11.034968
10.985210
11.033341
11.087287
11.072603
11.038224
10.963169
10.906841
10.844419
10.836014
10.840979
10.829229
10.866019
10.926732
10.914687
10.896785
10.850098
10.896851
10.993041
11.061209
11.119146
11.079867
10.998012
10.918884
10.875131
10.887725
10.920700
10.925244
10.954894
10.950710
10.932834
10.930454
10.932173
10.944014
10.951123
10.987809
10.958590
10.862011
10.705297
10.602181
10.592657
10.635632
10.735018
10.795588
10.816875
10.832673
10.894670
10.941929
10.993331
11.010071
10.939353
10.871370
10.877804
10.907090
10.966603
11.075001
11.084951
11.053989
11.029939
11.041538
11.019005
11.017839
10.985192
10.911234
10.887198
10.894097
10.882736
10.909031
10.953354
10.934813
10.927938
10.929669
10.939940
10.960011
11.015898
11.000471
10.960378
10.963923
10.979312
10.964333
11.008095
11.002151
10.944927
10.916719
10.916947
10.896013
10.936062
10.985821
10.949085
10.920435
10.938293
10.943715
10.946403
10.996441
10.968295
10.905461
10.883457
10.872190
10.856430
10.905627
10.931812
10.904045
10.914305
10.942593
10.958338
11.061191
11.140698
11.104149
11.014416
11.001303
11.014132
11.095139
11.121045
11.103005
11.168352
11.220768
11.244120
11.158328
11.016387
10.966423
10.974598
11.067870
11.059031
10.953945
11.072800
11.097760
11.118629
11.067531
10.965243
10.922403
10.926633
10.967619
10.943677
10.890856
11.000443
11.072391
11.147147
11.098908
10.983244
10.937509
10.922944
10.924359
10.913473
10.843530
10.950438
10.979779
11.010630
10.990824
10.923745
10.910876
10.936632
10.990561
10.973022
10.916996
10.912867
10.963736
11.058192
11.059575
10.962045
10.963762
10.971806
11.079102
11.028484
10.908261
10.852417
10.854698
10.907438
10.909657
10.875351
10.918907
10.971427
11.008098
11.027195
10.993113
10.961349
10.970428
10.982777
10.986982
10.898976
10.757174
10.682678
10.665597
10.670388
10.698702
10.685260
10.672807
10.660477
10.702868
10.731421
10.782010
10.791976
10.761264
10.736177
10.759367
10.819209
10.888110
10.909694
10.887567
10.847399
10.808949
10.816000
10.825346
10.854259
10.833727
10.779973
10.775914
10.812946
10.900409
10.967986
10.989815
10.957763
10.934772
10.923417
10.962108
11.030066
11.031048
11.001090
10.943275
10.897372
10.893690
10.903959
10.937922
10.987939
11.000029
11.086540
11.152156
11.204743
11.209282
11.159258
11.078493
11.018553
10.982943
10.972317
10.991198
10.958944
10.924422
10.918606
10.910574
10.938931
10.996489
11.017448
11.004546
10.967228
10.911920
10.884785
10.916302
10.943583
10.960098
10.935020
10.909292
10.890728
10.939569
11.000784
11.022983
10.998053
10.992271
10.950160
10.950573
10.990232
11.009567
10.999830
10.964899
10.960395
10.960269
11.000900
11.026175
11.022651
10.995308
10.976107
10.962990
10.971640
10.974948
10.964623
10.936726
10.926942
10.920144
10.931572
10.977758
10.998331
10.998659
10.995337
10.995487
10.982366
10.995118
11.001494
10.979309
10.948652
10.951768
10.932464
10.932833
10.959792
10.969180
10.935793
10.903814
10.868321
10.854733
10.898706
10.908998
10.879354
10.820692
10.822722
10.823722
10.874310
10.917653
10.908236
10.876404
10.829610
10.786234
10.790873
10.821672
10.821140
10.800680
10.765884
10.746147
10.780927
10.877163
10.960200
10.979064
10.970286
10.932777
10.918112
10.930642
10.943661
10.929197
10.865672
10.796529
10.763213
10.795649
10.866941
10.917506
10.916993
10.900003
10.903003
10.893792
10.929474
10.970390
10.964739
10.920694
10.914481
10.920794
10.946346
10.976553
10.948236
10.883080
10.811413
10.771689
10.790527
10.857676
10.917645
10.926273
10.910707
10.881048
10.900504
10.959477
11.012845
11.004347
10.957712
10.922768
10.909275
10.942730
10.996346
11.025467
11.012733
10.997390
10.993328
11.004031
11.062319
11.076445
11.033554
10.970716
10.945349
10.925408
10.980376
11.023857
11.011511
10.964241
10.916472
10.907050
10.921911
10.957597
10.956481
10.929632
10.920655
10.896455
10.914783
10.984365
11.012727
10.986911
10.938416
10.933393
10.933698
10.914398
10.929279
10.892843
10.864541
10.862894
10.904083
10.983892
11.083499
11.116836
11.092007
11.046862
11.045397
11.028069
11.040328
11.029942
10.989647
10.941000
10.920520
10.898575
10.947293
11.012304
11.011397
10.981477
10.965392
10.959695
10.978559
11.010909
10.988854
10.953547
10.892366
10.885348
10.870239
10.879286
10.866941
10.808405
10.746404
10.722843
10.761895
10.863459
10.975778
11.021914
10.998205
10.980943
10.966305
10.964852
10.966659
10.927868
10.849172
10.781504
10.785275
10.840540
10.980540
11.085014
11.149319
11.195019
11.206286
11.205684
11.229659
11.265234
11.215407
11.140320
11.109147
11.063000
11.061002
11.086571
11.060020
11.043066
11.032154
11.007730
10.984470
11.010140
11.020646
10.986347
10.950739
10.923161
10.908200
10.923006
10.937060
10.931215
10.901510
10.876085
10.861464
10.879779
10.916515
10.888142
10.833585
10.835771
10.877569
10.913243
10.985469
11.018693
10.996926
10.879383
10.793684
10.699967
10.706248
10.773645
10.792011
10.768860
10.759602
10.804729
10.865354
10.957464
10.975066
10.937160
10.867242
10.830850
10.823815
10.851636
10.859749
10.817591
10.771641
10.761133
10.778903
10.859256
10.990247
11.040778
11.046804
11.123105
11.268688
10.184713
10.156648
10.107002
10.081403
11.394057
11.119592
11.021515
10.834474
10.884683
10.876110
10.760066
10.724869
10.761094
10.810253
10.870481
10.940354
10.895373
10.838810
10.791364
10.762012
10.755424
10.718159
10.724194
10.722714
10.707212
10.713051
10.813757
10.908984
11.019311
11.135435
11.135424
11.091828
11.052663
11.014080
10.996546
11.015000
10.974457
10.904675
10.836725
10.845011
10.881350
10.978264
11.060729
11.071103
11.046575
11.009616
10.995372
11.026441
11.065371
11.023335
10.951852
10.885629
10.867503
10.876401
10.943559
10.958731
10.918850
10.889544
10.866666
10.889079
10.976728
11.048914
11.024279
10.988544
10.932195
10.899426
10.900079
10.951752
10.917819
10.867515
10.824442
10.827166
10.868933
10.947599
10.965221
10.929108
10.886710
10.893741
10.913928
10.959258
11.006676
10.967417
10.920515
10.880845
10.893118
10.931674
10.996489
10.950048
10.866009
10.820863
10.830993
10.868382
10.955737
10.979677
10.943226
10.916214
10.920639
10.925627
10.975237
10.984073
10.918895
10.894022
10.883916
10.898171
10.953431
11.036503
11.039896
10.996413
10.978756
10.972696
10.983878
11.025709
11.026584
10.957377
10.900772
10.899157
10.905766
10.953955
11.015146
10.979254
10.972990
10.980946
11.002048
11.046224
11.099070
11.058015
10.996129
10.962182
10.935595
10.942673
10.999953
10.987617
10.950381
10.908057
10.901768
10.900978
10.972427
11.019374
10.991857
10.956064
10.939724
10.903727
10.929331
10.983173
10.974855
10.951150
10.923367
10.940791
10.970629
11.032519
11.032404
11.003551
10.975759
10.946805
10.944565
10.990191
11.049738
11.023031
10.966497
10.882194
10.847618
10.887667
10.986736
11.093351
11.097619
11.042310
10.962933
10.976759
11.033424
11.109217
11.194123
11.154134
11.088037
11.013384
10.926943
10.946347
10.947368
10.977693
11.025771
10.994260
10.965183
10.920713
10.950854
10.978583
11.039059
11.100001
11.108734
11.054918
10.981928
10.947924
10.945145
10.937861
10.956392
10.962729
10.943069
10.895999
10.877300
10.885488
10.912035
10.921034
10.966478
10.928013
10.839815
10.712480
10.604892
10.654619
10.746390
10.849359
10.942459
10.924696
11.037497
11.108459
11.120954
11.133241
11.100288
11.061000
11.003585
10.881770
10.790260
10.725038
10.682079
10.703393
10.789953
10.831365
10.813838
10.796002
10.807781
10.846589
10.914957
10.985656
10.965843
10.912690
10.858119
10.865298
10.886096
10.942526
10.939569
10.911194
10.852131
10.828518
10.847714
10.907998
10.953171
10.944986
10.903420
10.881257
10.954294
11.011823
11.092109
11.104684
11.060616
10.990438
10.998835
11.003394
11.028893
11.018656
10.961006
10.876105
10.872204
10.892421
10.928031
10.973810
10.957412
10.890930
10.827610
10.844457
10.881263
10.932232
10.961525
10.938413
10.882668
10.902330
10.922009
10.979531
11.013183
10.988777
10.917844
10.909798
10.917866
10.940052
10.979470
10.976766
10.920709
10.915462
10.974940
10.999009
10.991766
10.925365
10.795179
10.697107
10.665442
10.708866
10.761123
10.806620
10.806672
10.768606
10.778254
10.845964
10.942447
11.016397
11.088323
11.071692
11.003620
10.999073
11.035184
11.063550
11.099017
11.058294
10.975985
10.943495
10.947698
10.965079
11.016045
11.016176
10.941467
10.905791
10.922347
10.928282
10.944712
10.949310
10.881454
10.808193
10.790569
10.831787
10.859078
10.901266
10.879501
10.848017
10.851324
10.906601
10.949114
11.013828
11.025242
10.969994
10.946445
10.951844
10.977866
10.992918
11.040307
10.992792
10.937119
10.901028
10.934038
10.923809
10.963286
10.946261
10.876578
10.857361
10.878588
10.904622
10.974096
11.030175
10.998650
10.975470
10.999957
10.992093
10.961878
10.928805
10.837444
10.745021
10.727970
10.773373
10.835008
10.971622
11.046422
11.032290
11.009274
11.039524
11.032625
11.066058
11.112735
11.057702
11.021816
11.005057
11.016670
11.013700
11.061458
11.014685
10.985660
10.975818
10.960644
10.933230
10.962638
10.947158
10.878562
10.842652
10.815715
10.819180
10.893525
10.998158
11.011598
11.014884
10.992502
10.989780
10.978769
10.983108
10.953377
10.884656
10.842867
10.829435
10.836443
10.898443
10.949421
10.928546
10.875789
10.848042
10.848909
10.870051
10.906465
10.901344
10.853830
10.811446
10.814080
10.860481
10.916937
10.952641
10.931654
10.927468
10.898248
10.916691
10.958333
11.000723
10.975838
10.902355
10.867022
10.863050
10.902314
10.954261
10.982597
10.962554
10.939867
10.925995
10.970833
11.031628
11.090754
11.090454
11.057266
11.030167
11.023598
11.049688
11.058718
11.033808
10.987925
10.944205
10.917366
10.942888
10.995335
11.025962
11.038193
11.012928
10.987538
11.031781
11.084589
11.122128
11.112849
11.062312
11.046264
11.075982
11.097397
11.124990
11.109974
11.083838
11.044457
11.023588
11.023748
11.030221
11.048260
11.014807
10.978900
10.931998
10.962420
10.980227
11.012805
11.010090
11.006396
10.971584
10.965589
10.962860
10.990499
11.016770
10.998748
10.962975
10.954949
10.938541
10.951841
10.994327
11.012512
11.007556
10.985503
11.001922
10.987254
11.030507
11.039477
10.987899
10.918684
10.900154
10.848132
10.875830
10.937146
10.955724
10.893998
10.851449
10.795437
10.788740
10.871038
10.924710
10.939007
10.939471
10.969586
10.991735
11.048468
11.091366
11.084308
11.027653
11.011888
10.968005
10.974730
11.009799
11.038452
10.999806
10.965405
10.937769
10.925234
10.988831
11.043295
11.017685
10.985560
10.967580
10.943880
10.985238
11.040394
11.056580
11.034228
10.982456
10.930229
10.935093
10.974888
10.980126
10.920620
10.897274
10.871295
10.843212
10.890334
10.942702
10.945278
10.918078
10.894093
10.872259
10.883379
10.948300
10.947981
10.894858
10.823544
10.816634
10.820150
10.888783
10.912958
10.906940
10.870274
10.841448
10.880701
10.927571
10.992313
10.987511
10.963736
10.917084
10.919806
10.927842
10.970086
10.977653
10.915831
10.830664
10.805676
10.820725
10.864197
10.926052
10.918788
10.860987
10.804923
10.821777
10.862693
10.916124
10.958999
10.944841
10.905710
10.917808
10.933047
10.975649
11.009464
10.987319
10.911165
10.883036
10.895297
10.925955
10.977500
11.008449
10.960899
10.914356
10.941956
10.997440
11.074163
11.258910
11.304743
11.232471
11.232997
11.309974
11.191394
11.140520
11.106474
11.055285
10.940137
10.818554
10.865084
10.892943
10.887793
10.905263
10.814281
10.727280
10.721642
10.746993
10.750934
10.721547
10.859015
10.916284
10.799436
10.665889
10.607689
11.127097
11.144626
10.978346
10.884272
10.803779
10.725142
10.785353
10.851245
10.930868
11.021336
11.117499
11.141014
11.097443
11.021634
10.975589
10.923347
10.900838
10.891648
10.865390
10.817909
10.812603
10.846856
10.900239
11.036401
11.117373
11.120255
11.104286
11.093293
11.059292
11.143022
11.141730
11.222150
11.249968
11.220742
11.181538
11.112047
11.041410
11.073561
11.046136
11.041998
10.986604
10.899220
10.801426
10.789719
10.845818
10.820633
10.890372
10.922133
10.884599
10.872662
10.837587
10.951598
11.101665
11.149975
11.167776
11.152191
11.106173
11.047134
10.980510
11.033728
11.029195
11.003559
11.050455
11.056625
10.983682
10.867201
10.780396
10.725903
10.702329
10.773193
10.834382
10.877123
10.943953
10.978346
11.172255
11.170403
11.090952
11.059950
11.068925
11.094408
11.041098
10.968666
11.055861
11.067167
11.037064
11.001506
10.906096
10.872199
10.905457
10.966187
10.980421
10.970903
10.928797
10.955236
11.015085
11.026593
10.979103
10.916379
10.882962
10.848543
10.809075
10.760500
10.663927
10.679076
10.715236
10.771694
10.871348
10.933672
11.049667
11.232959
11.159342
11.085778
11.002628
10.944257
10.986840
10.993967
10.987586
10.997353
10.940700
10.970210
10.950282
10.901836
10.900620
10.926888
10.972943
11.065129
11.049994
10.995756
10.857688
10.760779
10.683274
10.756835
10.800224
10.819599
10.812126
10.838253
10.893472
11.042742
11.080428
11.062051
11.040993
11.062610
11.095197
11.066048
11.037785
11.029466
11.028373
11.104952
11.061599
10.961550
10.929678
10.957829
10.973449
10.956738
10.804881
10.890134
10.967385
11.055597
11.049796
11.004413
10.908865
10.850746
10.796362
10.775935
10.722754
10.642345
10.596580
10.592384
10.703884
10.824152
10.950155
11.067835
11.062029
11.126616
11.193642
11.182253
11.180121
11.090749
11.029492
11.040703
11.007476
10.920644
10.855888
10.751279
10.786140
10.972282
11.025815
11.057110
11.090920
11.072242
10.929421
10.810868
10.727030
10.664051
10.718927
10.751258
10.766875
10.816691
10.863494
10.941536
11.015087
11.117561
11.117974
11.133021
11.161945
11.128370
11.038002
10.919377
10.894920
10.957805
10.992109
10.964163
10.952599
10.964952
11.012766
11.049114
10.963184
10.871050
10.926108
10.946936
10.983824
10.955341
10.895613
10.886169
10.832261
10.768726
10.720443
10.647092
10.564300
10.575855
10.641531
10.723579
10.848763
11.019857
11.135056
11.127052
11.127233
11.135318
11.156488
11.151874
11.081015
11.045473
11.038021
11.002186
10.967062
10.923847
10.819839
10.865788
10.958717
11.029799
11.064438
11.020572
10.955216
10.871136
10.778833
10.712605
10.715495
10.702689
10.766539
10.761456
10.791242
10.857882
11.016463
11.115096
11.114009
11.101222
11.127460
11.119087
11.121618
11.093070
11.034208
11.050088
11.068245
11.062494
11.008823
11.003726
11.022448
11.086995
11.036896
10.919128
10.888180
10.900892
11.092808
11.129232
10.981440
10.867649
10.883301
10.915516
10.944221
10.853943
10.749127
10.669668
10.648836
10.588782
10.588052
10.598594
10.598601
10.660751
10.734721
10.855138
11.003645
11.149627
11.264997
11.300832
11.235603
11.183732
11.107723
11.090174
11.081512
11.037186
10.993101
10.960056
10.893446
10.882353
10.844368
10.840566
10.941603
11.003706
11.045987
11.082398
11.070553
10.974154
10.818960
10.732436
10.678493
10.736012
10.793879
10.838106
10.845210
10.886703
10.983215
11.103410
11.138377
11.123911
11.085623
11.111801
11.116220
11.104100
11.081721
11.092115
11.122149
11.154984
11.057608
10.950500
10.926228
10.942788
10.971684
10.908367
10.889455
10.963273
11.020041
11.144814
11.069227
10.961530
10.966908
10.968159
10.979385
10.943915
10.875118
10.889105
10.927324
10.978643
10.951577
10.924973
10.912865
10.945652
10.967844
10.956774
10.901818
10.783601
10.749701
10.707296
10.734061
10.746542
10.743045
10.727559
10.746562
10.768723
10.844357
10.906673
10.893694
10.843672
10.850613
10.824814
10.842458
10.911159
10.886094
10.824906
10.768021
10.773244
10.773975
10.880424
10.939964
10.933161
10.932557
10.951660
10.949018
10.999292
11.063350
11.046323
10.995368
10.984581
10.937443
10.951857
10.989579
10.977779
10.906448
10.904020
10.881235
10.881131
10.928524
10.956698
10.921195
10.930772
10.952641
10.935221
10.975956
11.009295
10.997600
10.957842
10.976521
10.943769
10.952614
10.991188
10.987092
10.917157
10.897481
10.879770
10.852761
10.899753
10.910234
10.864268
10.847230
10.866215
10.889895
10.949388
11.004015
11.008368
10.965392
10.961128
10.944117
10.933466
10.949711
10.942465
10.879278
10.879643
10.884654
10.922088
10.986532
11.011187
10.981256
10.928728
10.904736
10.852526
10.852872
10.865499
10.868273
10.837866
10.852286
10.883900
10.901774
10.981133
11.001998
11.014286
11.017977
11.013565
11.008621
11.052003
11.047295
11.007706
10.954451
10.942331
10.930964
10.958147
10.976717
11.022086
10.975602
10.996185
10.984251
11.036393
11.083035
11.077384
10.945154
10.795013
10.669423
10.618340
10.665639
10.698874
10.708342
10.720757
10.824035
10.930972
11.054665
11.130430
11.121455
11.059164
11.027888
11.004124
10.971912
10.980497
10.931499
10.867500
10.818216
10.844336
10.857973
10.928604
10.973045
10.983801
10.957659
10.976996
10.973932
11.007729
11.032384
10.997388
10.968219
10.946636
10.948035
10.947906
11.003238
11.013858
11.011216
10.973184
10.960752
10.966996
11.012779
11.023820
11.018355
10.980263
10.985082
10.949535
10.979129
11.007033
11.007240
10.987696
10.977655
10.992089
10.979144
10.991415
10.956300
10.895830
10.866632
10.886020
10.881320
10.945514
10.968809
10.984002
10.979019
10.982886
10.967706
10.972877
10.969455
10.872676
10.725488
10.605630
10.626976
10.688229
10.822064
10.888288
10.931899
10.950148
11.031625
11.084435
11.139416
11.149673
11.120985
11.040309
11.034837
11.024685
11.074794
11.150305
11.207585
11.284046
11.267089
11.116196
11.135428
11.138226
11.149668
11.019129
10.907965
10.860289
10.868442
10.865770
10.775102
10.911397
10.773890
10.734509
10.892261
10.665769
10.675440
10.507194
10.511316
10.699483
10.756352
10.736631
10.747814
10.888884
10.840117
11.030376
10.931534
11.007011
11.076185
11.007781
11.006044
11.023516
10.986479
11.055882
11.076502
11.120798
11.170625
11.184301
11.142627
11.114645
11.074957
11.065655
11.099765
11.085579
11.059141
11.026917
10.999464
11.005787
11.054600
10.991690
10.832905
10.644063
10.547591
10.585670
10.710943
10.797105
10.829723
10.892890
10.940048
11.034584
11.111048
11.162112
11.123861
11.063740
10.998057
10.993956
10.997953
11.052544
11.056376
11.010900
10.995387
11.048054
11.189285
11.275027
11.321381
11.287017
11.171921
11.087790
11.183532
11.072565
10.915796
10.845672
10.822951
10.796944
10.859319
10.825967
10.873540
10.833968
10.825212
10.811436
10.757006
10.753296
10.706422
10.687284
10.778814
10.749744
10.745081
10.869584
10.719015
10.585180
10.534759
10.616224
10.719677
10.883092
10.988351
11.024954
11.089191
11.126865
11.144124
11.183433
11.227185
11.200662
11.132720
11.094306
11.033134
11.012882
11.009533
11.027054
10.993840
10.960297
10.948493
11.001566
11.039198
11.074974
11.087546
11.075129
11.024852
10.966593
10.865857
10.779636
10.723454
10.738918
10.733343
10.842917
10.843618
10.897600
10.985324
11.030339
11.036800
11.013226
11.010612
11.009373
11.021603
11.010192
10.980601
10.956938
10.952049
10.983309
11.028646
11.100166
11.103357
11.118411
11.178361
11.252637
11.125322
11.012192
11.059237
11.062172
11.024717
10.937688
10.948797
10.998757
11.061483
10.959001
10.911653
10.894526
10.986524
10.923528
10.826024
10.918735
10.936031
10.935302
10.894713
10.836618
11.006013
11.043760
11.060051
10.976686
10.869339
10.797602
10.792196
10.771489
10.814594
10.808837
10.793257
10.816774
10.845905
10.911686
10.993032
11.088772
11.136512
11.111886
11.058609
11.025617
10.984871
10.998866
10.997173
11.062526
11.024148
10.979585
10.866506
10.778709
10.737277
10.806262
10.886082
10.918120
10.927008
10.927744
10.946111
11.051525
11.085471
11.073242
11.000397
10.967180
10.979317
10.993987
11.006222
10.992167
11.017159
11.084062
11.084404
10.998751
10.930497
10.937583
10.962400
11.012155
10.992954
10.949047
10.949164
10.980163
11.023879
11.012355
10.949985
10.940248
10.971109
11.052806
11.041396
10.966417
10.928343
10.947661
10.998538
10.987724
10.911199
10.832567
10.815124
10.857366
10.948588
10.910442
11.039941
10.982985
11.034698
10.920986
11.002947
11.150676
10.906973
10.778239
10.744296
10.581787
10.499158
10.344053
10.605907
10.919134
10.884008
10.774739
10.699545
10.638339
10.657824
10.696674
10.809221
10.871088
10.893703
10.946692
11.000435
11.082244
11.138823
11.150374
11.087465
11.059824
11.061393
11.037985
11.007231
10.937425
10.849077
10.785662
10.781169
10.822135
10.890715
10.893203
10.879899
10.872065
10.892948
10.941859
11.004970
11.037281
11.015406
10.955746
10.909331
10.910028
10.949273
11.004555
10.972888
10.931870
10.882344
10.870280
10.907109
10.993053
11.001713
10.989232
10.947491
10.921671
10.940852
11.002580
11.038730
11.013570
10.986474
10.939356
10.937567
10.967239
11.030009
11.001791
10.982074
10.944751
10.919185
10.950260
11.028870
11.043835
11.015913
10.993130
10.944494
10.960681
11.035599
11.102264
11.119391
11.067833
11.023469
11.003708
11.018526
11.003804
10.922790
10.812518
10.777630
10.745651
10.798927
10.908867
10.962622
10.983646
10.981861
10.995753
11.019370
11.078697
11.093372
11.020128
10.964995
10.918948
10.876152
10.890475
10.910491
10.854222
10.789333
10.758199
10.760766
10.812346
10.905841
10.942156
10.928174
10.933534
10.965975
11.012399
11.071387
11.099212
11.021042
10.933845
10.857972
10.828074
10.819809
10.796808
10.713348
10.663306
10.655611
10.696413
10.796443
10.923998
11.000113
10.987194
10.999496
10.999721
10.986896
11.018583
11.039665
11.001472
10.978431
10.921371
10.887405
10.891372
10.932822
10.902659
10.849922
10.831698
10.834325
10.869714
10.960268
11.014709
10.995192
10.979586
10.926917
10.920309
10.961123
11.022719
11.009540
10.979664
10.958476
10.949761
10.982275
11.052999
11.065083
11.020272
10.985569
10.941539
10.925881
10.983443
10.999347
10.956480
10.913206
10.874798
10.871807
10.925667
10.979942
10.931243
10.891635
10.876706
10.864038
10.892502
10.977040
10.999328
11.010332
11.014610
10.991849
10.988534
11.056265
11.070717
11.026841
10.974331
10.926179
10.895123
10.952635
11.011535
11.008995
11.005676
10.967312
10.967699
11.007145
11.074177
11.076443
11.019640
10.950868
10.883561
10.842826
10.875033
10.900557
10.891577
10.909298
10.902713
10.939272
11.013468
11.063709
11.059871
11.034194
10.983194
10.933270
10.955061
11.009199
11.016373
10.991122
10.963566
10.953120
10.950321
10.976633
10.974586
10.925835
10.844769
10.819434
10.872291
10.913475
11.011167
11.089706
11.071140
11.026154
10.982328
11.007065
11.001930
11.041586
11.031998
10.984186
10.938943
10.889395
10.887198
10.909117
10.914145
10.947432
10.933210
10.905626
10.896646
10.906467
10.927915
10.973563
11.057464
11.079751
11.030820
10.962778
10.916845
10.957701
10.994763
11.008578
10.992749
10.903556
10.859531
10.864131
10.887300
10.939827
10.967470
11.006002
10.989865
10.979692
10.940529
10.945374
10.964754
10.974611
11.021245
11.013087
10.942001
10.852613
10.770208
10.782287
10.832711
10.903602
10.949383
10.915717
10.894851
10.875314
10.987366
11.056364
11.122980
11.122216
11.067685
11.020901
10.947817
10.919942
10.908880
10.942645
11.218539
11.221785
11.096191
11.242680
11.185076
11.071738
10.922252
10.825850
10.794806
10.720239
10.660666
10.735039
10.795692
10.799406
10.852713
10.880962
10.880159
10.911510
10.888300
10.928060
10.961014
10.972421
10.966619
10.919367
10.829986
10.763974
10.750078
10.793227
10.913034
10.995301
11.038904
11.083757
11.064659
11.254127
11.190310
11.135640
11.130262
11.087368
11.092239
11.025895
10.950811
10.970379
10.963294
10.965126
10.962031
10.933732
10.923085
10.978076
11.031660
10.994225
10.960763
10.967479
10.982193
11.056154
11.042847
10.994914
11.026899
10.994263
11.027751
10.980731
10.867809
10.788904
10.749061
10.700706
10.695852
10.682741
10.635353
10.587716
10.636878
10.704057
10.826939
10.878358
10.874902
10.848201
10.827991
10.830050
10.857164
10.853785
10.805145
10.758479
10.736259
10.765915
10.826452
10.926764
10.929675
10.891965
10.855246
10.838093
10.893532
10.984784
11.058747
11.046548
11.017933
10.990127
10.990206
11.025126
11.052674
10.995107
10.931193
10.858859
10.844248
10.857318
10.922751
10.915829
10.920118
10.913912
10.904765
10.942017
11.007427
11.029270
10.960480
10.896910
10.841353
10.835531
10.897012
10.981670
11.000633
10.994965
11.027222
11.034234
11.072313
11.117785
11.092255
11.009151
10.921272
10.860633
10.843349
10.891240
10.912243
10.908890
10.893616
10.878134
10.867085
10.929596
10.986902
10.966699
10.933354
10.896391
10.877158
10.881925
10.940461
10.908561
10.860791
10.809840
10.801664
10.815521
10.885698
10.938232
10.908809
10.897863
10.900426
10.915396
10.975375
11.039949
11.021124
10.993171
10.962063
10.935197
10.980893
11.076102
11.116982
11.051431
10.972509
10.922688
10.911546
10.947852
10.962998
10.899666
10.886420
10.884031
10.900517
10.963610
11.037327
11.003856
10.983038
10.948903
10.930588
10.941352
11.021713
11.043306
11.010440
10.976225
10.960342
10.960484
11.023411
11.045445
11.001030
10.985312
10.965766
10.946117
10.989359
11.026134
10.981745
10.934701
10.895750
10.880376
10.923782
10.966986
10.950705
10.905418
10.881955
10.852954
10.856138
10.894273
10.893003
10.828798
10.805986
10.785601
10.813249
10.888261
10.986109
11.008636
10.982045
10.955584
10.951796
10.984509
11.058013
11.039917
10.989590
10.959427
10.934087
10.927026
11.002439
11.027554
10.975944
10.955640
10.967634
10.965924
11.010333
11.053371
11.027184
11.012038
10.999465
11.015524
11.089223
11.117392
11.107416
11.151041
11.137053
11.174801
11.143522
11.057878
11.077053
11.055313
11.077299
11.093940
11.026673
10.994604
11.015280
10.986706
11.002153
10.991153
10.970246
10.969421
10.972551
11.023999
11.013638
10.970842
10.950671
10.975493
11.016815
11.052814
11.029016
11.002504
10.994777
10.991108
11.012603
11.007339
10.963287
10.912805
10.930408
10.911692
10.936667
10.930328
10.899369
10.917463
10.924224
11.012970
11.026943
11.009676
10.997545
11.007642
10.872860
10.902125
10.986665
11.100724
11.048060
10.866735
10.904957
10.829354
10.686541
10.653393
10.646886
10.732884
10.627959
10.563437
10.623964
10.703167
10.637671
10.792960
10.919613
10.805032
10.741823
10.789881
10.805932
10.717414
10.668610
10.907164
10.773175
10.763677
11.443754
10.056293
11.087814
10.882449
10.871201
10.656598
10.612936
10.636151
11.224043
10.315281
10.118311
11.252252
10.978528
10.923418
10.834906
10.704577
10.824392
10.891255
10.841192
10.789191
10.852592
10.884350
10.902067
10.904202
11.119426
11.008490
10.932336
10.871388
10.879421
10.810039
10.740002
10.924364
10.762305
10.627180
10.685896
10.025818
10.141365
11.214992
10.032056
10.897402
10.400017
10.362744
10.442396
10.565973
10.767030
11.079988
10.004690
10.002889
11.409225
11.239840
11.147204
11.061773
10.947236
10.868974
10.902015
10.851873
10.772138
10.786022
10.922871
10.970281
10.920654
10.002386
10.007358
11.066101
10.872683
10.906245
10.873768
11.012400
11.008315
11.092284
11.118818
11.030983
10.926492
11.007224
11.000958
11.005827
10.969280
10.854325
10.723708
10.961776
10.844493
10.850852
10.905459
10.782242
10.766473
10.802131
10.725859
10.687124
10.739931
10.784070
10.899271
10.870723
10.935087
10.837073
11.045826
10.057549
10.566112
11.237930
10.831823
10.488506
10.439095
10.634945
10.734067
11.125350
11.020904
11.390348
10.045286
11.288824
11.083618
11.054897
10.929103
10.923527
10.758194
10.861615
10.829606
10.764543
10.779271
10.843601
10.885508
10.017270
11.323942
11.279520
10.996652
11.005697
10.861185
10.793447
11.057573
11.216123
11.159703
11.075283
11.090071
10.999273
10.911080
10.819929
10.785057
10.779165
10.852313
10.842642
11.259485
11.034098
10.896814
11.009282
10.908585
10.690066
10.654445
10.757969
10.575169
10.459523
10.482402
10.541718
10.668610
10.907259
10.831608
10.907185
10.963560
11.208546
10.451763
10.100174
11.291642
10.834816
10.573443
10.616177
10.716237
10.857806
11.009886
11.172441
11.263707
11.314399
11.199291
11.032810
11.063587
10.974402
10.786050
10.780595
10.677773
10.790879
10.645351
10.696093
10.728548
10.720041
10.656526
10.761684
10.851789
10.817793
10.878579
11.027207
10.950547
10.881712
10.911897
11.399771
11.283262
10.987293
10.800577
10.687452
10.674664
10.726407
10.857830
10.996977
11.059695
11.076689
11.082617
11.123555
11.162623
11.218102
11.179630
11.094110
11.047771
11.006960
10.989817
11.028440
11.039522
10.965078
10.916291
10.889359
10.867721
10.939848
11.011704
11.015462
10.966532
10.961500
10.934937
10.927423
10.972721
10.970977
10.910390
11.084552
11.047549
11.082624
11.088396
11.099169
11.069517
11.177635
11.109555
11.040545
10.967425
10.963468
10.837900
10.766336
10.847201
10.811409
10.807476
10.774324
10.800492
10.912754
10.914239
10.937085
10.961924
10.931725
10.935079
10.940493
10.960162
10.992212
10.983300
10.967626
10.959714
11.009060
11.027997
11.077294
11.042802
10.977428
10.922297
10.892045
10.885059
10.933611
10.928893
10.859832
10.828264
10.821713
10.844139
10.909257
10.952514
10.919295
10.901092
10.881425
10.872028
10.902991
10.964747
10.968605
10.929226
10.919129
10.888721
10.899400
10.959573
11.020639
10.989517
10.956554
10.901006
10.899966
10.927175
10.988368
10.975230
10.918985
10.890371
10.878090
10.915807
11.035871
11.083281
11.047609
10.982822
10.951887
10.937956
10.974624
10.989363
10.910172
10.875595
10.845796
10.831523
10.884746
10.956096
10.949697
10.938137
10.932314
10.899196
10.930792
10.994877
11.035466
11.000161
10.976616
10.937086
10.924661
10.992941
11.056975
11.024672
10.989924
10.945385
10.919872
10.969728
11.024996
11.018251
10.986664
10.929548
10.909499
10.917259
10.989058
11.027976
11.023434
10.971343
10.940588
10.913626
10.961466
10.978207
10.929404
10.913756
10.897190
10.852114
10.870052
10.925407
10.910602
10.907839
10.912918
10.900570
10.913986
10.989067
11.016055
10.972996
10.943747
10.903142
10.874918
10.911462
10.964726
10.957992
10.936267
10.899066
0.000000
0.000000
0.000000
0.000000
0.000000
0.000000
0.000000
0.000000
0.000000
0.000000
0.000000
0.000000
0.000000
0.000000
0.000000
0.000000
0.000000
0.000000
0.000000
0.000000
0.000000
0.000000
0.000000
0.000000
0.000000
0.000000
0.000000
0.000000
0.000000
0.000000
0.000000
0.000000
0.000000
0.000000
0.000000
0.000000
0.000000
0.000000
0.000000
0.000000
0.000000
0.000000
0.000000
0.000000
0.000000
0.000000
0.000000
0.000000
0.000000
0.000000
0.000000
0.000000
0.000000
0.000000
0.000000
0.000000
0.000000
0.000000
0.000000
0.000000
0.000000
0.000000
0.000000
0.000000
0.000000
0.000000
0.000000
0.000000
0.000000
0.000000
0.000000
0.000000
0.000000
0.000000
0.000000
0.000000
0.000000
0.000000
0.000000
0.000000
0.000000
0.000000
0.000000
0.000000
0.000000
0.000000
0.000000
0.000000
0.000000
0.000000
0.000000
0.000000
0.000000
0.000000
0.000000
0.000000
0.000000
0.000000
0.000000
0.000000
0.000000
0.000000
0.000000
0.000000
0.000000
0.000000
0.000000
0.000000
0.000000
0.000000
0.000000
0.000000
0.000000
0.000000
0.000000
0.000000
0.000000
0.000000
0.000000
0.000000
0.000000
0.000000
0.000000
0.000000
0.000000
0.000000
0.000000
0.000000
0.000000
0.000000
0.000000
0.000000
0.000000
0.000000
0.000000
0.000000
0.000000
0.000000
0.000000
0.000000
0.000000
0.000000
0.000000
0.000000
0.000000
0.000000
0.000000
0.000000
0.000000
0.000000
0.000000
0.000000
0.000000
0.000000
0.000000
0.000000
0.000000
0.000000
0.000000
0.000000
0.000000
0.000000
0.000000
0.000000
0.000000
0.000000
0.000000
0.000000
0.000000
0.000000
0.000000
0.000000
0.000000
0.000000
0.000000
0.000000
0.000000
0.000000
0.000000
0.000000
0.000000
0.000000
0.000000
0.000000
0.000000
0.000000
0.000000
0.000000
0.000000
0.000000
0.000000
0.000000
0.000000
0.000000
0.000000
0.000000
0.000000
0.000000
0.000000
0.000000
0.000000
0.000000
0.000000
0.000000
0.000000
0.000000
0.000000
0.000000
0.000000
0.000000
0.000000
0.000000
0.000000
0.000000
0.000000
0.000000
0.000000
0.000000
0.000000
0.000000
0.000000
0.000000
0.000000
0.000000
0.000000
0.000000
0.000000
0.000000
0.000000
0.000000
0.000000
0.000000
0.000000
0.000000
0.000000
0.000000
0.000000
0.000000
0.000000
0.000000
0.000000
0.000000
0.000000
0.000000
0.000000
0.000000
0.000000
0.000000
0.000000
0.000000
0.000000
0.000000
0.000000
0.000000
0.000000
0.000000
0.000000
0.000000
0.000000
0.000000
0.000000
0.000000
0.000000
0.000000
0.000000
0.000000
0.000000
0.000000
0.000000
0.000000
0.000000
0.000000
0.000000
0.000000
0.000000
0.000000
0.000000
0.000000
0.000000
0.000000
0.000000
0.000000
0.000000
0.000000
0.000000
0.000000
0.000000
0.000000
0.000000
0.000000
0.000000
0.000000
0.000000
0.000000
0.000000
0.000000
0.000000
0.000000
0.000000
0.000000
0.000000
0.000000
0.000000
0.000000
0.000000
0.000000
0.000000
0.000000
0.000000
0.000000
0.000000
0.000000
0.000000
0.000000
0.000000
0.000000
0.000000
0.000000
0.000000
0.000000
0.000000
0.000000
0.000000
0.000000
0.000000
0.000000
0.000000
0.000000
0.000000
0.000000
0.000000
0.000000
0.000000
0.000000
0.000000
0.000000
0.000000
0.000000
0.000000
0.000000
0.000000
0.000000
0.000000
0.000000
0.000000
0.000000
0.000000
0.000000
0.000000
0.000000
0.000000
0.000000
0.000000
0.000000
0.000000
0.000000
0.000000
0.000000
0.000000
0.000000
0.000000
0.000000
0.000000
0.000000
0.000000
0.000000
0.000000
0.000000
0.000000
0.000000
0.000000
0.000000
0.000000
0.000000
0.000000
0.000000
0.000000
0.000000
0.000000
0.000000
0.000000
0.000000
0.000000
0.000000
0.000000
0.000000
0.000000
0.000000
0.000000
0.000000
0.000000
0.000000
0.000000
0.000000
0.000000
0.000000
0.000000
0.000000
0.000000
0.000000
0.000000
0.000000
0.000000
0.000000
0.000000
0.000000
0.000000
0.000000
0.000000
0.000000
0.000000
0.000000
0.000000
0.000000
0.000000
0.000000
0.000000
0.000000
0.000000
0.000000
0.000000
0.000000
0.000000
0.000000
0.000000
0.000000
0.000000
0.000000
0.000000
0.000000
0.000000
0.000000
0.000000
0.000000
0.000000
0.000000
0.000000
0.000000
0.000000
0.000000
0.000000
0.000000
0.000000
0.000000
0.000000
0.000000
0.000000
0.000000
0.000000
0.000000
0.000000
0.000000
0.000000
0.000000
0.000000
0.000000
0.000000
0.000000
0.000000
0.000000
0.000000
0.000000
0.000000
0.000000
0.000000
0.000000
0.000000
0.000000
0.000000
0.000000
0.000000
0.000000
0.000000
0.000000
0.000000
0.000000
0.000000
0.000000
0.000000
0.000000
0.000000
0.000000
0.000000
0.000000
0.000000
0.000000
0.000000
0.000000
0.000000
0.000000
0.000000
0.000000
0.000000
0.000000
0.000000
0.000000
0.000000
0.000000
0.000000
0.000000
0.000000
0.000000
0.000000
0.000000
0.000000
0.000000
0.000000
0.000000
0.000000
0.000000
0.000000
0.000000
0.000000
0.000000
0.000000
0.000000
0.000000
0.000000
0.000000
0.000000
0.000000
0.000000
0.000000
0.000000
0.000000
0.000000
0.000000
0.000000
0.000000
0.000000
0.000000
0.000000
0.000000
0.000000
0.000000
0.000000
0.000000
0.000000
0.000000
0.000000
0.000000
0.000000
0.000000
0.000000
0.000000
0.000000
0.000000
0.000000
0.000000
0.000000
0.000000
0.000000
0.000000
0.000000
0.000000
0.000000
0.000000
0.000000
0.000000
0.000000
0.000000
0.000000
0.000000
0.000000
0.000000
0.000000
0.000000
0.000000
0.000000
0.000000
0.000000
0.000000
0.000000
0.000000
0.000000
0.000000
0.000000
0.000000
0.000000
0.000000
0.000000
0.000000
0.000000
0.000000
0.000000
0.000000
0.000000
0.000000
0.000000
0.000000
0.000000
0.000000
0.000000
0.000000
0.000000
0.000000
0.000000
0.000000
0.000000
0.000000
0.000000
0.000000
0.000000
0.000000
0.000000
0.000000
0.000000
0.000000
0.000000
0.000000
0.000000
0.000000
0.000000
0.000000
0.000000
0.000000
0.000000
0.000000
0.000000
0.000000
0.000000
0.000000
0.000000
0.000000
0.000000
0.000000
0.000000
0.000000
0.000000
0.000000
0.000000
0.000000
0.000000
0.000000
0.000000
0.000000
0.000000
0.000000
0.000000
0.000000
0.000000
0.000000
0.000000
0.000000
0.000000
0.000000
0.000000
0.000000
0.000000
0.000000
0.000000
0.000000
0.000000
0.000000
0.000000
0.000000
0.000000
0.000000
0.000000
0.000000
0.000000
0.000000
0.000000
0.000000
0.000000
0.000000
0.000000
0.000000
0.000000
0.000000
0.000000
0.000000
0.000000
0.000000
0.000000
0.000000
0.000000
0.000000
0.000000
0.000000
0.000000
0.000000
0.000000
0.000000
0.000000
0.000000
0.000000
0.000000
0.000000
0.000000
0.000000
0.000000
0.000000
0.000000
0.000000
0.000000
0.000000
0.000000
0.000000
0.000000
0.000000
0.000000
0.000000
0.000000
0.000000
0.000000
0.000000
0.000000
0.000000
0.000000
0.000000
0.000000
0.000000
0.000000
0.000000
0.000000
0.000000
0.000000
0.000000
0.000000
0.000000
0.000000
0.000000
0.000000
0.000000
0.000000
0.000000
0.000000
0.000000
0.000000
0.000000
0.000000
0.000000
0.000000
0.000000
0.000000
0.000000
0.000000
0.000000
0.000000
0.000000
0.000000
0.000000
0.000000
0.000000
0.000000
0.000000
0.000000
0.000000
0.000000
0.000000
0.000000
0.000000
0.000000
0.000000
0.000000
0.000000
0.000000
0.000000
0.000000
0.000000
0.000000
0.000000
0.000000
0.000000
0.000000
0.000000
0.000000
0.000000
0.000000
0.000000
0.000000
0.000000
0.000000
0.000000
0.000000
0.000000
0.000000
0.000000
0.000000
0.000000
0.000000
0.000000
0.000000
0.000000
0.000000
0.000000
0.000000
0.000000
0.000000
0.000000
0.000000
0.000000
0.000000
0.000000
0.000000
0.000000
0.000000
0.000000
0.000000
0.000000
0.000000
0.000000
0.000000
0.000000
0.000000
0.000000
0.000000
0.000000
0.000000
0.000000
0.000000
0.000000
0.000000
0.000000
0.000000
0.000000
0.000000
0.000000
0.000000
0.000000
0.000000
0.000000
0.000000
0.000000
0.000000
0.000000
0.000000
0.000000
0.000000
0.000000
0.000000
0.000000
0.000000
0.000000
0.000000
0.000000
0.000000
0.000000
0.000000
0.000000
0.000000
0.000000
0.000000
0.000000
0.000000
0.000000
0.000000
0.000000
0.000000
0.000000
0.000000
0.000000
0.000000
0.000000
0.000000
0.000000
0.000000
0.000000
0.000000
0.000000
0.000000
0.000000
0.000000
0.000000
0.000000
0.000000
0.000000
0.000000
0.000000
0.000000
0.000000
0.000000
0.000000
0.000000
0.000000
0.000000
0.000000
0.000000
0.000000
0.000000
0.000000
0.000000
0.000000
0.000000
0.000000
0.000000
0.000000
0.000000
0.000000
0.000000
0.000000
0.000000
0.000000
0.000000
0.000000
0.000000
0.000000
0.000000
0.000000
0.000000
0.000000
0.000000
0.000000
0.000000
0.000000
0.000000
0.000000
0.000000
0.000000
0.000000
0.000000
0.000000
0.000000
0.000000
0.000000
0.000000
0.000000
0.000000
0.000000
0.000000
0.000000
0.000000
0.000000
0.000000
0.000000
0.000000
0.000000
0.000000
0.000000
0.000000
0.000000
0.000000
0.000000
0.000000
0.000000
0.000000
0.000000
0.000000
0.000000
0.000000
0.000000
0.000000
0.000000
0.000000
0.000000
0.000000
0.000000
0.000000
0.000000
0.000000
0.000000
0.000000
0.000000
0.000000
0.000000
0.000000
0.000000
0.000000
0.000000
0.000000
0.000000
0.000000
0.000000
0.000000
0.000000
0.000000
0.000000
0.000000
0.000000
0.000000
0.000000
0.000000
0.000000
0.000000
0.000000
0.000000
0.000000
0.000000
0.000000
0.000000
0.000000
0.000000
0.000000
0.000000
0.000000
0.000000
0.000000
0.000000
0.000000
0.000000
0.000000
0.000000
0.000000
0.000000
0.000000
0.000000
0.000000
0.000000
0.000000
0.000000
0.000000
0.000000
0.000000
0.000000
0.000000
0.000000
0.000000
0.000000
0.000000
0.000000
0.000000
0.000000
0.000000
0.000000
0.000000
0.000000
0.000000
0.000000
0.000000
0.000000
0.000000
0.000000
0.000000
0.000000
0.000000
0.000000
0.000000
0.000000
0.000000
0.000000
0.000000
0.000000
0.000000
0.000000
0.000000
0.000000
0.000000
0.000000
0.000000
0.000000
0.000000
0.000000
0.000000
0.000000
0.000000
0.000000
0.000000
0.000000
0.000000
0.000000
0.000000
0.000000
0.000000
0.000000
0.000000
0.000000
0.000000
0.000000
0.000000
0.000000
0.000000
0.000000
0.000000
0.000000
0.000000
0.000000
0.000000
0.000000
0.000000
0.000000
0.000000
0.000000
0.000000
0.000000
0.000000
0.000000
0.000000
0.000000
0.000000
0.000000
0.000000
0.000000
0.000000
0.000000
0.000000
0.000000
0.000000
0.000000
0.000000
0.000000
0.000000
0.000000
0.000000
0.000000
0.000000
0.000000
0.000000
0.000000
0.000000
0.000000
0.000000
0.000000
0.000000
0.000000
0.000000
0.000000
0.000000
0.000000
0.000000
0.000000
0.000000
0.000000
0.000000
0.000000
0.000000
0.000000
0.000000
0.000000
0.000000
0.000000
0.000000
0.000000
0.000000
0.000000
0.000000
0.000000
0.000000
0.000000
0.000000
0.000000
0.000000
0.000000
0.000000
0.000000
0.000000
0.000000
0.000000
0.000000
0.000000
0.000000
0.000000
0.000000
0.000000
0.000000
0.000000
0.000000
0.000000
0.000000
0.000000
0.000000
0.000000
0.000000
0.000000
0.000000
0.000000
0.000000
0.000000
0.000000
0.000000
0.000000
0.000000
0.000000
0.000000
0.000000
0.000000
0.000000
0.000000
0.000000
0.000000
0.000000
0.000000
0.000000
0.000000
0.000000
0.000000
0.000000
0.000000
0.000000
0.000000
0.000000
0.000000
0.000000
0.000000
0.000000
0.000000
0.000000
0.000000
0.000000
0.000000
0.000000
0.000000
0.000000
0.000000
0.000000
0.000000
0.000000
0.000000
0.000000
0.000000
0.000000
0.000000
0.000000
0.000000
0.000000
0.000000
0.000000
0.000000
0.000000
0.000000
0.000000
0.000000
0.000000
0.000000
0.000000
0.000000
0.000000
0.000000
0.000000
0.000000
0.000000
0.000000
0.000000
0.000000
0.000000
0.000000
0.000000
0.000000
0.000000
0.000000
0.000000
0.000000
0.000000
0.000000
0.000000
0.000000
0.000000
0.000000
0.000000
0.000000
0.000000
0.000000
0.000000
0.000000
0.000000
0.000000
0.000000
0.000000
0.000000
0.000000
0.000000
0.000000
0.000000
0.000000
0.000000
0.000000
0.000000
0.000000
0.000000
0.000000
0.000000
0.000000
0.000000
0.000000
0.000000
0.000000
0.000000
0.000000
0.000000
0.000000
0.000000
0.000000
0.000000
0.000000
0.000000
0.000000
0.000000
0.000000
0.000000
0.000000
0.000000
0.000000
0.000000
0.000000
0.000000
0.000000
0.000000
0.000000
0.000000
0.000000
0.000000
0.000000
0.000000
0.000000
0.000000
0.000000
0.000000
0.000000
0.000000
0.000000
0.000000
0.000000
0.000000
0.000000
0.000000
0.000000
0.000000
0.000000
0.000000
0.000000
0.000000
0.000000
0.000000
0.000000
0.000000
0.000000
0.000000
0.000000
0.000000
0.000000
0.000000
0.000000
0.000000
0.000000
0.000000
0.000000
0.000000
0.000000
0.000000
0.000000
0.000000
0.000000
0.000000
0.000000
0.000000
0.000000
0.000000
0.000000
0.000000
0.000000
0.000000
0.000000
0.000000
0.000000
0.000000
0.000000
0.000000
0.000000
0.000000
0.000000
0.000000
0.000000
0.000000
0.000000
0.000000
0.000000
0.000000
0.000000
0.000000
0.000000
0.000000
0.000000
0.000000
0.000000
0.000000
0.000000
0.000000
0.000000
0.000000
0.000000
0.000000
0.000000
0.000000
0.000000
0.000000
0.000000
0.000000
0.000000
0.000000
0.000000
0.000000
0.000000
0.000000
0.000000
0.000000
0.000000
0.000000
0.000000
0.000000
0.000000
0.000000
0.000000
0.000000
0.000000
0.000000
0.000000
0.000000
0.000000
0.000000
0.000000
0.000000
0.000000
0.000000
0.000000
0.000000
0.000000
0.000000
0.000000
0.000000
0.000000
0.000000
0.000000
0.000000
0.000000
0.000000
0.000000
0.000000
0.000000
0.000000
0.000000
0.000000
0.000000
0.000000
0.000000
0.000000
0.000000
0.000000
0.000000
0.000000
0.000000
0.000000
0.000000
0.000000
0.000000
0.000000
0.000000
0.000000
0.000000
0.000000
0.000000
0.000000
0.000000
0.000000
0.000000
0.000000
0.000000
0.000000
0.000000
0.000000
0.000000
0.000000
0.000000
0.000000
0.000000
0.000000
0.000000
0.000000
0.000000
0.000000
0.000000
0.000000
0.000000
0.000000
0.000000
0.000000
0.000000
0.000000
0.000000
0.000000
0.000000
0.000000
0.000000
0.000000
0.000000
0.000000
0.000000
0.000000
0.000000
0.000000
0.000000
0.000000
0.000000
0.000000
0.000000
0.000000
0.000000
0.000000
0.000000
0.000000
0.000000
0.000000
0.000000
0.000000
0.000000
0.000000
0.000000
0.000000
0.000000
0.000000
0.000000
0.000000
0.000000
0.000000
0.000000
0.000000
0.000000
0.000000
0.000000
0.000000
0.000000
0.000000
0.000000
0.000000
0.000000
0.000000
0.000000
0.000000
0.000000
0.000000
0.000000
0.000000
0.000000
0.000000
0.000000
0.000000
0.000000
0.000000
0.000000
0.000000
0.000000
0.000000
0.000000
0.000000
0.000000
0.000000
0.000000
0.000000
0.000000
0.000000
0.000000
0.000000
0.000000
0.000000
0.000000
0.000000
0.000000
0.000000
0.000000
0.000000
0.000000
0.000000
0.000000
0.000000
0.000000
0.000000
0.000000
0.000000
0.000000
0.000000
0.000000
0.000000
0.000000
0.000000
0.000000
0.000000
0.000000
0.000000
0.000000
0.000000
0.000000
0.000000
0.000000
0.000000
0.000000
0.000000
0.000000
0.000000
0.000000
0.000000
0.000000
0.000000
0.000000
0.000000
0.000000
0.000000
0.000000
0.000000
0.000000
0.000000
0.000000
0.000000
0.000000
0.000000
0.000000
0.000000
0.000000
0.000000
0.000000
0.000000
0.000000
0.000000
0.000000
0.000000
0.000000
0.000000
0.000000
0.000000
0.000000
0.000000
0.000000
0.000000
0.000000
0.000000
0.000000
0.000000
0.000000
0.000000
0.000000
0.000000
0.000000
0.000000
0.000000
0.000000
0.000000
0.000000
0.000000
0.000000
0.000000
0.000000
0.000000
0.000000
0.000000
0.000000
0.000000
0.000000
0.000000
0.000000
0.000000
0.000000
0.000000
0.000000
0.000000
0.000000
0.000000
0.000000
0.000000
0.000000
0.000000
0.000000
0.000000
0.000000
0.000000
0.000000
0.000000
0.000000
0.000000
0.000000
0.000000
0.000000
0.000000
0.000000
0.000000
0.000000
0.000000
0.000000
0.000000
0.000000
0.000000
0.000000
0.000000
0.000000
0.000000
0.000000
0.000000
0.000000
0.000000
0.000000
0.000000
0.000000
0.000000
0.000000
0.000000
0.000000
0.000000
0.000000
0.000000
0.000000
0.000000
0.000000
0.000000
0.000000
0.000000
0.000000
0.000000
0.000000
0.000000
0.000000
0.000000
0.000000
0.000000
0.000000
0.000000
0.000000
0.000000
0.000000
0.000000
0.000000
0.000000
0.000000
0.000000
0.000000
0.000000
0.000000
0.000000
0.000000
0.000000
0.000000
0.000000
0.000000
0.000000
0.000000
0.000000
0.000000
0.000000
0.000000
0.000000
0.000000
0.000000
0.000000
0.000000
0.000000
0.000000
0.000000
0.000000
0.000000
0.000000
0.000000
0.000000
0.000000
0.000000
0.000000
0.000000
0.000000
0.000000
0.000000
0.000000
0.000000
0.000000
0.000000
0.000000
0.000000
0.000000
0.000000
0.000000
0.000000
0.000000
0.000000
0.000000
0.000000
0.000000
0.000000
0.000000
0.000000
0.000000
0.000000
0.000000
0.000000
0.000000
0.000000
0.000000
0.000000
0.000000
0.000000
0.000000
0.000000
0.000000
0.000000
0.000000
0.000000
0.000000
0.000000
0.000000
0.000000
0.000000
0.000000
0.000000
0.000000
0.000000
0.000000
0.000000
0.000000
0.000000
0.000000
0.000000
0.000000
0.000000
0.000000
0.000000
0.000000
0.000000
0.000000
0.000000
0.000000
0.000000
0.000000
0.000000
0.000000
0.000000
0.000000
0.000000
0.000000
0.000000
0.000000
0.000000
0.000000
0.000000
0.000000
0.000000
0.000000
0.000000
0.000000
0.000000
0.000000
0.000000
0.000000
0.000000
0.000000
0.000000
0.000000
0.000000
0.000000
0.000000
0.000000
0.000000
0.000000
0.000000
0.000000
0.000000
0.000000
0.000000
0.000000
0.000000
0.000000
0.000000
0.000000
0.000000
0.000000
0.000000
0.000000
0.000000
0.000000
0.000000
0.000000
0.000000
0.000000
0.000000
0.000000
0.000000
0.000000
0.000000
0.000000
0.000000
0.000000
0.000000
0.000000
0.000000
0.000000
0.000000
0.000000
0.000000
0.000000
0.000000
0.000000
0.000000
0.000000
0.000000
0.000000
0.000000
0.000000
0.000000
0.000000
0.000000
0.000000
0.000000
0.000000
0.000000
0.000000
0.000000
0.000000
0.000000
0.000000
0.000000
0.000000
0.000000
0.000000
0.000000
0.000000
0.000000
0.000000
0.000000
0.000000
0.000000
0.000000
0.000000
0.000000
0.000000
0.000000
0.000000
0.000000
0.000000
0.000000
0.000000
0.000000
0.000000
0.000000
0.000000
0.000000
0.000000
0.000000
0.000000
0.000000
0.000000
0.000000
0.000000
0.000000
0.000000
0.000000
0.000000
0.000000
0.000000
0.000000
0.000000
0.000000
0.000000
0.000000
0.000000
0.000000
0.000000
0.000000
0.000000
0.000000
0.000000
0.000000
0.000000
0.000000
0.000000
0.000000
0.000000
0.000000
0.000000
0.000000
0.000000
0.000000
0.000000
0.000000
0.000000
0.000000
0.000000
0.000000
0.000000
0.000000
0.000000
0.000000
0.000000
0.000000
0.000000
0.000000
0.000000
0.000000
0.000000
0.000000
0.000000
0.000000
0.000000
0.000000
0.000000
0.000000
0.000000
0.000000
0.000000
0.000000
0.000000
0.000000
0.000000
0.000000
0.000000
0.000000
0.000000
0.000000
0.000000
0.000000
0.000000
0.000000
0.000000
0.000000
0.000000
0.000000
0.000000
0.000000
0.000000
0.000000
0.000000
0.000000
0.000000
0.000000
0.000000
0.000000
0.000000
0.000000
0.000000
0.000000
0.000000
0.000000
0.000000
0.000000
0.000000
0.000000
0.000000
0.000000
0.000000
0.000000
0.000000
0.000000
0.000000
0.000000
0.000000
0.000000
0.000000
0.000000
0.000000
0.000000
0.000000
0.000000
0.000000
0.000000
0.000000
0.000000
0.000000
0.000000
0.000000
0.000000
0.000000
0.000000
0.000000
0.000000
0.000000
0.000000
0.000000
0.000000
0.000000
0.000000
0.000000
0.000000
0.000000
0.000000
0.000000
0.000000
0.000000
0.000000
0.000000
0.000000
0.000000
0.000000
0.000000
0.000000
0.000000
0.000000
0.000000
0.000000
0.000000
0.000000
0.000000
0.000000
0.000000
0.000000
0.000000
0.000000
0.000000
0.000000
0.000000
0.000000
0.000000
0.000000
0.000000
0.000000
0.000000
0.000000
0.000000
0.000000
0.000000
0.000000
0.000000
0.000000
0.000000
0.000000
0.000000
0.000000
0.000000
0.000000
0.000000
0.000000
0.000000
0.000000
0.000000
0.000000
0.000000
0.000000
0.000000
0.000000
0.000000
0.000000
0.000000
0.000000
0.000000
0.000000
0.000000
0.000000
0.000000
0.000000
0.000000
0.000000
0.000000
0.000000
0.000000
0.000000
0.000000
0.000000
0.000000
0.000000
0.000000
0.000000
0.000000
0.000000
0.000000
0.000000
0.000000
0.000000
0.000000
0.000000
0.000000
0.000000
0.000000
0.000000
0.000000
0.000000
0.000000
0.000000
0.000000
0.000000
0.000000
0.000000
0.000000
0.000000
0.000000
0.000000
0.000000
0.000000
0.000000
0.000000
0.000000
0.000000
0.000000
0.000000
0.000000
0.000000
0.000000
0.000000
0.000000
0.000000
0.000000
0.000000
0.000000
0.000000
