1.500000
1.587522
1.674533
1.761369
1.848544
1.935670
2.022920
2.110477
2.199347
2.288220
2.377659
2.467079
2.555890
2.644422
2.734151
2.822905
2.911280
2.998987
3.085999
3.172715
3.259404
3.346160
3.433278
3.521045
3.608720
3.696350
3.784041
3.871888
3.959586
4.047730
4.135611
4.222722
4.500000
4.500000
4.500000
4.500000
4.500000
4.500000
4.311252
4.273184
4.235003
4.196562
4.158257
4.120109
4.081955
4.043687
4.005322
3.966655
3.928088
3.889686
3.851457
3.813179
3.774941
3.736481
3.697916
3.659476
3.621080
3.582718
3.544316
3.505800
3.467042
3.428381
3.389906
3.351483
3.313007
3.274683
3.236142
3.197740
3.159676
3.121861
3.084016
3.046180
3.008047
2.969715
2.931407
2.893131
2.854712
2.816144
2.777438
2.738522
2.699747
2.661331
2.623033
2.584817
2.546741
2.508507
2.470354
2.432443
2.394727
2.356861
2.319025
2.281056
2.242911
2.204849
2.166885
2.128788
2.090569
2.052195
2.013474
1.974671
1.935892
1.896360
1.856941
1.817876
1.778855
1.739682
1.700000
1.539775
1.500000
1.500000
1.500000
1.500000
1.500000
1.500000
1.500000
1.500000
1.500000
1.500000
1.500000
1.500000
1.500000
1.500000
1.500000
1.500000
1.500000
1.500000
1.500000
1.500000
1.500000
1.500000
1.500000
1.500000
1.700000
1.700000
1.700000
1.700000
1.786390
2.000000
2.000000
2.000000
2.086225
2.172850
2.259739
2.500000
2.500000
2.500000
2.500000
2.500000
2.500000
2.500000
2.538467
2.500000
2.500000
2.500000
2.588163
2.675644
2.762987
2.850260
2.937462
3.025117
3.112813
3.200060
3.287124
3.374411
3.461799
3.549674
3.637958
3.725900
3.813293
3.900671
3.987942
4.075094
4.162501
4.249582
4.500000
4.500000
4.500000
4.500000
4.500000
4.500000
4.500000
4.500000
4.500000
4.500000
4.500000
4.500000
4.500000
4.500000
4.500000
4.500000
4.500000
4.500000
4.500000
4.500000
4.500000
4.500000
4.500000
4.500000
4.500000
4.500000
4.500000
4.500000
4.500000
4.500000
4.500000
4.500000
4.500000
4.500000
4.500000
4.500000
4.500000
4.500000
4.500000
4.500000
4.500000
4.500000
4.500000
4.500000
4.500000
4.500000
4.500000
4.500000
4.500000
4.500000
4.500000
4.500000
4.500000
4.500000
4.500000
4.500000
4.500000
4.500000
4.500000
4.500000
4.500000
4.500000
4.500000
4.500000
4.500000
4.500000
4.500000
4.500000
4.500000
4.500000
4.500000
4.500000
4.500000
4.500000
4.500000
4.500000
4.500000
4.500000
4.500000
4.500000
4.500000
4.500000
4.500000
4.500000
4.500000
4.500000
4.500000
4.500000
4.500000
4.500000
4.500000
4.500000
4.500000
4.500000
4.500000
4.500000
4.500000
4.500000
4.500000
4.500000
4.500000
4.500000
4.500000
4.500000
4.500000
4.500000
4.500000
4.500000
4.500000
4.500000
4.500000
4.500000
4.500000
4.500000
4.500000
4.500000
4.500000
4.500000
4.500000
4.500000
4.500000
4.500000
4.500000
4.500000
4.500000
4.500000
4.500000
4.500000
4.500000
4.500000
4.500000
4.500000
4.500000
4.500000
4.500000
4.500000
4.500000
4.500000
4.500000
4.500000
4.500000
4.500000
4.500000
4.500000
4.500000
4.500000
4.306470
4.268613
4.230769
4.192735
4.154647
4.116603
4.078606
4.040323
4.001841
3.963179
3.924351
3.885700
3.847330
3.808987
3.770626
3.732297
3.693821
3.655407
3.617154
3.578996
3.540760
3.502390
3.463603
3.424709
3.385925
3.347190
3.308602
3.270447
3.232469
3.194536
3.156623
3.118768
3.080751
3.042448
3.003906
2.965061
2.926204
2.887482
2.848814
2.809927
2.771002
2.732009
2.693208
2.654629
2.616096
2.577546
2.538813
2.500000
2.500000
2.500000
2.500000
2.500000
2.500000
2.500000
2.500000
2.587804
2.674586
2.883142
2.845796
2.808246
2.770638
2.732844
2.694728
2.656380
2.617738
2.578722
2.539409
2.500000
2.500000
2.500000
2.500000
2.500000
2.500000
2.500000
2.500000
2.500000
2.500000
2.500000
2.500000
2.500000
2.500000
2.500000
2.500000
2.500000
2.500000
2.584612
2.668941
2.753908
2.839645
2.926035
3.012884
3.195505
3.156374
3.117078
3.077916
3.038895
3.000000
3.000000
3.000000
3.000000
3.087065
3.173293
3.258852
3.344393
3.430189
3.516815
3.604332
3.692063
3.779646
3.867514
3.955161
4.042390
4.129536
4.216176
4.500000
4.500000
4.500000
4.500000
4.500000
4.500000
4.500000
4.500000
4.500000
4.500000
4.500000
4.500000
4.500000
4.500000
4.500000
4.500000
4.500000
4.500000
4.500000
4.500000
4.500000
4.500000
4.500000
4.500000
4.500000
4.500000
4.500000
4.500000
4.500000
4.500000
4.500000
4.500000
4.500000
4.500000
4.500000
4.500000
4.500000
4.500000
4.500000
4.500000
4.500000
4.500000
4.500000
4.500000
4.500000
4.500000
4.500000
4.500000
4.500000
4.500000
4.500000
4.500000
4.500000
4.500000
4.500000
4.500000
4.500000
4.500000
4.500000
4.500000
4.500000
4.500000
4.500000
4.500000
4.500000
4.500000
4.500000
4.500000
4.500000
4.500000
4.500000
4.500000
4.500000
4.500000
4.500000
4.500000
4.500000
4.500000
4.500000
4.500000
4.500000
4.500000
4.500000
4.500000
4.500000
4.500000
4.500000
4.500000
4.500000
4.500000
4.500000
4.500000
4.500000
4.500000
4.500000
4.500000
4.500000
4.500000
4.500000
4.500000
4.500000
4.500000
4.500000
4.500000
4.500000
4.500000
4.500000
4.500000
4.500000
4.500000
4.500000
4.500000
4.500000
4.500000
4.500000
4.500000
4.500000
4.500000
4.500000
4.500000
4.500000
4.500000
4.500000
4.500000
4.500000
4.500000
4.500000
4.500000
4.500000
4.500000
4.500000
4.500000
4.500000
4.500000
4.500000
4.500000
4.500000
4.341083
4.302769
4.264652
4.226482
4.188227
4.149867
4.111389
4.072968
4.034670
3.996415
3.958102
3.919763
3.881399
3.843059
3.804900
3.766874
3.728757
3.690458
3.651958
3.613429
3.575080
3.537019
3.498965
3.460856
3.422729
3.384457
3.346127
3.307816
3.269522
3.231145
3.192533
3.153683
3.114677
3.075815
3.037089
2.998460
2.959794
2.921092
2.882317
2.843662
2.805076
2.766546
2.728056
2.689666
2.651530
2.613611
2.575803
2.537979
2.500000
2.500000
2.500000
2.500000
2.500000
2.311922
2.272601
2.233323
2.194198
2.155371
2.116384
2.077539
2.038674
2.000000
2.000000
2.000000
2.076002
2.038024
2.000000
2.000000
2.000000
2.000000
2.000000
2.000000
2.000000
2.000000
2.000000
2.000000
2.000000
2.000000
2.000000
2.000000
2.000000
2.000000
2.000000
2.000000
2.000000
2.000000
2.000000
2.000000
2.000000
2.000000
2.000000
2.000000
2.000000
2.000000
2.000000
2.000000
2.000000
2.000000
1.815704
1.777080
1.738419
1.700000
1.700000
1.700000
1.700000
1.700000
1.700000
1.700000
1.700000
1.700000
1.700000
1.700000
1.700000
1.700000
1.700000
1.700000
1.700000
1.700000
1.700000
1.700000
1.700000
1.700000
1.700000
1.700000
1.700000
1.700000
1.700000
1.700000
1.700000
1.700000
1.700000
1.700000
1.700000
1.700000
1.538210
1.500000
1.500000
1.700000
1.700000
1.700000
1.700000
1.700000
1.700000
1.700000
1.700000
1.700000
1.700000
1.700000
1.700000
1.700000
1.700000
1.700000
1.700000
1.538627
1.500000
1.500000
1.500000
1.500000
1.500000
1.500000
1.500000
1.500000
1.700000
1.700000
1.700000
1.700000
1.700000
1.538893
1.500000
1.500000
1.500000
1.500000
1.500000
1.500000
1.500000
1.500000
1.500000
1.500000
1.500000
1.500000
1.500000
1.500000
1.500000
1.500000
1.500000
1.500000
1.500000
1.500000
1.500000
1.500000
1.500000
1.500000
1.500000
1.500000
1.500000
1.500000
1.700000
1.700000
1.786305
2.000000
2.086676
2.173888
2.261585
2.500000
2.770810
2.732132
2.693339
2.654424
2.615479
2.576779
2.538327
2.500000
2.307121
2.268641
2.230206
2.191628
2.153018
2.114613
2.076275
2.038125
2.000000
2.000000
2.000000
2.000000
1.814615
1.776228
1.738102
1.700000
1.700000
1.700000
1.700000
1.700000
1.700000
1.700000
1.700000
1.700000
1.700000
1.700000
1.700000
1.700000
1.700000
1.700000
1.700000
1.700000
1.700000
1.700000
1.700000
1.700000
1.700000
1.700000
1.700000
1.700000
1.700000
1.700000
1.700000
1.700000
1.700000
1.700000
1.700000
1.700000
1.700000
1.700000
1.700000
1.700000
1.700000
1.700000
1.700000
1.700000
1.700000
1.700000
1.700000
1.700000
1.700000
1.700000
1.700000
1.538509
1.500000
1.500000
1.700000
1.700000
1.537808
1.500000
1.700000
1.700000
1.700000
1.700000
1.700000
1.700000
1.700000
1.700000
1.700000
1.700000
1.700000
1.700000
1.700000
1.700000
1.700000
1.700000
1.700000
1.700000
1.700000
1.700000
1.700000
1.538741
1.500000
1.500000
1.500000
1.500000
1.500000
1.500000
1.500000
1.500000
1.500000
1.700000
1.700000
1.700000
1.700000
1.700000
1.700000
1.700000
1.700000
1.700000
1.700000
1.700000
1.700000
1.700000
1.538805
1.500000
1.500000
1.500000
1.500000
1.500000
1.500000
1.500000
1.500000
1.700000
1.700000
1.700000
1.700000
1.700000
1.700000
1.700000
1.700000
1.700000
1.700000
1.538493
1.500000
1.500000
1.700000
1.700000
1.700000
1.700000
1.700000
1.700000
1.700000
1.700000
1.700000
1.700000
1.700000
1.700000
1.700000
1.700000
1.786896
2.000000
2.000000
2.000000
2.000000
2.000000
2.086365
2.172900
2.259561
2.500000
2.500000
2.500000
2.500000
2.500000
2.500000
2.587023
2.674279
2.762012
3.000000
3.000000
3.000000
3.000000
3.000000
3.088152
3.176295
3.264176
3.351466
3.438564
3.660803
3.622621
3.584284
3.546012
3.507765
3.469511
3.431221
3.392861
3.354305
3.315804
3.277442
3.239069
3.200641
3.162266
3.123737
3.085230
3.046923
3.008714
2.970505
2.932369
2.894093
2.855642
2.817321
2.779099
2.740815
2.702512
2.664200
2.625712
2.587323
2.549154
2.511062
2.473009
2.435012
2.396842
2.358581
2.320417
2.282217
2.243917
2.205563
2.166849
2.127857
2.088992
2.050442
2.011937
1.973388
1.934555
1.895631
1.856771
1.817681
1.778409
1.739054
1.700000
1.700000
1.700000
1.538738
1.500000
1.500000
1.500000
1.500000
1.500000
1.500000
1.500000
1.500000
1.500000
1.500000
1.500000
1.500000
1.500000
1.500000
1.500000
1.500000
1.500000
1.500000
1.500000
1.500000
1.500000
1.500000
1.500000
1.500000
1.500000
1.500000
1.500000
1.500000
1.500000
1.500000
1.500000
1.500000
1.500000
1.500000
1.500000
1.500000
1.500000
1.500000
1.500000
1.500000
1.500000
1.500000
1.500000
1.500000
1.500000
1.500000
1.500000
1.500000
1.500000
1.500000
1.500000
1.500000
1.500000
1.500000
1.500000
1.500000
1.500000
1.500000
1.500000
1.500000
1.500000
1.500000
1.700000
1.700000
1.700000
1.700000
1.785284
2.000000
2.000000
2.086256
2.172592
2.258682
2.500000
2.500000
2.500000
2.500000
2.500000
2.500000
2.500000
2.500000
2.500000
2.586603
2.673437
2.760107
2.846347
2.932554
3.019058
3.106261
3.194005
3.281923
3.369586
3.457064
3.544451
3.632148
3.720388
3.808637
3.896646
3.984192
4.071371
4.158520
4.245752
4.500000
4.500000
4.500000
4.500000
4.500000
4.500000
4.500000
4.500000
4.500000
4.500000
4.500000
4.500000
4.500000
4.500000
4.500000
4.500000
4.500000
4.500000
4.500000
4.500000
4.500000
4.500000
4.500000
4.500000
4.500000
4.500000
4.500000
4.500000
4.500000
4.500000
4.500000
4.500000
4.500000
4.500000
4.500000
4.500000
4.500000
4.500000
4.500000
4.500000
4.500000
4.500000
4.500000
4.500000
4.500000
4.500000
4.500000
4.500000
4.500000
4.500000
4.500000
4.500000
4.500000
4.500000
4.500000
4.500000
4.500000
4.500000
4.500000
4.500000
4.500000
4.500000
4.500000
4.500000
4.500000
4.500000
4.500000
4.500000
4.500000
4.500000
4.500000
4.500000
4.500000
4.500000
4.500000
4.500000
4.500000
4.500000
4.500000
4.500000
4.500000
4.500000
4.500000
4.500000
4.500000
4.500000
4.500000
4.500000
4.500000
4.500000
4.500000
4.500000
4.500000
4.500000
4.500000
4.500000
4.500000
4.500000
4.500000
4.500000
4.500000
4.500000
4.500000
4.500000
4.500000
4.500000
4.500000
4.500000
4.500000
4.500000
4.500000
4.500000
4.500000
4.500000
4.500000
4.500000
4.500000
4.500000
4.500000
4.500000
4.500000
4.500000
4.500000
4.500000
4.500000
4.500000
4.500000
4.500000
4.500000
4.500000
4.500000
4.500000
4.500000
4.500000
4.500000
4.500000
4.500000
4.500000
4.500000
4.500000
4.500000
4.500000
4.500000
4.500000
4.500000
4.500000
4.500000
4.500000
4.500000
4.500000
4.500000
4.500000
4.500000
4.500000
4.500000
4.500000
4.500000
4.500000
4.500000
4.500000
4.500000
4.500000
4.500000
4.500000
4.500000
4.500000
4.500000
4.500000
4.500000
4.500000
4.500000
4.500000
4.500000
4.500000
4.500000
4.500000
4.500000
4.500000
4.500000
4.500000
4.500000
4.500000
4.500000
4.500000
4.500000
4.500000
4.500000
4.500000
4.500000
4.500000
4.500000
4.500000
4.500000
4.500000
4.500000
4.500000
4.500000
4.500000
4.500000
4.500000
4.500000
4.500000
4.500000
4.500000
4.500000
4.500000
4.500000
4.500000
4.500000
4.500000
4.500000
4.500000
4.500000
4.500000
4.500000
4.500000
4.500000
4.500000
4.325446
4.287504
4.249072
4.210274
4.171252
4.132069
4.092847
4.053627
4.014323
3.974895
3.935641
3.896650
3.857768
3.819047
3.780334
3.741530
3.702820
3.664170
3.625557
3.587030
3.548584
3.510049
3.471476
3.433024
3.394696
3.356465
3.318287
3.280056
3.241776
3.203517
3.165362
3.127295
3.089280
3.051201
3.012993
2.974885
2.936967
2.899042
2.860970
2.822774
2.784325
2.745760
2.707270
2.669193
2.631415
2.593965
2.556493
2.518785
2.481013
2.443322
2.405663
2.367847
2.329818
2.291467
2.253054
2.214774
2.176739
2.138831
2.100948
2.062967
2.024958
1.987096
1.949395
1.911731
1.874005
1.835998
1.797532
1.758889
1.720225
1.681294
1.641854
1.606208
1.570659
1.535285
1.500000
1.500000
1.500000
1.500000
1.500000
1.500000
1.500000
1.500000
1.500000
1.500000
1.500000
1.500000
1.500000
1.500000
1.500000
1.500000
1.500000
1.500000
1.500000
1.500000
1.500000
1.700000
1.700000
1.700000
1.786510
2.000000
2.000000
2.000000
2.089083
2.177818
2.266239
2.500000
2.500000
2.500000
2.500000
2.500000
2.500000
2.500000
2.587051
2.674877
2.763363
2.851932
2.940304
3.028381
3.116344
3.204556
3.293078
3.381265
3.468880
3.555965
3.642905
3.729916
3.817465
3.905134
3.992485
4.079602
4.166535
4.253647
4.500000
4.500000
4.500000
4.500000
4.500000
4.500000
4.500000
4.500000
4.500000
4.500000
4.500000
4.500000
4.500000
4.500000
4.500000
4.500000
4.500000
4.500000
4.500000
4.500000
4.500000
4.500000
4.500000
4.500000
4.500000
4.500000
4.500000
4.500000
4.500000
4.500000
4.500000
4.500000
4.500000
4.500000
4.500000
4.500000
4.500000
4.500000
4.500000
4.500000
4.500000
4.500000
4.500000
4.500000
4.500000
4.500000
4.500000
4.500000
4.500000
4.500000
4.500000
4.342427
4.304076
4.265923
4.227776
4.189606
4.151267
4.112714
4.074286
4.035881
3.997448
3.958941
3.920279
3.881432
3.842729
3.804243
3.765875
3.727600
3.689301
3.650801
3.612345
3.574018
3.535840
3.497684
3.459530
3.421127
3.382559
3.344088
3.305741
3.267452
3.229289
3.191037
3.152596
3.114183
3.075854
3.037622
2.999330
2.960932
2.922318
2.883705
2.845193
2.806777
2.768464
2.730158
2.691692
2.653018
2.614437
2.576054
2.537967
2.500000
2.500000
2.500000
2.500000
2.500000
2.309862
2.271492
2.233073
2.194456
2.155574
2.116394
2.077355
2.038547
2.000000
2.000000
2.000000
2.000000
2.000000
2.000000
2.000000
2.000000
2.000000
1.815912
1.777487
1.738850
1.700000
1.700000
1.700000
1.700000
1.700000
1.700000
1.700000
1.700000
1.700000
1.700000
1.700000
1.700000
1.700000
1.700000
1.700000
1.700000
1.700000
1.700000
1.700000
1.700000
1.700000
1.700000
1.700000
1.700000
1.700000
1.700000
1.538923
1.500000
1.500000
1.700000
1.700000
1.700000
1.700000
1.700000
1.700000
1.785800
2.000000
2.000000
2.000000
2.086651
2.173162
2.259530
2.500000
2.500000
2.500000
2.500000
2.500000
2.500000
2.500000
2.500000
2.500000
2.500000
2.500000
2.500000
2.500000
2.500000
2.500000
2.587264
2.674889
2.762449
3.000000
3.000000
3.087634
3.175729
3.264466
3.353303
3.441788
3.529711
3.617702
3.705729
3.793961
3.882110
3.969798
4.056807
4.143784
4.230923
4.500000
4.500000
4.500000
4.500000
4.500000
4.500000
4.500000
4.500000
4.500000
4.500000
4.500000
4.500000
4.500000
4.500000
4.500000
4.500000
4.500000
4.500000
4.500000
4.500000
4.500000
4.500000
4.500000
4.500000
4.500000
4.500000
4.500000
4.500000
4.500000
4.500000
4.500000
4.500000
4.500000
4.500000
4.500000
4.500000
4.500000
4.500000
4.500000
4.500000
4.500000
4.500000
4.500000
4.500000
4.500000
4.500000
4.500000
4.500000
4.500000
4.500000
4.500000
4.500000
4.500000
4.500000
4.500000
4.500000
4.500000
4.500000
4.500000
4.500000
4.500000
4.500000
4.500000
4.500000
4.500000
4.500000
4.500000
4.500000
4.500000
4.500000
4.500000
4.500000
4.500000
4.500000
4.500000
4.500000
4.500000
4.500000
4.500000
4.500000
4.500000
4.500000
4.500000
4.500000
4.500000
4.500000
4.500000
4.500000
4.500000
4.500000
4.500000
4.500000
4.500000
4.500000
4.500000
4.500000
4.500000
4.500000
4.500000
4.500000
4.500000
4.500000
4.500000
4.500000
4.500000
4.500000
4.500000
4.500000
4.500000
4.500000
4.500000
4.500000
4.500000
4.500000
4.500000
4.500000
4.500000
4.500000
4.500000
4.500000
4.500000
4.500000
4.500000
4.500000
4.500000
4.500000
4.500000
4.500000
4.500000
4.500000
4.500000
4.500000
4.500000
4.500000
4.500000
4.500000
4.500000
4.500000
4.500000
4.500000
4.500000
4.500000
4.500000
4.500000
4.500000
4.500000
4.500000
4.500000
4.500000
4.500000
4.500000
4.500000
4.500000
4.500000
4.500000
4.500000
4.500000
4.500000
4.500000
4.500000
4.500000
4.500000
4.500000
4.500000
4.500000
4.500000
4.500000
4.500000
4.500000
4.500000
4.500000
4.500000
4.500000
4.500000
4.500000
4.500000
4.500000
4.500000
4.500000
4.500000
4.500000
4.500000
4.500000
4.500000
4.500000
4.500000
4.500000
4.500000
4.500000
4.500000
4.500000
4.500000
4.500000
4.500000
4.500000
4.500000
4.500000
4.500000
4.500000
4.500000
4.500000
4.500000
4.500000
4.500000
4.500000
4.500000
4.500000
4.500000
4.500000
4.500000
4.500000
4.500000
4.500000
4.500000
4.500000
4.500000
4.500000
4.500000
4.500000
4.500000
4.500000
4.500000
4.500000
4.500000
4.500000
4.500000
4.500000
4.500000
4.500000
4.500000
4.500000
4.500000
4.500000
4.500000
4.500000
4.500000
4.500000
4.500000
4.500000
4.500000
4.500000
4.500000
4.500000
4.500000
4.500000
4.500000
4.500000
4.500000
4.500000
4.500000
4.500000
4.500000
4.500000
4.500000
4.500000
4.500000
4.500000
4.500000
4.500000
4.500000
4.500000
4.500000
4.500000
4.500000
4.500000
4.500000
4.500000
4.500000
4.500000
4.500000
4.333818
4.295198
4.256759
4.218503
4.180231
4.141819
4.103388
4.065166
4.027026
3.988976
3.951025
3.912909
3.874609
3.836301
3.798087
3.759958
3.721905
3.683813
3.645494
3.607176
3.569044
3.531162
3.493304
3.455433
3.417323
3.379127
3.340953
3.302907
3.264962
3.226880
3.188633
3.150160
3.111704
3.073331
3.035121
2.996902
2.958655
2.920259
2.881837
2.843632
2.805725
2.767905
2.730032
2.692008
2.653766
2.615551
2.577537
2.539720
2.501844
2.463824
2.425618
2.387261
2.348954
2.310784
2.272572
2.234306
2.195892
2.157358
2.118903
2.080714
2.042623
2.004489
1.966248
1.927827
1.889298
1.850935
1.812734
1.774437
1.735946
1.697187
1.657781
1.618214
1.578900
1.539585
1.500000
1.500000
1.500000
1.500000
1.500000
1.500000
1.500000
1.500000
1.500000
1.500000
1.500000
1.500000
1.500000
1.500000
1.500000
1.500000
1.500000
1.500000
1.500000
1.500000
1.500000
1.500000
1.500000
1.500000
1.500000
1.500000
1.500000
1.500000
1.500000
1.500000
1.500000
1.500000
1.500000
1.500000
1.500000
1.500000
1.500000
1.500000
1.500000
1.500000
1.500000
1.700000
1.700000
1.700000
1.786775
2.000000
2.088291
2.177230
2.266192
2.355026
2.443773
2.617648
2.578652
2.539375
2.500000
2.500000
2.500000
2.500000
2.500000
2.500000
2.500000
2.500000
2.500000
2.313695
2.275890
2.238126
2.200166
2.162293
2.124177
2.085950
2.047853
2.009799
1.971868
1.933537
1.894681
1.855657
1.816569
1.777537
1.738665
1.700000
1.700000
1.700000
1.538512
1.500000
1.700000
1.700000
1.700000
1.700000
1.786938
2.000000
2.085807
2.171426
2.257612
2.348671
2.310367
2.271943
2.232840
2.193744
2.154926
2.116216
2.077474
2.038644
2.000000
1.816060
1.777365
1.738630
1.700000
1.700000
1.538053
1.500000
1.500000
1.500000
1.500000
1.500000
1.500000
1.500000
1.500000
1.500000
1.500000
1.500000
1.700000
1.700000
1.786788
2.000000
2.086084
2.171395
2.256828
2.347433
2.309383
2.271115
2.232441
2.193126
2.154068
2.115268
2.076759
2.038454
2.000000
1.815240
1.776783
1.738292
1.700000
1.700000
1.700000
1.538152
1.500000
1.500000
1.500000
1.500000
1.700000
1.700000
1.700000
1.786862
2.000000
2.085466
2.277549
2.239681
2.201838
2.163904
2.125777
2.087128
2.048346
2.009629
1.970986
1.932266
1.893433
1.854702
1.816070
1.777467
1.738867
1.700000
1.700000
1.538254
1.500000
1.500000
1.500000
1.500000
1.500000
1.500000
1.500000
1.500000
1.500000
1.500000
1.500000
1.500000
1.700000
1.700000
1.786208
2.000000
2.277402
2.240329
2.202865
2.164981
2.126655
2.087918
2.049201
2.010258
1.971080
1.931942
1.892812
1.853994
1.815391
1.776748
1.738222
1.700000
1.700000
1.700000
1.538403
1.500000
1.500000
1.500000
1.500000
1.700000
1.700000
1.700000
1.786487
1.872303
1.957616
2.200202
2.162518
2.124659
2.086637
2.048342
2.009789
1.970878
1.931965
1.892999
1.853932
1.814983
1.776350
1.738132
1.700000
1.700000
1.700000
1.700000
1.538377
1.500000
1.500000
1.500000
1.500000
1.500000
1.500000
1.500000
1.500000
1.500000
1.500000
1.500000
1.700000
1.700000
1.786150
2.000000
2.276833
2.239817
2.202572
2.165039
2.127069
2.088499
2.049526
2.010582
1.971636
1.932663
1.893615
1.854584
1.815800
1.777141
1.738508
1.700000
1.700000
1.700000
1.538030
1.500000
1.500000
1.500000
1.500000
1.500000
1.500000
1.700000
1.700000
1.786231
2.000000
2.277982
2.240299
2.202634
2.164864
2.126862
2.088304
2.049402
2.010503
1.971648
1.932702
1.893785
1.854860
1.816034
1.777414
1.738739
1.700000
1.700000
1.700000
1.538579
1.500000
1.500000
1.500000
1.500000
1.500000
1.500000
1.500000
1.500000
1.500000
1.500000
1.500000
1.500000
1.500000
1.500000
1.700000
1.700000
1.785357
2.000000
2.238530
2.201435
2.164340
2.127027
2.089456
2.051463
2.012950
1.973926
1.934499
1.894946
1.855621
1.816478
1.777601
1.738785
1.700000
1.700000
1.538360
1.500000
1.500000
1.500000
1.500000
1.500000
1.500000
1.500000
1.500000
1.500000
1.500000
1.700000
1.700000
1.786552
2.000000
2.085428
2.280257
2.242323
2.204365
2.166262
2.127821
2.088959
2.049974
2.011041
1.972241
1.933350
1.894443
1.855579
1.816792
1.777970
1.739043
1.700000
1.700000
1.700000
1.538300
1.500000
1.500000
1.500000
1.500000
1.500000
1.500000
1.500000
1.500000
1.500000
1.500000
1.500000
1.500000
1.500000
1.500000
1.500000
1.500000
1.500000
1.500000
1.500000
1.500000
1.500000
1.500000
1.500000
1.500000
1.500000
1.500000
1.500000
1.700000
1.700000
1.700000
1.785944
2.000000
2.000000
2.000000
2.000000
2.087253
2.174403
2.261152
2.500000
2.500000
2.500000
2.500000
2.500000
2.500000
2.500000
2.500000
2.500000
2.500000
2.587520
2.674985
2.762445
3.000000
3.000000
3.087994
3.176501
3.264872
3.352834
3.440711
3.528211
3.615825
3.703742
3.791564
3.878816
3.966048
4.053098
4.140147
4.227575
4.500000
4.500000
4.500000
4.500000
4.500000
4.500000
4.500000
4.500000
4.500000
4.500000
4.500000
4.500000
4.500000
4.500000
4.500000
4.500000
4.500000
4.500000
4.500000
4.500000
4.500000
4.500000
4.500000
4.500000
4.500000
4.500000
4.500000
4.500000
4.500000
4.500000
4.500000
4.500000
4.500000
4.500000
4.500000
4.500000
4.500000
4.500000
4.500000
4.500000
4.500000
4.500000
4.500000
4.500000
4.500000
4.500000
4.500000
4.500000
4.500000
4.500000
4.500000
4.500000
4.500000
4.500000
4.500000
4.500000
4.500000
4.500000
4.500000
4.500000
4.500000
4.500000
4.500000
4.500000
4.500000
4.500000
4.500000
4.500000
4.500000
4.500000
4.500000
4.500000
4.500000
4.500000
4.500000
4.500000
4.500000
4.500000
4.500000
4.500000
4.500000
4.500000
4.500000
4.500000
4.500000
4.500000
4.500000
4.500000
4.500000
4.343228
4.305364
4.267409
4.229406
4.191156
4.152750
4.114307
4.075955
4.037535
3.999126
3.960599
3.921986
3.883495
3.845107
3.806793
3.768475
3.730158
3.691646
3.653098
3.614559
3.576153
3.537790
3.499405
3.460861
3.422277
3.383713
3.345282
3.306834
3.268511
3.230084
3.191560
3.153034
3.114577
3.076155
3.037683
2.999256
2.960786
2.922439
2.884304
2.846270
2.808169
2.770085
2.731776
2.693385
2.654941
2.616514
2.578074
2.539687
2.501282
2.462889
2.424834
2.387295
2.350175
2.312981
2.275572
2.237695
2.199586
2.161324
2.122998
2.084388
2.045592
2.006604
1.967581
1.928657
1.890016
1.851394
1.812808
1.774046
1.735020
1.695794
1.656299
1.616865
1.577958
1.538984
1.500000
1.500000
1.500000
1.500000
1.500000
1.500000
1.500000
1.500000
1.500000
1.500000
1.500000
1.500000
1.500000
1.500000
1.500000
1.500000
1.500000
1.500000
1.500000
1.500000
1.500000
1.500000
1.500000
1.500000
1.500000
1.500000
1.500000
1.500000
1.500000
1.500000
1.500000
1.500000
1.500000
1.500000
1.500000
1.500000
1.500000
1.500000
1.500000
1.500000
1.700000
1.700000
1.700000
1.788215
2.000000
2.000000
2.000000
2.087934
2.174597
2.259749
2.500000
2.500000
2.500000
2.500000
2.315866
2.277576
2.238955
2.200066
2.160999
2.122065
2.083342
2.044849
2.006370
1.967877
1.929193
1.890496
1.851958
1.813474
1.774806
1.735643
1.696181
1.656556
1.617051
1.577950
1.539142
1.500000
1.500000
1.500000
1.500000
1.500000
1.500000
1.500000
1.500000
1.500000
1.500000
1.500000
1.500000
1.500000
1.500000
1.500000
1.500000
1.500000
1.500000
1.500000
1.500000
1.500000
1.500000
1.500000
1.500000
1.500000
1.500000
1.500000
1.500000
1.500000
1.500000
1.500000
1.500000
1.500000
1.500000
1.500000
1.500000
1.500000
1.500000
1.500000
1.500000
1.700000
1.700000
1.700000
1.787588
2.000000
2.000000
2.088600
2.177300
2.265901
2.500000
2.500000
2.500000
2.500000
2.500000
2.500000
2.500000
2.500000
2.311890
2.273442
2.234835
2.196207
2.157660
2.119123
2.080590
2.042015
2.003479
1.965047
1.926698
1.888366
1.849924
1.811324
1.772473
1.733612
1.694697
1.655573
1.616189
1.577250
1.538707
1.500000
1.500000
1.500000
1.500000
1.500000
1.500000
1.500000
1.500000
1.500000
1.500000
1.500000
1.500000
1.500000
1.500000
1.500000
1.500000
1.500000
1.500000
1.500000
1.500000
1.500000
1.500000
1.500000
1.500000
1.500000
1.500000
1.500000
1.700000
1.700000
1.786346
1.872880
1.959647
2.046941
2.134885
2.223595
2.312687
2.401582
2.576943
2.538496
2.500000
2.500000
2.500000
2.500000
2.500000
2.500000
2.500000
2.500000
2.315495
2.277394
2.239181
2.200936
2.162689
2.124377
2.085697
2.046898
2.008142
1.969640
1.931255
1.892828
1.854349
1.815827
1.777354
1.738794
1.700000
1.700000
1.700000
1.700000
1.700000
1.700000
1.538475
1.500000
1.538322
1.500000
1.500000
1.500000
1.500000
1.500000
1.500000
1.500000
1.500000
1.500000
1.500000
1.500000
1.500000
1.500000
1.500000
1.500000
1.500000
1.500000
1.500000
1.500000
1.500000
1.500000
1.500000
1.500000
1.500000
1.500000
1.500000
1.500000
1.500000
1.500000
1.500000
1.500000
1.500000
1.500000
1.500000
1.500000
1.500000
1.500000
1.500000
1.500000
1.500000
1.500000
1.500000
1.500000
1.500000
1.500000
1.500000
1.500000
1.500000
1.500000
1.500000
1.500000
1.500000
1.700000
1.700000
1.700000
1.700000
1.786285
2.000000
2.000000
2.087126
2.174271
2.261311
2.500000
2.500000
2.500000
2.500000
2.500000
2.500000
2.500000
2.500000
2.587280
2.674875
2.762911
2.850694
2.938149
3.025208
3.112170
3.199427
3.287372
3.375385
3.463299
3.550879
3.638252
3.725779
3.813800
3.902109
3.990218
4.078110
4.165625
4.253125
4.500000
4.500000
4.500000
4.500000
4.500000
4.500000
4.500000
4.500000
4.500000
4.500000
4.500000
4.500000
4.500000
4.500000
4.500000
4.500000
4.500000
4.500000
4.500000
4.500000
4.500000
4.500000
4.500000
4.500000
4.500000
4.500000
4.500000
4.500000
4.500000
4.500000
4.500000
4.500000
4.500000
4.500000
4.500000
4.500000
4.500000
4.500000
4.500000
4.500000
4.500000
4.500000
4.500000
4.500000
4.500000
4.500000
4.500000
4.500000
4.500000
4.500000
4.500000
4.500000
4.500000
4.500000
4.500000
4.500000
4.500000
4.500000
4.500000
4.500000
4.500000
4.500000
4.500000
4.500000
4.500000
4.500000
4.500000
4.500000
4.500000
4.500000
4.500000
4.500000
4.500000
4.500000
4.500000
4.500000
4.500000
4.500000
4.500000
4.500000
4.500000
4.500000
4.500000
4.500000
4.500000
4.500000
4.500000
4.500000
4.500000
4.500000
4.500000
4.500000
4.500000
4.500000
4.500000
4.500000
4.500000
4.500000
4.500000
4.500000
4.500000
4.500000
4.500000
4.500000
4.500000
4.500000
4.500000
4.500000
4.500000
4.500000
4.500000
4.500000
4.500000
4.500000
4.500000
4.304633
4.266097
4.227546
4.189074
4.150614
4.111917
4.073170
4.034576
3.996166
3.957925
3.919792
3.881458
3.842917
3.804386
3.765866
3.727480
3.689093
3.650568
3.611808
3.573041
3.534472
3.496144
3.458052
3.420102
3.382039
3.343887
3.305767
3.267584
3.229425
3.191137
3.152590
3.113867
3.075158
3.036538
2.998097
2.959830
2.921488
2.882955
2.844398
2.805929
2.767557
2.729221
2.690895
2.652476
2.614065
2.575825
2.537868
2.500000
2.538197
2.500000
2.500000
2.500000
2.500000
2.500000
2.500000
2.500000
2.500000
2.500000
2.500000
2.305638
2.267351
2.229239
2.191133
2.152951
2.114752
2.076436
2.038170
2.000000
2.000000
2.000000
2.000000
2.000000
2.000000
2.000000
2.000000
2.000000
2.000000
2.000000
2.000000
2.000000
2.000000
2.000000
2.000000
2.000000
2.000000
2.000000
2.000000
2.000000
2.000000
2.000000
2.000000
2.000000
2.000000
2.000000
2.000000
2.000000
2.000000
2.000000
2.000000
2.000000
2.000000
2.000000
2.000000
2.000000
1.815217
1.777153
1.738697
1.700000
1.700000
1.700000
1.700000
1.700000
1.700000
1.700000
1.700000
1.700000
1.539276
1.500000
1.500000
1.500000
1.500000
1.500000
1.500000
1.500000
1.500000
1.500000
1.500000
1.500000
1.500000
1.500000
1.500000
1.500000
1.500000
1.500000
1.500000
1.500000
1.500000
1.500000
1.500000
1.500000
1.500000
1.500000
1.500000
1.700000
1.786346
1.873650
1.961612
2.049924
2.234115
2.194725
2.155559
2.116585
2.077629
2.038823
2.000000
1.815096
1.776768
1.738372
1.700000
1.700000
1.538268
1.500000
1.500000
1.500000
1.500000
1.500000
1.500000
1.500000
1.500000
1.500000
1.500000
1.500000
1.500000
1.500000
1.500000
1.500000
1.500000
1.500000
1.500000
1.500000
1.500000
1.700000
1.700000
1.700000
1.700000
1.785095
2.000000
2.000000
2.000000
2.086999
2.173785
2.260409
2.500000
2.500000
2.500000
2.500000
2.500000
2.500000
2.586127
2.672739
2.760153
3.000000
3.000000
3.086842
3.173547
3.260695
3.348573
3.437043
3.525416
3.613559
3.701480
3.789402
3.877603
3.966024
4.053985
4.141434
4.228305
4.500000
4.500000
4.500000
4.500000
4.500000
4.500000
4.500000
4.500000
4.500000
4.500000
4.500000
4.500000
4.500000
4.500000
4.500000
4.500000
4.500000
4.500000
4.500000
4.500000
4.500000
4.500000
4.500000
4.500000
4.500000
4.500000
4.500000
4.500000
4.500000
4.500000
4.500000
4.500000
4.500000
4.500000
4.500000
4.500000
4.500000
4.500000
4.500000
4.500000
4.500000
4.500000
4.500000
4.500000
4.500000
4.500000
4.500000
4.500000
4.500000
4.500000
4.500000
4.500000
4.500000
4.500000
4.500000
4.500000
4.500000
4.500000
4.500000
4.500000
4.500000
4.500000
4.500000
4.500000
4.500000
4.500000
4.500000
4.500000
4.500000
4.500000
4.500000
4.500000
4.500000
4.500000
4.341046
4.302789
4.264494
4.225918
4.187267
4.148730
4.110313
4.071952
4.033591
3.995009
3.956350
3.917846
3.879397
3.841017
3.802706
3.764243
3.725652
3.687216
3.648944
3.610809
3.572728
3.534494
3.496110
3.457783
3.419614
3.381527
3.343541
3.305545
3.267415
3.229289
3.191389
3.153568
3.115818
3.077972
3.039863
3.001411
2.962881
2.924444
2.886100
2.847768
2.809323
2.770620
2.731980
2.693516
2.655158
2.616889
2.578645
2.540136
2.501540
2.463124
2.424779
2.386392
2.348012
2.309476
2.270789
2.232194
2.193652
2.155154
2.116599
2.077787
2.038876
2.000000
2.000000
2.000000
2.000000
2.000000
2.000000
2.000000
1.816193
1.777422
1.738593
1.700000
1.700000
1.700000
1.700000
1.700000
1.700000
1.700000
1.700000
1.700000
1.700000
1.700000
1.700000
1.700000
1.538559
1.500000
1.500000
1.500000
1.500000
1.500000
1.500000
1.500000
1.500000
1.538195
1.500000
1.700000
1.700000
1.700000
1.700000
1.700000
1.700000
1.700000
1.700000
1.700000
1.538491
1.500000
1.500000
1.500000
1.500000
1.500000
1.500000
1.500000
1.500000
1.500000
1.500000
1.500000
1.500000
1.500000
1.500000
1.500000
1.500000
1.500000
1.500000
1.500000
1.500000
1.500000
1.500000
1.500000
1.500000
1.500000
1.500000
1.500000
1.500000
1.500000
1.500000
1.500000
1.500000
1.500000
1.500000
1.500000
1.500000
1.500000
1.500000
1.500000
1.500000
1.700000
1.728050
1.689625
1.651393
1.613471
1.576005
1.538119
1.500000
1.500000
1.500000
1.500000
1.500000
1.500000
1.500000
1.500000
1.500000
1.500000
1.500000
1.500000
1.500000
1.500000
1.500000
1.500000
1.500000
1.500000
1.500000
1.500000
1.500000
1.500000
1.500000
1.500000
1.500000
1.500000
1.500000
1.500000
1.500000
1.700000
1.733360
1.693427
1.654088
1.615073
1.576357
1.538041
1.500000
1.500000
1.500000
1.500000
1.500000
1.500000
1.500000
1.500000
1.500000
1.500000
1.500000
1.500000
1.500000
1.500000
1.700000
1.731619
1.692796
1.653880
1.615271
1.577029
1.538503
1.500000
1.500000
1.500000
1.500000
1.500000
1.500000
1.500000
1.500000
1.500000
1.500000
1.500000
1.500000
1.500000
1.500000
1.500000
1.500000
1.500000
1.500000
1.500000
1.500000
1.500000
1.500000
1.500000
1.500000
1.500000
1.500000
1.500000
1.500000
1.500000
1.500000
1.500000
1.700000
1.731133
1.691623
1.652830
1.614138
1.575886
1.537654
1.500000
1.500000
1.500000
1.500000
1.500000
1.500000
1.500000
1.500000
1.500000
1.500000
1.500000
1.500000
1.500000
1.500000
1.700000
1.731194
1.692135
1.653371
1.614556
1.576059
1.537870
1.500000
1.500000
1.500000
1.500000
1.500000
1.500000
1.500000
1.500000
1.500000
1.500000
1.500000
1.500000
1.500000
1.500000
1.500000
1.500000
1.500000
1.500000
1.500000
1.500000
1.500000
1.500000
1.500000
1.500000
1.500000
1.500000
1.500000
1.500000
1.500000
1.500000
1.500000
1.500000
1.700000
1.694546
1.654945
1.615748
1.577133
1.538410
1.500000
1.500000
1.500000
1.500000
1.500000
1.500000
1.500000
1.500000
1.500000
1.500000
1.500000
1.500000
1.500000
1.500000
1.500000
1.500000
1.500000
1.500000
1.500000
1.500000
1.500000
1.500000
1.500000
1.500000
1.500000
1.500000
1.500000
1.500000
1.500000
1.500000
1.500000
1.500000
1.500000
1.500000
1.500000
1.500000
1.500000
1.700000
1.700000
1.700000
1.788316
2.000000
2.000000
2.000000
2.078002
2.039461
2.000907
1.962524
1.924159
1.885887
1.847641
1.809236
1.770838
1.732651
1.693855
1.655189
1.616400
1.577590
1.538743
1.500000
1.500000
1.500000
1.500000
1.500000
1.500000
1.500000
1.500000
1.500000
1.500000
1.500000
1.500000
1.500000
1.500000
1.500000
1.500000
1.500000
1.500000
1.500000
1.500000
1.500000
1.500000
1.500000
1.500000
1.500000
1.700000
1.700000
1.700000
1.788618
2.000000
2.000000
2.000000
2.087136
2.174217
2.261686
2.500000
2.500000
2.500000
2.500000
2.500000
2.500000
2.587620
2.674974
2.762183
2.849235
2.936211
3.023435
3.111153
3.198902
3.286335
3.373688
3.460798
3.547993
3.635670
3.723835
3.811751
3.899404
3.986612
4.073812
4.297199
4.258786
4.220569
4.182453
4.144379
4.106174
4.067548
4.028757
3.990090
3.951650
3.913319
3.875036
3.836625
3.798162
3.759976
3.721912
3.683951
3.646041
3.607944
3.569598
3.531274
3.492991
3.454728
3.416580
3.378323
3.339840
3.301216
3.262716
3.224298
3.186018
3.147782
3.109306
3.070607
3.032021
2.993556
2.955247
2.917027
2.878633
2.840046
2.801482
2.763029
2.724775
2.686592
2.648382
2.609920
2.571322
2.532740
2.494340
2.456048
2.417850
2.379485
2.341062
2.302809
2.264611
2.226470
2.188488
2.150443
2.112204
2.074017
2.035839
1.997644
1.959492
1.921293
1.882831
1.844275
1.805870
1.767567
1.729406
1.691343
1.653153
1.614777
1.576424
1.538147
1.500000
1.500000
1.500000
1.500000
1.500000
1.500000
1.500000
1.500000
1.500000
1.500000
1.500000
1.500000
1.500000
1.500000
1.500000
1.500000
1.500000
1.500000
1.500000
1.500000
1.500000
1.500000
1.500000
1.500000
1.500000
1.500000
1.500000
1.500000
1.500000
1.500000
1.500000
1.500000
1.500000
1.500000
1.500000
1.500000
1.500000
1.500000
1.500000
1.500000
1.500000
1.500000
1.500000
1.500000
1.500000
1.500000
1.500000
1.500000
1.500000
1.500000
1.500000
1.500000
1.500000
1.500000
1.500000
1.500000
1.500000
1.500000
1.500000
1.500000
1.500000
1.500000
1.500000
1.500000
1.500000
1.500000
1.500000
1.500000
1.500000
1.500000
1.500000
1.500000
1.500000
1.500000
1.500000
1.500000
1.500000
1.500000
1.500000
1.500000
1.500000
1.500000
1.500000
1.500000
1.500000
1.500000
1.500000
1.500000
1.500000
1.500000
1.500000
1.500000
1.500000
1.500000
1.500000
1.500000
1.500000
1.500000
1.500000
1.500000
1.500000
1.500000
1.500000
1.500000
1.500000
1.500000
1.500000
1.500000
1.500000
1.500000
1.500000
1.500000
1.500000
1.500000
1.500000
1.500000
1.500000
1.500000
1.500000
1.500000
1.500000
1.500000
1.500000
1.500000
1.500000
1.500000
1.500000
1.500000
1.500000
1.500000
1.500000
1.500000
1.500000
1.500000
1.500000
1.500000
1.500000
1.500000
1.500000
1.500000
1.500000
1.500000
1.500000
1.500000
1.500000
1.500000
1.500000
1.500000
1.500000
1.500000
1.500000
1.500000
1.500000
1.500000
1.500000
1.500000
1.500000
1.500000
1.500000
1.500000
1.500000
1.500000
1.500000
1.500000
1.500000
1.500000
1.500000
1.500000
1.500000
1.500000
1.500000
1.500000
1.500000
1.500000
1.500000
1.500000
1.500000
1.500000
1.500000
1.500000
1.500000
1.500000
1.500000
1.500000
1.500000
1.500000
1.500000
1.500000
1.500000
1.500000
1.500000
1.500000
1.500000
1.500000
1.500000
1.500000
1.500000
1.500000
1.500000
1.500000
1.500000
1.500000
1.500000
1.500000
1.500000
1.500000
1.500000
1.500000
1.500000
1.500000
1.500000
1.500000
1.500000
1.500000
1.500000
1.500000
1.500000
1.500000
1.500000
1.500000
1.500000
1.500000
1.500000
1.500000
1.500000
1.500000
1.500000
1.500000
1.500000
1.500000
1.500000
1.500000
1.500000
1.500000
1.500000
1.500000
1.500000
1.500000
1.500000
1.500000
1.500000
1.500000
1.500000
1.500000
1.500000
1.500000
1.500000
1.500000
1.500000
1.500000
1.500000
1.500000
1.500000
1.500000
1.500000
1.500000
1.500000
1.500000
1.500000
1.500000
1.500000
1.500000
1.500000
1.500000
1.500000
1.500000
1.500000
1.500000
1.500000
1.500000
1.500000
1.500000
1.500000
1.500000
1.500000
1.500000
1.500000
1.500000
1.500000
1.500000
1.500000
1.500000
1.500000
1.500000
1.500000
1.500000
1.500000
1.500000
1.500000
1.500000
1.500000
1.500000
1.500000
1.500000
1.500000
1.500000
1.500000
1.500000
1.500000
1.500000
1.500000
1.500000
1.500000
1.500000
1.500000
1.500000
1.500000
1.500000
1.500000
1.500000
1.500000
1.500000
1.500000
1.500000
1.500000
1.500000
1.500000
1.500000
1.500000
1.500000
1.500000
1.500000
1.500000
1.500000
1.500000
1.500000
1.500000
1.500000
1.500000
1.500000
1.500000
1.500000
1.500000
1.500000
1.500000
1.500000
1.500000
1.500000
1.500000
1.500000
1.500000
1.500000
1.500000
1.500000
1.500000
1.500000
1.500000
1.500000
1.500000
1.500000
1.500000
1.500000
1.500000
1.500000
1.500000
1.500000
1.500000
1.500000
1.500000
1.500000
1.500000
1.500000
1.500000
1.500000
1.500000
1.500000
1.500000
1.500000
1.500000
1.500000
1.500000
1.500000
1.500000
1.500000
1.500000
1.500000
1.500000
1.500000
1.500000
1.500000
1.500000
1.500000
1.500000
1.500000
1.500000
1.500000
1.500000
1.500000
1.500000
1.500000
1.500000
1.500000
1.500000
1.500000
1.500000
1.500000
1.500000
1.500000
1.500000
1.500000
1.500000
1.500000
1.500000
1.500000
1.500000
1.500000
1.500000
1.500000
1.500000
1.500000
1.500000
1.500000
1.500000
1.500000
1.500000
1.500000
1.500000
1.500000
1.500000
1.500000
1.500000
1.500000
1.500000
1.500000
1.500000
1.500000
1.500000
1.500000
1.500000
1.500000
1.500000
1.500000
1.500000
1.500000
1.500000
1.500000
1.500000
1.500000
1.500000
1.500000
1.500000
1.500000
1.500000
1.500000
1.500000
1.500000
1.500000
1.500000
1.500000
1.500000
1.500000
1.500000
1.500000
1.500000
1.500000
1.500000
1.500000
1.500000
1.500000
1.500000
1.500000
1.500000
1.500000
1.500000
1.500000
1.500000
1.500000
1.500000
1.500000
1.500000
1.500000
1.500000
1.500000
1.500000
1.500000
1.500000
1.500000
1.500000
1.500000
1.500000
1.500000
1.500000
1.500000
1.500000
1.500000
1.500000
1.500000
1.500000
1.500000
1.500000
1.500000
1.500000
1.500000
1.500000
1.500000
1.500000
1.500000
1.500000
1.500000
1.500000
1.500000
1.500000
1.500000
1.500000
1.500000
1.500000
1.500000
1.500000
1.500000
1.500000
1.500000
1.500000
1.500000
1.500000
1.500000
1.500000
1.500000
1.500000
1.500000
1.500000
1.500000
1.500000
1.500000
1.500000
1.500000
1.500000
1.500000
1.500000
1.500000
1.500000
1.500000
1.500000
1.500000
1.500000
1.500000
1.500000
1.500000
1.500000
1.500000
1.500000
1.500000
1.500000
1.500000
1.500000
1.500000
1.500000
1.500000
1.500000
1.500000
1.500000
1.500000
1.500000
1.500000
1.500000
1.500000
1.500000
1.500000
1.500000
1.500000
1.500000
1.500000
1.500000
1.500000
1.500000
1.500000
1.500000
1.500000
1.500000
1.500000
1.500000
1.500000
1.500000
1.500000
1.500000
1.500000
1.500000
1.500000
1.500000
1.500000
1.500000
1.500000
1.500000
1.500000
1.500000
1.500000
1.500000
1.500000
1.500000
1.500000
1.500000
1.500000
1.500000
1.500000
1.500000
1.500000
1.500000
1.500000
1.500000
1.500000
1.500000
1.500000
1.500000
1.500000
1.500000
1.500000
1.500000
1.500000
1.500000
1.500000
1.500000
1.500000
1.500000
1.500000
1.500000
1.500000
1.500000
1.500000
1.500000
1.500000
1.500000
1.500000
1.500000
1.500000
1.500000
1.500000
1.500000
1.500000
1.500000
1.500000
1.500000
1.500000
1.500000
1.500000
1.500000
1.500000
1.500000
1.500000
1.500000
1.500000
1.500000
1.500000
1.500000
1.500000
1.500000
1.500000
1.500000
1.500000
1.500000
1.500000
1.500000
1.500000
1.500000
1.500000
1.500000
1.500000
1.500000
1.500000
1.500000
1.500000
1.500000
1.500000
1.500000
1.500000
1.500000
1.500000
1.500000
1.500000
1.500000
1.500000
1.500000
1.500000
1.500000
1.500000
1.500000
1.500000
1.500000
1.500000
1.500000
1.500000
1.500000
1.500000
1.500000
1.500000
1.500000
1.500000
1.500000
1.500000
1.500000
1.500000
1.500000
1.500000
1.500000
1.500000
1.500000
1.500000
1.500000
1.500000
1.500000
1.500000
1.500000
1.500000
1.500000
1.500000
1.500000
1.500000
1.500000
1.500000
1.500000
1.500000
1.500000
1.500000
1.500000
1.500000
1.500000
1.500000
1.500000
1.500000
1.500000
1.500000
1.500000
1.500000
1.500000
1.500000
1.500000
1.500000
1.500000
1.500000
1.500000
1.500000
1.500000
1.500000
1.500000
1.500000
1.500000
1.500000
1.500000
1.500000
1.500000
1.500000
1.500000
1.500000
1.500000
1.500000
1.500000
1.500000
1.500000
1.500000
1.500000
1.500000
1.500000
1.500000
1.500000
1.500000
1.500000
1.500000
1.500000
1.500000
1.500000
1.500000
1.500000
1.500000
1.500000
1.500000
1.500000
1.500000
1.500000
1.500000
1.500000
1.500000
1.500000
1.500000
1.500000
1.500000
1.500000
1.500000
1.500000
1.500000
1.500000
1.500000
1.500000
1.500000
1.500000
1.500000
1.500000
1.500000
1.500000
1.500000
1.500000
1.500000
1.500000
1.500000
1.500000
1.500000
1.500000
1.500000
1.500000
1.500000
1.500000
1.500000
1.500000
1.500000
1.500000
1.500000
1.500000
1.500000
1.500000
1.500000
1.500000
1.500000
1.500000
1.500000
1.500000
1.500000
1.500000
1.500000
1.500000
1.500000
1.500000
1.500000
1.500000
1.500000
1.500000
1.500000
1.500000
1.500000
1.500000
1.500000
1.500000
1.500000
1.500000
1.500000
1.500000
1.500000
1.500000
1.500000
1.500000
1.500000
1.500000
1.500000
1.500000
1.500000
1.500000
1.500000
1.500000
1.500000
1.500000
1.500000
1.500000
1.500000
1.500000
1.500000
1.500000
1.500000
1.500000
1.500000
1.500000
1.500000
1.500000
1.500000
1.500000
1.500000
1.500000
1.500000
1.500000
1.500000
1.500000
1.500000
1.500000
1.500000
1.500000
1.500000
1.500000
1.500000
1.500000
1.500000
1.500000
1.500000
1.500000
1.500000
1.500000
1.500000
1.500000
1.500000
1.500000
1.500000
1.500000
1.500000
1.500000
1.500000
1.500000
1.500000
1.500000
1.500000
1.500000
1.500000
1.500000
1.500000
1.500000
1.500000
1.500000
1.500000
1.500000
1.500000
1.500000
1.500000
1.500000
1.500000
1.500000
1.500000
1.500000
1.500000
1.500000
1.500000
1.500000
1.500000
1.500000
1.500000
1.500000
1.500000
1.500000
1.500000
1.500000
1.500000
1.500000
1.500000
1.500000
1.500000
1.500000
1.500000
1.500000
1.500000
1.500000
1.500000
1.500000
1.500000
1.500000
1.500000
1.500000
1.500000
1.500000
1.500000
1.500000
1.500000
1.500000
1.500000
1.500000
1.500000
1.500000
1.500000
1.500000
1.500000
1.500000
1.500000
1.500000
1.500000
1.500000
1.500000
1.500000
1.500000
1.500000
1.500000
1.500000
1.500000
1.500000
1.500000
1.500000
1.500000
1.500000
1.500000
1.500000
1.500000
1.500000
1.500000
1.500000
1.500000
1.500000
1.500000
1.500000
1.500000
1.500000
1.500000
1.500000
1.500000
1.500000
1.500000
1.500000
1.500000
1.500000
1.500000
1.500000
1.500000
1.500000
1.500000
1.500000
1.500000
1.500000
1.500000
1.500000
1.500000
1.500000
1.500000
1.500000
1.500000
1.500000
1.500000
1.500000
1.500000
1.500000
1.500000
1.500000
1.500000
1.500000
1.500000
1.500000
1.500000
1.500000
1.500000
1.500000
1.500000
1.500000
1.500000
1.500000
1.500000
1.500000
1.500000
1.500000
1.500000
1.500000
1.500000
1.500000
1.500000
1.500000
1.500000
1.500000
1.500000
1.500000
1.500000
1.500000
1.500000
1.500000
1.500000
1.500000
1.500000
1.500000
1.500000
1.500000
1.500000
1.500000
1.500000
1.500000
1.500000
1.500000
1.500000
1.500000
1.500000
1.500000
1.500000
1.500000
1.500000
1.500000
1.500000
1.500000
1.500000
1.500000
1.500000
1.500000
1.500000
1.500000
1.500000
1.500000
1.500000
1.500000
1.500000
1.500000
1.500000
1.500000
1.500000
1.500000
1.500000
1.500000
1.500000
1.500000
1.500000
1.500000
1.500000
1.500000
1.500000
1.500000
1.500000
1.500000
1.500000
1.500000
1.500000
1.500000
1.500000
1.500000
1.500000
1.500000
1.500000
1.500000
1.500000
1.500000
1.500000
1.500000
1.500000
1.500000
1.500000
1.500000
1.500000
1.500000
1.500000
1.500000
1.500000
1.500000
1.500000
1.500000
1.500000
1.500000
1.500000
1.500000
1.500000
1.500000
1.500000
1.500000
1.500000
1.500000
1.500000
1.500000
1.500000
1.500000
1.500000
1.500000
1.500000
1.500000
1.500000
1.500000
1.500000
1.500000
1.500000
1.500000
1.500000
1.500000
1.500000
1.500000
1.500000
1.500000
1.500000
1.500000
1.500000
1.500000
1.500000
1.500000
1.500000
1.500000
1.500000
1.500000
1.500000
1.500000
1.500000
1.500000
1.500000
1.500000
1.500000
1.500000
1.500000
1.500000
1.500000
1.500000
1.500000
1.500000
1.500000
1.500000
1.500000
1.500000
1.500000
1.500000
1.500000
1.500000
1.500000
1.500000
1.500000
1.500000
1.500000
1.500000
1.500000
1.500000
1.500000
1.500000
1.500000
1.500000
1.500000
1.500000
1.500000
1.500000
1.500000
1.500000
1.500000
1.500000
1.500000
1.500000
1.500000
1.500000
1.500000
1.500000
1.500000
1.500000
1.500000
1.500000
1.500000
1.500000
1.500000
1.500000
1.500000
1.500000
1.500000
1.500000
1.500000
1.500000
1.500000
1.500000
1.500000
1.500000
1.500000
1.500000
1.500000
1.500000
1.500000
1.500000
1.500000
1.500000
1.500000
1.500000
1.500000
1.500000
1.500000
1.500000
1.500000
1.500000
1.500000
1.500000
1.500000
1.500000
1.500000
1.500000
1.500000
1.500000
1.500000
1.500000
1.500000
1.500000
1.500000
1.500000
1.500000
1.500000
1.500000
1.500000
1.500000
1.500000
1.500000
1.500000
1.500000
1.500000
1.500000
1.500000
1.500000
1.500000
1.500000
1.500000
1.500000
1.500000
1.500000
1.500000
1.500000
1.500000
1.500000
1.500000
1.500000
1.500000
1.500000
1.500000
1.500000
1.500000
1.500000
1.500000
1.500000
1.500000
1.500000
1.500000
1.500000
1.500000
1.500000
1.500000
1.500000
1.500000
1.500000
1.500000
1.500000
1.500000
1.500000
1.500000
1.500000
1.500000
1.500000
1.500000
1.500000
1.500000
1.500000
1.500000
1.500000
1.500000
1.500000
1.500000
1.500000
1.500000
1.500000
1.500000
1.500000
1.500000
1.500000
1.500000
1.500000
1.500000
1.500000
1.500000
1.500000
1.500000
1.500000
1.500000
1.500000
1.500000
1.500000
1.500000
1.500000
1.500000
1.500000
1.500000
1.500000
1.500000
1.500000
1.500000
1.500000
1.500000
1.500000
1.500000
1.500000
1.500000
1.500000
1.500000
1.500000
1.500000
1.500000
1.500000
1.500000
1.500000
1.500000
1.500000
1.500000
1.500000
1.500000
1.500000
1.500000
1.500000
1.500000
1.500000
1.500000
1.500000
1.500000
1.500000
1.500000
1.500000
1.500000
1.500000
1.500000
1.500000
1.500000
1.500000
1.500000
1.500000
1.500000
1.500000
1.500000
1.500000
1.500000
1.500000
1.500000
1.500000
1.500000
1.500000
1.500000
1.500000
1.500000
1.500000
1.500000
1.500000
1.500000
1.500000
1.500000
1.500000
1.500000
1.500000
1.500000
1.500000
1.500000
1.500000
1.500000
1.500000
1.500000
1.500000
1.500000
1.500000
1.500000
1.500000
1.500000
1.500000
1.500000
1.500000
1.500000
1.500000
1.500000
1.500000
1.500000
1.500000
1.500000
1.500000
1.500000
1.500000
1.500000
1.500000
1.500000
1.500000
1.500000
1.500000
1.500000
1.500000
1.500000
1.500000
1.500000
1.500000
1.500000
1.500000
1.500000
1.500000
1.500000
1.500000
1.500000
1.500000
1.500000
1.500000
1.500000
1.500000
1.500000
1.500000
1.500000
1.500000
1.500000
1.500000
1.500000
1.500000
1.500000
1.500000
1.500000
1.500000
1.500000
1.500000
1.500000
1.500000
1.500000
1.500000
1.500000
1.500000
1.500000
1.500000
1.500000
1.500000
1.500000
1.500000
1.500000
1.500000
1.500000
1.500000
1.500000
1.500000
1.500000
1.500000
1.500000
1.500000
1.500000
1.500000
1.500000
1.500000
1.500000
1.500000
1.500000
1.500000
1.500000
1.500000
1.500000
1.500000
1.500000
1.500000
1.500000
1.500000
1.500000
1.500000
1.500000
1.500000
1.500000
1.500000
1.500000
1.500000
1.500000
1.500000
1.500000
1.500000
1.500000
1.500000
1.500000
1.500000
1.500000
1.500000
1.500000
1.500000
1.500000
1.500000
1.500000
1.500000
1.500000
1.500000
1.500000
1.500000
1.500000
1.500000
1.500000
1.500000
1.500000
1.500000
1.500000
1.500000
1.500000
1.500000
1.500000
1.500000
1.500000
1.500000
1.500000
1.500000
1.500000
1.500000
1.500000
1.500000
1.500000
1.500000
1.500000
1.500000
1.500000
1.500000
1.500000
1.500000
1.500000
1.500000
1.500000
1.500000
1.500000
1.500000
1.500000
1.500000
1.500000
1.500000
1.500000
1.500000
1.500000
1.500000
1.500000
1.500000
1.500000
1.500000
1.500000
1.500000
1.500000
1.500000
1.500000
1.500000
1.500000
1.500000
1.500000
1.500000
1.500000
1.500000
1.500000
1.500000
1.500000
1.500000
1.500000
1.500000
1.500000
1.500000
1.500000
1.500000
1.500000
1.500000
1.500000
1.500000
1.500000
1.500000
1.500000
1.500000
1.500000
1.500000
1.500000
1.500000
1.500000
1.500000
1.500000
1.500000
1.500000
1.500000
1.500000
1.500000
1.500000
1.500000
1.500000
1.500000
1.500000
1.500000
1.500000
1.500000
1.500000
1.500000
1.500000
1.500000
1.500000
1.500000
1.500000
1.500000
1.500000
1.500000
1.500000
1.500000
1.500000
1.500000
1.500000
1.500000
1.500000
1.500000
1.500000
1.500000
1.500000
1.500000
1.500000
1.500000
1.500000
1.500000
1.500000
1.500000
1.500000
1.500000
1.500000
1.500000
1.500000
1.500000
1.500000
1.500000
1.500000
1.500000
1.500000
1.500000
1.500000
1.500000
1.500000
1.500000
1.500000
1.500000
1.500000
1.500000
1.500000
1.500000
1.500000
1.500000
1.500000
1.500000
1.500000
1.500000
1.500000
1.500000
1.500000
1.500000
1.500000
1.500000
1.500000
1.500000
1.500000
1.500000
1.500000
1.500000
1.500000
1.500000
1.500000
1.500000
1.500000
1.500000
1.500000
1.500000
1.500000
1.500000
1.500000
1.500000
1.500000
1.500000
1.500000
1.500000
1.500000
1.500000
1.500000
1.500000
1.500000
1.500000
1.500000
1.500000
1.500000
1.500000
1.500000
1.500000
1.500000
1.500000
1.500000
1.500000
1.500000
1.500000
1.500000
1.500000
1.500000
1.500000
1.500000
1.500000
1.500000
1.500000
1.500000
1.500000
1.500000
1.500000
1.500000
1.500000
1.500000
1.500000
1.500000
1.500000
1.500000
1.500000
1.500000
1.500000
1.500000
1.500000
1.500000
1.500000
1.500000
1.500000
1.500000
1.500000
1.500000
1.500000
1.500000
1.500000
1.500000
1.500000
1.500000
1.500000
1.500000
1.500000
1.500000
1.500000
1.500000
1.500000
1.500000
1.500000
1.500000
1.500000
1.500000
1.500000
1.500000
1.500000
1.500000
1.500000
1.500000
1.500000
1.500000
1.500000
1.500000
1.500000
1.500000
1.500000
1.500000
1.500000
1.500000
1.500000
1.500000
1.500000
1.500000
1.500000
1.500000
1.500000
1.500000
1.500000
1.500000
1.500000
1.500000
1.500000
1.500000
1.500000
1.500000
1.500000
1.500000
1.500000
1.500000
1.500000
1.500000
1.500000
1.500000
1.500000
1.500000
1.500000
1.500000
1.500000
1.500000
1.500000
1.500000
1.500000
1.500000
1.500000
1.500000
1.500000
1.500000
1.500000
1.500000
1.500000
1.500000
1.500000
1.500000
1.500000
1.500000
1.500000
1.500000
1.500000
1.500000
1.500000
1.500000
1.500000
1.500000
1.500000
1.500000
1.500000
1.500000
1.500000
1.500000
1.500000
1.500000
1.500000
1.500000
1.500000
1.500000
1.500000
1.500000
1.500000
1.500000
1.500000
1.500000
1.500000
1.500000
1.500000
1.500000
1.500000
1.500000
1.500000
1.500000
1.500000
1.500000
1.500000
1.500000
1.500000
1.500000
1.500000
1.500000
1.500000
1.500000
1.500000
1.500000
1.500000
1.500000
1.500000
1.500000
1.500000
1.500000
1.500000
1.500000
1.500000
1.500000
1.500000
1.500000
1.500000
1.500000
1.500000
1.500000
1.500000
1.500000
1.500000
1.500000
1.500000
1.500000
1.500000
1.500000
1.500000
1.500000
1.500000
1.500000
1.500000
1.500000
1.500000
1.500000
1.500000
1.500000
1.500000
1.500000
1.500000
1.500000
1.500000
1.500000
1.500000
1.500000
1.500000
1.500000
1.500000
1.500000
1.500000
1.500000
1.500000
1.500000
1.500000
1.500000
1.500000
1.500000
1.500000
1.500000
1.500000
1.500000
1.500000
1.500000
1.500000
1.500000
1.500000
1.500000
1.500000
1.500000
1.500000
1.500000
1.500000
1.500000
1.500000
1.500000
1.500000
1.500000
1.500000
1.500000
1.500000
1.500000
1.500000
1.500000
1.500000
1.500000
1.500000
1.500000
1.500000
1.500000
1.500000
1.500000
1.500000
1.500000
1.500000
1.500000
1.500000
1.500000
1.500000
1.500000
1.500000
1.500000
1.500000
1.500000
1.500000
1.500000
1.500000
1.500000
1.500000
1.500000
1.500000
1.500000
1.500000
1.500000
1.500000
1.500000
1.500000
1.500000
1.500000
1.500000
1.500000
1.500000
1.500000
1.500000
1.500000
1.500000
1.500000
1.500000
1.500000
1.500000
1.500000
1.500000
1.500000
1.500000
1.500000
1.500000
1.500000
1.500000
1.500000
1.500000
1.500000
1.500000
1.500000
1.500000
1.500000
1.500000
1.500000
1.500000
1.500000
1.500000
1.500000
1.500000
1.500000
1.500000
1.500000
1.500000
1.500000
1.500000
1.500000
1.500000
1.500000
1.500000
1.500000
1.500000
1.500000
1.500000
1.500000
1.500000
1.500000
1.500000
1.500000
1.500000
1.500000
1.500000
1.500000
1.500000
1.500000
1.500000
1.500000
1.500000
1.500000
1.500000
1.500000
1.500000
1.500000
1.500000
1.500000
1.500000
1.500000
1.500000
1.500000
1.500000
1.500000
1.500000
1.500000
1.500000
1.500000
1.500000
1.500000
1.500000
1.500000
1.500000
1.500000
1.500000
1.500000
1.500000
1.500000
1.500000
1.500000
1.500000
1.500000
1.500000
1.500000
1.500000
1.500000
1.500000
1.500000
1.500000
1.500000
1.500000
1.500000
1.500000
1.500000
1.500000
1.500000
1.500000
1.500000
1.500000
1.500000
1.500000
1.500000
1.500000
1.500000
1.500000
1.500000
1.500000
1.500000
1.500000
1.500000
1.500000
1.500000
1.500000
1.500000
1.500000
1.500000
1.500000
1.500000
1.500000
1.500000
1.500000
1.500000
1.500000
1.500000
1.500000
1.500000
1.500000
1.500000
1.500000
1.500000
1.500000
1.500000
1.500000
1.500000
1.500000
1.500000
1.500000
1.500000
1.500000
1.500000
1.500000
1.500000
1.500000
1.500000
1.500000
1.500000
1.500000
1.500000
1.500000
1.500000
1.500000
1.500000
1.500000
1.500000
1.500000
1.500000
1.500000
1.500000
1.500000
1.500000
1.500000
1.500000
1.500000
1.500000
