800
180
784
305
213
561
704
834
974
672
616
971
917
353
439
623
243
-483
685
839
154
184
690
705
758
681
615
710
468
371
-816
875
410
-34
-50
1078
262
516
641
294
662
295
565
557
473
397
157
348
601
108
70
280
444
794
292
605
224
749
705
264
281
222
406
150
180
261
280
557
516
289
441
370
419
718
478
635
226
453
370
406
549
499
371
616
655
330
420
507
332
455
504
221
499
175
283
161
410
401
166
258
236
252
252
366
449
81
298
59
167
282
588
431
637
238
453
391
498
381
497
622
587
544
428
257
411
607
668
418
425
449
290
223
589
380
360
253
409
418
167
184
62
321
365
314
131
482
766
132
311
180
302
250
380
551
537
286
441
339
575
247
327
590
542
282
406
463
410
599
340
572
326
649
299
360
374
554
466
398
242
434
141
210
764
319
388
254
294
390
198
517
572
380
352
837
385
372
359
436
559
303
449
527
303
536
427
510
198
480
568
357
323
436
464
675
408
846
447
343
409
422
184
284
144
-143
-354
17
441
-354
-193
552
-53
96
1187
60
670
558
489
933
763
835
597
827
573
942
1581
831
244
-740
18
348
298
-722
373
557
54
-228
702
428
282
254
908
836
953
397
858
991
722
751
1068
722
809
851
810
252
150
283
702
230
610
343
419
426
192
209
265
740
987
473
1361
474
198
1076
31
636
889
314
430
750
284
117
-169
-141
463
206
-370
393
725
-5
60
533
468
769
820
476
629
550
889
593
531
424
156
405
396
422
465
277
420
142
385
352
-31
-289
582
615
70
297
419
429
263
539
269
560
389
303
399
643
425
772
219
319
-9
-134
-531
-632
-57
504
105
193
887
259
-7
691
605
335
623
511
657
171
381
645
556
208
360
367
551
378
652
453
295
906
923
842
605
706
1291
925
189
460
565
403
502
580
504
712
456
515
-212
660
522
441
167
392
183
406
221
327
683
453
-271
710
325
436
345
511
741
756
315
29
388
260
469
510
502
655
592
279
161
576
616
347
263
619
530
432
472
629
735
295
582
420
358
1276
1204
1123
752
320
994
389
443
735
556
884
836
372
367
395
1090
-99
365
-7
174
675
264
365
752
786
435
1046
693
764
505
62
-327
142
625
-216
141
306
692
344
589
816
680
349
733
807
491
436
372
670
383
446
319
521
376
263
712
466
153
497
-131
487
338
232
349
417
231
82
-90
263
570
160
336
185
425
404
323
167
138
596
497
122
345
456
400
524
654
572
436
537
345
233
-94
-250
425
-538
-296
982
198
56
1077
438
572
770
697
750
638
870
606
473
510
544
536
780
601
122
58
913
417
306
875
667
570
759
636
863
942
654
560
575
723
463
519
437
635
243
471
652
316
715
254
516
381
128
335
398
304
643
356
511
163
581
493
549
59
322
407
264
269
364
415
241
358
499
151
291
561
314
625
472
259
295
384
227
472
629
347
512
314
350
737
595
658
1259
850
698
1058
557
407
418
615
165
523
582
709
611
255
440
636
676
614
682
703
637
659
720
233
174
735
1085
534
246
-3
216
792
498
376
585
284
731
740
550
761
578
500
472
501
513
447
435
359
436
501
633
528
415
385
451
-44
560
749
645
573
289
468
208
404
516
322
706
414
-92
690
298
155
153
288
711
164
338
417
395
-74
609
385
428
301
725
356
304
-152
-293
-899
-50
34
-727
307
432
41
543
886
422
413
896
355
862
388
894
431
813
433
404
570
635
430
-164
291
978
205
300
929
526
794
879
672
867
867
562
400
636
451
571
563
363
450
360
417
455
589
407
514
564
583
365
597
494
516
254
281
689
412
475
268
300
323
92
418
495
325
400
565
450
370
178
255
251
319
571
195
348
267
421
531
301
524
519
450
330
305
606
838
773
1482
1219
532
975
1049
212
400
740
307
517
354
924
562
503
278
396
597
538
543
228
633
682
859
426
1267
984
529
630
442
487
36
141
495
627
426
373
596
796
587
535
198
396
422
467
715
329
493
191
443
564
479
211
525
536
170
452
156
453
957
205
296
404
450
143
163
245
402
119
1077
-70
203
564
356
466
365
276
455
302
309
404
487
448
390
536
850
657
518
447
400
128
-305
-940
-576
355
-96
-1206
68
222
867
795
270
597
805
585
292
902
850
435
576
787
516
100
565
72
-130
1618
320
131
654
1148
671
567
627
512
775
512
699
637
365
403
628
547
673
590
543
779
656
-25
459
937
355
557
244
151
561
238
473
214
538
208
317
479
188
240
394
473
327
500
537
397
479
429
452
281
174
200
350
544
430
163
182
458
538
432
350
481
435
410
219
1090
815
1242
995
729
896
1642
452
327
733
322
568
692
287
367
294
243
562
517
583
526
453
525
718
773
638
727
558
316
708
443
203
136
185
217
301
183
56
534
490
790
646
762
633
509
531
618
475
604
555
555
556
360
469
658
487
475
439
175
532
403
720
390
651
475
369
215
430
389
482
282
959
-238
294
285
403
325
72
334
445
211
224
261
406
576
534
727
279
554
289
693
174
-132
-301
-46
-216
-587
290
327
-352
739
868
194
208
913
706
867
888
538
939
366
610
725
635
737
1019
922
691
667
327
388
425
638
430
389
222
523
486
136
881
512
440
216
553
326
259
346
496
564
592
419
312
358
490
494
392
330
544
408
212
326
344
151
367
646
445
212
266
113
93
453
246
458
431
174
463
88
215
254
292
388
168
384
496
230
598
345
374
218
488
444
457
441
666
580
623
341
477
307
514
432
752
395
611
309
447
272
516
499
371
302
542
443
305
419
287
519
367
410
226
361
574
122
357
687
610
167
459
390
439
460
361
490
233
432
441
671
531
498
381
465
458
442
388
534
343
425
544
460
575
287
289
181
316
320
414
562
432
71
195
243
227
148
372
273
263
376
156
590
493
228
424
272
200
509
299
249
660
444
271
204
448
506
255
400
295
424
226
-97
229
387
457
240
354
322
266
379
666
560
359
410
437
527
237
364
419
75
441
692
219
330
263
310
193
388
188
256
334
289
275
155
423
564
495
363
544
503
559
263
546
430
474
586
473
582
554
456
891
536
455
568
357
303
531
471
160
332
533
373
326
-39
40
356
280
170
291
178
286
-67
-41
-94
230
310
296
250
115
484
286
184
606
168
559
525
429
437
609
494
411
644
358
265
441
257
453
182
451
426
348
369
319
515
612
347
256
437
261
107
345
468
332
269
104
322
351
272
526
380
291
266
478
257
404
570
468
367
219
407
521
344
201
447
390
540
503
453
294
267
521
478
504
351
266
181
222
192
452
337
253
360
275
428
23
470
110
72
142
-88
462
241
26
353
345
67
442
416
327
342
632
143
542
415
266
424
328
456
245
591
412
586
276
340
573
235
377
362
452
411
538
158
441
188
317
405
98
468
123
379
391
59
189
188
275
131
162
134
331
267
569
417
242
57
397
122
492
573
321
179
289
543
325
326
432
433
371
452
368
354
373
407
467
568
194
428
593
328
644
343
535
370
374
504
387
225
447
269
400
90
12
168
378
205
273
164
340
366
611
687
364
316
685
575
268
-239
-599
103
154
-40
-121
302
488
131
286
451
540
342
463
306
823
751
888
536
630
1182
183
290
576
453
484
263
476
514
491
-188
-96
-198
-134
-220
77
-155
185
80
535
763
707
487
559
290
302
17
45
395
186
309
486
284
86
413
235
500
463
571
422
344
526
449
344
291
648
349
269
93
279
287
206
382
253
439
732
522
489
168
208
134
150
-194
-630
-41
218
35
65
685
161
497
611
722
798
640
845
732
589
607
795
995
797
577
641
871
1119
517
793
882
1082
397
437
566
461
206
473
416
459
292
403
309
313
-337
258
185
379
211
249
113
315
245
250
658
794
1184
442
641
1604
1394
162
727
1238
344
759
724
137
699
422
718
386
357
812
526
759
895
766
725
989
1093
711
872
203
462
259
371
391
-194
-80
471
287
303
430
197
84
-321
-499
233
104
-162
139
574
158
3
753
289
858
733
541
774
321
1071
563
619
554
239
-122
1113
399
1106
467
941
853
594
924
947
693
425
630
354
750
523
395
484
412
478
271
418
500
413
322
191
386
533
508
527
212
357
449
206
367
531
368
540
361
307
414
551
276
223
585
316
360
306
316
519
464
465
421
580
311
242
328
414
210
600
107
616
91
59
-93
208
218
511
312
130
551
405
405
517
139
240
368
382
270
402
621
528
311
895
586
414
675
383
386
316
654
403
466
388
197
356
502
507
415
344
446
244
580
222
422
121
449
138
143
454
356
439
433
283
498
204
274
359
234
282
484
399
495
377
299
418
473
845
933
725
818
551
940
734
632
352
551
294
472
621
612
662
241
2
-239
-57
74
-253
-470
-150
342
-250
168
340
-81
-310
318
301
81
224
448
614
476
854
446
580
560
773
542
184
693
737
534
461
806
576
405
650
1164
855
1086
1196
809
1271
1262
786
581
958
1066
762
496
898
438
385
1144
927
426
164
470
735
969
375
578
602
522
599
407
459
888
977
857
787
571
950
1161
884
683
568
-138
-496
-804
-155
430
-571
-338
908
-107
-1698
1409
544
-445
767
1230
375
619
556
524
483
472
654
630
260
320
437
233
125
-48
588
201
361
419
458
426
519
759
572
668
707
1004
933
1219
984
985
780
1384
399
574
1044
932
1192
1160
1265
812
673
748
512
459
208
660
133
468
761
