414
602
622
971
678
788
924
461
87
705
487
132
-462
892
540
270
632
1013
211
409
390
1091
761
1046
1099
551
462
524
728
498
1231
-128
353
663
699
-423
264
286
302
331
212
546
367
436
601
621
584
538
306
772
716
626
246
27
222
72
601
85
225
427
463
646
482
778
562
583
552
248
282
465
374
372
313
74
268
103
528
300
420
368
223
272
413
190
114
469
359
270
455
329
286
552
261
578
474
598
334
345
572
474
523
476
496
349
302
655
411
671
560
354
-95
152
108
534
242
361
336
379
314
219
242
295
443
568
398
202
95
345
342
327
464
540
194
371
368
509
366
339
593
549
704
463
411
443
582
249
14
637
456
562
476
568
397
248
183
472
311
446
204
487
446
211
287
511
307
321
372
195
475
185
479
170
516
433
389
206
313
324
210
110
447
477
153
252
24
357
502
547
719
436
459
652
667
156
484
472
489
358
272
483
300
232
440
225
315
234
548
278
217
401
431
293
291
119
372
-97
286
403
347
325
516
417
558
788
1009
672
232
947
850
227
619
637
-220
555
-179
289
530
-275
-288
50
490
193
291
140
-565
780
950
809
918
781
857
1291
530
525
969
1113
374
419
560
905
331
-184
-484
557
257
-159
74
291
54
673
615
238
54
874
999
798
416
676
317
602
467
462
559
588
553
57
-160
-274
-859
-80
388
-240
715
236
40
666
504
227
790
770
686
1016
511
702
938
637
246
1161
520
496
666
477
204
479
455
554
70
260
395
508
818
401
437
384
368
499
370
721
470
423
868
1046
121
190
714
476
314
271
500
247
548
254
391
425
407
196
346
-86
545
523
833
907
1200
1093
738
239
722
700
62
470
776
342
289
328
385
683
517
627
841
589
675
854
1048
929
897
678
498
507
857
-325
-63
267
473
-155
-1063
145
1097
709
661
722
710
578
624
321
416
358
1044
108
67
181
545
353
572
291
582
595
239
512
707
-122
404
404
588
492
141
-273
431
910
499
755
629
556
587
476
437
685
817
391
303
350
468
120
330
495
299
184
100
492
267
333
407
-457
-783
-561
-73
347
-305
414
463
179
277
-37
260
649
421
467
-359
1305
681
302
480
619
473
574
640
526
1129
431
544
332
808
836
949
882
478
1276
587
697
461
778
538
288
341
626
190
144
438
469
485
167
426
350
439
222
351
506
48
302
578
214
840
230
419
499
379
275
471
758
888
455
278
628
450
649
399
437
377
535
687
277
335
622
482
382
332
320
234
262
431
306
488
635
776
933
281
1151
961
-186
344
755
-50
231
-126
222
268
250
276
488
555
642
596
847
596
735
895
712
979
310
473
663
361
349
306
34
159
40
261
508
528
631
464
602
512
437
195
583
346
178
456
-23
389
189
382
607
404
360
493
214
391
260
597
185
313
275
773
489
413
586
538
486
424
583
404
311
666
523
264
521
131
293
541
511
402
570
325
152
453
275
479
429
32
137
-49
-638
-156
-26
-380
203
448
357
347
836
359
432
530
335
313
663
640
434
575
807
642
454
551
609
1102
1165
524
139
736
850
748
863
391
671
668
398
816
361
375
471
233
221
331
384
341
341
341
319
409
326
284
113
194
337
347
311
797
194
5
103
195
444
256
491
363
323
546
142
421
816
51
453
584
628
462
64
679
512
458
477
925
220
436
403
494
80
436
492
962
985
1341
877
721
1028
409
328
483
389
134
263
203
218
575
151
794
344
524
446
695
883
861
872
847
1176
933
187
530
769
343
418
96
7
160
228
241
656
699
470
718
506
490
557
469
493
409
371
67
251
201
153
163
392
60
223
249
506
359
27
285
258
509
474
465
615
361
355
495
413
268
356
370
614
541
545
451
224
467
390
471
328
225
467
263
268
310
448
432
174
-70
-48
-915
-480
129
-260
-234
620
239
0
730
390
334
158
613
465
537
914
627
624
794
638
426
218
607
637
52
224
971
60
582
841
875
797
786
730
745
532
492
284
466
471
647
435
408
304
46
402
205
503
251
116
279
506
223
167
551
278
587
276
-216
477
380
336
243
509
607
592
458
755
-246
876
641
297
531
421
343
404
418
624
555
416
381
463
566
424
76
221
266
374
415
680
1106
945
1149
366
743
1676
624
476
46
191
-91
-743
159
468
453
420
286
338
603
779
638
980
923
710
1175
-270
798
557
336
102
331
5
-28
312
134
392
543
774
421
590
424
531
348
428
440
93
226
891
363
-170
292
187
561
661
242
593
381
607
257
609
370
241
600
544
399
217
440
348
316
445
332
404
293
524
641
521
405
259
374
627
596
317
252
365
424
291
337
339
567
-303
-98
-544
-386
-67
-472
-569
74
414
124
605
310
311
844
576
643
961
641
148
664
781
678
641
590
573
513
624
775
1020
542
743
997
861
716
881
846
697
759
493
728
380
264
263
412
494
431
234
389
255
286
261
218
412
278
73
253
231
318
600
231
402
53
367
112
316
402
411
229
364
331
461
-354
887
426
524
445
465
727
461
409
643
621
558
439
241
268
95
536
231
498
94
516
859
1003
732
731
1334
436
350
1035
182
-48
287
420
163
128
-218
-37
471
19
265
660
639
526
207
401
778
751
507
940
638
633
407
605
619
769
429
401
707
-73
233
319
563
186
392
455
406
237
169
146
283
365
257
197
226
369
340
190
305
537
462
428
615
371
98
274
489
519
600
610
289
515
315
314
568
307
692
533
463
418
362
566
375
257
488
187
435
378
478
211
304
305
363
68
151
191
415
327
485
259
365
69
404
189
460
331
528
305
268
386
469
253
372
466
342
478
273
445
370
376
319
191
601
389
71
177
531
269
396
380
357
482
232
549
368
343
149
289
243
394
313
351
282
371
231
439
384
267
326
190
468
458
553
393
417
327
239
333
703
573
500
536
644
384
482
485
397
580
133
234
526
354
455
489
256
433
523
129
280
483
534
308
264
451
334
446
303
532
665
439
327
316
288
295
408
487
455
227
186
363
357
367
303
571
445
393
733
359
56
512
403
507
464
573
386
595
533
429
501
485
611
361
185
270
380
214
247
198
508
201
324
257
145
262
153
179
263
-135
175
242
187
398
437
200
249
567
365
175
360
418
746
653
351
440
464
342
449
342
721
638
688
406
336
379
509
663
300
488
608
152
572
149
178
264
259
97
190
271
95
360
464
230
446
280
557
238
276
352
339
405
192
134
389
490
281
490
624
371
227
361
431
541
392
350
407
214
355
465
434
208
447
337
165
263
322
486
297
207
378
497
251
306
167
208
281
408
456
189
180
213
387
460
537
492
503
237
381
449
365
480
336
688
223
405
362
323
755
274
504
756
472
419
671
305
358
405
433
150
549
170
288
432
331
384
254
454
159
271
61
431
334
154
492
382
366
259
315
196
583
283
498
425
306
611
243
614
320
306
617
511
535
434
587
538
599
404
464
125
268
463
607
331
611
212
160
420
585
390
130
381
404
304
323
371
302
399
413
384
378
264
157
534
297
169
423
99
360
249
475
473
174
203
513
391
642
490
747
702
539
250
349
329
570
336
442
190
83
399
472
104
222
505
845
1082
530
591
678
676
430
287
702
590
380
283
445
372
484
-31
-361
-321
66
128
-335
617
491
209
319
283
487
305
260
263
964
716
926
729
926
516
899
503
718
224
72
144
356
165
395
209
588
704
423
518
499
335
511
666
407
552
348
399
242
349
468
262
380
432
490
99
406
471
640
444
402
506
355
506
326
14
182
268
586
565
630
602
807
1325
757
544
718
782
214
416
361
452
25
19
321
394
353
345
432
507
359
553
308
198
158
287
570
290
487
273
440
638
560
373
731
479
499
363
526
399
314
313
1068
432
566
361
509
518
671
442
503
531
112
-131
-489
119
-14
-1170
-627
569
54
-383
554
70
267
868
20
590
552
511
565
520
639
203
269
632
366
407
313
379
314
1136
610
742
756
733
751
1044
515
844
645
635
879
890
999
1196
554
719
1075
749
366
397
758
220
472
-276
410
787
-14
476
259
739
772
919
953
1308
277
134
-576
558
325
-192
-13
89
486
637
819
717
615
346
573
622
381
484
424
549
322
240
344
452
549
222
141
214
209
508
320
254
530
360
220
360
216
391
463
312
156
435
506
144
412
338
394
447
237
296
276
295
164
448
463
372
286
503
112
355
-7
502
714
664
475
579
274
568
679
309
393
413
301
592
511
391
372
464
330
111
230
406
-169
100
297
86
320
306
334
47
319
258
360
517
376
246
252
315
351
268
469
147
517
245
588
269
598
537
220
296
275
327
465
214
484
426
365
514
451
208
323
250
343
416
283
281
-118
-175
-25
-143
114
-317
-94
34
343
181
455
312
157
150
58
547
798
1021
777
659
934
1075
653
328
1086
576
426
853
1186
550
577
772
724
567
272
536
204
582
233
572
455
417
633
595
590
589
694
593
714
803
392
-249
-39
-444
-850
-33
-609
-286
175
600
216
104
523
641
79
722
647
-226
176
854
378
435
581
377
506
760
827
670
232
996
864
444
185
582
357
715
116
184
413
488
508
1390
754
1629
994
186
1477
1151
501
861
1800
-255
196
549
159
-72
313
-407
507
855
266
568
923
685
995
964
960
1064
1027
1123
646
850
444
823
778
272
254
577
646
304
206
57
-349
-411
-116
287
-408
-416
789
454
-93
445
190
-55
-252
383
421
187
446
723
721
327
1233
557
486
