10.748882
10.798322
10.808749
10.740575
10.825412
10.822684
10.723980
10.734390
10.795704
10.719242
10.687871
10.733690
10.721785
10.712254
10.792512
10.810024
10.709892
10.748197
10.748741
10.726101
10.784939
10.806718
10.717428
10.723159
10.751842
10.711733
10.769173
10.828090
10.790576
10.719040
10.748407
10.747554
10.715628
10.775394
10.795295
10.727976
10.742259
10.743699
10.710189
10.757893
10.813958
10.758512
10.719373
10.756592
10.726873
10.697209
10.754254
10.783525
10.706562
10.766454
10.798429
10.778324
10.802174
10.824261
10.711246
10.734617
10.755107
10.708333
10.667439
10.791623
10.755364
10.664721
10.709656
10.710812
10.696979
10.740935
10.780515
10.695767
10.712225
10.692060
10.741854
10.881753
10.797568
10.770204
10.816572
10.981075
10.929335
10.925334
10.682987
10.519148
10.491114
10.414688
10.738220
10.713154
10.533573
10.479848
10.573415
10.633958
10.740574
10.780778
10.886267
10.960452
10.967027
10.937220
10.923238
10.678179
10.611303
10.950740
10.245937
10.093999
10.136806
10.885736
10.339308
10.616767
10.027663
10.699792
10.552069
10.409256
10.244434
10.239808
10.442060
10.534847
10.573687
10.710795
10.848333
10.860915
10.833881
10.885968
10.865893
10.887665
10.924759
10.881187
10.831150
10.789551
10.781235
10.768720
10.798455
10.800463
10.781426
10.723056
10.730238
10.759232
10.784355
10.799318
10.789932
10.778630
10.752678
10.773264
10.820030
10.905347
10.908858
10.826874
10.786560
10.910275
10.827597
10.875586
10.805002
10.730421
10.763837
10.817029
10.809105
10.726044
10.847313
10.900311
10.809547
10.723553
10.635261
10.615327
10.737122
10.739436
10.764218
10.659010
10.742953
10.792389
10.769023
10.777837
10.704849
10.724249
10.791328
10.799546
10.733860
10.750170
10.721803
10.702675
10.782784
10.759858
10.672287
10.639367
10.676166
10.684412
10.750466
10.810570
10.730177
10.693271
10.696231
10.695555
10.692037
10.747675
10.743602
10.708183
10.705893
10.733629
10.730975
10.756536
10.761914
10.751120
10.711845
10.728994
10.738241
10.727051
10.779126
10.794847
10.770216
10.746496
10.768237
10.797722
10.848075
10.839927
10.784142
10.714358
10.825082
10.829342
10.793112
10.783544
10.709659
10.670523
10.761703
10.734838
10.785756
10.820005
10.712002
10.693977
10.757269
10.734173
10.762129
10.767126
10.779207
10.806878
10.781056
10.754841
10.789882
10.800052
10.757409
10.791759
10.783751
10.669715
10.659265
10.761179
10.776146
10.784550
10.814108
10.744136
10.664883
10.714854
10.807861
10.830828
10.796824
10.806531
10.768116
10.742936
10.733827
10.703969
10.737659
10.778622
10.775185
10.703195
10.651510
10.617438
10.727847
10.827938
10.690368
10.739660
10.722081
10.685512
10.731684
10.734294
10.700856
10.743367
10.724278
10.767454
10.790150
10.735973
10.710850
10.785106
10.818694
10.827399
10.787842
10.841164
10.855092
10.818287
10.758499
10.807871
10.777872
10.727447
10.713676
10.704999
10.744000
10.780768
10.766509
10.700427
10.750674
10.779361
10.813042
10.757174
10.693265
10.769113
10.779015
10.789233
10.705369
10.643672
10.654936
10.725740
10.867484
10.933022
10.810309
10.730905
10.676722
10.653723
10.868046
10.829562
10.600607
10.584802
10.720762
10.644921
10.559397
10.632975
10.704604
10.800299
10.811162
10.746555
10.790526
10.921591
10.129604
10.934560
10.686420
10.674409
10.622100
10.597903
10.677537
10.665637
10.652335
10.766186
10.755250
10.730345
10.816627
10.812038
10.813328
10.794786
10.740186
10.725298
10.763168
10.801826
10.793725
10.719745
10.758758
10.790854
10.787497
10.762542
10.694655
10.882349
10.829905
10.731772
10.645404
10.619593
10.688563
10.768576
10.863499
10.825315
10.699092
10.682691
10.703446
10.666643
10.707088
10.751212
10.723941
10.722684
10.739065
10.717897
10.807107
10.819402
10.783467
10.766442
10.744571
10.658909
10.728234
10.747368
10.737017
10.771015
10.762616
10.709034
10.767652
10.812690
10.835499
10.780070
10.729896
10.687653
10.748419
10.668701
10.709373
10.745928
10.678395
10.732062
10.766740
10.706544
10.698977
10.735269
10.803635
10.947802
10.797552
10.768508
10.803323
10.759776
10.742367
10.891226
10.765330
10.609519
10.629413
10.744990
10.797533
10.780128
10.723900
10.760395
10.868306
10.892943
10.904286
10.648812
10.715299
10.540172
10.594393
10.855184
10.647890
10.701132
10.757631
10.750516
10.074898
10.801090
10.704134
10.714927
10.698870
10.706298
10.676156
10.673080
10.696795
10.702847
10.748257
10.732703
10.672149
10.732260
10.741753
10.759029
10.803140
10.778225
10.831561
10.872511
10.803693
10.742878
10.757774
10.726995
10.674114
10.729115
10.771214
10.758988
10.808105
10.809873
10.768029
10.739482
10.699202
10.690586
10.704823
10.721327
10.716046
10.689698
10.644432
10.650406
10.732292
10.765252
10.745277
10.782389
10.750213
10.708480
10.736723
10.735251
10.781596
10.735424
10.803749
10.859921
10.827803
10.746986
10.811105
10.826498
10.761044
10.746424
10.723960
10.690755
10.808818
10.828079
10.760295
10.708037
10.717140
10.854103
10.849716
10.947478
10.830504
10.690891
10.616124
10.667147
10.728279
10.070535
10.811234
10.014014
10.690149
10.568938
10.461459
10.911960
10.628153
10.475688
10.634365
10.545912
10.716337
10.633345
10.706040
10.731249
10.846979
10.365008
10.397396
10.441138
10.455952
10.601297
10.738238
10.822659
10.838986
10.816685
10.834971
10.937230
10.926404
10.837888
10.817482
10.763691
10.811503
10.813717
10.811541
10.797634
10.757250
10.719026
10.759826
10.787326
10.781988
10.801013
10.762255
10.718150
10.741199
10.755075
10.771123
10.785104
10.787615
10.753059
10.765935
10.729132
10.707361
10.747852
10.766512
10.712738
10.761734
10.767832
10.727595
10.755147
10.768003
10.711965
10.741466
10.781841
10.765989
10.762312
10.735680
10.732175
10.797264
10.749841
10.679937
10.606635
10.638911
10.673286
10.734043
10.759953
10.793629
10.800640
10.738989
10.701344
10.786019
10.834255
10.807620
10.809330
10.773567
10.723312
10.767008
10.806390
10.820012
10.818042
10.765083
10.760176
10.767188
10.743895
10.756044
10.797185
10.733078
10.732298
10.763108
10.720374
10.737868
10.800779
10.767292
10.731642
10.789446
10.781590
10.748326
10.800303
10.766995
10.763477
10.815226
10.773715
10.768670
10.731305
10.674624
10.751052
10.826428
10.777077
10.755187
10.743381
10.672131
10.696374
10.778872
10.769832
10.774562
10.780054
10.720795
10.703154
10.735284
10.752549
10.770513
10.792070
10.731629
10.750710
10.725278
10.723398
10.767772
10.810959
10.722784
10.758927
10.739117
10.685377
10.730304
10.739678
10.729645
10.756614
10.786568
10.774061
10.761229
10.745117
10.738410
10.807556
10.797885
10.770499
10.730674
10.660983
10.655647
10.749340
10.787896
10.781488
10.774460
10.751080
10.798010
10.783175
10.978326
10.825149
10.696587
10.604110
10.719258
10.698408
10.694596
10.684106
10.727537
10.672577
10.754642
10.778754
10.726589
10.765720
10.773349
10.746380
10.779214
10.806935
10.761540
10.745554
10.760888
10.732811
10.750182
10.765249
10.719583
10.754078
10.776318
10.707677
10.766025
10.817643
10.768228
10.750799
10.749406
10.683238
10.729266
10.783184
10.747954
10.753499
10.758104
10.694589
10.708636
10.738639
10.756607
10.775648
10.804656
10.755221
10.735888
10.736595
10.722299
10.760421
10.752703
10.704700
10.777251
10.769372
10.713745
10.741410
10.741326
10.704243
10.741729
10.768772
10.726274
10.746965
10.750157
10.790987
10.816844
10.799166
10.778353
10.775386
10.734795
10.729941
10.831589
10.810442
10.749147
10.738155
10.691689
10.685981
10.758425
10.781704
10.759483
10.778864
10.724872
10.687019
10.696850
10.703244
10.733335
10.783447
10.765291
10.777039
10.777212
10.735036
10.741446
10.779532
10.721290
10.736304
10.773415
10.734913
10.753020
10.759351
10.755409
10.763390
10.784578
10.755177
10.725410
10.749717
10.718616
10.751457
10.779966
10.749909
10.743551
10.734929
10.658797
10.846659
10.859549
10.792654
10.772073
10.770585
10.895852
10.821898
10.919670
10.726816
10.743382
10.802563
10.820134
10.598052
10.704915
10.722960
10.578369
10.619794
10.697464
10.621164
10.604502
10.846101
10.869131
10.625241
10.654833
10.692492
10.580041
10.597310
10.643528
10.734862
10.741850
10.803636
10.845993
10.801845
10.884830
10.903933
10.855460
10.811580
10.764539
10.789349
10.841187
10.825055
10.772690
10.747861
10.737015
10.692549
10.677332
10.768832
10.789311
10.736746
10.713181
10.754424
10.755083
10.727909
10.770501
10.740120
10.733172
10.804881
10.830456
10.732383
10.691709
10.682400
10.676649
10.807810
10.820194
10.759690
10.726558
10.695422
10.736744
10.747566
10.793440
10.819101
10.812278
10.711977
10.665841
10.763677
10.811261
10.815275
10.785750
10.740470
10.695097
10.692240
10.776140
10.814068
10.778980
10.714375
10.751640
10.744925
10.733475
10.741225
10.689351
10.666434
10.787077
10.784093
10.759161
10.695892
10.668941
10.694126
10.741098
10.803908
10.800384
10.774942
10.695247
10.707452
10.809021
10.850047
10.830213
10.750103
10.683154
10.666426
10.726410
10.767307
10.776896
10.755243
10.732924
10.745268
10.687353
10.771336
10.797136
10.797888
10.720613
10.670553
10.820902
10.769356
10.689091
10.689788
10.742475
10.818954
10.801153
10.792218
10.759632
10.674151
10.719246
10.755464
10.806511
10.813115
10.752281
10.728826
10.685256
10.762463
10.808105
10.804785
10.736434
10.722797
10.768816
10.728893
10.744217
10.738735
10.686154
10.742092
10.793028
10.775141
10.742957
10.667020
10.683414
10.704732
10.772500
10.815113
10.816050
10.761292
10.693664
10.744608
10.780453
10.811187
10.786318
10.738234
10.712526
10.700582
10.767057
10.794436
10.781786
10.736764
10.732464
10.788553
10.692307
10.703540
10.708348
10.692865
10.760084
10.803398
10.782033
10.717154
10.686030
10.686435
10.744032
10.821131
10.818358
10.793174
10.727892
10.668666
10.740954
10.759850
10.817549
10.791501
10.726374
10.690912
10.680608
10.778630
10.812097
10.786564
10.710503
10.728674
10.750340
10.730494
10.756175
10.741841
10.740649
10.818190
10.813989
10.762302
10.695392
10.668449
10.677268
10.710372
10.773059
10.771709
10.756362
10.680607
10.702332
10.770293
10.858974
10.895341
10.817153
10.828014
10.870109
10.938714
10.793127
10.644856
10.789083
10.997808
10.059509
10.836193
10.690414
10.502893
10.609368
10.416754
10.472213
10.460597
10.237500
10.488183
10.342203
10.986662
10.666035
10.965641
10.933270
10.651799
10.007880
10.192561
10.187407
10.296085
10.542039
10.689928
10.830118
10.945734
10.918414
10.960262
10.051027
10.991003
10.876196
10.888247
10.883567
10.845686
10.919948
10.903970
10.814667
10.864428
10.876745
10.827725
10.866786
10.868928
10.840463
10.876889
10.850674
10.857386
10.848617
10.764935
10.787053
10.888532
10.831501
10.796865
10.758335
10.712652
10.771249
10.769617
10.832716
10.829690
10.736642
10.714856
10.760794
10.711755
10.815395
10.795698
10.714564
10.771818
10.787356
10.750154
10.808644
10.734124
10.683895
10.800435
10.789801
10.784618
10.745860
10.668852
10.706262
10.725299
10.758509
10.873442
10.747526
10.668685
10.751167
10.730832
10.759699
10.789643
10.706536
10.761725
10.784513
10.778001
10.766453
10.692892
10.660828
10.732059
10.785869
10.787046
10.759360
10.700300
10.740312
10.740424
10.741525
10.843708
10.815864
10.754615
10.821356
10.775448
10.760732
10.728506
10.674025
10.713547
10.771841
10.710169
10.743218
10.713390
10.693423
10.756483
10.808805
10.856816
10.793065
10.686626
10.703034
10.739534
10.712516
10.799812
10.759909
10.746773
10.825138
10.810451
10.770987
10.782539
10.683574
10.683680
10.763982
10.796590
10.880267
10.745398
10.790712
10.737675
10.781915
10.926367
10.704076
10.867741
10.769777
10.745084
10.566628
10.506994
10.570433
10.797482
10.640596
10.816829
10.658876
10.529855
10.735828
10.881805
10.766617
10.722729
10.623469
10.717431
10.729326
10.801641
10.831397
10.915993
10.727824
10.977008
10.612534
10.475842
10.503042
10.536352
10.593436
10.734115
10.815828
10.862932
10.848206
10.842777
10.984288
10.900683
10.800833
10.758329
10.897452
10.921679
10.833304
10.672400
10.661464
10.804550
10.960651
10.917472
10.676676
10.494414
10.265688
10.214726
10.559108
10.486500
10.785722
10.686146
10.607430
10.753557
10.834504
10.820551
10.857632
10.763836
10.796049
10.886099
10.901704
10.826635
10.814655
10.747095
10.754517
10.852109
10.811449
10.741484
10.719595
10.734180
10.719891
10.722005
10.791264
10.786371
10.704813
10.733324
10.741485
10.790760
10.856551
10.906606
10.777349
10.714904
10.743708
10.732866
10.706960
10.746789
10.741791
10.638502
10.639423
10.662254
10.698496
10.713257
10.730926
10.684444
10.664924
10.711932
10.739097
10.739901
10.773168
10.757280
10.686040
10.734740
10.771090
10.799560
10.881884
10.822096
10.803372
10.811572
10.837591
10.886806
10.832977
10.874207
10.778631
10.739519
10.768373
10.800658
10.889608
10.572048
10.879749
10.797815
10.501781
10.704625
10.702110
10.506904
10.584343
10.143642
10.844725
10.810244
10.610710
10.508460
10.546038
10.687921
10.798227
10.867743
10.876269
10.870972
10.921804
10.953623
10.879749
10.710414
10.729699
10.751337
10.804522
10.767379
10.669960
10.743757
10.769138
10.760316
10.755940
10.692153
10.682484
10.784657
10.743843
10.713196
10.691335
10.713238
10.689363
10.718119
10.760609
10.747441
10.706612
10.647695
10.675696
10.671108
10.723617
10.728106
10.723919
10.692026
10.706992
10.730308
10.733625
10.748910
10.757277
10.694811
10.659153
10.730813
10.783560
10.840479
10.857020
10.761171
10.851945
10.809968
10.896262
10.800546
10.832211
10.244205
10.835092
10.740306
10.553827
10.502609
10.502168
10.680929
10.847114
10.919048
10.889228
10.845332
10.840127
10.901634
10.894268
10.789187
10.836951
10.957894
10.920456
10.574364
10.391410
10.395503
10.414170
10.479872
10.644480
10.694682
10.706650
10.786210
10.784484
10.843942
10.828578
10.873938
10.806987
10.803938
10.883574
10.845820
10.722060
10.720055
10.808438
10.769121
10.744851
10.819818
10.788054
10.034250
10.884221
10.758689
10.618417
10.612945
10.708109
10.660818
10.198747
10.854000
10.657693
10.579107
10.582226
10.836045
10.943528
10.708299
10.844998
10.726614
10.586866
10.542171
10.769265
10.840773
10.828300
10.767790
10.864550
10.846936
10.826806
10.743822
10.780584
10.811834
10.900165
10.676175
10.513896
10.542768
10.652321
10.684795
10.790376
10.688746
10.692183
10.749636
10.700688
10.659882
10.636557
10.771855
10.905614
10.850208
10.853345
10.787554
10.949918
10.866227
10.807071
10.690998
10.683971
10.732841
10.848804
10.727601
10.564445
10.600869
10.641451
10.888816
10.689751
10.647283
10.364470
10.777694
10.604344
10.539824
10.533098
10.446777
10.508275
10.733529
10.716067
10.829263
10.851258
10.903791
10.774612
10.980008
10.853933
10.795574
10.891021
10.879115
10.974944
10.831414
10.639715
10.607570
10.837452
10.610478
10.497697
10.656136
10.540309
10.516771
10.533947
10.568434
10.717947
10.709909
10.684192
10.563420
10.998002
10.047135
10.908799
10.863024
10.827908
10.906049
10.985526
10.981525
10.888571
10.817418
10.802747
10.941129
10.897481
10.826363
10.679757
10.645101
10.812673
10.857150
10.644472
10.627021
10.956605
10.806440
10.683135
10.488090
10.468451
10.656433
10.810933
10.756520
10.651079
10.496250
10.481520
10.543679
10.797489
10.726655
10.606823
10.562329
10.608317
10.812584
10.806601
10.772545
10.867532
10.931689
10.950116
10.777182
10.786001
10.817424
10.891071
10.779572
10.101502
10.908161
10.583866
10.749636
10.664477
10.653518
10.628162
10.730929
10.704573
10.757840
10.815948
10.798720
10.010431
10.813597
10.879394
10.771360
10.758006
10.666367
10.724595
10.750191
10.712839
10.786360
10.843118
10.749177
10.649404
10.647305
10.743038
10.729494
10.737862
10.762019
10.721654
10.770465
10.769909
10.774065
10.836254
10.752219
10.801189
10.855414
10.829584
10.829533
10.808632
10.782757
10.833351
10.820503
10.752456
10.703402
10.707090
10.652567
10.613776
10.716973
10.724968
10.705389
10.703204
10.667275
10.618117
10.691166
10.768791
10.753047
10.755511
10.733098
10.665195
10.678354
10.787281
10.792969
10.796616
10.785032
10.688582
10.644173
10.705591
10.735363
10.745102
10.729842
10.671118
10.640811
10.696405
10.804642
10.797153
10.780024
10.768329
10.709658
10.689235
10.804275
10.826160
10.789359
10.776989
10.736188
10.680062
10.754196
10.828178
10.773447
10.798267
10.822177
10.743573
10.740727
10.821451
10.826438
10.796733
10.775399
10.720834
10.664146
10.741611
10.763202
10.747539
10.766766
10.758150
10.689654
10.749196
10.812155
10.763289
10.767901
10.775084
10.731079
10.698863
10.792309
10.810030
10.734207
10.697643
10.692244
10.661598
10.702549
10.762934
10.737826
10.735977
10.709785
10.664525
10.690451
10.800496
10.801876
10.806682
10.797944
10.735212
10.677857
10.764470
10.797406
10.737983
10.775413
10.790009
10.727617
10.715315
10.764275
10.740989
10.752446
10.737992
10.654938
10.642752
10.756588
10.802911
10.754194
10.757633
10.734507
10.681664
10.745347
10.823021
10.799977
10.774670
10.729246
10.670402
10.675864
10.794996
10.804129
10.808146
10.805084
10.754850
10.750788
10.819749
10.851135
10.963715
10.779165
10.716281
10.741141
10.818831
10.840185
10.887610
10.788630
10.650488
10.586874
10.666882
10.750893
10.868582
10.834084
10.827701
10.674208
10.562973
10.769814
10.835009
10.731810
10.660851
10.585798
10.420665
10.639967
10.955710
10.619612
10.632668
10.580503
10.521338
10.488564
10.741237
10.910186
10.972543
10.902864
10.860765
10.900795
10.980260
10.962211
10.795992
10.800171
10.917147
10.135632
10.823030
10.827964
10.499047
10.556904
10.581903
10.518980
10.575445
10.543706
10.501151
10.620760
10.721826
10.839546
10.833078
10.830486
10.778275
10.798849
10.813705
10.919353
10.983213
10.989152
10.777084
10.818789
10.783155
10.787186
10.933599
10.896730
10.651588
10.523561
10.734968
10.741960
10.896065
10.634298
10.572151
10.491459
10.355934
10.647317
10.441451
10.567955
10.578043
10.633950
10.700785
10.816374
10.874264
10.842865
10.883011
10.875324
10.927383
10.913750
10.848735
10.860317
10.897178
10.863332
10.819912
10.811321
10.755209
10.785338
10.832787
10.788140
10.762475
10.703886
10.643787
10.638212
10.733477
10.761180
10.750369
10.740035
10.684134
10.641604
10.728439
10.776329
10.740150
10.766511
10.788036
10.709793
10.733627
10.822202
10.788922
10.773953
10.785282
10.679911
10.648016
10.715736
10.733993
10.728337
10.757247
10.733088
10.662914
10.726412
10.777787
10.753464
10.765948
10.778223
10.663686
10.694631
10.758294
10.762571
10.791439
10.815937
10.725731
10.670006
10.762209
10.809910
10.905575
10.908970
10.843465
10.755748
10.884227
10.980276
10.903208
10.774523
10.739129
10.855584
10.889050
10.793822
10.686449
10.664171
10.710167
10.696343
10.642013
10.533511
10.572133
10.744635
10.870215
10.732057
10.939526
10.573526
10.417799
10.338138
10.442509
10.501116
10.641514
10.831366
10.897414
10.817982
10.852070
10.824221
10.852378
10.851617
10.835718
10.800509
10.844762
10.879616
10.811440
10.770809
10.737181
10.707363
10.735915
10.836074
10.826118
10.709598
10.733974
10.769012
10.781965
10.768749
10.881888
10.901697
10.845497
10.841702
10.773632
10.771294
10.738808
10.716850
10.647209
10.643904
10.687430
10.702247
10.690376
10.705667
10.685166
10.652301
10.719436
10.752640
10.770278
10.827604
10.767456
10.762663
10.824836
10.911172
10.940576
10.703847
10.046283
10.755762
10.725308
10.642781
10.701235
10.643209
10.606700
10.847082
10.625882
10.635878
10.673763
10.719156
10.719104
10.613965
10.775720
10.707792
10.619144
10.594535
10.708764
10.738387
10.831392
10.811298
10.817908
10.904688
10.892612
10.839138
10.848097
10.776207
10.736753
10.785613
10.724415
10.385147
10.193187
10.639500
10.325878
10.587293
10.744314
10.656052
10.801131
10.759212
10.849379
10.846521
10.950400
10.959140
10.910312
10.880424
10.778900
10.720339
10.770103
10.799381
10.771811
10.782442
10.779446
10.696679
10.732166
10.761067
10.768653
10.795388
10.800301
10.694145
10.699677
10.730057
10.761073
10.847875
10.875044
10.850805
10.725485
10.785519
10.877661
10.961714
10.907339
10.824009
10.723738
10.797455
10.843153
10.802712
10.677639
10.740920
10.865803
10.836128
10.773252
10.661101
10.633040
10.718910
10.831488
10.850816
10.763316
10.738588
10.717578
10.727006
10.738782
10.938266
10.864421
10.801982
10.662518
10.680488
10.793951
10.780174
10.794235
10.549052
10.578115
10.548563
10.540924
10.593973
10.745779
10.740489
10.683082
10.684105
10.771034
10.820737
10.882801
10.790496
10.714808
10.764021
10.833469
10.781807
10.674996
10.701091
10.700172
10.715484
10.790767
10.789026
10.742512
10.671096
10.688095
10.709296
10.734551
10.748691
10.736768
10.727679
10.721760
10.767974
10.775033
10.823091
10.840754
10.795264
10.711501
10.772844
10.796612
10.715001
10.700036
10.764811
10.672138
10.619174
10.666101
10.692547
10.728567
10.741924
10.740973
10.687677
10.739775
10.810089
10.762734
10.807561
10.823935
10.755892
10.697361
10.797865
10.835983
10.843298
10.819558
10.742077
10.748005
10.789019
10.820391
10.803712
10.766883
10.734961
10.732159
10.758396
10.673882
10.722102
10.750782
10.718211
10.793090
10.813202
10.733800
10.741289
10.731741
10.710025
10.736483
10.803292
10.792775
10.745359
10.702449
10.697128
10.775677
10.815269
10.817507
10.790357
10.700800
10.714540
10.813303
10.844316
10.818535
10.769456
10.766970
10.831390
10.791256
10.686657
10.696824
10.679233
10.699181
10.789290
10.757046
10.729483
10.779399
10.748656
10.710757
10.742095
10.737647
10.723652
10.734866
10.687623
10.706356
10.769609
10.776484
10.807038
10.744104
10.715779
10.758252
10.814164
10.850702
10.817103
10.743029
10.692678
10.743660
10.732118
10.714282
10.744025
10.691072
10.709128
10.811402
10.778277
10.707806
10.691324
10.706146
10.724689
10.793508
10.860621
10.808670
10.729735
10.770883
10.825848
10.826667
10.794048
10.765102
10.716182
10.745345
10.783401
10.758107
10.686551
10.690022
10.680744
10.729195
10.729063
10.703975
10.698042
10.792182
10.792183
10.952289
10.770576
10.836068
10.798149
10.809556
10.663875
10.724401
10.723179
10.719888
10.668028
10.849439
10.812591
10.806475
10.618849
10.519286
10.564701
10.656389
10.713182
10.827169
10.808331
10.864252
10.917244
10.937776
10.759423
10.659702
10.672172
10.653226
10.688390
10.676558
10.671859
10.678503
10.780776
10.815713
10.003591
10.848932
10.718571
10.712466
10.680444
10.697535
10.831062
10.842040
10.910748
10.683133
10.595509
10.562558
10.532254
10.725256
10.609509
10.954287
10.931301
10.197862
10.873742
10.352418
10.230700
10.257323
10.336557
10.479887
10.706845
10.805018
10.870683
10.905165
10.828327
10.866780
10.830956
10.790322
10.854854
10.848687
10.831322
10.866494
10.854319
10.772661
10.765316
10.809307
10.746571
10.755819
10.765346
10.732910
10.704603
10.769575
10.729607
10.752069
10.772081
10.741327
10.706968
10.766418
10.754139
10.739775
10.791301
10.786048
10.746356
10.742505
10.730201
10.720770
10.775410
10.781867
10.759334
10.746576
10.765498
10.724273
10.738638
10.772862
10.762006
10.729505
10.743904
10.722621
10.717667
10.768076
10.768594
10.732314
10.720768
10.717869
10.711488
10.757959
10.799726
10.798264
10.737035
10.750149
10.718060
10.731244
10.772763
10.762041
10.715871
10.700964
10.705709
10.710333
10.779050
10.825272
10.766678
10.721324
10.738563
10.723958
10.751224
10.807631
10.800585
10.747433
10.734322
10.728779
10.724718
10.793255
10.800574
10.756081
10.714573
10.746803
10.734890
10.760839
10.813730
10.773432
10.721601
10.722085
10.718956
10.731815
10.795816
10.805408
10.749691
10.720846
10.737616
10.741961
10.790262
10.808751
10.778751
10.730403
10.739182
10.724311
10.751691
10.805324
10.788807
10.756438
10.734008
10.722155
10.711582
10.783104
10.787540
10.749275
10.713419
10.722073
10.701296
10.744563
10.806532
10.769371
10.733699
10.745376
10.742352
10.721543
10.791391
10.790375
10.730085
10.736063
10.775253
10.728798
10.755513
10.791778
10.755660
10.703228
10.718941
10.691360
10.729048
10.807137
10.801151
10.758502
10.764022
10.735782
10.730657
10.746861
10.737782
10.706237
10.679167
10.624125
10.599667
10.671000
10.735785
10.782142
10.731243
10.718318
10.727428
10.732384
10.818622
10.820331
10.757025
10.736358
10.750142
10.723071
10.788228
10.827017
10.775122
10.723951
10.744589
10.714926
10.734079
10.808536
10.792496
10.731597
10.725050
10.739044
10.718133
10.760704
10.766413
10.736162
10.727870
10.741783
10.722836
10.788006
10.801775
10.780707
10.738171
10.767807
10.726818
10.728520
10.781090
10.764026
10.737671
10.737071
10.754492
10.751657
10.798078
10.802078
10.762418
10.721076
10.737769
10.721087
10.747066
10.805395
10.781352
10.733130
10.725883
10.716486
10.698714
10.777591
10.790433
10.773918
10.738909
10.750027
10.709057
10.755810
10.791054
10.794446
10.736889
10.741957
10.714783
10.741323
10.833646
10.799512
10.769301
10.752963
10.705090
10.797645
10.846818
10.816752
10.808369
10.748925
10.716042
10.756066
10.790644
10.905629
10.840120
10.706955
10.747523
10.713437
10.703279
10.787931
10.798640
10.806132
10.899149
10.889304
10.775149
10.787961
10.841903
10.827942
10.786800
10.807130
10.768415
10.676418
10.623096
10.629303
10.632786
10.732404
10.757706
10.736751
10.691545
10.677737
10.717643
10.732383
10.741147
10.766160
10.684207
10.707159
10.706997
10.882642
10.829576
10.707249
10.736061
10.744254
10.886323
10.804709
10.702753
10.824542
10.702921
10.893300
10.696418
10.721009
10.830807
10.699370
10.749511
10.616658
10.723989
10.763944
10.739351
10.913877
10.697407
10.888496
10.734195
10.725392
10.544509
10.582674
10.722260
10.767490
10.792045
10.758245
10.846685
10.926893
10.789801
10.746737
10.674971
10.776843
10.782978
10.780389
10.691314
10.686400
10.834305
10.865848
10.844361
10.733657
10.680365
10.757862
10.843663
10.867771
10.690682
10.852867
10.727206
10.848484
10.608121
10.648477
10.792722
10.676888
10.623894
10.615329
10.742247
10.823820
10.756586
10.831024
10.712734
10.901959
10.838641
10.722365
10.675849
10.616302
10.601500
10.684453
10.721693
10.686737
10.778872
10.770702
10.734386
10.727480
10.700298
10.686174
10.749644
10.736024
10.646107
10.659025
10.656933
10.663223
10.742570
10.771443
10.731008
10.677477
10.717209
10.750678
10.776674
10.845412
10.781067
10.658968
10.706640
10.843482
10.851745
10.825612
10.751649
10.733338
10.743105
10.771367
10.829947
10.824479
10.731071
10.667677
10.751891
10.789546
10.772873
10.751637
10.709153
10.696079
10.803027
10.784802
10.719953
10.673222
10.679595
10.668453
10.687932
10.761550
10.748327
10.686407
10.627653
10.686652
10.716507
10.762749
10.768932
10.763656
10.713168
10.721442
10.739375
10.748477
10.746421
10.743183
10.705835
10.693085
10.730912
10.756393
10.862221
10.916323
10.876266
10.793209
10.810158
10.877254
10.020988
10.926601
10.907228
10.752243
10.829489
10.774136
10.724733
10.804347
10.696006
10.545722
10.521101
10.553910
10.614210
10.715353
10.784842
10.721019
10.688865
10.765993
10.808171
10.893159
10.834210
10.752267
10.739326
10.797178
10.723041
10.643606
10.685329
10.689177
10.713329
10.826215
10.788767
10.711717
10.654931
10.673202
10.683945
10.741358
10.763529
10.760309
10.721312
10.695060
10.714073
10.702266
10.795452
10.805001
10.753936
10.705678
10.715925
10.734859
10.750489
10.804187
10.804852
10.733472
10.710863
10.717475
10.719893
10.775696
10.785804
10.734942
10.737963
10.798234
10.840646
10.882459
10.812011
0.000000
0.000000
0.000000
0.000000
0.000000
0.000000
0.000000
0.000000
0.000000
0.000000
0.000000
0.000000
0.000000
0.000000
0.000000
0.000000
0.000000
0.000000
0.000000
0.000000
0.000000
0.000000
0.000000
0.000000
0.000000
0.000000
0.000000
0.000000
0.000000
0.000000
0.000000
0.000000
0.000000
0.000000
0.000000
0.000000
0.000000
0.000000
0.000000
0.000000
0.000000
0.000000
0.000000
0.000000
0.000000
0.000000
0.000000
0.000000
0.000000
0.000000
0.000000
0.000000
0.000000
0.000000
0.000000
0.000000
0.000000
0.000000
0.000000
0.000000
0.000000
0.000000
0.000000
0.000000
0.000000
0.000000
0.000000
0.000000
0.000000
0.000000
0.000000
0.000000
0.000000
0.000000
0.000000
0.000000
0.000000
0.000000
0.000000
0.000000
0.000000
0.000000
0.000000
0.000000
0.000000
0.000000
0.000000
0.000000
0.000000
0.000000
0.000000
0.000000
0.000000
0.000000
0.000000
0.000000
0.000000
0.000000
0.000000
0.000000
0.000000
0.000000
0.000000
0.000000
0.000000
0.000000
0.000000
0.000000
0.000000
0.000000
0.000000
0.000000
0.000000
0.000000
0.000000
0.000000
0.000000
0.000000
0.000000
0.000000
0.000000
0.000000
0.000000
0.000000
0.000000
0.000000
0.000000
0.000000
0.000000
0.000000
0.000000
0.000000
0.000000
0.000000
0.000000
0.000000
0.000000
0.000000
0.000000
0.000000
0.000000
0.000000
0.000000
0.000000
0.000000
0.000000
0.000000
0.000000
0.000000
0.000000
0.000000
0.000000
0.000000
0.000000
0.000000
0.000000
0.000000
0.000000
0.000000
0.000000
0.000000
0.000000
0.000000
0.000000
0.000000
0.000000
0.000000
0.000000
0.000000
0.000000
0.000000
0.000000
0.000000
0.000000
0.000000
0.000000
0.000000
0.000000
0.000000
0.000000
0.000000
0.000000
0.000000
0.000000
0.000000
0.000000
0.000000
0.000000
0.000000
0.000000
0.000000
0.000000
0.000000
0.000000
0.000000
0.000000
0.000000
0.000000
0.000000
0.000000
0.000000
0.000000
0.000000
0.000000
0.000000
0.000000
0.000000
0.000000
0.000000
0.000000
0.000000
0.000000
0.000000
0.000000
0.000000
0.000000
0.000000
0.000000
0.000000
0.000000
0.000000
0.000000
0.000000
0.000000
0.000000
0.000000
0.000000
0.000000
0.000000
0.000000
0.000000
0.000000
0.000000
0.000000
0.000000
0.000000
0.000000
0.000000
0.000000
0.000000
0.000000
0.000000
0.000000
0.000000
0.000000
0.000000
0.000000
0.000000
0.000000
0.000000
0.000000
0.000000
0.000000
0.000000
0.000000
0.000000
0.000000
0.000000
0.000000
0.000000
0.000000
0.000000
0.000000
0.000000
0.000000
0.000000
0.000000
0.000000
0.000000
0.000000
0.000000
0.000000
0.000000
0.000000
0.000000
0.000000
0.000000
0.000000
0.000000
0.000000
0.000000
0.000000
0.000000
0.000000
0.000000
0.000000
0.000000
0.000000
0.000000
0.000000
0.000000
0.000000
0.000000
0.000000
0.000000
0.000000
0.000000
0.000000
0.000000
0.000000
0.000000
0.000000
0.000000
0.000000
0.000000
0.000000
0.000000
0.000000
0.000000
0.000000
0.000000
0.000000
0.000000
0.000000
0.000000
0.000000
0.000000
0.000000
0.000000
0.000000
0.000000
0.000000
0.000000
0.000000
0.000000
0.000000
0.000000
0.000000
0.000000
0.000000
0.000000
0.000000
0.000000
0.000000
0.000000
0.000000
0.000000
0.000000
0.000000
0.000000
0.000000
0.000000
0.000000
0.000000
0.000000
0.000000
0.000000
0.000000
0.000000
0.000000
0.000000
0.000000
0.000000
0.000000
0.000000
0.000000
0.000000
0.000000
0.000000
0.000000
0.000000
0.000000
0.000000
0.000000
0.000000
0.000000
0.000000
0.000000
0.000000
0.000000
0.000000
0.000000
0.000000
0.000000
0.000000
0.000000
0.000000
0.000000
0.000000
0.000000
0.000000
0.000000
0.000000
0.000000
0.000000
0.000000
0.000000
0.000000
0.000000
0.000000
0.000000
0.000000
0.000000
0.000000
0.000000
0.000000
0.000000
0.000000
0.000000
0.000000
0.000000
0.000000
0.000000
0.000000
0.000000
0.000000
0.000000
0.000000
0.000000
0.000000
0.000000
0.000000
0.000000
0.000000
0.000000
0.000000
0.000000
0.000000
0.000000
0.000000
0.000000
0.000000
0.000000
0.000000
0.000000
0.000000
0.000000
0.000000
0.000000
0.000000
0.000000
0.000000
0.000000
0.000000
0.000000
0.000000
0.000000
0.000000
0.000000
0.000000
0.000000
0.000000
0.000000
0.000000
0.000000
0.000000
0.000000
0.000000
0.000000
0.000000
0.000000
0.000000
0.000000
0.000000
0.000000
0.000000
0.000000
0.000000
0.000000
0.000000
0.000000
0.000000
0.000000
0.000000
0.000000
0.000000
0.000000
0.000000
0.000000
0.000000
0.000000
0.000000
0.000000
0.000000
0.000000
0.000000
0.000000
0.000000
0.000000
0.000000
0.000000
0.000000
0.000000
0.000000
0.000000
0.000000
0.000000
0.000000
0.000000
0.000000
0.000000
0.000000
0.000000
0.000000
0.000000
0.000000
0.000000
0.000000
0.000000
0.000000
0.000000
0.000000
0.000000
0.000000
0.000000
0.000000
0.000000
0.000000
0.000000
0.000000
0.000000
0.000000
0.000000
0.000000
0.000000
0.000000
0.000000
0.000000
0.000000
0.000000
0.000000
0.000000
0.000000
0.000000
0.000000
0.000000
0.000000
0.000000
0.000000
0.000000
0.000000
0.000000
0.000000
0.000000
0.000000
0.000000
0.000000
0.000000
0.000000
0.000000
0.000000
0.000000
0.000000
0.000000
0.000000
0.000000
0.000000
0.000000
0.000000
0.000000
0.000000
0.000000
0.000000
0.000000
0.000000
0.000000
0.000000
0.000000
0.000000
0.000000
0.000000
0.000000
0.000000
0.000000
0.000000
0.000000
0.000000
0.000000
0.000000
0.000000
0.000000
0.000000
0.000000
0.000000
0.000000
0.000000
0.000000
0.000000
0.000000
0.000000
0.000000
0.000000
0.000000
0.000000
0.000000
0.000000
0.000000
0.000000
0.000000
0.000000
0.000000
0.000000
0.000000
0.000000
0.000000
0.000000
0.000000
0.000000
0.000000
0.000000
0.000000
0.000000
0.000000
0.000000
0.000000
0.000000
0.000000
0.000000
0.000000
0.000000
0.000000
0.000000
0.000000
0.000000
0.000000
0.000000
0.000000
0.000000
0.000000
0.000000
0.000000
0.000000
0.000000
0.000000
0.000000
0.000000
0.000000
0.000000
0.000000
0.000000
0.000000
0.000000
0.000000
0.000000
0.000000
0.000000
0.000000
0.000000
0.000000
0.000000
0.000000
0.000000
0.000000
0.000000
0.000000
0.000000
0.000000
0.000000
0.000000
0.000000
0.000000
0.000000
0.000000
0.000000
0.000000
0.000000
0.000000
0.000000
0.000000
0.000000
0.000000
0.000000
0.000000
0.000000
0.000000
0.000000
0.000000
0.000000
0.000000
0.000000
0.000000
0.000000
0.000000
0.000000
0.000000
0.000000
0.000000
0.000000
0.000000
0.000000
0.000000
0.000000
0.000000
0.000000
0.000000
0.000000
0.000000
0.000000
0.000000
0.000000
0.000000
0.000000
0.000000
0.000000
0.000000
0.000000
0.000000
0.000000
0.000000
0.000000
0.000000
0.000000
0.000000
0.000000
0.000000
0.000000
0.000000
0.000000
0.000000
0.000000
0.000000
0.000000
0.000000
0.000000
0.000000
0.000000
0.000000
0.000000
0.000000
0.000000
0.000000
0.000000
0.000000
0.000000
0.000000
0.000000
0.000000
0.000000
0.000000
0.000000
0.000000
0.000000
0.000000
0.000000
0.000000
0.000000
0.000000
0.000000
0.000000
0.000000
0.000000
0.000000
0.000000
0.000000
0.000000
0.000000
0.000000
0.000000
0.000000
0.000000
0.000000
0.000000
0.000000
0.000000
0.000000
0.000000
0.000000
0.000000
0.000000
0.000000
0.000000
0.000000
0.000000
0.000000
0.000000
0.000000
0.000000
0.000000
0.000000
0.000000
0.000000
0.000000
0.000000
0.000000
0.000000
0.000000
0.000000
0.000000
0.000000
0.000000
0.000000
0.000000
0.000000
0.000000
0.000000
0.000000
0.000000
0.000000
0.000000
0.000000
0.000000
0.000000
0.000000
0.000000
0.000000
0.000000
0.000000
0.000000
0.000000
0.000000
0.000000
0.000000
0.000000
0.000000
0.000000
0.000000
0.000000
0.000000
0.000000
0.000000
0.000000
0.000000
0.000000
0.000000
0.000000
0.000000
0.000000
0.000000
0.000000
0.000000
0.000000
0.000000
0.000000
0.000000
0.000000
0.000000
0.000000
0.000000
0.000000
0.000000
0.000000
0.000000
0.000000
0.000000
0.000000
0.000000
0.000000
0.000000
0.000000
0.000000
0.000000
0.000000
0.000000
0.000000
0.000000
0.000000
0.000000
0.000000
0.000000
0.000000
0.000000
0.000000
0.000000
0.000000
0.000000
0.000000
0.000000
0.000000
0.000000
0.000000
0.000000
0.000000
0.000000
0.000000
0.000000
0.000000
0.000000
0.000000
0.000000
0.000000
0.000000
0.000000
0.000000
0.000000
0.000000
0.000000
0.000000
0.000000
0.000000
0.000000
0.000000
0.000000
0.000000
0.000000
0.000000
0.000000
0.000000
0.000000
0.000000
0.000000
0.000000
0.000000
0.000000
0.000000
0.000000
0.000000
0.000000
0.000000
0.000000
0.000000
0.000000
0.000000
0.000000
0.000000
0.000000
0.000000
0.000000
0.000000
0.000000
0.000000
0.000000
0.000000
0.000000
0.000000
0.000000
0.000000
0.000000
0.000000
0.000000
0.000000
0.000000
0.000000
0.000000
0.000000
0.000000
0.000000
0.000000
0.000000
0.000000
0.000000
0.000000
0.000000
0.000000
0.000000
0.000000
0.000000
0.000000
0.000000
0.000000
0.000000
0.000000
0.000000
0.000000
0.000000
0.000000
0.000000
0.000000
0.000000
0.000000
0.000000
0.000000
0.000000
0.000000
0.000000
0.000000
0.000000
0.000000
0.000000
0.000000
0.000000
0.000000
0.000000
0.000000
0.000000
0.000000
0.000000
0.000000
0.000000
0.000000
0.000000
0.000000
0.000000
0.000000
0.000000
0.000000
0.000000
0.000000
0.000000
0.000000
0.000000
0.000000
0.000000
0.000000
0.000000
0.000000
0.000000
0.000000
0.000000
0.000000
0.000000
0.000000
0.000000
0.000000
0.000000
0.000000
0.000000
0.000000
0.000000
0.000000
0.000000
0.000000
0.000000
0.000000
0.000000
0.000000
0.000000
0.000000
0.000000
0.000000
0.000000
0.000000
0.000000
0.000000
0.000000
0.000000
0.000000
0.000000
0.000000
0.000000
0.000000
0.000000
0.000000
0.000000
0.000000
0.000000
0.000000
0.000000
0.000000
0.000000
0.000000
0.000000
0.000000
0.000000
0.000000
0.000000
0.000000
0.000000
0.000000
0.000000
0.000000
0.000000
0.000000
0.000000
0.000000
0.000000
0.000000
0.000000
0.000000
0.000000
0.000000
0.000000
0.000000
0.000000
0.000000
0.000000
0.000000
0.000000
0.000000
0.000000
0.000000
0.000000
0.000000
0.000000
0.000000
0.000000
0.000000
0.000000
0.000000
0.000000
0.000000
0.000000
0.000000
0.000000
0.000000
0.000000
0.000000
0.000000
0.000000
0.000000
0.000000
0.000000
0.000000
0.000000
0.000000
0.000000
0.000000
0.000000
0.000000
0.000000
0.000000
0.000000
0.000000
0.000000
0.000000
0.000000
0.000000
0.000000
0.000000
0.000000
0.000000
0.000000
0.000000
0.000000
0.000000
0.000000
0.000000
0.000000
0.000000
0.000000
0.000000
0.000000
0.000000
0.000000
0.000000
0.000000
0.000000
0.000000
0.000000
0.000000
0.000000
0.000000
0.000000
0.000000
0.000000
0.000000
0.000000
0.000000
0.000000
0.000000
0.000000
0.000000
0.000000
0.000000
0.000000
0.000000
0.000000
0.000000
0.000000
0.000000
0.000000
0.000000
0.000000
0.000000
0.000000
0.000000
0.000000
0.000000
0.000000
0.000000
0.000000
0.000000
0.000000
0.000000
0.000000
0.000000
0.000000
0.000000
0.000000
0.000000
0.000000
0.000000
0.000000
0.000000
0.000000
0.000000
0.000000
0.000000
0.000000
0.000000
0.000000
0.000000
0.000000
0.000000
0.000000
0.000000
0.000000
0.000000
0.000000
0.000000
0.000000
0.000000
0.000000
0.000000
0.000000
0.000000
0.000000
0.000000
0.000000
0.000000
0.000000
0.000000
0.000000
0.000000
0.000000
0.000000
0.000000
0.000000
0.000000
0.000000
0.000000
0.000000
0.000000
0.000000
0.000000
0.000000
0.000000
0.000000
0.000000
0.000000
0.000000
0.000000
0.000000
0.000000
0.000000
0.000000
0.000000
0.000000
0.000000
0.000000
0.000000
0.000000
0.000000
0.000000
0.000000
0.000000
0.000000
0.000000
0.000000
0.000000
0.000000
0.000000
0.000000
0.000000
0.000000
0.000000
0.000000
0.000000
0.000000
0.000000
0.000000
0.000000
0.000000
0.000000
0.000000
0.000000
0.000000
0.000000
0.000000
0.000000
0.000000
0.000000
0.000000
0.000000
0.000000
0.000000
0.000000
0.000000
0.000000
0.000000
0.000000
0.000000
0.000000
0.000000
0.000000
0.000000
0.000000
0.000000
0.000000
0.000000
0.000000
0.000000
0.000000
0.000000
0.000000
0.000000
0.000000
0.000000
0.000000
0.000000
0.000000
0.000000
0.000000
0.000000
0.000000
0.000000
0.000000
0.000000
0.000000
0.000000
0.000000
0.000000
0.000000
0.000000
0.000000
0.000000
0.000000
0.000000
0.000000
0.000000
0.000000
0.000000
0.000000
0.000000
0.000000
0.000000
0.000000
0.000000
0.000000
0.000000
0.000000
0.000000
0.000000
0.000000
0.000000
0.000000
0.000000
0.000000
0.000000
0.000000
0.000000
0.000000
0.000000
0.000000
0.000000
0.000000
0.000000
0.000000
0.000000
0.000000
0.000000
0.000000
0.000000
0.000000
0.000000
0.000000
0.000000
0.000000
0.000000
0.000000
0.000000
0.000000
0.000000
0.000000
0.000000
0.000000
0.000000
0.000000
0.000000
0.000000
0.000000
0.000000
0.000000
0.000000
0.000000
0.000000
0.000000
0.000000
0.000000
0.000000
0.000000
0.000000
0.000000
0.000000
0.000000
0.000000
0.000000
0.000000
0.000000
0.000000
0.000000
0.000000
0.000000
0.000000
0.000000
0.000000
0.000000
0.000000
0.000000
0.000000
0.000000
0.000000
0.000000
0.000000
0.000000
0.000000
0.000000
0.000000
0.000000
0.000000
0.000000
0.000000
0.000000
0.000000
0.000000
0.000000
0.000000
0.000000
0.000000
0.000000
0.000000
0.000000
0.000000
0.000000
0.000000
0.000000
0.000000
0.000000
0.000000
0.000000
0.000000
0.000000
0.000000
0.000000
0.000000
0.000000
0.000000
0.000000
0.000000
0.000000
0.000000
0.000000
0.000000
0.000000
0.000000
0.000000
0.000000
0.000000
0.000000
0.000000
0.000000
0.000000
0.000000
0.000000
0.000000
0.000000
0.000000
0.000000
0.000000
0.000000
0.000000
0.000000
0.000000
0.000000
0.000000
0.000000
0.000000
0.000000
0.000000
0.000000
0.000000
0.000000
0.000000
0.000000
0.000000
0.000000
0.000000
0.000000
0.000000
0.000000
0.000000
0.000000
0.000000
0.000000
0.000000
0.000000
0.000000
0.000000
0.000000
0.000000
0.000000
0.000000
0.000000
0.000000
0.000000
0.000000
0.000000
0.000000
0.000000
0.000000
0.000000
0.000000
0.000000
0.000000
0.000000
0.000000
0.000000
0.000000
0.000000
0.000000
0.000000
0.000000
0.000000
0.000000
0.000000
0.000000
0.000000
0.000000
0.000000
0.000000
0.000000
0.000000
0.000000
0.000000
0.000000
0.000000
0.000000
0.000000
0.000000
0.000000
0.000000
0.000000
0.000000
0.000000
0.000000
0.000000
0.000000
0.000000
0.000000
0.000000
0.000000
0.000000
0.000000
0.000000
0.000000
0.000000
0.000000
0.000000
0.000000
0.000000
0.000000
0.000000
0.000000
0.000000
0.000000
0.000000
0.000000
0.000000
0.000000
0.000000
0.000000
0.000000
0.000000
0.000000
0.000000
0.000000
0.000000
0.000000
0.000000
0.000000
0.000000
0.000000
0.000000
0.000000
0.000000
0.000000
0.000000
0.000000
0.000000
0.000000
0.000000
0.000000
0.000000
0.000000
0.000000
0.000000
0.000000
0.000000
0.000000
0.000000
0.000000
0.000000
0.000000
0.000000
0.000000
0.000000
0.000000
0.000000
0.000000
0.000000
0.000000
0.000000
0.000000
0.000000
0.000000
0.000000
0.000000
0.000000
0.000000
0.000000
0.000000
0.000000
0.000000
0.000000
0.000000
0.000000
0.000000
0.000000
0.000000
0.000000
0.000000
0.000000
0.000000
0.000000
0.000000
0.000000
0.000000
0.000000
0.000000
0.000000
0.000000
0.000000
0.000000
0.000000
0.000000
0.000000
0.000000
0.000000
0.000000
0.000000
0.000000
0.000000
0.000000
0.000000
0.000000
0.000000
0.000000
0.000000
0.000000
0.000000
0.000000
0.000000
0.000000
0.000000
0.000000
0.000000
0.000000
0.000000
0.000000
0.000000
0.000000
0.000000
0.000000
0.000000
0.000000
0.000000
0.000000
0.000000
0.000000
0.000000
0.000000
0.000000
0.000000
0.000000
0.000000
0.000000
0.000000
0.000000
0.000000
0.000000
0.000000
0.000000
0.000000
0.000000
0.000000
0.000000
0.000000
0.000000
0.000000
0.000000
0.000000
0.000000
0.000000
0.000000
0.000000
0.000000
0.000000
0.000000
0.000000
0.000000
0.000000
0.000000
0.000000
0.000000
0.000000
0.000000
0.000000
0.000000
0.000000
0.000000
0.000000
0.000000
0.000000
0.000000
0.000000
0.000000
0.000000
0.000000
0.000000
0.000000
0.000000
0.000000
0.000000
0.000000
0.000000
0.000000
0.000000
0.000000
0.000000
0.000000
0.000000
0.000000
0.000000
0.000000
0.000000
0.000000
0.000000
0.000000
0.000000
0.000000
0.000000
0.000000
0.000000
0.000000
0.000000
0.000000
0.000000
0.000000
0.000000
0.000000
0.000000
0.000000
0.000000
0.000000
0.000000
0.000000
0.000000
0.000000
0.000000
0.000000
0.000000
0.000000
0.000000
0.000000
0.000000
0.000000
0.000000
0.000000
0.000000
0.000000
0.000000
0.000000
0.000000
0.000000
0.000000
0.000000
0.000000
0.000000
0.000000
0.000000
0.000000
0.000000
0.000000
0.000000
0.000000
0.000000
0.000000
0.000000
0.000000
0.000000
0.000000
0.000000
0.000000
0.000000
0.000000
0.000000
0.000000
0.000000
0.000000
0.000000
0.000000
0.000000
0.000000
0.000000
0.000000
0.000000
0.000000
0.000000
0.000000
0.000000
0.000000
0.000000
0.000000
0.000000
0.000000
0.000000
0.000000
0.000000
0.000000
0.000000
0.000000
0.000000
0.000000
0.000000
0.000000
0.000000
0.000000
0.000000
0.000000
0.000000
0.000000
0.000000
0.000000
0.000000
0.000000
0.000000
0.000000
0.000000
0.000000
0.000000
0.000000
0.000000
0.000000
0.000000
0.000000
0.000000
0.000000
0.000000
0.000000
0.000000
0.000000
0.000000
0.000000
0.000000
0.000000
0.000000
0.000000
0.000000
0.000000
0.000000
0.000000
0.000000
0.000000
0.000000
0.000000
0.000000
0.000000
0.000000
0.000000
0.000000
0.000000
0.000000
0.000000
0.000000
0.000000
0.000000
0.000000
0.000000
0.000000
0.000000
0.000000
0.000000
0.000000
0.000000
0.000000
0.000000
0.000000
0.000000
0.000000
0.000000
0.000000
0.000000
0.000000
0.000000
0.000000
0.000000
0.000000
0.000000
0.000000
0.000000
0.000000
0.000000
0.000000
0.000000
0.000000
0.000000
0.000000
0.000000
0.000000
0.000000
0.000000
0.000000
0.000000
0.000000
0.000000
0.000000
0.000000
0.000000
0.000000
0.000000
0.000000
0.000000
0.000000
0.000000
0.000000
0.000000
0.000000
0.000000
0.000000
0.000000
0.000000
0.000000
0.000000
0.000000
0.000000
0.000000
0.000000
0.000000
0.000000
0.000000
0.000000
0.000000
0.000000
0.000000
0.000000
0.000000
0.000000
0.000000
0.000000
0.000000
0.000000
0.000000
0.000000
0.000000
0.000000
0.000000
0.000000
0.000000
0.000000
0.000000
0.000000
0.000000
0.000000
0.000000
0.000000
0.000000
0.000000
0.000000
0.000000
0.000000
0.000000
0.000000
0.000000
0.000000
0.000000
0.000000
0.000000
0.000000
0.000000
0.000000
0.000000
0.000000
0.000000
0.000000
0.000000
0.000000
0.000000
0.000000
0.000000
0.000000
0.000000
0.000000
0.000000
0.000000
0.000000
0.000000
0.000000
0.000000
0.000000
0.000000
0.000000
0.000000
0.000000
0.000000
0.000000
0.000000
0.000000
0.000000
0.000000
0.000000
0.000000
0.000000
0.000000
0.000000
0.000000
0.000000
0.000000
0.000000
0.000000
0.000000
0.000000
0.000000
0.000000
0.000000
0.000000
0.000000
0.000000
0.000000
0.000000
0.000000
0.000000
0.000000
0.000000
0.000000
0.000000
0.000000
0.000000
0.000000
0.000000
0.000000
0.000000
0.000000
0.000000
0.000000
0.000000
0.000000
0.000000
0.000000
0.000000
0.000000
0.000000
0.000000
0.000000
0.000000
0.000000
0.000000
0.000000
0.000000
0.000000
0.000000
0.000000
0.000000
0.000000
0.000000
0.000000
0.000000
0.000000
0.000000
0.000000
0.000000
0.000000
0.000000
0.000000
0.000000
0.000000
0.000000
0.000000
0.000000
0.000000
0.000000
0.000000
0.000000
0.000000
0.000000
0.000000
0.000000
0.000000
0.000000
0.000000
0.000000
0.000000
0.000000
0.000000
0.000000
0.000000
0.000000
0.000000
0.000000
0.000000
0.000000
0.000000
0.000000
0.000000
0.000000
0.000000
0.000000
0.000000
0.000000
0.000000
0.000000
0.000000
0.000000
0.000000
0.000000
0.000000
0.000000
0.000000
0.000000
0.000000
0.000000
0.000000
0.000000
0.000000
0.000000
0.000000
0.000000
0.000000
0.000000
0.000000
0.000000
0.000000
0.000000
0.000000
0.000000
0.000000
0.000000
0.000000
0.000000
0.000000
0.000000
0.000000
0.000000
0.000000
0.000000
0.000000
0.000000
0.000000
0.000000
0.000000
0.000000
0.000000
0.000000
0.000000
0.000000
0.000000
0.000000
0.000000
0.000000
0.000000
0.000000
0.000000
0.000000
0.000000
0.000000
0.000000
0.000000
0.000000
0.000000
0.000000
0.000000
0.000000
0.000000
0.000000
0.000000
0.000000
0.000000
0.000000
0.000000
0.000000
0.000000
0.000000
0.000000
0.000000
0.000000
0.000000
0.000000
0.000000
0.000000
0.000000
0.000000
0.000000
0.000000
0.000000
0.000000
0.000000
0.000000
0.000000
0.000000
0.000000
0.000000
0.000000
0.000000
0.000000
0.000000
0.000000
0.000000
0.000000
0.000000
0.000000
0.000000
0.000000
0.000000
0.000000
0.000000
0.000000
0.000000
0.000000
0.000000
0.000000
0.000000
0.000000
0.000000
0.000000
0.000000
0.000000
0.000000
0.000000
0.000000
0.000000
0.000000
0.000000
0.000000
0.000000
0.000000
0.000000
0.000000
0.000000
0.000000
0.000000
0.000000
0.000000
0.000000
0.000000
0.000000
0.000000
0.000000
0.000000
0.000000
0.000000
0.000000
0.000000
0.000000
0.000000
0.000000
0.000000
0.000000
0.000000
0.000000
0.000000
0.000000
0.000000
0.000000
0.000000
0.000000
0.000000
0.000000
0.000000
0.000000
0.000000
0.000000
0.000000
0.000000
0.000000
0.000000
0.000000
0.000000
0.000000
0.000000
0.000000
0.000000
0.000000
0.000000
0.000000
0.000000
0.000000
0.000000
0.000000
0.000000
0.000000
0.000000
0.000000
0.000000
0.000000
0.000000
0.000000
0.000000
0.000000
0.000000
0.000000
0.000000
0.000000
0.000000
0.000000
0.000000
0.000000
0.000000
0.000000
0.000000
0.000000
0.000000
0.000000
0.000000
0.000000
0.000000
0.000000
0.000000
0.000000
0.000000
0.000000
0.000000
0.000000
0.000000
0.000000
0.000000
0.000000
0.000000
0.000000
0.000000
0.000000
0.000000
0.000000
0.000000
0.000000
0.000000
0.000000
0.000000
0.000000
0.000000
0.000000
0.000000
0.000000
0.000000
0.000000
0.000000
0.000000
0.000000
0.000000
0.000000
0.000000
0.000000
0.000000
0.000000
0.000000
0.000000
0.000000
0.000000
0.000000
0.000000
0.000000
0.000000
0.000000
0.000000
0.000000
0.000000
0.000000
0.000000
0.000000
0.000000
0.000000
0.000000
0.000000
0.000000
0.000000
0.000000
0.000000
0.000000
0.000000
0.000000
0.000000
0.000000
0.000000
0.000000
0.000000
0.000000
0.000000
0.000000
0.000000
0.000000
0.000000
0.000000
0.000000
0.000000
0.000000
0.000000
0.000000
0.000000
0.000000
0.000000
0.000000
0.000000
0.000000
0.000000
0.000000
0.000000
0.000000
0.000000
0.000000
0.000000
0.000000
0.000000
0.000000
0.000000
0.000000
0.000000
0.000000
0.000000
0.000000
0.000000
0.000000
0.000000
0.000000
0.000000
0.000000
0.000000
0.000000
0.000000
0.000000
0.000000
0.000000
0.000000
0.000000
0.000000
0.000000
0.000000
0.000000
0.000000
0.000000
0.000000
0.000000
0.000000
0.000000
0.000000
0.000000
0.000000
0.000000
0.000000
0.000000
0.000000
0.000000
0.000000
0.000000
0.000000
0.000000
0.000000
0.000000
0.000000
0.000000
0.000000
0.000000
0.000000
0.000000
0.000000
0.000000
0.000000
0.000000
0.000000
0.000000
0.000000
0.000000
0.000000
0.000000
0.000000
0.000000
0.000000
0.000000
0.000000
0.000000
0.000000
0.000000
0.000000
0.000000
0.000000
0.000000
0.000000
0.000000
0.000000
0.000000
0.000000
0.000000
0.000000
0.000000
0.000000
0.000000
0.000000
0.000000
0.000000
0.000000
0.000000
0.000000
0.000000
0.000000
0.000000
0.000000
0.000000
0.000000
0.000000
0.000000
0.000000
0.000000
0.000000
0.000000
0.000000
0.000000
0.000000
0.000000
0.000000
0.000000
0.000000
0.000000
0.000000
0.000000
0.000000
0.000000
0.000000
0.000000
0.000000
0.000000
0.000000
0.000000
0.000000
0.000000
0.000000
0.000000
0.000000
0.000000
0.000000
0.000000
0.000000
0.000000
0.000000
0.000000
0.000000
0.000000
0.000000
0.000000
0.000000
0.000000
0.000000
0.000000
0.000000
0.000000
0.000000
0.000000
0.000000
0.000000
0.000000
0.000000
0.000000
0.000000
0.000000
0.000000
0.000000
0.000000
0.000000
0.000000
0.000000
0.000000
0.000000
0.000000
0.000000
0.000000
0.000000
0.000000
0.000000
0.000000
0.000000
0.000000
0.000000
0.000000
0.000000
0.000000
0.000000
0.000000
0.000000
0.000000
0.000000
0.000000
0.000000
0.000000
0.000000
0.000000
0.000000
0.000000
0.000000
0.000000
0.000000
0.000000
0.000000
0.000000
0.000000
0.000000
0.000000
0.000000
0.000000
0.000000
0.000000
0.000000
0.000000
0.000000
0.000000
0.000000
0.000000
0.000000
0.000000
0.000000
0.000000
0.000000
0.000000
0.000000
0.000000
0.000000
0.000000
0.000000
0.000000
0.000000
0.000000
0.000000
0.000000
0.000000
0.000000
0.000000
0.000000
0.000000
0.000000
0.000000
0.000000
0.000000
0.000000
0.000000
0.000000
0.000000
0.000000
0.000000
0.000000
0.000000
0.000000
0.000000
0.000000
0.000000
0.000000
0.000000
0.000000
0.000000
0.000000
0.000000
0.000000
0.000000
0.000000
0.000000
0.000000
0.000000
0.000000
0.000000
0.000000
0.000000
0.000000
0.000000
0.000000
0.000000
0.000000
0.000000
0.000000
0.000000
0.000000
0.000000
0.000000
0.000000
0.000000
0.000000
0.000000
0.000000
0.000000
0.000000
0.000000
0.000000
0.000000
0.000000
0.000000
0.000000
0.000000
0.000000
0.000000
0.000000
0.000000
0.000000
0.000000
0.000000
0.000000
0.000000
0.000000
0.000000
0.000000
0.000000
0.000000
0.000000
0.000000
0.000000
0.000000
0.000000
0.000000
0.000000
0.000000
0.000000
0.000000
0.000000
0.000000
0.000000
0.000000
0.000000
0.000000
0.000000
0.000000
0.000000
0.000000
0.000000
0.000000
0.000000
0.000000
0.000000
0.000000
0.000000
0.000000
0.000000
0.000000
0.000000
0.000000
0.000000
0.000000
0.000000
0.000000
0.000000
0.000000
0.000000
0.000000
0.000000
0.000000
0.000000
0.000000
0.000000
0.000000
0.000000
0.000000
0.000000
0.000000
0.000000
0.000000
0.000000
0.000000
0.000000
0.000000
0.000000
0.000000
0.000000
0.000000
0.000000
0.000000
0.000000
0.000000
0.000000
0.000000
0.000000
0.000000
0.000000
0.000000
0.000000
0.000000
0.000000
0.000000
0.000000
0.000000
0.000000
0.000000
0.000000
0.000000
0.000000
0.000000
0.000000
0.000000
0.000000
0.000000
0.000000
0.000000
0.000000
0.000000
0.000000
0.000000
0.000000
0.000000
0.000000
0.000000
0.000000
0.000000
0.000000
0.000000
0.000000
0.000000
0.000000
0.000000
0.000000
0.000000
0.000000
0.000000
0.000000
0.000000
0.000000
0.000000
0.000000
0.000000
0.000000
0.000000
0.000000
0.000000
0.000000
0.000000
0.000000
0.000000
0.000000
0.000000
0.000000
0.000000
0.000000
0.000000
0.000000
0.000000
0.000000
0.000000
0.000000
0.000000
0.000000
0.000000
0.000000
0.000000
0.000000
0.000000
0.000000
0.000000
0.000000
0.000000
0.000000
0.000000
0.000000
0.000000
0.000000
0.000000
0.000000
0.000000
0.000000
0.000000
0.000000
0.000000
0.000000
0.000000
0.000000
0.000000
0.000000
0.000000
0.000000
0.000000
0.000000
0.000000
0.000000
0.000000
0.000000
0.000000
0.000000
0.000000
0.000000
0.000000
0.000000
0.000000
0.000000
0.000000
0.000000
0.000000
0.000000
0.000000
0.000000
0.000000
0.000000
0.000000
0.000000
0.000000
0.000000
0.000000
0.000000
0.000000
0.000000
0.000000
0.000000
0.000000
0.000000
0.000000
0.000000
0.000000
0.000000
0.000000
0.000000
0.000000
0.000000
0.000000
0.000000
0.000000
0.000000
0.000000
0.000000
0.000000
0.000000
0.000000
0.000000
0.000000
0.000000
0.000000
0.000000
0.000000
0.000000
0.000000
0.000000
0.000000
0.000000
0.000000
0.000000
0.000000
0.000000
0.000000
0.000000
0.000000
0.000000
0.000000
0.000000
0.000000
0.000000
0.000000
0.000000
0.000000
0.000000
0.000000
0.000000
0.000000
0.000000
0.000000
0.000000
0.000000
0.000000
0.000000
0.000000
0.000000
0.000000
0.000000
0.000000
0.000000
0.000000
0.000000
0.000000
0.000000
0.000000
0.000000
0.000000
0.000000
0.000000
0.000000
0.000000
0.000000
0.000000
0.000000
0.000000
0.000000
0.000000
0.000000
0.000000
0.000000
0.000000
0.000000
0.000000
0.000000
0.000000
0.000000
0.000000
0.000000
0.000000
0.000000
0.000000
0.000000
0.000000
0.000000
0.000000
0.000000
0.000000
0.000000
0.000000
0.000000
0.000000
0.000000
0.000000
0.000000
0.000000
0.000000
0.000000
0.000000
0.000000
0.000000
0.000000
0.000000
0.000000
0.000000
0.000000
0.000000
0.000000
0.000000
0.000000
0.000000
0.000000
0.000000
0.000000
0.000000
0.000000
0.000000
0.000000
0.000000
0.000000
0.000000
0.000000
0.000000
0.000000
0.000000
0.000000
0.000000
0.000000
0.000000
0.000000
0.000000
0.000000
0.000000
0.000000
0.000000
0.000000
0.000000
0.000000
0.000000
0.000000
0.000000
0.000000
0.000000
0.000000
0.000000
0.000000
0.000000
0.000000
0.000000
0.000000
0.000000
0.000000
0.000000
0.000000
0.000000
0.000000
0.000000
0.000000
0.000000
0.000000
0.000000
0.000000
0.000000
0.000000
0.000000
0.000000
0.000000
0.000000
0.000000
0.000000
0.000000
0.000000
0.000000
0.000000
0.000000
0.000000
0.000000
0.000000
0.000000
0.000000
0.000000
0.000000
0.000000
0.000000
0.000000
0.000000
0.000000
0.000000
0.000000
0.000000
0.000000
0.000000
0.000000
0.000000
0.000000
0.000000
0.000000
0.000000
0.000000
0.000000
0.000000
0.000000
0.000000
0.000000
0.000000
0.000000
0.000000
0.000000
0.000000
0.000000
0.000000
0.000000
0.000000
0.000000
0.000000
0.000000
0.000000
0.000000
0.000000
0.000000
0.000000
0.000000
0.000000
0.000000
0.000000
0.000000
0.000000
0.000000
0.000000
0.000000
0.000000
0.000000
0.000000
0.000000
0.000000
0.000000
0.000000
0.000000
0.000000
0.000000
0.000000
0.000000
0.000000
0.000000
0.000000
0.000000
0.000000
0.000000
0.000000
0.000000
0.000000
0.000000
0.000000
0.000000
0.000000
0.000000
0.000000
0.000000
0.000000
0.000000
0.000000
0.000000
0.000000
0.000000
0.000000
0.000000
0.000000
0.000000
0.000000
0.000000
0.000000
0.000000
0.000000
0.000000
0.000000
0.000000
0.000000
0.000000
0.000000
0.000000
0.000000
0.000000
0.000000
0.000000
0.000000
0.000000
0.000000
0.000000
0.000000
0.000000
0.000000
0.000000
0.000000
0.000000
0.000000
0.000000
0.000000
0.000000
0.000000
0.000000
0.000000
0.000000
0.000000
0.000000
0.000000
0.000000
0.000000
0.000000
0.000000
0.000000
0.000000
0.000000
0.000000
0.000000
0.000000
0.000000
0.000000
0.000000
0.000000
0.000000
0.000000
0.000000
0.000000
0.000000
0.000000
0.000000
0.000000
0.000000
0.000000
0.000000
0.000000
0.000000
0.000000
0.000000
0.000000
0.000000
0.000000
0.000000
0.000000
0.000000
0.000000
0.000000
0.000000
0.000000
0.000000
0.000000
0.000000
0.000000
0.000000
0.000000
0.000000
0.000000
0.000000
0.000000
0.000000
0.000000
0.000000
0.000000
0.000000
0.000000
0.000000
0.000000
0.000000
0.000000
0.000000
0.000000
0.000000
0.000000
0.000000
0.000000
0.000000
0.000000
0.000000
0.000000
0.000000
0.000000
0.000000
0.000000
0.000000
0.000000
0.000000
0.000000
0.000000
0.000000
0.000000
0.000000
0.000000
0.000000
0.000000
0.000000
0.000000
0.000000
0.000000
0.000000
0.000000
0.000000
0.000000
0.000000
0.000000
0.000000
0.000000
0.000000
0.000000
0.000000
0.000000
0.000000
0.000000
0.000000
0.000000
0.000000
0.000000
0.000000
0.000000
0.000000
0.000000
0.000000
0.000000
0.000000
0.000000
0.000000
