-0.001005
-0.000918
0.001365
0.001876
-0.000357
-0.001049
-0.000094
0.000957
0.000724
-0.000037
-0.000072
0.000683
0.000648
0.000175
0.000352
0.000226
0.000602
-0.000088
0.000391
0.000919
0.000738
0.000121
0.000009
0.000282
0.000947
0.000564
0.001743
0.001569
0.000716
0.001226
0.000958
0.000988
0.000983
0.000875
0.001717
0.001999
0.001083
0.000559
0.000261
0.000372
0.000313
-0.000065
-0.000396
-0.000418
-0.000543
-0.000501
0.000320
0.000870
-0.001206
-0.002908
-0.001673
0.002169
0.002476
-0.000006
-0.000475
0.000884
0.001015
0.000043
-0.000022
0.000173
-0.000008
-0.000835
-0.001304
0.000497
0.000724
0.000442
0.000661
-0.000819
-0.001959
-0.004073
-0.009524
-0.020533
-0.032956
-0.039702
-0.039988
-0.039752
-0.048410
-0.065535
-0.080609
-0.087457
-0.089352
-0.087767
-0.081346
-0.069380
-0.053351
-0.038145
-0.026970
-0.016201
-0.006052
0.002322
0.011480
0.029474
0.047157
0.052441
0.050937
0.057399
0.062551
0.061161
0.052485
0.047924
0.046816
0.047582
0.035779
0.025210
0.019032
0.023000
0.025068
0.022818
0.016244
0.014409
0.018485
0.016456
0.012601
0.011914
0.011572
0.009618
0.007695
0.007763
0.007327
0.007351
0.007337
0.005902
0.004999
0.003633
0.003264
0.003000
0.003234
0.002855
0.002652
0.002411
0.001561
0.001603
0.002254
0.002119
0.001421
0.001495
0.001139
0.003084
0.010011
0.021172
0.028091
0.027798
0.027895
0.032832
0.039409
0.044583
0.049060
0.050299
0.050666
0.056583
0.061314
0.062348
0.062751
0.067894
0.073044
0.072065
0.063716
0.057735
0.061368
0.064936
0.056367
0.042428
0.035910
0.037627
0.038110
0.031150
0.023242
0.019799
0.019949
0.020186
0.016709
0.012477
0.010234
0.010679
0.012868
0.011344
0.007425
0.005939
0.005380
0.006088
0.007393
0.006549
0.004845
0.003567
0.002830
0.002646
0.003269
0.003601
0.002873
0.002520
0.001678
0.000432
0.000909
0.001309
0.001145
0.001203
0.001314
0.000796
0.000534
0.001976
0.005742
0.008063
0.009690
0.011479
0.013515
0.016151
0.019495
0.024346
0.025926
0.024984
0.026449
0.030774
0.032910
0.030241
0.022340
0.015369
0.013081
0.010066
0.002755
-0.003791
-0.005926
-0.008521
-0.014607
-0.020278
-0.022969
-0.023162
-0.026633
-0.032982
-0.031942
-0.024150
-0.017879
-0.014281
-0.010644
-0.004633
0.001527
0.004806
0.007067
0.010162
0.014135
0.022581
0.029949
0.029512
0.026589
0.026784
0.032898
0.038635
0.041947
0.044101
0.044874
0.044648
0.044799
0.045199
0.046037
0.047616
0.050705
0.050369
0.042493
0.033834
0.030415
0.030471
0.026424
0.016419
0.007196
0.004146
0.002266
-0.003760
-0.012182
-0.016532
-0.017502
-0.019747
-0.027040
-0.031950
-0.031710
-0.030816
-0.033839
-0.041383
-0.043801
-0.035747
-0.025027
-0.019472
-0.018104
-0.012237
-0.002874
0.001685
0.003466
0.006673
0.012332
0.019456
0.024058
0.023954
0.024903
0.030655
0.035721
0.037837
0.038208
0.039677
0.043978
0.045493
0.045138
0.044753
0.043487
0.044245
0.048046
0.056450
0.054656
0.042455
0.031388
0.028586
0.026193
0.019011
0.011543
0.008040
0.003783
-0.002916
-0.007596
-0.009430
-0.012535
-0.019304
-0.025457
-0.027285
-0.028082
-0.029754
-0.028979
-0.036960
-0.043084
-0.041917
-0.032438
-0.022724
-0.019467
-0.019398
-0.013795
-0.004801
0.001790
0.004568
0.008393
0.013869
0.019114
0.023324
0.025979
0.027556
0.030485
0.036124
0.040738
0.040784
0.039827
0.042167
0.044796
0.046393
0.045561
0.048015
0.054230
0.055305
0.049387
0.043806
0.042438
0.042490
0.037918
0.026603
0.017347
0.012403
0.008530
0.001895
-0.004815
-0.008409
-0.009770
-0.015294
-0.021266
-0.025553
-0.026359
-0.020878
-0.015564
-0.012626
-0.007758
-0.002109
0.001766
0.005229
0.008708
0.014507
0.018788
0.020250
0.022682
0.026638
0.029813
0.028950
0.022796
0.016725
0.012793
0.008231
0.002026
-0.001998
-0.004344
-0.008558
-0.014920
-0.019197
-0.020448
-0.020943
-0.024297
-0.031411
-0.028373
-0.018867
-0.011549
-0.009312
-0.008297
-0.002711
0.003526
0.007272
0.010493
0.014715
0.019693
0.025254
0.028002
0.028436
0.030929
0.035087
0.035607
0.032445
0.032457
0.040593
0.054878
0.057368
0.047484
0.041598
0.047497
0.058668
0.051891
0.048626
0.039839
0.037321
0.034876
0.026500
0.016626
0.011171
0.007475
0.003146
-0.003495
-0.008503
-0.011737
-0.015108
-0.018260
-0.023119
-0.029083
-0.025902
-0.017660
-0.013906
-0.011682
-0.006835
-0.000759
0.003224
0.006081
0.009623
0.013662
0.018744
0.025241
0.029890
0.030956
0.032290
0.032375
0.030873
0.027810
0.025731
0.024598
0.018865
0.011382
0.006063
0.001857
-0.001897
-0.006775
-0.013513
-0.018049
-0.019756
-0.020095
-0.022227
-0.029845
-0.038526
-0.035930
-0.025222
-0.018032
-0.015607
-0.013626
-0.006908
0.000362
0.004106
0.006971
0.011338
0.019135
0.025263
0.025834
0.025251
0.027615
0.033294
0.042124
0.054879
0.070098
0.074807
0.070384
0.069434
0.080776
0.093855
0.120455
0.108260
0.108459
0.105815
0.119572
0.138917
0.145083
0.135001
0.127780
0.133078
0.143541
0.154149
0.154720
0.138168
0.112888
0.091779
0.080651
0.073790
0.064318
0.054353
0.047079
0.041569
0.036262
0.030375
0.027610
0.030333
0.030639
0.024961
0.017321
0.012251
0.010032
0.009320
0.008441
0.005216
0.002014
-0.001168
-0.003187
-0.004562
-0.005814
-0.007525
-0.008256
-0.008218
-0.008347
-0.008620
-0.011317
-0.013724
-0.012656
-0.011337
-0.011205
-0.011124
-0.013024
-0.013318
-0.010575
-0.009419
-0.010685
-0.011377
-0.010827
-0.011681
-0.011159
-0.009681
-0.008810
-0.008323
-0.009445
-0.009934
-0.009105
-0.008299
-0.008195
-0.008540
-0.007859
-0.007337
-0.009234
-0.012134
-0.011688
-0.010646
-0.011275
-0.013051
-0.013062
-0.012259
-0.012299
-0.013088
-0.014291
-0.015234
-0.014596
-0.013811
-0.012813
-0.013148
-0.016375
-0.017834
-0.015331
-0.013617
-0.012289
-0.011614
-0.013339
-0.014167
-0.012353
-0.010554
-0.009694
-0.009561
-0.012098
-0.014496
-0.014114
-0.011506
-0.009978
-0.010406
-0.013743
-0.014971
-0.012311
-0.010897
-0.010740
-0.011980
-0.013427
-0.012734
-0.011054
-0.011525
-0.013040
-0.013162
-0.011857
-0.010909
-0.010538
-0.010624
-0.010526
-0.011817
-0.015139
-0.014879
-0.012297
-0.010060
-0.009404
-0.011658
-0.016899
-0.017384
-0.014444
-0.011839
-0.010090
-0.012758
-0.017743
-0.017879
-0.015275
-0.012730
-0.011670
-0.012888
-0.016056
-0.015948
-0.014106
-0.012458
-0.011866
-0.014352
-0.015891
-0.014377
-0.013187
-0.012586
-0.013101
-0.014175
-0.013684
-0.011913
-0.010514
-0.010480
-0.011765
-0.016087
-0.020590
-0.019994
-0.014863
-0.009053
-0.007304
-0.010936
-0.015402
-0.013703
-0.009963
-0.009165
-0.012228
-0.014216
-0.013890
-0.014083
-0.016364
-0.016920
-0.015611
-0.015377
-0.015628
-0.013785
-0.011519
-0.009914
-0.011358
-0.012084
-0.010767
-0.009386
-0.008984
-0.007990
-0.008528
-0.011367
-0.012165
-0.010396
-0.009916
-0.010314
-0.012639
-0.014731
-0.013019
-0.010669
-0.010362
-0.011507
-0.013549
-0.016050
-0.015301
-0.013245
-0.011435
-0.010558
-0.013232
-0.017467
-0.016270
-0.012586
-0.009608
-0.008315
-0.011041
-0.015000
-0.013696
-0.011259
-0.010990
-0.011071
-0.011440
-0.012643
-0.012566
-0.010918
-0.009134
-0.008525
-0.010728
-0.014182
-0.014380
-0.010695
-0.008050
-0.008599
-0.011752
-0.015583
-0.015723
-0.014523
-0.014259
-0.014767
-0.015971
-0.015471
-0.013590
-0.012515
-0.012100
-0.012293
-0.014514
-0.015827
-0.013829
-0.010375
-0.008400
-0.008707
-0.013303
-0.016880
-0.014607
-0.011175
-0.009798
-0.010626
-0.014556
-0.016164
-0.014047
-0.012619
-0.012042
-0.012825
-0.016325
-0.017377
-0.015086
-0.012655
-0.011545
-0.012100
-0.013218
-0.012874
-0.012344
-0.011718
-0.010364
-0.011222
-0.013020
-0.011336
-0.009262
-0.010688
-0.018348
-0.026189
-0.029589
-0.033193
-0.041519
-0.048699
-0.055238
-0.070005
-0.083439
-0.085457
-0.083533
-0.093314
-0.105523
-0.108249
-0.108642
-0.119161
-0.129939
-0.132942
-0.140657
-0.149371
-0.153545
-0.155395
-0.144815
-0.126063
-0.107245
-0.096812
-0.087934
-0.075303
-0.061153
-0.052845
-0.051916
-0.049335
-0.039748
-0.027521
-0.021255
-0.020789
-0.018505
-0.012257
-0.006985
-0.004879
-0.004055
-0.001896
0.001575
0.003950
0.004395
0.005688
0.007255
0.008631
0.008965
0.009538
0.010013
0.010180
0.009747
0.011398
0.014000
0.017333
0.018398
0.017018
0.014123
0.011656
0.012764
0.017271
0.021229
0.020990
0.018262
0.015753
0.013581
0.012652
0.014473
0.017177
0.017661
0.014789
0.011978
0.011471
0.012421
0.017312
0.021674
0.020929
0.017300
0.015145
0.015004
0.016514
0.017156
0.015901
0.015527
0.016285
0.017311
0.016396
0.015027
0.016209
0.020440
0.022077
0.020085
0.017313
0.014417
0.012900
0.014871
0.019183
0.021312
0.020213
0.017770
0.015897
0.014961
0.017656
0.021741
0.022407
0.019190
0.016679
0.015295
0.014794
0.016737
0.018852
0.018403
0.016116
0.015241
0.017085
0.019442
0.018221
0.014966
0.015146
0.019077
0.018875
0.015716
0.012712
0.013051
0.017575
0.020101
0.019152
0.016643
0.014324
0.012436
0.012665
0.015728
0.020468
0.021690
0.019456
0.017324
0.017140
0.017177
0.017037
0.017562
0.017832
0.018573
0.018245
0.019000
0.018956
0.017854
0.019805
0.022391
0.021754
0.018995
0.016595
0.014374
0.014600
0.018267
0.020986
0.021022
0.018735
0.015776
0.013610
0.013799
0.017767
0.022434
0.022740
0.020349
0.018709
0.017763
0.016613
0.016411
0.016461
0.016152
0.015272
0.013810
0.011665
0.010857
0.011472
0.015553
0.018908
0.018105
0.015689
0.014826
0.014189
0.017355
0.022532
0.024895
0.023854
0.020146
0.016487
0.014118
0.013993
0.018799
0.023476
0.022616
0.018584
0.016127
0.015710
0.015705
0.015842
0.014940
0.014186
0.014875
0.015381
0.015248
0.015953
0.017443
0.021178
0.022777
0.020348
0.016830
0.012996
0.010642
0.013788
0.016904
0.017218
0.015043
0.013915
0.014894
0.016893
0.023307
0.034484
0.042876
0.045194
0.050682
0.063766
0.071910
0.072068
0.076425
0.091560
0.103046
0.128747
0.120422
0.103255
0.104246
0.121362
0.134793
0.127161
0.114144
0.111217
0.123588
0.146177
0.156927
0.140560
0.110412
0.083159
0.069974
0.065797
0.060290
0.049241
0.038882
0.031948
0.027706
0.022977
0.017929
0.015254
0.011733
0.009011
0.004553
0.001548
-0.000291
-0.001386
-0.003799
-0.006458
-0.008707
-0.010078
-0.010421
-0.011781
-0.015567
-0.019299
-0.019719
-0.017096
-0.015719
-0.018545
-0.022714
-0.023420
-0.022683
-0.021920
-0.022210
-0.022927
-0.022326
-0.021679
-0.021554
-0.019539
-0.020542
-0.025868
-0.028776
-0.027932
-0.023143
-0.019635
-0.022481
-0.028032
-0.030778
-0.027727
-0.022743
-0.022301
-0.026461
-0.029078
-0.028188
-0.024247
-0.021527
-0.023584
-0.026954
-0.027984
-0.026002
-0.021751
-0.021804
-0.027220
-0.030422
-0.029643
-0.025538
-0.021702
-0.023064
-0.027818
-0.030660
-0.029221
-0.024946
-0.023179
-0.025600
-0.025265
-0.023670
-0.021729
-0.021223
-0.024634
-0.026895
-0.025396
-0.024236
-0.021574
-0.020989
-0.026741
-0.034857
-0.037488
-0.032857
-0.025311
-0.022392
-0.023356
-0.025106
-0.025942
-0.024356
-0.023613
-0.025229
-0.026458
-0.025354
-0.023011
-0.021809
-0.025620
-0.029425
-0.030443
-0.028545
-0.024732
-0.021865
-0.025764
-0.031540
-0.032823
-0.028212
-0.023105
-0.023561
-0.026220
-0.025690
-0.023659
-0.022430
-0.023827
-0.030135
-0.034047
-0.029961
-0.023324
-0.024946
-0.039710
-0.058697
-0.066851
-0.061895
-0.061445
-0.073541
-0.085540
-0.089634
-0.091498
-0.100894
-0.108078
-0.098585
-0.080707
-0.072693
-0.080555
-0.090191
-0.095256
-0.098306
-0.101024
-0.101609
-0.103369
-0.115134
-0.129742
-0.135165
-0.126613
-0.108811
-0.089244
-0.067106
-0.047274
-0.033214
-0.021065
-0.008173
0.004852
0.015870
0.025840
0.039061
0.049658
0.055754
0.061873
0.072008
0.083211
0.091380
0.093186
0.093355
0.099534
0.117889
0.141344
0.146163
0.135227
0.116577
0.102421
0.098974
0.101333
0.091623
0.069072
0.053482
0.050466
0.052285
0.050792
0.042322
0.031955
0.026368
0.026224
0.026427
0.022524
0.017458
0.014109
0.015859
0.017976
0.015057
0.010425
0.008356
0.007333
0.007348
0.008249
0.009366
0.008603
0.004115
-0.002415
-0.003324
0.004462
0.011774
0.008475
0.002043
0.001665
0.003140
0.003178
0.002351
0.000810
0.001733
0.001716
0.000386
-0.000000
0.000825
0.000845
0.000919
0.000756
-0.000409
-0.000570
0.000211
0.000617
0.000383
0.000524
0.000199
-0.000224
-0.003117
-0.009849
-0.019761
-0.028887
-0.034390
-0.036264
-0.040871
-0.056602
-0.077814
-0.086986
-0.083178
-0.086855
-0.097477
-0.102422
-0.103893
-0.115443
-0.129936
-0.133100
-0.135922
-0.143180
-0.145750
-0.146230
-0.145887
-0.122453
-0.109653
-0.078036
-0.057255
-0.044841
-0.031220
-0.016304
-0.003390
0.008639
0.020348
0.029377
0.038006
0.049490
0.057156
0.054030
0.048316
0.044325
0.046550
0.047974
0.040748
0.032624
0.030145
0.028134
0.023852
0.020157
0.021180
0.023509
0.019655
0.013869
0.011523
0.010861
0.010265
0.010923
0.010716
0.009101
0.007346
0.005367
0.004450
0.005075
0.006035
0.005135
0.004283
0.003973
0.002743
0.002205
0.002715
0.003088
0.002251
0.001601
0.001363
0.000014
-0.003656
-0.010973
-0.019665
-0.025624
-0.031893
-0.035902
-0.044816
-0.059484
-0.074249
-0.067113
-0.055739
-0.033378
-0.023836
-0.018445
-0.008065
0.004262
0.015052
0.023753
0.032955
0.040871
0.049479
0.062755
0.073481
0.078978
0.084270
0.095133
0.113005
0.123140
0.117876
0.106521
0.096414
0.084759
0.070626
0.052090
0.035521
0.024015
0.013633
0.001917
-0.007845
-0.018733
-0.033329
-0.040305
-0.033269
-0.020739
-0.012388
-0.007619
0.000131
0.009721
0.016982
0.023981
0.034353
0.044350
0.059262
0.061087
0.057331
0.055016
0.056289
0.052796
0.035983
0.022012
0.012872
0.008014
-0.000692
-0.011921
-0.021355
-0.027512
-0.021218
-0.009713
-0.001671
0.004166
0.011895
0.022015
0.030944
0.038086
0.046108
0.058842
0.069283
0.074376
0.077900
0.089022
0.104085
0.109588
0.104787
0.100804
0.103656
0.109289
0.102456
0.080485
0.065069
0.064334
0.062019
0.050362
0.040507
0.041421
0.052845
0.068536
0.073665
0.069624
0.072280
0.086268
0.098996
0.100939
0.101124
0.108328
0.119585
0.127193
0.127827
0.125119
0.128656
0.132137
0.119359
0.091877
0.059772
0.043424
0.039009
0.026166
0.009308
-0.002635
-0.011078
-0.022218
-0.034079
-0.041503
-0.042668
-0.046665
-0.062875
-0.085336
-0.094046
-0.092940
-0.092700
-0.100840
-0.118051
-0.130642
-0.131415
-0.131017
-0.138879
-0.146789
-0.147696
-0.146564
-0.148804
-0.149062
-0.144003
-0.142453
-0.148473
-0.147821
-0.139270
-0.127454
-0.107395
-0.070434
-0.048490
-0.033592
-0.023857
-0.008713
0.009075
0.024417
0.034426
0.040188
0.045742
0.056990
0.074273
0.082190
0.080841
0.082944
0.098110
0.113179
0.116281
0.117670
0.128237
0.144396
0.148781
0.144794
0.144621
0.148720
0.154870
0.164895
0.169551
0.163749
0.157356
0.146972
0.124989
0.093282
0.069508
0.055436
0.042695
0.026534
0.011131
-0.000496
-0.010096
-0.018064
-0.029800
-0.044987
-0.053223
-0.054129
-0.055685
-0.066548
-0.080922
-0.105399
-0.103973
-0.097101
-0.088582
-0.077638
-0.066571
-0.061669
-0.060190
-0.054365
-0.044824
-0.041232
-0.045944
-0.066938
-0.078718
-0.076179
-0.075860
-0.084736
-0.090828
-0.091182
-0.096941
-0.113551
-0.121020
-0.112348
-0.096900
-0.083402
-0.076301
-0.066745
-0.058526
-0.051805
-0.045092
-0.038487
-0.031554
-0.027741
-0.032816
-0.034673
-0.026658
-0.017965
-0.014844
-0.017583
-0.019380
-0.014446
-0.009239
-0.008457
-0.009281
-0.010283
-0.008417
-0.004807
-0.004066
-0.005159
-0.004925
-0.003503
-0.002465
-0.002082
-0.001984
-0.001889
-0.002150
-0.002368
-0.001759
-0.000358
0.000188
-0.001033
-0.002217
-0.001444
-0.000570
-0.000260
-0.000071
-0.000268
-0.000355
-0.000816
-0.000905
-0.000199
0.000288
0.000305
-0.000268
-0.000816
-0.000445
-0.000295
0.000245
0.000726
-0.000017
-0.000555
-0.000396
-0.000237
0.000026
0.000017
0.000386
0.000308
-0.000212
-0.002302
-0.001011
0.001526
0.000608
-0.000693
-0.000919
0.000062
0.000229
0.000011
0.000352
-0.000121
-0.001242
-0.001160
-0.000436
-0.000186
-0.000547
-0.000132
-0.000518
0.000083
-0.000190
0.000127
0.001719
0.001754
0.000725
0.000282
0.000542
0.000253
0.000235
0.000807
0.000455
-0.000500
-0.000305
0.000078
0.000382
0.000251
0.000436
0.000087
-0.001092
-0.000841
0.001494
0.002443
0.000614
-0.000595
0.000079
0.000221
-0.000243
0.000017
0.000666
0.000318
-0.000213
-0.001384
-0.000767
-0.000082
0.000001
0.000137
0.000185
0.000129
-0.000062
-0.000274
0.000485
0.000452
-0.000177
-0.000569
-0.000568
-0.000300
0.000103
-0.000013
0.000020
-0.000055
-0.000378
-0.000456
-0.000204
-0.000363
-0.002409
-0.007572
-0.013946
-0.020907
-0.032257
-0.046927
-0.054129
-0.054114
-0.055301
-0.066111
-0.083174
-0.098297
-0.102824
-0.102633
-0.104950
-0.111008
-0.119802
-0.134712
-0.144163
-0.141366
-0.138790
-0.141928
-0.151185
-0.161823
-0.167964
-0.165816
-0.160834
-0.153232
-0.133504
-0.104388
-0.070084
-0.050195
-0.038653
-0.028035
-0.014224
0.000869
0.013947
0.024723
0.032513
0.041958
0.055959
0.067301
0.072533
0.076859
0.085746
0.092958
0.117187
0.113360
0.105090
0.110892
0.125617
0.129145
0.115201
0.090342
0.069066
0.056435
0.043743
0.028138
0.014656
0.004545
-0.004945
-0.015190
-0.025258
-0.036662
-0.045109
-0.057507
-0.073356
-0.080337
-0.076392
-0.077164
-0.092471
-0.110543
-0.115035
-0.112986
-0.112129
-0.120263
-0.135866
-0.152465
-0.156313
-0.150884
-0.143770
-0.139095
-0.133188
-0.122797
-0.107667
-0.091891
-0.077760
-0.069125
-0.064072
-0.056162
-0.045504
-0.036904
-0.034654
-0.037791
-0.034238
-0.025368
-0.019407
-0.019246
-0.022004
-0.020163
-0.013449
-0.010433
-0.011176
-0.011677
-0.010155
-0.007865
-0.005825
-0.006009
-0.006390
-0.005865
-0.005358
-0.004152
-0.003139
-0.003413
-0.004196
-0.002164
-0.003582
-0.002120
0.000536
-0.000613
-0.001364
-0.000926
-0.000693
-0.000675
-0.001100
-0.000987
-0.001827
-0.001851
-0.001922
-0.001301
-0.000006
0.000558
-0.000219
-0.001105
-0.000553
-0.000595
-0.000824
-0.000274
0.000041
-0.000369
-0.000710
-0.000066
0.000024
0.000450
0.001049
0.000947
0.001022
0.004371
0.013695
0.026165
0.032354
0.034352
0.041009
0.057745
0.070303
0.072431
0.072917
0.080417
0.096263
0.108241
0.108815
0.108691
0.118424
0.130265
0.137738
0.140527
0.140080
0.145051
0.154363
0.151460
0.130452
0.106107
0.094710
0.083717
0.068707
0.055568
0.051837
0.057205
0.057623
0.043839
0.031498
0.028299
0.030589
0.029633
0.024044
0.018209
0.015987
0.016579
0.015522
0.012073
0.009228
0.008032
0.009841
0.012333
0.010829
0.007966
0.007097
0.005846
0.001438
-0.001252
0.004915
0.008702
0.004524
0.000402
0.000319
0.002824
0.004230
0.002923
0.001150
0.000505
0.001025
0.000896
0.000717
0.000434
0.000764
0.000052
-0.000756
-0.001964
-0.006372
-0.014691
-0.021304
-0.026389
-0.030654
-0.035854
-0.049951
-0.069561
-0.068560
-0.070777
-0.072658
-0.087195
-0.103582
-0.108956
-0.109946
-0.114770
-0.124959
-0.133438
-0.142819
-0.148940
-0.149260
-0.150320
-0.149024
-0.135631
-0.119540
-0.105743
-0.091123
-0.073653
-0.062896
-0.062374
-0.061848
-0.051224
-0.038201
-0.034420
-0.035003
-0.029356
-0.021661
-0.020218
-0.033595
-0.043869
-0.030475
-0.002566
0.013812
0.006211
-0.011449
-0.015239
-0.003566
0.004177
-0.002187
-0.008008
-0.006556
-0.003740
-0.003455
-0.003790
-0.002466
-0.001539
-0.001685
-0.001720
-0.002489
-0.002842
-0.001221
-0.000880
-0.001380
-0.001867
-0.001709
-0.001413
-0.000652
-0.000227
-0.001425
-0.001068
0.001270
0.007441
0.012763
0.015891
0.017042
0.019905
0.025993
0.035645
0.046516
0.048398
0.044143
0.045090
0.053200
0.058381
0.057314
0.056334
0.060920
0.073431
0.080001
0.071504
0.062410
0.064328
0.078910
0.088028
0.081737
0.074209
0.072957
0.073972
0.075877
0.081726
0.094889
0.097368
0.083030
0.073542
0.079622
0.090231
0.089000
0.077836
0.072145
0.069178
0.065096
0.062304
0.062273
0.061841
0.052178
0.040516
0.034479
0.035152
0.034273
0.029757
0.023721
0.022596
0.023070
0.019344
0.014582
0.012439
0.010495
0.010527
0.013077
0.012487
0.009205
0.006472
0.004691
0.004859
0.005917
0.005654
0.004749
0.005573
0.003440
-0.000408
0.000128
0.005117
0.005468
0.001967
0.000639
0.001845
0.002030
0.001162
0.000850
0.000702
0.000884
0.000906
0.002013
0.002824
0.004087
0.004793
0.005376
0.006295
0.007322
0.007911
0.009203
0.011689
0.012549
0.011599
0.010616
0.011697
0.013734
0.014245
0.013914
0.012472
0.014234
0.015967
0.016575
0.015051
0.014378
0.015132
0.015478
0.015576
0.014516
0.014497
0.014807
0.015457
0.017907
0.017590
0.015301
0.014899
0.015507
0.014356
0.015945
0.018709
0.017967
0.016248
0.015568
0.015554
0.016349
0.018633
0.022637
0.024099
0.020763
0.018976
0.020565
0.020586
0.017576
0.016065
0.017734
0.020088
0.019312
0.016719
0.015354
0.015921
0.019634
0.023238
0.020004
0.015829
0.016451
0.017824
0.017866
0.018277
0.018549
0.017652
0.017470
0.018436
0.017903
0.017434
0.018121
0.019823
0.018980
0.014839
0.015185
0.017392
0.018630
0.017971
0.017329
0.016999
0.017010
0.017198
0.016985
0.016165
0.014848
0.015011
0.017842
0.016683
0.013823
0.012382
0.011490
0.011064
0.015010
0.021758
0.023400
0.022880
0.024544
0.028956
0.032605
0.035116
0.037469
0.039220
0.039895
0.040900
0.040726
0.036182
0.028555
0.021698
0.014510
0.004352
-0.005234
-0.014092
-0.022622
-0.028730
-0.037797
-0.053393
-0.065030
-0.066575
-0.068802
-0.081535
-0.096462
-0.102638
-0.107137
-0.113664
-0.113062
-0.098397
-0.076001
-0.055177
-0.041430
-0.028730
-0.016501
-0.005713
0.006912
0.019063
0.027914
0.036890
0.048943
0.056448
0.052373
0.042604
0.033602
0.026290
0.017065
0.007096
-0.001573
-0.009601
-0.018359
-0.028584
-0.046403
-0.053667
-0.054842
-0.055654
-0.063386
-0.077628
-0.094691
-0.108461
-0.121409
-0.127457
-0.120903
-0.112379
-0.114393
-0.128450
-0.145610
-0.151903
-0.126698
-0.114136
-0.089642
-0.076291
-0.066484
-0.056925
-0.049090
-0.046368
-0.041506
-0.034223
-0.028835
-0.027293
-0.025433
-0.020341
-0.016756
-0.018301
-0.018695
-0.014103
-0.010282
-0.010174
-0.010685
-0.010148
-0.007933
-0.006087
-0.005777
-0.005548
-0.005507
-0.005390
-0.004233
-0.003519
-0.003313
-0.002589
-0.002554
-0.002794
-0.001636
-0.001189
-0.001417
-0.001193
-0.000760
-0.000550
-0.000799
-0.000487
-0.000073
-0.000464
-0.000402
-0.000145
-0.000190
-0.000217
-0.000337
-0.000674
-0.000561
0.000103
0.000069
-0.000566
-0.000613
-0.000560
-0.000440
0.000043
0.000183
0.000474
0.000820
0.000563
-0.000172
-0.000163
0.000438
0.000309
0.000206
0.000439
-0.000247
-0.000033
0.000389
0.000500
0.000229
0.000459
0.000160
-0.000582
-0.000577
-0.000035
-0.000609
0.000167
0.000878
0.000367
-0.000358
0.000129
0.000230
0.000280
0.000131
-0.000430
-0.000232
0.000170
0.000527
0.000487
0.000531
0.000723
0.000055
0.000186
0.000037
-0.000535
-0.000461
0.000175
-0.000362
-0.000536
-0.000226
-0.000212
-0.000512
0.000142
-0.000116
-0.000663
-0.000168
0.000290
0.000117
0.000111
-0.000071
-0.001387
-0.000987
-0.000163
-0.000061
-0.000368
-0.000185
0.000030
0.000341
0.000240
0.000760
0.000366
0.000080
-0.001147
-0.001110
-0.000627
-0.001255
-0.001013
-0.000169
-0.000407
-0.001416
-0.000583
0.000619
-0.000366
0.000133
0.001798
0.001343
-0.000514
-0.000355
0.000091
-0.000152
-0.000425
-0.000785
-0.000871
-0.000315
-0.000144
-0.000496
-0.000338
0.000129
0.000541
0.000379
0.000937
0.000626
-0.001384
-0.001000
-0.000288
-0.001300
-0.000755
0.000429
0.000638
0.000107
-0.000087
-0.000722
-0.000454
0.000013
-0.000489
-0.000603
0.000307
0.000550
0.000415
0.000416
0.001154
0.000852
0.000683
0.000671
0.000108
-0.000133
0.000230
0.000172
-0.000013
0.000266
-0.000338
-0.001141
-0.000494
0.000096
-0.000674
-0.000959
-0.000054
-0.000569
-0.000643
-0.000145
-0.000313
-0.000162
-0.000226
-0.000468
-0.000591
-0.000061
-0.000175
-0.000476
0.000323
-0.000076
-0.000786
-0.000396
0.000027
-0.000076
0.000338
-0.000196
-0.000660
-0.000056
0.000151
-0.000220
0.000036
0.000182
-0.000379
0.000527
0.001194
0.000973
0.000046
0.000466
0.000373
0.000940
0.000936
0.000070
-0.000877
-0.002209
-0.004143
-0.007460
-0.010380
-0.011741
-0.013130
-0.014382
-0.015375
-0.019172
-0.022331
-0.024387
-0.025482
-0.025309
-0.025124
-0.024116
-0.026404
-0.033232
-0.035344
-0.031773
-0.029085
-0.026699
-0.021621
-0.012258
-0.001970
0.006248
0.014729
0.024986
0.033761
0.040919
0.050376
0.060253
0.069039
0.076477
0.078620
0.070002
0.055633
0.043421
0.036403
0.034028
0.028647
0.017197
0.009247
0.004335
0.000585
-0.004015
-0.010940
-0.016984
-0.019252
-0.020277
-0.021346
-0.026200
-0.037049
-0.041579
-0.038368
-0.034067
-0.036397
-0.046634
-0.052957
-0.048555
-0.040707
-0.040402
-0.052240
-0.061257
-0.055554
-0.045738
-0.046133
-0.055493
-0.060033
-0.054645
-0.047653
-0.051426
-0.061600
-0.063107
-0.053659
-0.048899
-0.054448
-0.061959
-0.060906
-0.052278
-0.051039
-0.059109
-0.067072
-0.062828
-0.053768
-0.054082
-0.060835
-0.062463
-0.055017
-0.050556
-0.055646
-0.064729
-0.065535
-0.058060
-0.055900
-0.059599
-0.062256
-0.057569
-0.052864
-0.056532
-0.064511
-0.065693
-0.056084
-0.050013
-0.056230
-0.065380
-0.063823
-0.054314
-0.050925
-0.059506
-0.066838
-0.061369
-0.052528
-0.055320
-0.063277
-0.065111
-0.054770
-0.044831
-0.041060
-0.036349
-0.030815
-0.026022
-0.023650
-0.023664
-0.018305
-0.011718
-0.008234
-0.006376
-0.004809
-0.003838
-0.001422
0.000747
0.002349
0.003496
0.004840
0.006100
0.008447
0.009554
0.009279
0.008393
0.008376
0.010379
0.013966
0.016584
0.014917
0.013105
0.014553
0.016600
0.015763
0.015245
0.015195
0.014834
0.014801
0.015878
0.017189
0.017652
0.015436
0.014087
0.014772
0.017230
0.017603
0.016836
0.014425
0.014494
0.016585
0.015148
0.011239
0.008915
0.007643
0.007673
0.008824
0.008622
0.006828
0.005021
0.003932
0.004049
0.005062
0.005756
0.004519
0.003887
0.003293
0.002097
0.001948
0.002818
0.002842
0.001957
0.002096
0.001682
0.001922
0.002994
0.008658
0.016808
0.023389
0.027432
0.031506
0.037979
0.044289
0.066249
0.080032
0.078942
0.076831
0.086045
0.098076
0.093908
0.079207
0.068691
0.062527
0.056568
0.050617
0.047306
0.047741
0.043566
0.034422
0.028521
0.027717
0.025400
0.020853
0.017761
0.018544
0.018173
0.013832
0.010723
0.009365
0.008379
0.009165
0.011227
0.010313
0.007561
0.004837
0.003799
0.004380
0.005753
0.004733
0.004088
0.003608
0.002697
0.001806
0.002134
0.003005
0.002184
0.000888
0.000352
0.000222
0.000267
0.000233
0.000668
0.000649
0.000597
-0.000505
-0.000729
0.000196
0.001382
0.002977
0.001959
-0.002952
-0.004213
-0.000014
0.001865
0.000327
0.000000
0.000000
0.000000
0.000000
0.000000
0.000000
0.000000
0.000000
0.000000
0.000000
0.000000
0.000000
0.000000
0.000000
0.000000
0.000000
0.000000
0.000000
0.000000
0.000000
0.000000
0.000000
0.000000
0.000000
0.000000
0.000000
0.000000
0.000000
0.000000
0.000000
0.000000
0.000000
0.000000
0.000000
0.000000
0.000000
0.000000
0.000000
0.000000
0.000000
0.000000
0.000000
0.000000
0.000000
0.000000
0.000000
0.000000
0.000000
0.000000
0.000000
0.000000
0.000000
0.000000
0.000000
0.000000
0.000000
0.000000
0.000000
0.000000
0.000000
0.000000
0.000000
0.000000
0.000000
0.000000
0.000000
0.000000
0.000000
0.000000
0.000000
0.000000
0.000000
0.000000
0.000000
0.000000
0.000000
0.000000
0.000000
0.000000
0.000000
0.000000
0.000000
0.000000
0.000000
0.000000
0.000000
0.000000
0.000000
0.000000
0.000000
0.000000
0.000000
0.000000
0.000000
0.000000
0.000000
0.000000
0.000000
0.000000
0.000000
0.000000
0.000000
0.000000
0.000000
0.000000
0.000000
0.000000
0.000000
0.000000
0.000000
0.000000
0.000000
0.000000
0.000000
0.000000
0.000000
0.000000
0.000000
0.000000
0.000000
0.000000
0.000000
0.000000
0.000000
0.000000
0.000000
0.000000
0.000000
0.000000
0.000000
0.000000
0.000000
0.000000
0.000000
0.000000
0.000000
0.000000
0.000000
0.000000
0.000000
0.000000
0.000000
0.000000
0.000000
0.000000
0.000000
0.000000
0.000000
0.000000
0.000000
0.000000
0.000000
0.000000
0.000000
0.000000
0.000000
0.000000
0.000000
0.000000
0.000000
0.000000
0.000000
0.000000
0.000000
0.000000
0.000000
0.000000
0.000000
0.000000
0.000000
0.000000
0.000000
0.000000
0.000000
0.000000
0.000000
0.000000
0.000000
0.000000
0.000000
0.000000
0.000000
0.000000
0.000000
0.000000
0.000000
0.000000
0.000000
0.000000
0.000000
0.000000
0.000000
0.000000
0.000000
0.000000
0.000000
0.000000
0.000000
0.000000
0.000000
0.000000
0.000000
0.000000
0.000000
0.000000
0.000000
0.000000
0.000000
0.000000
0.000000
0.000000
0.000000
0.000000
0.000000
0.000000
0.000000
0.000000
0.000000
0.000000
0.000000
0.000000
0.000000
0.000000
0.000000
0.000000
0.000000
0.000000
0.000000
0.000000
0.000000
0.000000
0.000000
0.000000
0.000000
0.000000
0.000000
0.000000
0.000000
0.000000
0.000000
0.000000
0.000000
0.000000
0.000000
0.000000
0.000000
0.000000
0.000000
0.000000
0.000000
0.000000
0.000000
0.000000
0.000000
0.000000
0.000000
0.000000
0.000000
0.000000
0.000000
0.000000
0.000000
0.000000
0.000000
0.000000
0.000000
0.000000
0.000000
0.000000
0.000000
0.000000
0.000000
0.000000
0.000000
0.000000
0.000000
0.000000
0.000000
0.000000
0.000000
0.000000
0.000000
0.000000
0.000000
0.000000
0.000000
0.000000
0.000000
0.000000
0.000000
0.000000
0.000000
0.000000
0.000000
0.000000
0.000000
0.000000
0.000000
0.000000
0.000000
0.000000
0.000000
0.000000
0.000000
0.000000
0.000000
0.000000
0.000000
0.000000
0.000000
0.000000
0.000000
0.000000
0.000000
0.000000
0.000000
0.000000
0.000000
0.000000
0.000000
0.000000
0.000000
0.000000
0.000000
0.000000
0.000000
0.000000
0.000000
0.000000
0.000000
0.000000
0.000000
0.000000
0.000000
0.000000
0.000000
0.000000
0.000000
0.000000
0.000000
0.000000
0.000000
0.000000
0.000000
0.000000
0.000000
0.000000
0.000000
0.000000
0.000000
0.000000
0.000000
0.000000
0.000000
0.000000
0.000000
0.000000
0.000000
0.000000
0.000000
0.000000
0.000000
0.000000
0.000000
0.000000
0.000000
0.000000
0.000000
0.000000
0.000000
0.000000
0.000000
0.000000
0.000000
0.000000
0.000000
0.000000
0.000000
0.000000
0.000000
0.000000
0.000000
0.000000
0.000000
0.000000
0.000000
0.000000
0.000000
0.000000
0.000000
0.000000
0.000000
0.000000
0.000000
0.000000
0.000000
0.000000
0.000000
0.000000
0.000000
0.000000
0.000000
0.000000
0.000000
0.000000
0.000000
0.000000
0.000000
0.000000
0.000000
0.000000
0.000000
0.000000
0.000000
0.000000
0.000000
0.000000
0.000000
0.000000
0.000000
0.000000
0.000000
0.000000
0.000000
0.000000
0.000000
0.000000
0.000000
0.000000
0.000000
0.000000
0.000000
0.000000
0.000000
0.000000
0.000000
0.000000
0.000000
0.000000
0.000000
0.000000
0.000000
0.000000
0.000000
0.000000
0.000000
0.000000
0.000000
0.000000
0.000000
0.000000
0.000000
0.000000
0.000000
0.000000
0.000000
0.000000
0.000000
0.000000
0.000000
0.000000
0.000000
0.000000
0.000000
0.000000
0.000000
0.000000
0.000000
0.000000
0.000000
0.000000
0.000000
0.000000
0.000000
0.000000
0.000000
0.000000
0.000000
0.000000
0.000000
0.000000
0.000000
0.000000
0.000000
0.000000
0.000000
0.000000
0.000000
0.000000
0.000000
0.000000
0.000000
0.000000
0.000000
0.000000
0.000000
0.000000
0.000000
0.000000
0.000000
0.000000
0.000000
0.000000
0.000000
0.000000
0.000000
0.000000
0.000000
0.000000
0.000000
0.000000
0.000000
0.000000
0.000000
0.000000
0.000000
0.000000
0.000000
0.000000
0.000000
0.000000
0.000000
0.000000
0.000000
0.000000
0.000000
0.000000
0.000000
0.000000
0.000000
0.000000
0.000000
0.000000
0.000000
0.000000
0.000000
0.000000
0.000000
0.000000
0.000000
0.000000
0.000000
0.000000
0.000000
0.000000
0.000000
0.000000
0.000000
0.000000
0.000000
0.000000
0.000000
0.000000
0.000000
0.000000
0.000000
0.000000
0.000000
0.000000
0.000000
0.000000
0.000000
0.000000
0.000000
0.000000
0.000000
0.000000
0.000000
0.000000
0.000000
0.000000
0.000000
0.000000
0.000000
0.000000
0.000000
0.000000
0.000000
0.000000
0.000000
0.000000
0.000000
0.000000
0.000000
0.000000
0.000000
0.000000
0.000000
0.000000
0.000000
0.000000
0.000000
0.000000
0.000000
0.000000
0.000000
0.000000
0.000000
0.000000
0.000000
0.000000
0.000000
0.000000
0.000000
0.000000
0.000000
0.000000
0.000000
0.000000
0.000000
0.000000
0.000000
0.000000
0.000000
0.000000
0.000000
0.000000
0.000000
0.000000
0.000000
0.000000
0.000000
0.000000
0.000000
0.000000
0.000000
0.000000
0.000000
0.000000
0.000000
0.000000
0.000000
0.000000
0.000000
0.000000
0.000000
0.000000
0.000000
0.000000
0.000000
0.000000
0.000000
0.000000
0.000000
0.000000
0.000000
0.000000
0.000000
0.000000
0.000000
0.000000
0.000000
0.000000
0.000000
0.000000
0.000000
0.000000
0.000000
0.000000
0.000000
0.000000
0.000000
0.000000
0.000000
0.000000
0.000000
0.000000
0.000000
0.000000
0.000000
0.000000
0.000000
0.000000
0.000000
0.000000
0.000000
0.000000
0.000000
0.000000
0.000000
0.000000
0.000000
0.000000
0.000000
0.000000
0.000000
0.000000
0.000000
0.000000
0.000000
0.000000
0.000000
0.000000
0.000000
0.000000
0.000000
0.000000
0.000000
0.000000
0.000000
0.000000
0.000000
0.000000
0.000000
0.000000
0.000000
0.000000
0.000000
0.000000
0.000000
0.000000
0.000000
0.000000
0.000000
0.000000
0.000000
0.000000
0.000000
0.000000
0.000000
0.000000
0.000000
0.000000
0.000000
0.000000
0.000000
0.000000
0.000000
0.000000
0.000000
0.000000
0.000000
0.000000
0.000000
0.000000
0.000000
0.000000
0.000000
0.000000
0.000000
0.000000
0.000000
0.000000
0.000000
0.000000
0.000000
0.000000
0.000000
0.000000
0.000000
0.000000
0.000000
0.000000
0.000000
0.000000
0.000000
0.000000
0.000000
0.000000
0.000000
0.000000
0.000000
0.000000
0.000000
0.000000
0.000000
0.000000
0.000000
0.000000
0.000000
0.000000
0.000000
0.000000
0.000000
0.000000
0.000000
0.000000
0.000000
0.000000
0.000000
0.000000
0.000000
0.000000
0.000000
0.000000
0.000000
0.000000
0.000000
0.000000
0.000000
0.000000
0.000000
0.000000
0.000000
0.000000
0.000000
0.000000
0.000000
0.000000
0.000000
0.000000
0.000000
0.000000
0.000000
0.000000
0.000000
0.000000
0.000000
0.000000
0.000000
0.000000
0.000000
0.000000
0.000000
0.000000
0.000000
0.000000
0.000000
0.000000
0.000000
0.000000
0.000000
0.000000
0.000000
0.000000
0.000000
0.000000
0.000000
0.000000
0.000000
0.000000
0.000000
0.000000
0.000000
0.000000
0.000000
0.000000
0.000000
0.000000
0.000000
0.000000
0.000000
0.000000
0.000000
0.000000
0.000000
0.000000
0.000000
0.000000
0.000000
0.000000
0.000000
0.000000
0.000000
0.000000
0.000000
0.000000
0.000000
0.000000
0.000000
0.000000
0.000000
0.000000
0.000000
0.000000
0.000000
0.000000
0.000000
0.000000
0.000000
0.000000
0.000000
0.000000
0.000000
0.000000
0.000000
0.000000
0.000000
0.000000
0.000000
0.000000
0.000000
0.000000
0.000000
0.000000
0.000000
0.000000
0.000000
0.000000
0.000000
0.000000
0.000000
0.000000
0.000000
0.000000
0.000000
0.000000
0.000000
0.000000
0.000000
0.000000
0.000000
0.000000
0.000000
0.000000
0.000000
0.000000
0.000000
0.000000
0.000000
0.000000
0.000000
0.000000
0.000000
0.000000
0.000000
0.000000
0.000000
0.000000
0.000000
0.000000
0.000000
0.000000
0.000000
0.000000
0.000000
0.000000
0.000000
0.000000
0.000000
0.000000
0.000000
0.000000
0.000000
0.000000
0.000000
0.000000
0.000000
0.000000
0.000000
0.000000
0.000000
0.000000
0.000000
0.000000
0.000000
0.000000
0.000000
0.000000
0.000000
0.000000
0.000000
0.000000
0.000000
0.000000
0.000000
0.000000
0.000000
0.000000
0.000000
0.000000
0.000000
0.000000
0.000000
0.000000
0.000000
0.000000
0.000000
0.000000
0.000000
0.000000
0.000000
0.000000
0.000000
0.000000
0.000000
0.000000
0.000000
0.000000
0.000000
0.000000
0.000000
0.000000
0.000000
0.000000
0.000000
0.000000
0.000000
0.000000
0.000000
0.000000
0.000000
0.000000
0.000000
0.000000
0.000000
0.000000
0.000000
0.000000
0.000000
0.000000
0.000000
0.000000
0.000000
0.000000
0.000000
0.000000
0.000000
0.000000
0.000000
0.000000
0.000000
0.000000
0.000000
0.000000
0.000000
0.000000
0.000000
0.000000
0.000000
0.000000
0.000000
0.000000
0.000000
0.000000
0.000000
0.000000
0.000000
0.000000
0.000000
0.000000
0.000000
0.000000
0.000000
0.000000
0.000000
0.000000
0.000000
0.000000
0.000000
0.000000
0.000000
0.000000
0.000000
0.000000
0.000000
0.000000
0.000000
0.000000
0.000000
0.000000
0.000000
0.000000
0.000000
0.000000
0.000000
0.000000
0.000000
0.000000
0.000000
0.000000
0.000000
0.000000
0.000000
0.000000
0.000000
0.000000
0.000000
0.000000
0.000000
0.000000
0.000000
0.000000
0.000000
0.000000
0.000000
0.000000
0.000000
0.000000
0.000000
0.000000
0.000000
0.000000
0.000000
0.000000
0.000000
0.000000
0.000000
0.000000
0.000000
0.000000
0.000000
0.000000
0.000000
0.000000
0.000000
0.000000
0.000000
0.000000
0.000000
0.000000
0.000000
0.000000
0.000000
0.000000
0.000000
0.000000
0.000000
0.000000
0.000000
0.000000
0.000000
0.000000
0.000000
0.000000
0.000000
0.000000
0.000000
0.000000
0.000000
0.000000
0.000000
0.000000
0.000000
0.000000
0.000000
0.000000
0.000000
0.000000
0.000000
0.000000
0.000000
0.000000
0.000000
0.000000
0.000000
0.000000
0.000000
0.000000
0.000000
0.000000
0.000000
0.000000
0.000000
0.000000
0.000000
0.000000
0.000000
0.000000
0.000000
0.000000
0.000000
0.000000
0.000000
0.000000
0.000000
0.000000
0.000000
0.000000
0.000000
0.000000
0.000000
0.000000
0.000000
0.000000
0.000000
0.000000
0.000000
0.000000
0.000000
0.000000
0.000000
0.000000
0.000000
0.000000
0.000000
0.000000
0.000000
0.000000
0.000000
0.000000
0.000000
0.000000
0.000000
0.000000
0.000000
0.000000
0.000000
0.000000
0.000000
0.000000
0.000000
0.000000
0.000000
0.000000
0.000000
0.000000
0.000000
0.000000
0.000000
0.000000
0.000000
0.000000
0.000000
0.000000
0.000000
0.000000
0.000000
0.000000
0.000000
0.000000
0.000000
0.000000
0.000000
0.000000
0.000000
0.000000
0.000000
0.000000
0.000000
0.000000
0.000000
0.000000
0.000000
0.000000
0.000000
0.000000
0.000000
0.000000
0.000000
0.000000
0.000000
0.000000
0.000000
0.000000
0.000000
0.000000
0.000000
0.000000
0.000000
0.000000
0.000000
0.000000
0.000000
0.000000
0.000000
0.000000
0.000000
0.000000
0.000000
0.000000
0.000000
0.000000
0.000000
0.000000
0.000000
0.000000
0.000000
0.000000
0.000000
0.000000
0.000000
0.000000
0.000000
0.000000
0.000000
0.000000
0.000000
0.000000
0.000000
0.000000
0.000000
0.000000
0.000000
0.000000
0.000000
0.000000
0.000000
0.000000
0.000000
0.000000
0.000000
0.000000
0.000000
0.000000
0.000000
0.000000
0.000000
0.000000
0.000000
0.000000
0.000000
0.000000
0.000000
0.000000
0.000000
0.000000
0.000000
0.000000
0.000000
0.000000
0.000000
0.000000
0.000000
0.000000
0.000000
0.000000
0.000000
0.000000
0.000000
0.000000
0.000000
0.000000
0.000000
0.000000
0.000000
0.000000
0.000000
0.000000
0.000000
0.000000
0.000000
0.000000
0.000000
0.000000
0.000000
0.000000
0.000000
0.000000
0.000000
0.000000
0.000000
0.000000
0.000000
0.000000
0.000000
0.000000
0.000000
0.000000
0.000000
0.000000
0.000000
0.000000
0.000000
0.000000
0.000000
0.000000
0.000000
0.000000
0.000000
0.000000
0.000000
0.000000
0.000000
0.000000
0.000000
0.000000
0.000000
0.000000
0.000000
0.000000
0.000000
0.000000
0.000000
0.000000
0.000000
0.000000
0.000000
0.000000
0.000000
0.000000
0.000000
0.000000
0.000000
0.000000
0.000000
0.000000
0.000000
0.000000
0.000000
0.000000
0.000000
0.000000
0.000000
0.000000
0.000000
0.000000
0.000000
0.000000
0.000000
0.000000
0.000000
0.000000
0.000000
0.000000
0.000000
0.000000
0.000000
0.000000
0.000000
0.000000
0.000000
0.000000
0.000000
0.000000
0.000000
0.000000
0.000000
0.000000
0.000000
0.000000
0.000000
0.000000
0.000000
0.000000
0.000000
0.000000
0.000000
0.000000
0.000000
0.000000
0.000000
0.000000
0.000000
0.000000
0.000000
0.000000
0.000000
0.000000
0.000000
0.000000
0.000000
0.000000
0.000000
0.000000
0.000000
0.000000
0.000000
0.000000
0.000000
0.000000
0.000000
0.000000
0.000000
0.000000
0.000000
0.000000
0.000000
0.000000
0.000000
0.000000
0.000000
0.000000
0.000000
0.000000
0.000000
0.000000
0.000000
0.000000
0.000000
0.000000
0.000000
0.000000
0.000000
0.000000
0.000000
0.000000
0.000000
0.000000
0.000000
0.000000
0.000000
0.000000
0.000000
0.000000
0.000000
0.000000
0.000000
0.000000
0.000000
0.000000
0.000000
0.000000
0.000000
0.000000
0.000000
0.000000
0.000000
0.000000
0.000000
0.000000
0.000000
0.000000
0.000000
0.000000
0.000000
0.000000
0.000000
0.000000
0.000000
0.000000
0.000000
0.000000
0.000000
0.000000
0.000000
0.000000
0.000000
0.000000
0.000000
0.000000
0.000000
0.000000
0.000000
0.000000
0.000000
0.000000
0.000000
0.000000
0.000000
0.000000
0.000000
0.000000
0.000000
0.000000
0.000000
0.000000
0.000000
0.000000
0.000000
0.000000
0.000000
0.000000
0.000000
0.000000
0.000000
0.000000
0.000000
0.000000
0.000000
0.000000
0.000000
0.000000
0.000000
0.000000
0.000000
0.000000
0.000000
0.000000
0.000000
0.000000
0.000000
0.000000
0.000000
0.000000
0.000000
0.000000
0.000000
0.000000
0.000000
0.000000
0.000000
0.000000
0.000000
0.000000
0.000000
0.000000
0.000000
0.000000
0.000000
0.000000
0.000000
0.000000
0.000000
0.000000
0.000000
0.000000
0.000000
0.000000
0.000000
0.000000
0.000000
0.000000
0.000000
0.000000
0.000000
0.000000
0.000000
0.000000
0.000000
0.000000
0.000000
0.000000
0.000000
0.000000
0.000000
0.000000
0.000000
0.000000
0.000000
0.000000
0.000000
0.000000
0.000000
0.000000
0.000000
0.000000
0.000000
0.000000
0.000000
0.000000
0.000000
0.000000
0.000000
0.000000
0.000000
0.000000
0.000000
0.000000
0.000000
0.000000
0.000000
0.000000
0.000000
0.000000
0.000000
0.000000
0.000000
0.000000
0.000000
0.000000
0.000000
0.000000
0.000000
0.000000
0.000000
0.000000
0.000000
0.000000
0.000000
0.000000
0.000000
0.000000
0.000000
0.000000
0.000000
0.000000
0.000000
0.000000
0.000000
0.000000
0.000000
0.000000
0.000000
0.000000
0.000000
0.000000
0.000000
0.000000
0.000000
0.000000
0.000000
0.000000
0.000000
0.000000
0.000000
0.000000
0.000000
0.000000
0.000000
0.000000
0.000000
0.000000
0.000000
0.000000
0.000000
0.000000
0.000000
0.000000
0.000000
0.000000
0.000000
0.000000
0.000000
0.000000
0.000000
0.000000
0.000000
0.000000
0.000000
0.000000
0.000000
0.000000
0.000000
0.000000
0.000000
0.000000
0.000000
0.000000
0.000000
0.000000
0.000000
0.000000
0.000000
0.000000
0.000000
0.000000
0.000000
0.000000
0.000000
0.000000
0.000000
0.000000
0.000000
0.000000
0.000000
0.000000
0.000000
0.000000
0.000000
0.000000
0.000000
0.000000
0.000000
0.000000
0.000000
0.000000
0.000000
0.000000
0.000000
0.000000
0.000000
0.000000
0.000000
0.000000
0.000000
0.000000
0.000000
0.000000
0.000000
0.000000
0.000000
0.000000
0.000000
0.000000
0.000000
0.000000
0.000000
0.000000
0.000000
0.000000
0.000000
0.000000
0.000000
0.000000
0.000000
0.000000
0.000000
0.000000
0.000000
0.000000
0.000000
0.000000
0.000000
0.000000
0.000000
0.000000
0.000000
0.000000
0.000000
0.000000
0.000000
0.000000
0.000000
0.000000
0.000000
0.000000
0.000000
0.000000
0.000000
0.000000
0.000000
0.000000
0.000000
0.000000
0.000000
0.000000
0.000000
0.000000
0.000000
0.000000
0.000000
0.000000
0.000000
0.000000
0.000000
0.000000
0.000000
0.000000
0.000000
0.000000
0.000000
0.000000
0.000000
0.000000
0.000000
0.000000
0.000000
0.000000
0.000000
0.000000
0.000000
0.000000
0.000000
0.000000
0.000000
0.000000
0.000000
0.000000
0.000000
0.000000
0.000000
0.000000
0.000000
0.000000
0.000000
0.000000
0.000000
0.000000
0.000000
0.000000
0.000000
0.000000
0.000000
0.000000
0.000000
0.000000
0.000000
0.000000
0.000000
0.000000
0.000000
0.000000
0.000000
0.000000
0.000000
0.000000
0.000000
0.000000
0.000000
0.000000
0.000000
0.000000
0.000000
0.000000
0.000000
0.000000
0.000000
0.000000
0.000000
0.000000
0.000000
0.000000
0.000000
0.000000
0.000000
0.000000
0.000000
0.000000
0.000000
0.000000
0.000000
0.000000
0.000000
0.000000
0.000000
0.000000
0.000000
0.000000
0.000000
0.000000
0.000000
0.000000
0.000000
0.000000
0.000000
0.000000
0.000000
0.000000
0.000000
0.000000
0.000000
0.000000
0.000000
0.000000
0.000000
0.000000
0.000000
0.000000
0.000000
0.000000
0.000000
0.000000
0.000000
0.000000
0.000000
0.000000
0.000000
0.000000
0.000000
0.000000
0.000000
0.000000
0.000000
0.000000
0.000000
0.000000
0.000000
0.000000
0.000000
0.000000
0.000000
0.000000
0.000000
0.000000
0.000000
0.000000
0.000000
0.000000
0.000000
0.000000
0.000000
0.000000
0.000000
0.000000
0.000000
0.000000
0.000000
0.000000
0.000000
0.000000
0.000000
0.000000
0.000000
0.000000
0.000000
0.000000
0.000000
0.000000
0.000000
0.000000
0.000000
0.000000
0.000000
0.000000
0.000000
0.000000
0.000000
0.000000
0.000000
0.000000
0.000000
0.000000
0.000000
0.000000
0.000000
0.000000
0.000000
0.000000
0.000000
0.000000
0.000000
0.000000
0.000000
0.000000
0.000000
0.000000
0.000000
0.000000
0.000000
0.000000
0.000000
0.000000
0.000000
0.000000
0.000000
0.000000
0.000000
0.000000
0.000000
0.000000
0.000000
0.000000
0.000000
0.000000
0.000000
0.000000
0.000000
0.000000
0.000000
0.000000
0.000000
0.000000
0.000000
0.000000
0.000000
0.000000
0.000000
0.000000
0.000000
0.000000
0.000000
0.000000
0.000000
0.000000
0.000000
0.000000
0.000000
0.000000
0.000000
0.000000
0.000000
0.000000
0.000000
0.000000
0.000000
0.000000
0.000000
0.000000
0.000000
0.000000
0.000000
0.000000
0.000000
0.000000
0.000000
0.000000
0.000000
0.000000
0.000000
0.000000
0.000000
0.000000
0.000000
0.000000
0.000000
0.000000
0.000000
0.000000
0.000000
0.000000
0.000000
0.000000
0.000000
0.000000
0.000000
0.000000
0.000000
0.000000
0.000000
0.000000
0.000000
0.000000
0.000000
0.000000
0.000000
0.000000
0.000000
0.000000
0.000000
0.000000
0.000000
0.000000
0.000000
0.000000
0.000000
0.000000
0.000000
0.000000
0.000000
0.000000
0.000000
0.000000
0.000000
0.000000
0.000000
0.000000
0.000000
0.000000
0.000000
0.000000
0.000000
0.000000
0.000000
0.000000
0.000000
0.000000
0.000000
0.000000
0.000000
0.000000
0.000000
0.000000
0.000000
0.000000
0.000000
0.000000
0.000000
0.000000
0.000000
0.000000
0.000000
0.000000
0.000000
0.000000
0.000000
0.000000
0.000000
0.000000
0.000000
0.000000
0.000000
0.000000
0.000000
0.000000
0.000000
0.000000
0.000000
0.000000
0.000000
0.000000
0.000000
0.000000
0.000000
0.000000
0.000000
0.000000
0.000000
0.000000
0.000000
0.000000
0.000000
0.000000
0.000000
0.000000
0.000000
0.000000
0.000000
0.000000
0.000000
0.000000
0.000000
0.000000
0.000000
0.000000
0.000000
0.000000
0.000000
0.000000
0.000000
0.000000
0.000000
0.000000
0.000000
0.000000
0.000000
0.000000
0.000000
0.000000
0.000000
0.000000
0.000000
0.000000
0.000000
0.000000
0.000000
0.000000
0.000000
0.000000
0.000000
0.000000
0.000000
0.000000
0.000000
0.000000
0.000000
0.000000
0.000000
0.000000
0.000000
0.000000
0.000000
0.000000
0.000000
0.000000
0.000000
0.000000
0.000000
0.000000
0.000000
0.000000
0.000000
0.000000
0.000000
0.000000
0.000000
0.000000
0.000000
0.000000
0.000000
0.000000
0.000000
0.000000
0.000000
0.000000
0.000000
0.000000
0.000000
0.000000
0.000000
0.000000
0.000000
0.000000
0.000000
0.000000
0.000000
0.000000
0.000000
0.000000
0.000000
0.000000
0.000000
0.000000
0.000000
0.000000
0.000000
0.000000
0.000000
0.000000
0.000000
0.000000
0.000000
0.000000
0.000000
0.000000
0.000000
0.000000
0.000000
0.000000
0.000000
0.000000
0.000000
0.000000
0.000000
0.000000
0.000000
0.000000
0.000000
0.000000
0.000000
0.000000
0.000000
0.000000
0.000000
0.000000
0.000000
0.000000
0.000000
0.000000
0.000000
0.000000
0.000000
0.000000
0.000000
0.000000
0.000000
0.000000
0.000000
0.000000
0.000000
0.000000
0.000000
0.000000
0.000000
0.000000
0.000000
0.000000
0.000000
0.000000
0.000000
0.000000
0.000000
0.000000
0.000000
0.000000
0.000000
0.000000
0.000000
0.000000
0.000000
0.000000
0.000000
0.000000
0.000000
0.000000
0.000000
0.000000
0.000000
0.000000
0.000000
0.000000
0.000000
0.000000
0.000000
0.000000
0.000000
0.000000
0.000000
0.000000
0.000000
0.000000
0.000000
0.000000
0.000000
0.000000
0.000000
0.000000
0.000000
0.000000
0.000000
0.000000
0.000000
0.000000
0.000000
0.000000
0.000000
0.000000
0.000000
0.000000
0.000000
0.000000
0.000000
0.000000
0.000000
0.000000
0.000000
0.000000
0.000000
0.000000
0.000000
0.000000
0.000000
0.000000
0.000000
0.000000
0.000000
0.000000
0.000000
0.000000
0.000000
0.000000
0.000000
0.000000
0.000000
0.000000
0.000000
0.000000
0.000000
0.000000
0.000000
0.000000
0.000000
0.000000
0.000000
0.000000
0.000000
0.000000
0.000000
0.000000
0.000000
0.000000
0.000000
0.000000
0.000000
0.000000
0.000000
0.000000
0.000000
0.000000
0.000000
0.000000
0.000000
0.000000
0.000000
0.000000
0.000000
0.000000
0.000000
0.000000
0.000000
0.000000
0.000000
0.000000
0.000000
0.000000
0.000000
0.000000
0.000000
0.000000
0.000000
0.000000
0.000000
0.000000
0.000000
0.000000
0.000000
0.000000
0.000000
0.000000
0.000000
0.000000
0.000000
0.000000
0.000000
0.000000
0.000000
0.000000
0.000000
0.000000
0.000000
0.000000
0.000000
0.000000
0.000000
0.000000
0.000000
0.000000
0.000000
0.000000
0.000000
0.000000
0.000000
0.000000
0.000000
0.000000
0.000000
0.000000
0.000000
0.000000
0.000000
0.000000
0.000000
0.000000
0.000000
0.000000
0.000000
0.000000
0.000000
0.000000
0.000000
0.000000
0.000000
0.000000
0.000000
0.000000
0.000000
0.000000
0.000000
0.000000
0.000000
0.000000
0.000000
0.000000
0.000000
0.000000
0.000000
0.000000
0.000000
0.000000
0.000000
0.000000
0.000000
0.000000
0.000000
0.000000
0.000000
0.000000
0.000000
0.000000
0.000000
0.000000
0.000000
0.000000
0.000000
0.000000
0.000000
0.000000
0.000000
0.000000
0.000000
0.000000
0.000000
0.000000
0.000000
0.000000
0.000000
0.000000
0.000000
0.000000
0.000000
0.000000
0.000000
0.000000
0.000000
0.000000
0.000000
0.000000
0.000000
0.000000
0.000000
0.000000
0.000000
0.000000
0.000000
0.000000
0.000000
0.000000
0.000000
0.000000
0.000000
0.000000
0.000000
0.000000
0.000000
0.000000
0.000000
0.000000
0.000000
0.000000
0.000000
0.000000
0.000000
0.000000
0.000000
0.000000
0.000000
0.000000
0.000000
0.000000
0.000000
0.000000
0.000000
0.000000
0.000000
0.000000
0.000000
0.000000
0.000000
0.000000
0.000000
0.000000
0.000000
0.000000
0.000000
0.000000
0.000000
0.000000
0.000000
0.000000
0.000000
0.000000
0.000000
0.000000
0.000000
0.000000
0.000000
0.000000
0.000000
0.000000
0.000000
0.000000
0.000000
0.000000
0.000000
0.000000
0.000000
0.000000
0.000000
0.000000
0.000000
0.000000
0.000000
0.000000
0.000000
0.000000
0.000000
0.000000
0.000000
0.000000
0.000000
0.000000
0.000000
0.000000
0.000000
0.000000
0.000000
0.000000
0.000000
0.000000
0.000000
0.000000
0.000000
0.000000
0.000000
0.000000
0.000000
0.000000
0.000000
0.000000
0.000000
0.000000
0.000000
0.000000
0.000000
0.000000
0.000000
0.000000
0.000000
0.000000
0.000000
0.000000
0.000000
0.000000
0.000000
0.000000
0.000000
0.000000
0.000000
0.000000
0.000000
0.000000
0.000000
0.000000
0.000000
0.000000
0.000000
0.000000
0.000000
0.000000
0.000000
0.000000
0.000000
0.000000
0.000000
0.000000
0.000000
0.000000
0.000000
0.000000
0.000000
0.000000
0.000000
0.000000
0.000000
0.000000
0.000000
0.000000
0.000000
0.000000
0.000000
0.000000
0.000000
0.000000
0.000000
0.000000
0.000000
0.000000
0.000000
0.000000
0.000000
0.000000
0.000000
0.000000
0.000000
0.000000
0.000000
0.000000
0.000000
0.000000
0.000000
0.000000
0.000000
0.000000
0.000000
0.000000
0.000000
0.000000
0.000000
0.000000
0.000000
0.000000
0.000000
0.000000
0.000000
0.000000
0.000000
0.000000
0.000000
0.000000
0.000000
0.000000
0.000000
0.000000
0.000000
0.000000
0.000000
0.000000
0.000000
0.000000
0.000000
0.000000
0.000000
0.000000
0.000000
0.000000
0.000000
0.000000
0.000000
0.000000
0.000000
0.000000
0.000000
0.000000
0.000000
0.000000
0.000000
0.000000
0.000000
0.000000
0.000000
0.000000
0.000000
0.000000
0.000000
0.000000
0.000000
0.000000
0.000000
0.000000
0.000000
0.000000
0.000000
0.000000
0.000000
0.000000
0.000000
0.000000
0.000000
0.000000
0.000000
0.000000
0.000000
0.000000
0.000000
0.000000
0.000000
0.000000
0.000000
0.000000
0.000000
0.000000
0.000000
0.000000
0.000000
0.000000
0.000000
0.000000
0.000000
0.000000
0.000000
0.000000
0.000000
0.000000
0.000000
0.000000
0.000000
0.000000
0.000000
0.000000
0.000000
0.000000
0.000000
0.000000
0.000000
0.000000
0.000000
0.000000
0.000000
0.000000
0.000000
0.000000
0.000000
0.000000
0.000000
0.000000
0.000000
0.000000
0.000000
0.000000
0.000000
0.000000
0.000000
0.000000
0.000000
0.000000
0.000000
0.000000
0.000000
0.000000
0.000000
0.000000
0.000000
0.000000
0.000000
0.000000
0.000000
0.000000
0.000000
0.000000
0.000000
0.000000
0.000000
0.000000
0.000000
0.000000
0.000000
0.000000
0.000000
0.000000
0.000000
0.000000
0.000000
0.000000
0.000000
0.000000
0.000000
0.000000
0.000000
0.000000
0.000000
0.000000
0.000000
0.000000
0.000000
0.000000
0.000000
0.000000
0.000000
0.000000
0.000000
0.000000
0.000000
0.000000
0.000000
0.000000
0.000000
0.000000
0.000000
0.000000
0.000000
0.000000
0.000000
0.000000
0.000000
0.000000
0.000000
0.000000
0.000000
0.000000
0.000000
0.000000
0.000000
0.000000
0.000000
0.000000
0.000000
0.000000
0.000000
0.000000
0.000000
0.000000
0.000000
0.000000
0.000000
0.000000
0.000000
0.000000
0.000000
0.000000
0.000000
0.000000
0.000000
0.000000
0.000000
0.000000
0.000000
0.000000
0.000000
0.000000
0.000000
0.000000
0.000000
0.000000
0.000000
0.000000
0.000000
0.000000
0.000000
0.000000
0.000000
0.000000
0.000000
0.000000
0.000000
0.000000
0.000000
0.000000
0.000000
0.000000
0.000000
0.000000
0.000000
0.000000
0.000000
0.000000
0.000000
0.000000
0.000000
0.000000
0.000000
0.000000
0.000000
0.000000
0.000000
0.000000
0.000000
0.000000
0.000000
0.000000
0.000000
0.000000
0.000000
0.000000
0.000000
0.000000
0.000000
0.000000
0.000000
0.000000
0.000000
0.000000
0.000000
0.000000
0.000000
0.000000
0.000000
0.000000
0.000000
0.000000
0.000000
0.000000
0.000000
0.000000
0.000000
0.000000
0.000000
0.000000
0.000000
0.000000
0.000000
0.000000
0.000000
0.000000
0.000000
0.000000
0.000000
0.000000
0.000000
0.000000
0.000000
0.000000
0.000000
0.000000
0.000000
0.000000
0.000000
0.000000
0.000000
0.000000
0.000000
0.000000
0.000000
0.000000
0.000000
0.000000
0.000000
0.000000
0.000000
0.000000
0.000000
0.000000
0.000000
0.000000
0.000000
0.000000
0.000000
0.000000
0.000000
0.000000
0.000000
0.000000
0.000000
0.000000
0.000000
0.000000
0.000000
0.000000
0.000000
0.000000
0.000000
0.000000
0.000000
0.000000
0.000000
0.000000
0.000000
0.000000
0.000000
0.000000
0.000000
0.000000
0.000000
0.000000
0.000000
0.000000
0.000000
0.000000
0.000000
0.000000
0.000000
0.000000
0.000000
0.000000
0.000000
0.000000
0.000000
0.000000
0.000000
0.000000
0.000000
0.000000
0.000000
0.000000
0.000000
0.000000
0.000000
0.000000
0.000000
0.000000
0.000000
0.000000
0.000000
0.000000
0.000000
0.000000
0.000000
0.000000
0.000000
0.000000
0.000000
0.000000
0.000000
0.000000
0.000000
0.000000
0.000000
0.000000
0.000000
0.000000
0.000000
0.000000
0.000000
0.000000
0.000000
0.000000
0.000000
0.000000
0.000000
0.000000
0.000000
0.000000
0.000000
0.000000
0.000000
0.000000
0.000000
0.000000
0.000000
0.000000
0.000000
0.000000
0.000000
0.000000
0.000000
0.000000
0.000000
0.000000
0.000000
0.000000
0.000000
0.000000
0.000000
0.000000
0.000000
0.000000
0.000000
0.000000
0.000000
0.000000
0.000000
0.000000
0.000000
0.000000
0.000000
0.000000
0.000000
0.000000
0.000000
0.000000
0.000000
0.000000
0.000000
0.000000
0.000000
0.000000
0.000000
0.000000
0.000000
0.000000
0.000000
0.000000
0.000000
0.000000
0.000000
0.000000
0.000000
0.000000
0.000000
0.000000
0.000000
0.000000
0.000000
0.000000
0.000000
0.000000
0.000000
0.000000
0.000000
0.000000
0.000000
0.000000
0.000000
0.000000
0.000000
0.000000
0.000000
0.000000
0.000000
0.000000
0.000000
0.000000
0.000000
0.000000
0.000000
0.000000
0.000000
0.000000
0.000000
0.000000
0.000000
0.000000
0.000000
0.000000
0.000000
0.000000
0.000000
0.000000
0.000000
0.000000
0.000000
0.000000
0.000000
0.000000
0.000000
0.000000
0.000000
0.000000
0.000000
0.000000
0.000000
0.000000
0.000000
0.000000
0.000000
0.000000
0.000000
0.000000
0.000000
0.000000
0.000000
0.000000
0.000000
0.000000
0.000000
0.000000
0.000000
0.000000
0.000000
0.000000
0.000000
0.000000
0.000000
0.000000
0.000000
0.000000
0.000000
0.000000
0.000000
0.000000
0.000000
0.000000
0.000000
0.000000
0.000000
0.000000
0.000000
0.000000
0.000000
0.000000
0.000000
0.000000
0.000000
0.000000
0.000000
0.000000
0.000000
0.000000
0.000000
0.000000
0.000000
0.000000
0.000000
0.000000
0.000000
0.000000
0.000000
0.000000
0.000000
0.000000
0.000000
0.000000
0.000000
0.000000
0.000000
0.000000
0.000000
0.000000
0.000000
0.000000
0.000000
0.000000
0.000000
0.000000
0.000000
0.000000
0.000000
0.000000
0.000000
0.000000
0.000000
0.000000
0.000000
0.000000
0.000000
0.000000
0.000000
0.000000
0.000000
0.000000
0.000000
0.000000
0.000000
0.000000
0.000000
0.000000
0.000000
0.000000
0.000000
