10.868442
10.861055
10.873031
10.869444
10.792660
10.767051
10.712797
10.678787
10.665306
10.764503
10.733734
10.755259
10.743853
10.699582
10.657040
10.743574
10.763343
10.769570
10.778330
10.741348
10.697077
10.733533
10.807009
10.776798
10.762785
10.752270
10.731970
10.708145
10.806456
10.791151
10.777922
10.748178
10.690856
10.648196
10.717930
10.777725
10.751048
10.752433
10.737286
10.707393
10.715208
10.805691
10.753355
10.743338
10.736222
10.697317
10.705413
10.801842
10.839054
10.788602
10.859802
10.802983
10.718801
10.721872
10.792376
10.764449
10.740132
10.730828
10.684170
10.671421
10.768201
10.726518
10.743198
10.739738
10.676174
10.646093
10.718314
10.772820
10.698318
10.646329
10.697882
10.679969
10.101637
10.003580
10.905732
10.878609
10.739254
10.701482
10.711659
10.937135
10.913311
10.807423
10.154334
10.268485
10.165434
10.401051
10.640660
10.521744
10.590804
10.901264
10.916065
10.892542
10.855893
10.787258
10.786325
10.963301
10.875288
10.928029
10.040720
10.990656
10.760761
10.702595
10.587389
10.678537
10.024174
10.718115
10.263302
10.272853
10.310047
10.381794
10.605010
10.646941
10.662633
10.772353
10.815106
10.798359
10.815499
10.885736
10.844926
10.889642
10.880502
10.856463
10.858080
10.868608
10.775795
10.741023
10.794297
10.762525
10.761544
10.792025
10.777283
10.688213
10.745631
10.758827
10.789757
10.841355
10.829907
10.760782
10.788792
10.769719
10.919035
10.921802
10.801040
10.702991
10.680905
10.828272
10.922345
10.837667
10.794260
10.732565
10.776241
10.815701
10.768774
10.731390
10.785314
10.838509
10.893166
10.762149
10.140939
10.621132
10.731110
10.617109
10.559357
10.533137
10.518829
10.624478
10.692472
10.725435
10.774299
10.785669
10.768463
10.660889
10.719376
10.815051
10.775201
10.784834
10.716834
10.664801
10.694795
10.792053
10.778773
10.778963
10.726711
10.679975
10.677662
10.736434
10.793130
10.808057
10.760694
10.714787
10.713576
10.717588
10.757471
10.783757
10.784274
10.743139
10.716125
10.719351
10.727236
10.781249
10.824813
10.786600
10.747383
10.763117
10.778036
10.780848
10.818107
10.747430
10.736947
10.807762
10.778566
10.751348
10.709331
10.695447
10.752988
10.741772
10.722123
10.746038
10.713783
10.684177
10.776775
10.753077
10.741514
10.760935
10.719789
10.735044
10.764911
10.761723
10.881649
10.882028
10.830884
10.827312
10.794843
10.812096
10.814904
10.784826
10.690263
10.666118
10.741879
10.737402
10.796616
10.779250
10.751389
10.733473
10.656225
10.569557
10.707386
10.908778
10.120188
10.903198
10.679087
10.606513
10.629442
10.963378
10.823531
10.846803
10.652674
10.535805
10.600517
10.737705
10.833977
10.700739
10.670766
10.644522
10.620417
10.682713
10.670807
10.704000
10.715645
10.708941
10.794415
10.774573
10.733974
10.782736
10.826426
10.801106
10.768676
10.853662
10.994457
10.839842
10.743546
10.742067
10.714258
10.621306
10.697123
10.733321
10.812309
10.814560
10.727344
10.692004
10.746240
10.823090
10.856237
10.780567
10.693298
10.776796
10.786119
10.785178
10.753131
10.708243
10.725560
10.746958
10.824039
10.763422
10.730789
10.710634
10.760857
10.756384
10.695189
10.714890
10.713298
10.696639
10.728693
10.757051
10.666943
10.697175
10.712595
10.715707
10.787564
10.754220
10.708501
10.824266
10.089069
10.150278
10.725022
10.587420
10.609721
10.657569
10.649736
10.660606
10.671991
10.710916
10.738910
10.714673
10.781335
10.824999
10.803454
10.720819
10.713563
10.806829
10.839929
10.823464
10.751640
10.704568
10.820035
10.838072
10.793255
10.698483
10.679029
10.769570
10.850529
10.686256
10.680730
10.688742
10.790145
10.765615
10.887428
10.777740
10.687486
10.725976
10.717515
10.665392
10.649781
10.720160
10.687761
10.702220
10.764187
10.773883
10.777149
10.808317
10.759434
10.707683
10.735639
10.730164
10.726255
10.765547
10.786796
10.764088
10.700172
10.751443
10.782228
10.784253
10.778957
10.731296
10.756214
10.773775
10.702986
10.671564
10.659369
10.678556
10.719131
10.733337
10.774790
10.715359
10.668159
10.755126
10.722853
10.737315
10.831553
10.905721
10.912080
10.848858
10.795561
10.774817
10.746588
10.709641
10.716047
10.827891
10.823380
10.725774
10.688107
10.786726
10.858281
10.807077
10.698627
10.687316
10.711938
10.747839
10.992354
10.835852
10.767949
10.664577
10.758945
10.784763
10.621261
10.683089
10.698741
10.785059
10.799186
10.717915
10.675574
10.681026
10.769993
10.715841
10.751031
10.739702
10.662226
10.723125
10.800606
10.749705
10.714902
10.843249
10.799925
10.791624
10.755302
10.725783
10.777631
10.759393
10.673841
10.621611
10.750515
10.784001
10.858101
10.854924
10.765415
10.666257
10.660030
10.740323
10.805624
10.815613
10.701602
10.660420
10.725101
10.682113
10.787874
10.795045
10.680483
10.650548
10.731803
10.734440
10.782815
10.794322
10.762595
10.810508
10.805903
10.809292
10.793458
10.752644
10.713643
10.784734
10.766959
10.702062
10.733070
10.717812
10.732849
10.805758
10.748233
10.672319
10.676771
10.794075
10.884730
10.970965
10.872265
10.755969
10.867920
10.104441
10.965260
10.601527
10.469535
10.479913
10.759579
10.698998
10.907153
10.834268
10.377995
10.657991
10.594212
10.443709
10.340922
10.588955
10.535698
10.562125
10.412770
10.450415
10.569260
10.690335
10.863317
10.027203
10.966835
10.813145
10.844183
10.804811
10.840056
10.883896
10.836639
10.844135
10.865792
10.820135
10.717910
10.738220
10.742388
10.719909
10.794514
10.790289
10.708980
10.719932
10.774266
10.710480
10.735308
10.819559
10.782726
10.750316
10.806370
10.769649
10.753564
10.782005
10.808496
10.769844
10.802657
10.773888
10.747932
10.720297
10.705660
10.746716
10.758450
10.722709
10.724708
10.755928
10.669607
10.700613
10.790354
10.743293
10.769911
10.811200
10.713216
10.711479
10.772861
10.753110
10.737825
10.718001
10.727544
10.704208
10.708395
10.743286
10.745622
10.761234
10.712287
10.757090
10.787043
10.734658
10.785700
10.826468
10.749834
10.785660
10.834438
10.752197
10.756648
10.783523
10.761370
10.805414
10.794085
10.763883
10.757207
10.765834
10.736041
10.791080
10.786529
10.752237
10.764132
10.727221
10.665053
10.780325
10.775122
10.734743
10.757468
10.770830
10.699790
10.765330
10.795754
10.765675
10.749775
10.753808
10.695216
10.697443
10.706790
10.736723
10.792325
10.767448
10.732149
10.759258
10.717694
10.769373
10.788438
10.756323
10.748249
10.782282
10.765578
10.722022
10.764383
10.755378
10.756039
10.782048
10.752478
10.750909
10.775373
10.714458
10.752648
10.816651
10.744061
10.729059
10.743420
10.653331
10.742306
10.790350
10.738865
10.746607
10.786505
10.707008
10.709913
10.742721
10.758548
10.782904
10.749490
10.731709
10.788092
10.713253
10.635159
10.746751
10.845417
10.812424
10.734273
10.737069
10.617826
10.665693
10.724995
10.703680
10.788610
10.797379
10.752980
10.709588
10.701641
10.737848
10.837707
10.819612
10.813094
10.796925
10.721539
10.701239
10.821613
10.782207
10.737766
10.749549
10.711115
10.659280
10.751756
10.772610
10.720181
10.785728
10.792897
10.721609
10.766030
10.782315
10.778025
10.773974
10.756566
10.734784
10.747243
10.676637
10.728086
10.794953
10.750443
10.781632
10.806087
10.743020
10.698581
10.740934
10.734138
10.723205
10.750715
10.728524
10.719960
10.730147
10.745598
10.770199
10.805432
10.772657
10.772166
10.782555
10.694729
10.723472
10.772959
10.729473
10.754585
10.788519
10.683417
10.767709
10.810533
10.735203
10.727002
10.763812
10.711084
10.729259
10.743879
10.759454
10.796307
10.786545
10.759835
10.768485
10.696110
10.650140
10.734243
10.785137
10.780771
10.815698
10.811640
10.732545
10.750770
10.767452
10.715270
10.731344
10.734554
10.743561
10.775390
10.773767
10.756906
10.832965
10.798972
10.756051
10.750065
10.684538
10.677886
10.797571
10.754590
10.723725
10.756905
10.711548
10.673314
10.731388
10.759007
10.727239
10.761987
10.749466
10.775733
10.794187
10.878822
10.852646
10.714925
10.886642
10.781395
10.810049
10.629182
10.708384
10.694830
10.608429
10.676555
10.718543
10.780804
10.603396
10.693470
10.687962
10.671709
10.839287
10.637609
10.735383
10.591331
10.625463
10.673108
10.732006
10.762971
10.788499
10.872924
10.831198
10.804893
10.876204
10.787076
10.758235
10.842949
10.784707
10.771886
10.831758
10.778413
10.721258
10.756570
10.730432
10.729675
10.771653
10.743177
10.650444
10.704934
10.774419
10.780194
10.798766
10.749987
10.721627
10.703618
10.758780
10.830631
10.844173
10.807100
10.720732
10.762612
10.725849
10.805079
10.851356
10.774559
10.722652
10.725874
10.755603
10.754591
10.787213
10.760123
10.699075
10.726023
10.773182
10.798183
10.756149
10.693248
10.702836
10.711219
10.771257
10.826658
10.773457
10.689492
10.704535
10.755487
10.804956
10.819519
10.762870
10.669830
10.683882
10.740309
10.844911
10.873591
10.765924
10.699763
10.720278
10.723981
10.767874
10.807397
10.755306
10.708888
10.724511
10.745624
10.732077
10.734051
10.712707
10.730560
10.718040
10.721856
10.743864
10.714743
10.650618
10.730699
10.785820
10.752243
10.843423
10.865217
10.790711
10.787727
10.728566
10.622822
10.731568
10.720946
10.818789
10.854699
10.687805
10.679936
10.742209
10.720490
10.786026
10.829372
10.804565
10.729100
10.688178
10.679960
10.688867
10.787833
10.822901
10.807073
10.769273
10.673954
10.718031
10.737684
10.803728
10.803539
10.702705
10.656304
10.669221
10.782877
10.833508
10.827151
10.733558
10.709018
10.735156
10.717181
10.789407
10.790219
10.756216
10.746952
10.753904
10.721391
10.723206
10.754497
10.708843
10.703513
10.779042
10.776464
10.787588
10.719927
10.687787
10.737539
10.750127
10.803442
10.801069
10.720012
10.665238
10.694443
10.779944
10.845649
10.831281
10.737115
10.713008
10.736265
10.691145
10.806291
10.803470
10.765111
10.765109
10.739685
10.717423
10.716173
10.717208
10.673891
10.696445
10.803045
10.826121
10.815513
10.713110
10.716509
10.734290
10.726775
10.846298
10.817089
10.709321
10.638414
10.708632
10.798641
10.881804
10.829863
10.676050
10.690721
10.706811
10.734383
10.818154
10.798635
10.722835
10.733490
10.810734
10.804853
10.826430
10.801538
10.909079
10.897741
10.811841
10.688355
10.730317
10.820303
10.839562
10.828213
10.703913
10.591212
10.830369
10.740328
10.529505
10.508121
10.655186
10.860527
10.792191
10.642840
10.575541
10.511278
10.331407
10.319997
10.455272
10.613059
10.886068
10.950421
10.854525
10.010117
10.904702
10.702228
10.744020
10.755337
10.696981
10.723390
10.812918
10.756473
10.698638
10.761039
10.751613
10.709485
10.775979
10.800877
10.784391
10.844530
10.809859
10.780049
10.771989
10.749846
10.824536
10.886348
10.789372
10.782150
10.786077
10.757616
10.790599
10.803035
10.795730
10.791805
10.741741
10.775257
10.779059
10.685485
10.753745
10.799959
10.731751
10.798987
10.804310
10.757124
10.770419
10.747663
10.755054
10.851321
10.784580
10.760953
10.742507
10.693483
10.737833
10.770668
10.784167
10.786366
10.737872
10.717632
10.773560
10.676814
10.718390
10.805953
10.731368
10.799854
10.793922
10.715449
10.762247
10.713746
10.709680
10.801236
10.766494
10.740150
10.744330
10.698310
10.730950
10.713648
10.709405
10.804153
10.778746
10.755474
10.849900
10.770114
10.650259
10.702611
10.731541
10.810308
10.838102
10.754984
10.766942
10.727332
10.645041
10.749875
10.786138
10.721561
10.724048
10.709249
10.725086
10.716654
10.698091
10.769439
10.779025
10.712353
10.786714
10.748998
10.781768
10.780616
10.724504
10.797000
10.829247
10.784634
10.773050
10.709722
10.715631
10.769351
10.792711
10.801739
10.832502
10.769194
10.773404
10.785220
10.781452
10.675142
10.787457
10.906738
10.895815
10.720143
10.687295
10.707755
10.561065
10.482591
10.495030
10.613586
10.657126
10.585867
10.753474
10.908808
10.899561
10.800560
10.900790
10.754427
10.641843
10.568718
10.656742
10.798604
10.961487
10.858283
10.692430
10.608855
10.691038
10.753813
10.868545
10.896778
10.822020
10.871914
10.900693
10.915454
10.876984
10.751800
10.620318
10.614380
10.849041
10.260115
10.896192
10.866567
10.589142
10.454692
10.557484
10.974378
10.619579
10.154513
10.568742
10.056509
10.169119
10.368566
10.385020
10.395305
10.605235
10.797661
10.890677
10.895611
10.849159
10.931448
10.917623
10.954781
10.902210
10.866201
10.793437
10.817506
10.887870
10.894088
10.882135
10.800135
10.734357
10.707308
10.780957
10.815080
10.812525
10.802168
10.865811
10.841549
10.804899
10.809202
10.797516
10.764046
10.694981
10.690741
10.657433
10.700108
10.750393
10.762116
10.690770
10.682081
10.740124
10.730776
10.770302
10.783395
10.738633
10.692431
10.737486
10.720884
10.757199
10.774259
10.759678
10.722702
10.754050
10.777346
10.894293
10.917961
10.887065
10.799348
10.766074
10.810418
10.843050
10.549861
10.770102
10.808300
10.782445
10.772725
10.661022
10.750567
10.647663
10.777288
10.753319
10.414805
10.667173
10.868670
10.141353
10.712084
10.680164
10.471777
10.412888
10.607110
10.735441
10.855540
10.007737
10.971421
10.826082
10.841269
10.936130
10.911302
10.752960
10.730056
10.723512
10.811061
10.817843
10.710529
10.661242
10.715298
10.793953
10.829535
10.792041
10.682519
10.681860
10.731190
10.694026
10.738375
10.765554
10.681617
10.690740
10.757548
10.718026
10.661001
10.694814
10.671587
10.685112
10.806797
10.771294
10.678043
10.722181
10.718258
10.684511
10.739336
10.742161
10.705739
10.664292
10.688029
10.678074
10.707455
10.833404
10.834009
10.893181
10.986885
10.973603
10.889627
10.702459
10.728497
10.728162
10.760942
10.829034
10.789960
10.702799
10.735118
10.846231
10.967298
10.887402
10.756244
10.673192
10.756078
10.901285
10.013196
10.809226
10.493608
10.486868
10.660686
10.607895
10.204865
10.278388
10.433230
10.308283
10.465239
10.341988
10.439032
10.455010
10.587539
10.807261
10.959908
10.057962
10.097472
10.075957
10.041607
10.051586
10.009446
10.924942
10.892643
10.962457
10.920856
10.859425
10.841923
10.857885
10.901796
10.976175
10.896961
10.756934
10.700835
10.715247
10.744303
10.753763
10.739427
10.720723
10.713290
10.651143
10.686250
10.789328
10.842215
10.786410
10.766424
10.778092
10.798996
10.852066
10.828097
10.813866
10.852551
10.909190
10.766600
10.689468
10.731210
10.815503
10.772387
10.651883
10.716475
10.832384
10.676628
10.707538
10.551487
10.598487
10.630960
10.629139
10.672894
10.713127
10.871172
10.981518
10.806454
10.705775
10.698550
10.746826
10.838586
10.162268
10.640310
10.759631
10.619937
10.813343
10.055729
10.914292
10.845592
10.856798
10.610743
10.432076
10.555273
10.473823
10.098691
10.103981
10.216551
10.380900
10.555614
10.796022
10.926075
10.895787
10.970333
10.010900
10.052139
10.825947
10.885394
10.056228
10.025393
10.909933
10.772828
10.061153
10.962602
10.666471
10.642477
10.746872
10.632428
10.246226
10.599493
10.642334
10.741696
10.830709
10.760626
10.351237
10.641404
10.700456
10.767216
10.699560
10.663943
10.801987
10.005896
10.273740
10.037950
10.826505
10.761998
10.792265
10.054580
10.956082
10.010821
10.833590
10.743577
10.687683
10.857311
10.073246
10.166326
10.882505
10.992661
10.696694
10.754001
10.863019
10.942130
10.547388
10.572685
10.212428
10.233877
10.570825
10.560164
10.271062
10.050211
10.886298
10.404464
10.637903
10.696466
10.017114
10.260898
10.962734
10.457165
10.878995
10.156053
10.479378
10.666540
10.797100
10.014091
10.117125
10.176885
10.126884
10.032548
10.070024
10.076457
10.020862
10.977191
10.097828
10.966560
10.021280
10.322700
10.337882
10.730888
10.356062
10.284716
10.372204
10.480222
10.662820
10.804893
10.846651
10.982966
10.848106
10.888900
10.852250
10.694139
10.689868
10.884305
10.848840
10.695545
10.931982
10.805492
10.786734
10.723778
10.627916
10.733759
10.733484
10.819306
10.757062
10.778168
10.844200
10.775374
10.740051
10.760051
10.764421
10.850569
10.813172
10.740729
10.777474
10.760828
10.778342
10.879601
10.818735
10.720544
10.745502
10.688097
10.588511
10.659039
10.689368
10.636827
10.679677
10.714517
10.634917
10.665612
10.752113
10.746943
10.723146
10.779329
10.737908
10.686320
10.765905
10.781110
10.756871
10.786414
10.759248
10.651287
10.683886
10.717875
10.684285
10.719132
10.757479
10.667459
10.677741
10.731782
10.749811
10.734118
10.766426
10.740903
10.692208
10.762135
10.796711
10.768573
10.774889
10.785337
10.709240
10.732481
10.787692
10.791845
10.758490
10.837339
10.804749
10.780766
10.826632
10.801091
10.809051
10.805081
10.748376
10.631695
10.681670
10.733305
10.733580
10.758965
10.778557
10.703871
10.733185
10.784678
10.787671
10.745654
10.794342
10.811875
10.771725
10.812330
10.791330
10.790982
10.776155
10.727402
10.658907
10.683642
10.775509
10.776051
10.772430
10.789768
10.738531
10.710987
10.737930
10.738893
10.702099
10.753115
10.781605
10.713896
10.751377
10.765555
10.741802
10.777177
10.759235
10.661869
10.670090
10.733387
10.731432
10.743916
10.766252
10.728701
10.688788
10.740211
10.742825
10.757104
10.755377
10.750653
10.666864
10.699520
10.739855
10.780584
10.781423
10.781899
10.718136
10.687512
10.740772
10.755071
10.771767
10.815072
10.778658
10.703306
10.750985
10.761917
10.795213
10.812523
10.812020
10.860236
10.832734
10.759703
10.765601
10.925117
10.892114
10.815733
10.902828
10.811912
10.735529
10.631265
10.688961
10.804139
10.569710
10.780011
10.685336
10.566728
10.652286
10.662718
10.825875
10.866779
10.128656
10.866274
10.999715
10.528491
10.273357
10.139403
10.265020
10.488735
10.725358
10.815536
10.926946
10.031508
10.158479
10.962058
10.788792
10.839070
10.992767
10.083469
10.726255
10.627085
10.802890
10.838667
10.716054
10.596479
10.682266
10.638729
10.769793
10.495053
10.892468
10.632814
10.580009
10.811763
10.581911
10.579566
10.689403
10.746620
10.787804
10.850318
10.852662
10.800999
10.817073
10.848597
10.825258
10.812716
10.964170
10.862564
10.705993
10.576098
10.667159
10.795276
10.710587
10.848605
10.741644
10.575915
10.614794
10.635858
10.895502
10.311564
10.110486
10.627477
10.279100
10.265867
10.350496
10.473419
10.633217
10.837423
10.870335
10.845316
10.855577
10.832293
10.844808
10.858406
10.797128
10.799324
10.835426
10.839462
10.807992
10.747251
10.696802
10.729966
10.811128
10.764157
10.734343
10.722127
10.652204
10.716501
10.782490
10.688952
10.694998
10.768787
10.750780
10.741959
10.814394
10.816782
10.854960
10.888991
10.861286
10.775353
10.830726
10.811182
10.659456
10.664782
10.694139
10.652627
10.671543
10.753926
10.731711
10.694356
10.747728
10.704826
10.686468
10.772504
10.787254
10.702532
10.761335
10.760197
10.712123
10.780535
10.856882
10.756501
10.749247
10.800486
10.878594
10.141575
10.975939
10.830809
10.695182
10.665864
10.860637
10.908563
10.296966
10.953283
10.794954
10.588634
10.895440
10.014289
10.044408
10.381981
10.330327
10.112751
10.605278
10.626034
10.889158
10.662502
10.521126
10.364347
10.392992
10.218590
10.449007
10.490376
10.661179
10.907576
10.863094
10.060501
10.875943
10.793636
10.885898
10.840216
10.801935
10.789117
10.878735
10.889359
10.817556
10.766808
10.777778
10.752008
10.794673
10.840048
10.721112
10.733856
10.773921
10.841095
10.852916
10.918926
10.009278
10.809644
10.584256
10.770665
10.823651
10.801526
10.796603
10.776614
10.669836
10.727052
10.723039
10.671867
10.705942
10.666535
10.603521
10.599001
10.733589
10.778479
10.737289
10.746922
10.734928
10.728112
10.861683
10.876500
10.869541
10.862557
10.767201
10.770187
10.783527
10.751021
10.803015
10.899367
10.779498
10.620140
10.662690
10.681800
10.863970
10.718888
10.811047
10.651914
10.525833
10.793706
10.640898
10.642509
10.741180
10.174216
10.724441
10.581517
10.547090
10.559412
10.584990
10.761562
10.815350
10.890647
10.911740
10.810223
10.831534
10.789152
10.847546
10.783681
10.715787
10.834325
10.831425
10.751589
10.637012
10.848933
10.849957
10.714400
10.496426
10.687734
10.667442
10.691776
10.854221
10.774037
10.647285
10.605389
10.636532
10.635561
10.699184
10.763136
10.731960
10.707603
10.761299
10.745761
10.745257
10.797661
10.806873
10.733747
10.766859
10.756595
10.714627
10.812153
10.864167
10.807099
10.797359
10.786014
10.791361
10.899573
10.945072
10.897975
10.755140
10.855445
10.986219
10.822006
10.737994
10.628879
10.707179
10.866299
10.895675
10.764833
10.688691
10.676177
10.873787
10.777593
10.529143
10.529465
10.585839
10.874933
10.866609
10.786977
10.639606
10.712454
10.710953
10.980854
10.808254
10.683842
10.527555
10.809278
10.806651
10.148476
10.122993
10.431365
10.188973
10.436832
10.300314
10.545658
10.568187
10.505344
10.532763
10.634329
10.844810
10.868642
10.848031
10.750566
10.822283
10.851786
10.849580
10.827319
10.780607
10.734142
10.758538
10.874951
10.848345
10.850582
10.792957
10.748529
10.743011
10.773337
10.803825
10.819164
10.752708
10.716245
10.712503
10.790954
10.852270
10.848588
10.792861
10.759579
10.747914
10.713870
10.740485
10.728490
10.740414
10.698051
10.672040
10.691688
10.682394
10.797801
10.811232
10.741841
10.703100
10.763494
10.769858
10.732847
10.800381
10.806051
10.779951
10.779798
10.840191
10.769514
10.748700
10.728230
10.719924
10.817029
10.789580
10.771957
10.752721
10.741199
10.778340
10.790555
10.751736
10.742915
10.783946
10.731376
10.715569
10.763782
10.792434
10.839290
10.734466
10.671921
10.660402
10.801297
10.872084
10.836490
10.742637
10.701756
10.767034
10.799140
10.748716
10.748670
10.719418
10.764357
10.840576
10.820446
10.726415
10.699014
10.702374
10.695324
10.726515
10.769871
10.766780
10.734741
10.670246
10.697576
10.732325
10.775994
10.800360
10.746683
10.677419
10.691575
10.796194
10.833659
10.804548
10.760680
10.716480
10.759434
10.756035
10.749964
10.774884
10.693040
10.728455
10.767778
10.746638
10.698421
10.707308
10.711123
10.700714
10.726536
10.780552
10.773910
10.747637
10.666668
10.730348
10.765914
10.799704
10.800044
10.774035
10.678107
10.729758
10.863983
10.846165
10.862021
10.819736
10.758938
10.844525
10.807967
10.826016
10.843464
10.734291
10.814473
10.782179
10.737656
10.681028
10.616237
10.610669
10.725823
10.759192
10.738224
10.750838
10.723724
10.775807
10.796274
10.792264
10.691786
10.847584
10.897668
10.698940
10.527229
10.667630
10.734802
10.665870
10.680888
10.073282
10.798424
10.581723
10.587878
10.685233
10.810114
10.827077
10.755243
10.745128
10.772901
10.923956
10.961051
10.817510
10.898722
10.646242
10.550587
10.622568
10.693231
10.713488
10.795769
10.770345
10.781930
10.794522
10.773767
10.609356
10.681976
10.838576
10.836181
10.781281
10.022711
10.014734
10.707108
10.402897
10.551988
10.551273
10.672608
10.640412
10.808374
10.567206
10.427814
10.477964
10.644530
10.653744
10.742531
10.774800
10.881395
10.883286
10.826907
10.789681
10.869179
10.877024
10.895876
10.876993
10.781617
10.731000
10.784866
10.796043
10.753712
10.766694
10.734908
10.669039
10.719144
10.728197
10.707251
10.735085
10.732162
10.689395
10.713745
10.743517
10.725343
10.773070
10.782812
10.784128
10.762496
10.765192
10.749816
10.771937
10.788542
10.787730
10.742716
10.742950
10.728216
10.746916
10.794436
10.776404
10.764296
10.705133
10.688803
10.673087
10.739708
10.766055
10.775174
10.747621
10.720524
10.693624
10.735263
10.786622
10.782351
10.760725
10.729386
10.733383
10.743653
10.791492
10.789708
10.748743
10.700512
10.695010
10.702927
10.762994
10.802464
10.808121
10.784380
10.766582
10.755171
10.752104
10.801295
10.788650
10.755946
10.705100
10.700112
10.702404
10.768294
10.785480
10.772324
10.736682
10.700083
10.681337
10.721796
10.786121
10.787339
10.771957
10.706833
10.701944
10.708402
10.764953
10.776060
10.751251
10.709848
10.695269
10.706546
10.772191
10.819320
10.797388
10.769655
10.754294
10.751744
10.757852
10.789310
10.778553
10.774059
10.735415
10.732700
10.732165
10.783110
10.783746
10.780062
10.740313
10.716823
10.710167
10.759894
10.793906
10.762244
10.728605
10.710677
10.699266
10.716088
10.785661
10.768948
10.748961
10.712399
10.717939
10.717783
10.756023
10.773007
10.786334
10.757349
10.716648
10.707193
10.724011
10.785764
10.791874
10.756542
10.707942
10.716163
10.714290
10.789802
10.806285
10.802361
10.752605
10.719786
10.749075
10.788135
10.808636
10.729691
10.681381
10.570869
10.576363
10.608836
10.706598
10.730632
10.720783
10.732871
10.760662
10.736461
10.786624
10.819664
10.803043
10.780904
10.746715
10.721965
10.727575
10.778025
10.774107
10.740294
10.730321
10.768512
10.765989
10.829266
10.818429
10.807734
10.743052
10.696029
10.672315
10.715521
10.752516
10.757999
10.740892
10.737232
10.732779
10.735766
10.788113
10.786046
10.789997
10.744387
10.740530
10.713293
10.767681
10.782597
10.769204
10.735598
10.771342
10.770391
10.799377
10.827251
10.783417
10.738854
10.678493
10.677523
10.713760
10.772951
10.781542
10.769042
10.768455
10.736844
10.706549
10.748151
10.786628
10.758621
10.717533
10.688796
10.690073
10.716911
10.808924
10.809527
10.760876
10.718608
10.697623
10.724640
10.855962
10.860121
10.808750
10.803066
10.718985
10.747150
10.849453
10.843872
10.804469
10.846707
10.766092
10.804486
10.793710
10.820468
10.804708
10.781595
10.819534
10.836062
10.743896
10.746034
10.795384
10.857048
10.872840
10.815124
10.755994
10.830357
10.917309
10.792197
10.634979
10.578245
10.598757
10.702427
10.682830
10.639261
10.675097
10.669983
10.677256
10.677018
10.729441
10.691934
10.705647
10.743253
10.728987
10.793141
10.747139
10.722195
10.764705
10.757928
10.767685
10.769864
10.821761
10.885639
10.857474
10.875210
10.686521
10.768705
10.744176
10.657198
10.865334
10.670896
10.003384
10.883360
10.706498
10.610954
10.493464
10.647970
10.682176
10.848135
10.799141
10.779011
10.047840
10.787133
10.728863
10.651985
10.560334
10.637634
10.646160
10.793021
10.721820
10.878401
10.008853
10.765355
10.767591
10.630286
10.667061
10.713674
10.692948
10.763906
10.726504
10.967184
10.861402
10.830922
10.653364
10.658422
10.739387
10.744040
10.723892
10.680594
10.787725
10.914865
10.763556
10.748461
10.686332
10.807524
10.800254
10.806419
10.724160
10.731017
10.912547
10.786498
10.812513
10.687796
10.710372
10.743232
10.674614
10.648550
10.693633
10.754869
10.809699
10.768674
10.708136
10.683244
10.728339
10.700182
10.683614
10.730538
10.700613
10.695303
10.679281
10.693229
10.685282
10.724538
10.774734
10.801592
10.763090
10.724659
10.740242
10.701104
10.752622
10.786855
10.747173
10.771622
10.796414
10.768112
10.688932
10.710042
10.698415
10.725260
10.849687
10.814338
10.767646
10.689680
10.704238
10.734773
10.738610
10.789693
10.821495
10.757298
10.628884
10.674067
10.770692
10.781121
10.787220
10.745655
10.665597
10.635913
10.731525
10.771833
10.757787
10.745300
10.685571
10.678525
10.666513
10.729846
10.752645
10.773271
10.715715
10.696124
10.690677
10.708801
10.762507
10.772156
10.747890
10.733947
10.725169
10.747225
10.843616
10.891047
10.968596
10.039886
10.950847
10.771068
10.765759
10.904269
10.075147
10.921804
10.702928
10.426394
10.563398
10.516347
10.887074
10.822909
10.698291
10.587893
10.591280
10.655931
10.760159
10.696974
10.683843
10.839103
10.780045
10.752765
10.703282
10.641421
10.729434
10.762527
10.769694
10.798770
10.762950
10.667054
10.686053
10.777040
10.784047
10.813925
10.760166
10.661331
10.651038
10.753323
10.781670
10.787883
10.797004
10.744547
10.694139
10.740331
10.798904
10.779460
10.793015
10.756147
10.694221
10.690418
10.766740
10.772832
10.768201
10.767307
10.736109
10.694813
10.757032
10.777815
10.718148
10.744731
10.840729
10.809522
10.823987
10.876016
0.000000
0.000000
0.000000
0.000000
0.000000
0.000000
0.000000
0.000000
0.000000
0.000000
0.000000
0.000000
0.000000
0.000000
0.000000
0.000000
0.000000
0.000000
0.000000
0.000000
0.000000
0.000000
0.000000
0.000000
0.000000
0.000000
0.000000
0.000000
0.000000
0.000000
0.000000
0.000000
0.000000
0.000000
0.000000
0.000000
0.000000
0.000000
0.000000
0.000000
0.000000
0.000000
0.000000
0.000000
0.000000
0.000000
0.000000
0.000000
0.000000
0.000000
0.000000
0.000000
0.000000
0.000000
0.000000
0.000000
0.000000
0.000000
0.000000
0.000000
0.000000
0.000000
0.000000
0.000000
0.000000
0.000000
0.000000
0.000000
0.000000
0.000000
0.000000
0.000000
0.000000
0.000000
0.000000
0.000000
0.000000
0.000000
0.000000
0.000000
0.000000
0.000000
0.000000
0.000000
0.000000
0.000000
0.000000
0.000000
0.000000
0.000000
0.000000
0.000000
0.000000
0.000000
0.000000
0.000000
0.000000
0.000000
0.000000
0.000000
0.000000
0.000000
0.000000
0.000000
0.000000
0.000000
0.000000
0.000000
0.000000
0.000000
0.000000
0.000000
0.000000
0.000000
0.000000
0.000000
0.000000
0.000000
0.000000
0.000000
0.000000
0.000000
0.000000
0.000000
0.000000
0.000000
0.000000
0.000000
0.000000
0.000000
0.000000
0.000000
0.000000
0.000000
0.000000
0.000000
0.000000
0.000000
0.000000
0.000000
0.000000
0.000000
0.000000
0.000000
0.000000
0.000000
0.000000
0.000000
0.000000
0.000000
0.000000
0.000000
0.000000
0.000000
0.000000
0.000000
0.000000
0.000000
0.000000
0.000000
0.000000
0.000000
0.000000
0.000000
0.000000
0.000000
0.000000
0.000000
0.000000
0.000000
0.000000
0.000000
0.000000
0.000000
0.000000
0.000000
0.000000
0.000000
0.000000
0.000000
0.000000
0.000000
0.000000
0.000000
0.000000
0.000000
0.000000
0.000000
0.000000
0.000000
0.000000
0.000000
0.000000
0.000000
0.000000
0.000000
0.000000
0.000000
0.000000
0.000000
0.000000
0.000000
0.000000
0.000000
0.000000
0.000000
0.000000
0.000000
0.000000
0.000000
0.000000
0.000000
0.000000
0.000000
0.000000
0.000000
0.000000
0.000000
0.000000
0.000000
0.000000
0.000000
0.000000
0.000000
0.000000
0.000000
0.000000
0.000000
0.000000
0.000000
0.000000
0.000000
0.000000
0.000000
0.000000
0.000000
0.000000
0.000000
0.000000
0.000000
0.000000
0.000000
0.000000
0.000000
0.000000
0.000000
0.000000
0.000000
0.000000
0.000000
0.000000
0.000000
0.000000
0.000000
0.000000
0.000000
0.000000
0.000000
0.000000
0.000000
0.000000
0.000000
0.000000
0.000000
0.000000
0.000000
0.000000
0.000000
0.000000
0.000000
0.000000
0.000000
0.000000
0.000000
0.000000
0.000000
0.000000
0.000000
0.000000
0.000000
0.000000
0.000000
0.000000
0.000000
0.000000
0.000000
0.000000
0.000000
0.000000
0.000000
0.000000
0.000000
0.000000
0.000000
0.000000
0.000000
0.000000
0.000000
0.000000
0.000000
0.000000
0.000000
0.000000
0.000000
0.000000
0.000000
0.000000
0.000000
0.000000
0.000000
0.000000
0.000000
0.000000
0.000000
0.000000
0.000000
0.000000
0.000000
0.000000
0.000000
0.000000
0.000000
0.000000
0.000000
0.000000
0.000000
0.000000
0.000000
0.000000
0.000000
0.000000
0.000000
0.000000
0.000000
0.000000
0.000000
0.000000
0.000000
0.000000
0.000000
0.000000
0.000000
0.000000
0.000000
0.000000
0.000000
0.000000
0.000000
0.000000
0.000000
0.000000
0.000000
0.000000
0.000000
0.000000
0.000000
0.000000
0.000000
0.000000
0.000000
0.000000
0.000000
0.000000
0.000000
0.000000
0.000000
0.000000
0.000000
0.000000
0.000000
0.000000
0.000000
0.000000
0.000000
0.000000
0.000000
0.000000
0.000000
0.000000
0.000000
0.000000
0.000000
0.000000
0.000000
0.000000
0.000000
0.000000
0.000000
0.000000
0.000000
0.000000
0.000000
0.000000
0.000000
0.000000
0.000000
0.000000
0.000000
0.000000
0.000000
0.000000
0.000000
0.000000
0.000000
0.000000
0.000000
0.000000
0.000000
0.000000
0.000000
0.000000
0.000000
0.000000
0.000000
0.000000
0.000000
0.000000
0.000000
0.000000
0.000000
0.000000
0.000000
0.000000
0.000000
0.000000
0.000000
0.000000
0.000000
0.000000
0.000000
0.000000
0.000000
0.000000
0.000000
0.000000
0.000000
0.000000
0.000000
0.000000
0.000000
0.000000
0.000000
0.000000
0.000000
0.000000
0.000000
0.000000
0.000000
0.000000
0.000000
0.000000
0.000000
0.000000
0.000000
0.000000
0.000000
0.000000
0.000000
0.000000
0.000000
0.000000
0.000000
0.000000
0.000000
0.000000
0.000000
0.000000
0.000000
0.000000
0.000000
0.000000
0.000000
0.000000
0.000000
0.000000
0.000000
0.000000
0.000000
0.000000
0.000000
0.000000
0.000000
0.000000
0.000000
0.000000
0.000000
0.000000
0.000000
0.000000
0.000000
0.000000
0.000000
0.000000
0.000000
0.000000
0.000000
0.000000
0.000000
0.000000
0.000000
0.000000
0.000000
0.000000
0.000000
0.000000
0.000000
0.000000
0.000000
0.000000
0.000000
0.000000
0.000000
0.000000
0.000000
0.000000
0.000000
0.000000
0.000000
0.000000
0.000000
0.000000
0.000000
0.000000
0.000000
0.000000
0.000000
0.000000
0.000000
0.000000
0.000000
0.000000
0.000000
0.000000
0.000000
0.000000
0.000000
0.000000
0.000000
0.000000
0.000000
0.000000
0.000000
0.000000
0.000000
0.000000
0.000000
0.000000
0.000000
0.000000
0.000000
0.000000
0.000000
0.000000
0.000000
0.000000
0.000000
0.000000
0.000000
0.000000
0.000000
0.000000
0.000000
0.000000
0.000000
0.000000
0.000000
0.000000
0.000000
0.000000
0.000000
0.000000
0.000000
0.000000
0.000000
0.000000
0.000000
0.000000
0.000000
0.000000
0.000000
0.000000
0.000000
0.000000
0.000000
0.000000
0.000000
0.000000
0.000000
0.000000
0.000000
0.000000
0.000000
0.000000
0.000000
0.000000
0.000000
0.000000
0.000000
0.000000
0.000000
0.000000
0.000000
0.000000
0.000000
0.000000
0.000000
0.000000
0.000000
0.000000
0.000000
0.000000
0.000000
0.000000
0.000000
0.000000
0.000000
0.000000
0.000000
0.000000
0.000000
0.000000
0.000000
0.000000
0.000000
0.000000
0.000000
0.000000
0.000000
0.000000
0.000000
0.000000
0.000000
0.000000
0.000000
0.000000
0.000000
0.000000
0.000000
0.000000
0.000000
0.000000
0.000000
0.000000
0.000000
0.000000
0.000000
0.000000
0.000000
0.000000
0.000000
0.000000
0.000000
0.000000
0.000000
0.000000
0.000000
0.000000
0.000000
0.000000
0.000000
0.000000
0.000000
0.000000
0.000000
0.000000
0.000000
0.000000
0.000000
0.000000
0.000000
0.000000
0.000000
0.000000
0.000000
0.000000
0.000000
0.000000
0.000000
0.000000
0.000000
0.000000
0.000000
0.000000
0.000000
0.000000
0.000000
0.000000
0.000000
0.000000
0.000000
0.000000
0.000000
0.000000
0.000000
0.000000
0.000000
0.000000
0.000000
0.000000
0.000000
0.000000
0.000000
0.000000
0.000000
0.000000
0.000000
0.000000
0.000000
0.000000
0.000000
0.000000
0.000000
0.000000
0.000000
0.000000
0.000000
0.000000
0.000000
0.000000
0.000000
0.000000
0.000000
0.000000
0.000000
0.000000
0.000000
0.000000
0.000000
0.000000
0.000000
0.000000
0.000000
0.000000
0.000000
0.000000
0.000000
0.000000
0.000000
0.000000
0.000000
0.000000
0.000000
0.000000
0.000000
0.000000
0.000000
0.000000
0.000000
0.000000
0.000000
0.000000
0.000000
0.000000
0.000000
0.000000
0.000000
0.000000
0.000000
0.000000
0.000000
0.000000
0.000000
0.000000
0.000000
0.000000
0.000000
0.000000
0.000000
0.000000
0.000000
0.000000
0.000000
0.000000
0.000000
0.000000
0.000000
0.000000
0.000000
0.000000
0.000000
0.000000
0.000000
0.000000
0.000000
0.000000
0.000000
0.000000
0.000000
0.000000
0.000000
0.000000
0.000000
0.000000
0.000000
0.000000
0.000000
0.000000
0.000000
0.000000
0.000000
0.000000
0.000000
0.000000
0.000000
0.000000
0.000000
0.000000
0.000000
0.000000
0.000000
0.000000
0.000000
0.000000
0.000000
0.000000
0.000000
0.000000
0.000000
0.000000
0.000000
0.000000
0.000000
0.000000
0.000000
0.000000
0.000000
0.000000
0.000000
0.000000
0.000000
0.000000
0.000000
0.000000
0.000000
0.000000
0.000000
0.000000
0.000000
0.000000
0.000000
0.000000
0.000000
0.000000
0.000000
0.000000
0.000000
0.000000
0.000000
0.000000
0.000000
0.000000
0.000000
0.000000
0.000000
0.000000
0.000000
0.000000
0.000000
0.000000
0.000000
0.000000
0.000000
0.000000
0.000000
0.000000
0.000000
0.000000
0.000000
0.000000
0.000000
0.000000
0.000000
0.000000
0.000000
0.000000
0.000000
0.000000
0.000000
0.000000
0.000000
0.000000
0.000000
0.000000
0.000000
0.000000
0.000000
0.000000
0.000000
0.000000
0.000000
0.000000
0.000000
0.000000
0.000000
0.000000
0.000000
0.000000
0.000000
0.000000
0.000000
0.000000
0.000000
0.000000
0.000000
0.000000
0.000000
0.000000
0.000000
0.000000
0.000000
0.000000
0.000000
0.000000
0.000000
0.000000
0.000000
0.000000
0.000000
0.000000
0.000000
0.000000
0.000000
0.000000
0.000000
0.000000
0.000000
0.000000
0.000000
0.000000
0.000000
0.000000
0.000000
0.000000
0.000000
0.000000
0.000000
0.000000
0.000000
0.000000
0.000000
0.000000
0.000000
0.000000
0.000000
0.000000
0.000000
0.000000
0.000000
0.000000
0.000000
0.000000
0.000000
0.000000
0.000000
0.000000
0.000000
0.000000
0.000000
0.000000
0.000000
0.000000
0.000000
0.000000
0.000000
0.000000
0.000000
0.000000
0.000000
0.000000
0.000000
0.000000
0.000000
0.000000
0.000000
0.000000
0.000000
0.000000
0.000000
0.000000
0.000000
0.000000
0.000000
0.000000
0.000000
0.000000
0.000000
0.000000
0.000000
0.000000
0.000000
0.000000
0.000000
0.000000
0.000000
0.000000
0.000000
0.000000
0.000000
0.000000
0.000000
0.000000
0.000000
0.000000
0.000000
0.000000
0.000000
0.000000
0.000000
0.000000
0.000000
0.000000
0.000000
0.000000
0.000000
0.000000
0.000000
0.000000
0.000000
0.000000
0.000000
0.000000
0.000000
0.000000
0.000000
0.000000
0.000000
0.000000
0.000000
0.000000
0.000000
0.000000
0.000000
0.000000
0.000000
0.000000
0.000000
0.000000
0.000000
0.000000
0.000000
0.000000
0.000000
0.000000
0.000000
0.000000
0.000000
0.000000
0.000000
0.000000
0.000000
0.000000
0.000000
0.000000
0.000000
0.000000
0.000000
0.000000
0.000000
0.000000
0.000000
0.000000
0.000000
0.000000
0.000000
0.000000
0.000000
0.000000
0.000000
0.000000
0.000000
0.000000
0.000000
0.000000
0.000000
0.000000
0.000000
0.000000
0.000000
0.000000
0.000000
0.000000
0.000000
0.000000
0.000000
0.000000
0.000000
0.000000
0.000000
0.000000
0.000000
0.000000
0.000000
0.000000
0.000000
0.000000
0.000000
0.000000
0.000000
0.000000
0.000000
0.000000
0.000000
0.000000
0.000000
0.000000
0.000000
0.000000
0.000000
0.000000
0.000000
0.000000
0.000000
0.000000
0.000000
0.000000
0.000000
0.000000
0.000000
0.000000
0.000000
0.000000
0.000000
0.000000
0.000000
0.000000
0.000000
0.000000
0.000000
0.000000
0.000000
0.000000
0.000000
0.000000
0.000000
0.000000
0.000000
0.000000
0.000000
0.000000
0.000000
0.000000
0.000000
0.000000
0.000000
0.000000
0.000000
0.000000
0.000000
0.000000
0.000000
0.000000
0.000000
0.000000
0.000000
0.000000
0.000000
0.000000
0.000000
0.000000
0.000000
0.000000
0.000000
0.000000
0.000000
0.000000
0.000000
0.000000
0.000000
0.000000
0.000000
0.000000
0.000000
0.000000
0.000000
0.000000
0.000000
0.000000
0.000000
0.000000
0.000000
0.000000
0.000000
0.000000
0.000000
0.000000
0.000000
0.000000
0.000000
0.000000
0.000000
0.000000
0.000000
0.000000
0.000000
0.000000
0.000000
0.000000
0.000000
0.000000
0.000000
0.000000
0.000000
0.000000
0.000000
0.000000
0.000000
0.000000
0.000000
0.000000
0.000000
0.000000
0.000000
0.000000
0.000000
0.000000
0.000000
0.000000
0.000000
0.000000
0.000000
0.000000
0.000000
0.000000
0.000000
0.000000
0.000000
0.000000
0.000000
0.000000
0.000000
0.000000
0.000000
0.000000
0.000000
0.000000
0.000000
0.000000
0.000000
0.000000
0.000000
0.000000
0.000000
0.000000
0.000000
0.000000
0.000000
0.000000
0.000000
0.000000
0.000000
0.000000
0.000000
0.000000
0.000000
0.000000
0.000000
0.000000
0.000000
0.000000
0.000000
0.000000
0.000000
0.000000
0.000000
0.000000
0.000000
0.000000
0.000000
0.000000
0.000000
0.000000
0.000000
0.000000
0.000000
0.000000
0.000000
0.000000
0.000000
0.000000
0.000000
0.000000
0.000000
0.000000
0.000000
0.000000
0.000000
0.000000
0.000000
0.000000
0.000000
0.000000
0.000000
0.000000
0.000000
0.000000
0.000000
0.000000
0.000000
0.000000
0.000000
0.000000
0.000000
0.000000
0.000000
0.000000
0.000000
0.000000
0.000000
0.000000
0.000000
0.000000
0.000000
0.000000
0.000000
0.000000
0.000000
0.000000
0.000000
0.000000
0.000000
0.000000
0.000000
0.000000
0.000000
0.000000
0.000000
0.000000
0.000000
0.000000
0.000000
0.000000
0.000000
0.000000
0.000000
0.000000
0.000000
0.000000
0.000000
0.000000
0.000000
0.000000
0.000000
0.000000
0.000000
0.000000
0.000000
0.000000
0.000000
0.000000
0.000000
0.000000
0.000000
0.000000
0.000000
0.000000
0.000000
0.000000
0.000000
0.000000
0.000000
0.000000
0.000000
0.000000
0.000000
0.000000
0.000000
0.000000
0.000000
0.000000
0.000000
0.000000
0.000000
0.000000
0.000000
0.000000
0.000000
0.000000
0.000000
0.000000
0.000000
0.000000
0.000000
0.000000
0.000000
0.000000
0.000000
0.000000
0.000000
0.000000
0.000000
0.000000
0.000000
0.000000
0.000000
0.000000
0.000000
0.000000
0.000000
0.000000
0.000000
0.000000
0.000000
0.000000
0.000000
0.000000
0.000000
0.000000
0.000000
0.000000
0.000000
0.000000
0.000000
0.000000
0.000000
0.000000
0.000000
0.000000
0.000000
0.000000
0.000000
0.000000
0.000000
0.000000
0.000000
0.000000
0.000000
0.000000
0.000000
0.000000
0.000000
0.000000
0.000000
0.000000
0.000000
0.000000
0.000000
0.000000
0.000000
0.000000
0.000000
0.000000
0.000000
0.000000
0.000000
0.000000
0.000000
0.000000
0.000000
0.000000
0.000000
0.000000
0.000000
0.000000
0.000000
0.000000
0.000000
0.000000
0.000000
0.000000
0.000000
0.000000
0.000000
0.000000
0.000000
0.000000
0.000000
0.000000
0.000000
0.000000
0.000000
0.000000
0.000000
0.000000
0.000000
0.000000
0.000000
0.000000
0.000000
0.000000
0.000000
0.000000
0.000000
0.000000
0.000000
0.000000
0.000000
0.000000
0.000000
0.000000
0.000000
0.000000
0.000000
0.000000
0.000000
0.000000
0.000000
0.000000
0.000000
0.000000
0.000000
0.000000
0.000000
0.000000
0.000000
0.000000
0.000000
0.000000
0.000000
0.000000
0.000000
0.000000
0.000000
0.000000
0.000000
0.000000
0.000000
0.000000
0.000000
0.000000
0.000000
0.000000
0.000000
0.000000
0.000000
0.000000
0.000000
0.000000
0.000000
0.000000
0.000000
0.000000
0.000000
0.000000
0.000000
0.000000
0.000000
0.000000
0.000000
0.000000
0.000000
0.000000
0.000000
0.000000
0.000000
0.000000
0.000000
0.000000
0.000000
0.000000
0.000000
0.000000
0.000000
0.000000
0.000000
0.000000
0.000000
0.000000
0.000000
0.000000
0.000000
0.000000
0.000000
0.000000
0.000000
0.000000
0.000000
0.000000
0.000000
0.000000
0.000000
0.000000
0.000000
0.000000
0.000000
0.000000
0.000000
0.000000
0.000000
0.000000
0.000000
0.000000
0.000000
0.000000
0.000000
0.000000
0.000000
0.000000
0.000000
0.000000
0.000000
0.000000
0.000000
0.000000
0.000000
0.000000
0.000000
0.000000
0.000000
0.000000
0.000000
0.000000
0.000000
0.000000
0.000000
0.000000
0.000000
0.000000
0.000000
0.000000
0.000000
0.000000
0.000000
0.000000
0.000000
0.000000
0.000000
0.000000
0.000000
0.000000
0.000000
0.000000
0.000000
0.000000
0.000000
0.000000
0.000000
0.000000
0.000000
0.000000
0.000000
0.000000
0.000000
0.000000
0.000000
0.000000
0.000000
0.000000
0.000000
0.000000
0.000000
0.000000
0.000000
0.000000
0.000000
0.000000
0.000000
0.000000
0.000000
0.000000
0.000000
0.000000
0.000000
0.000000
0.000000
0.000000
0.000000
0.000000
0.000000
0.000000
0.000000
0.000000
0.000000
0.000000
0.000000
0.000000
0.000000
0.000000
0.000000
0.000000
0.000000
0.000000
0.000000
0.000000
0.000000
0.000000
0.000000
0.000000
0.000000
0.000000
0.000000
0.000000
0.000000
0.000000
0.000000
0.000000
0.000000
0.000000
0.000000
0.000000
0.000000
0.000000
0.000000
0.000000
0.000000
0.000000
0.000000
0.000000
0.000000
0.000000
0.000000
0.000000
0.000000
0.000000
0.000000
0.000000
0.000000
0.000000
0.000000
0.000000
0.000000
0.000000
0.000000
0.000000
0.000000
0.000000
0.000000
0.000000
0.000000
0.000000
0.000000
0.000000
0.000000
0.000000
0.000000
0.000000
0.000000
0.000000
0.000000
0.000000
0.000000
0.000000
0.000000
0.000000
0.000000
0.000000
0.000000
0.000000
0.000000
0.000000
0.000000
0.000000
0.000000
0.000000
0.000000
0.000000
0.000000
0.000000
0.000000
0.000000
0.000000
0.000000
0.000000
0.000000
0.000000
0.000000
0.000000
0.000000
0.000000
0.000000
0.000000
0.000000
0.000000
0.000000
0.000000
0.000000
0.000000
0.000000
0.000000
0.000000
0.000000
0.000000
0.000000
0.000000
0.000000
0.000000
0.000000
0.000000
0.000000
0.000000
0.000000
0.000000
0.000000
0.000000
0.000000
0.000000
0.000000
0.000000
0.000000
0.000000
0.000000
0.000000
0.000000
0.000000
0.000000
0.000000
0.000000
0.000000
0.000000
0.000000
0.000000
0.000000
0.000000
0.000000
0.000000
0.000000
0.000000
0.000000
0.000000
0.000000
0.000000
0.000000
0.000000
0.000000
0.000000
0.000000
0.000000
0.000000
0.000000
0.000000
0.000000
0.000000
0.000000
0.000000
0.000000
0.000000
0.000000
0.000000
0.000000
0.000000
0.000000
0.000000
0.000000
0.000000
0.000000
0.000000
0.000000
0.000000
0.000000
0.000000
0.000000
0.000000
0.000000
0.000000
0.000000
0.000000
0.000000
0.000000
0.000000
0.000000
0.000000
0.000000
0.000000
0.000000
0.000000
0.000000
0.000000
0.000000
0.000000
0.000000
0.000000
0.000000
0.000000
0.000000
0.000000
0.000000
0.000000
0.000000
0.000000
0.000000
0.000000
0.000000
0.000000
0.000000
0.000000
0.000000
0.000000
0.000000
0.000000
0.000000
0.000000
0.000000
0.000000
0.000000
0.000000
0.000000
0.000000
0.000000
0.000000
0.000000
0.000000
0.000000
0.000000
0.000000
0.000000
0.000000
0.000000
0.000000
0.000000
0.000000
0.000000
0.000000
0.000000
0.000000
0.000000
0.000000
0.000000
0.000000
0.000000
0.000000
0.000000
0.000000
0.000000
0.000000
0.000000
0.000000
0.000000
0.000000
0.000000
0.000000
0.000000
0.000000
0.000000
0.000000
0.000000
0.000000
0.000000
0.000000
0.000000
0.000000
0.000000
0.000000
0.000000
0.000000
0.000000
0.000000
0.000000
0.000000
0.000000
0.000000
0.000000
0.000000
0.000000
0.000000
0.000000
0.000000
0.000000
0.000000
0.000000
0.000000
0.000000
0.000000
0.000000
0.000000
0.000000
0.000000
0.000000
0.000000
0.000000
0.000000
0.000000
0.000000
0.000000
0.000000
0.000000
0.000000
0.000000
0.000000
0.000000
0.000000
0.000000
0.000000
0.000000
0.000000
0.000000
0.000000
0.000000
0.000000
0.000000
0.000000
0.000000
0.000000
0.000000
0.000000
0.000000
0.000000
0.000000
0.000000
0.000000
0.000000
0.000000
0.000000
0.000000
0.000000
0.000000
0.000000
0.000000
0.000000
0.000000
0.000000
0.000000
0.000000
0.000000
0.000000
0.000000
0.000000
0.000000
0.000000
0.000000
0.000000
0.000000
0.000000
0.000000
0.000000
0.000000
0.000000
0.000000
0.000000
0.000000
0.000000
0.000000
0.000000
0.000000
0.000000
0.000000
0.000000
0.000000
0.000000
0.000000
0.000000
0.000000
0.000000
0.000000
0.000000
0.000000
0.000000
0.000000
0.000000
0.000000
0.000000
0.000000
0.000000
0.000000
0.000000
0.000000
0.000000
0.000000
0.000000
0.000000
0.000000
0.000000
0.000000
0.000000
0.000000
0.000000
0.000000
0.000000
0.000000
0.000000
0.000000
0.000000
0.000000
0.000000
0.000000
0.000000
0.000000
0.000000
0.000000
0.000000
0.000000
0.000000
0.000000
0.000000
0.000000
0.000000
0.000000
0.000000
0.000000
0.000000
0.000000
0.000000
0.000000
0.000000
0.000000
0.000000
0.000000
0.000000
0.000000
0.000000
0.000000
0.000000
0.000000
0.000000
0.000000
0.000000
0.000000
0.000000
0.000000
0.000000
0.000000
0.000000
0.000000
0.000000
0.000000
0.000000
0.000000
0.000000
0.000000
0.000000
0.000000
0.000000
0.000000
0.000000
0.000000
0.000000
0.000000
0.000000
0.000000
0.000000
0.000000
0.000000
0.000000
0.000000
0.000000
0.000000
0.000000
0.000000
0.000000
0.000000
0.000000
0.000000
0.000000
0.000000
0.000000
0.000000
0.000000
0.000000
0.000000
0.000000
0.000000
0.000000
0.000000
0.000000
0.000000
0.000000
0.000000
0.000000
0.000000
0.000000
0.000000
0.000000
0.000000
0.000000
0.000000
0.000000
0.000000
0.000000
0.000000
0.000000
0.000000
0.000000
0.000000
0.000000
0.000000
0.000000
0.000000
0.000000
0.000000
0.000000
0.000000
0.000000
0.000000
0.000000
0.000000
0.000000
0.000000
0.000000
0.000000
0.000000
0.000000
0.000000
0.000000
0.000000
0.000000
0.000000
0.000000
0.000000
0.000000
0.000000
0.000000
0.000000
0.000000
0.000000
0.000000
0.000000
0.000000
0.000000
0.000000
0.000000
0.000000
0.000000
0.000000
0.000000
0.000000
0.000000
0.000000
0.000000
0.000000
0.000000
0.000000
0.000000
0.000000
0.000000
0.000000
0.000000
0.000000
0.000000
0.000000
0.000000
0.000000
0.000000
0.000000
0.000000
0.000000
0.000000
0.000000
0.000000
0.000000
0.000000
0.000000
0.000000
0.000000
0.000000
0.000000
0.000000
0.000000
0.000000
0.000000
0.000000
0.000000
0.000000
0.000000
0.000000
0.000000
0.000000
0.000000
0.000000
0.000000
0.000000
0.000000
0.000000
0.000000
0.000000
0.000000
0.000000
0.000000
0.000000
0.000000
0.000000
0.000000
0.000000
0.000000
0.000000
0.000000
0.000000
0.000000
0.000000
0.000000
0.000000
0.000000
0.000000
0.000000
0.000000
0.000000
0.000000
0.000000
0.000000
0.000000
0.000000
0.000000
0.000000
0.000000
0.000000
0.000000
0.000000
0.000000
0.000000
0.000000
0.000000
0.000000
0.000000
0.000000
0.000000
0.000000
0.000000
0.000000
0.000000
0.000000
0.000000
0.000000
0.000000
0.000000
0.000000
0.000000
0.000000
0.000000
0.000000
0.000000
0.000000
0.000000
0.000000
0.000000
0.000000
0.000000
0.000000
0.000000
0.000000
0.000000
0.000000
0.000000
0.000000
0.000000
0.000000
0.000000
0.000000
0.000000
0.000000
0.000000
0.000000
0.000000
0.000000
0.000000
0.000000
0.000000
0.000000
0.000000
0.000000
0.000000
0.000000
0.000000
0.000000
0.000000
0.000000
0.000000
0.000000
0.000000
0.000000
0.000000
0.000000
0.000000
0.000000
0.000000
0.000000
0.000000
0.000000
0.000000
0.000000
0.000000
0.000000
0.000000
0.000000
0.000000
0.000000
0.000000
0.000000
0.000000
0.000000
0.000000
0.000000
0.000000
0.000000
0.000000
0.000000
0.000000
0.000000
0.000000
0.000000
0.000000
0.000000
0.000000
0.000000
0.000000
0.000000
0.000000
0.000000
0.000000
0.000000
0.000000
0.000000
0.000000
0.000000
0.000000
0.000000
0.000000
0.000000
0.000000
0.000000
0.000000
0.000000
0.000000
0.000000
0.000000
0.000000
0.000000
0.000000
0.000000
0.000000
0.000000
0.000000
0.000000
0.000000
0.000000
0.000000
0.000000
0.000000
0.000000
0.000000
0.000000
0.000000
0.000000
0.000000
0.000000
0.000000
0.000000
0.000000
0.000000
0.000000
0.000000
0.000000
0.000000
0.000000
0.000000
0.000000
0.000000
0.000000
0.000000
0.000000
0.000000
0.000000
0.000000
0.000000
0.000000
0.000000
0.000000
0.000000
0.000000
0.000000
0.000000
0.000000
0.000000
0.000000
0.000000
0.000000
0.000000
0.000000
0.000000
0.000000
0.000000
0.000000
0.000000
0.000000
0.000000
0.000000
0.000000
0.000000
0.000000
0.000000
0.000000
0.000000
0.000000
0.000000
0.000000
0.000000
0.000000
0.000000
0.000000
0.000000
0.000000
0.000000
0.000000
0.000000
0.000000
0.000000
0.000000
0.000000
0.000000
0.000000
0.000000
0.000000
0.000000
0.000000
0.000000
0.000000
0.000000
0.000000
0.000000
0.000000
0.000000
0.000000
0.000000
0.000000
0.000000
0.000000
0.000000
0.000000
0.000000
0.000000
0.000000
0.000000
0.000000
0.000000
0.000000
0.000000
0.000000
0.000000
0.000000
0.000000
0.000000
0.000000
0.000000
0.000000
0.000000
0.000000
0.000000
0.000000
0.000000
0.000000
0.000000
0.000000
0.000000
0.000000
0.000000
0.000000
0.000000
0.000000
0.000000
0.000000
0.000000
0.000000
0.000000
0.000000
0.000000
0.000000
0.000000
0.000000
0.000000
0.000000
0.000000
0.000000
0.000000
0.000000
0.000000
0.000000
0.000000
0.000000
0.000000
0.000000
0.000000
0.000000
0.000000
0.000000
0.000000
0.000000
0.000000
0.000000
0.000000
0.000000
0.000000
0.000000
0.000000
0.000000
0.000000
0.000000
0.000000
0.000000
0.000000
0.000000
0.000000
0.000000
0.000000
0.000000
0.000000
0.000000
0.000000
0.000000
0.000000
0.000000
0.000000
0.000000
0.000000
0.000000
0.000000
0.000000
0.000000
0.000000
0.000000
0.000000
0.000000
0.000000
0.000000
0.000000
0.000000
0.000000
0.000000
0.000000
0.000000
0.000000
0.000000
0.000000
0.000000
0.000000
0.000000
0.000000
0.000000
0.000000
0.000000
0.000000
0.000000
0.000000
0.000000
0.000000
0.000000
0.000000
0.000000
0.000000
0.000000
0.000000
0.000000
0.000000
0.000000
0.000000
0.000000
0.000000
0.000000
0.000000
0.000000
0.000000
0.000000
0.000000
0.000000
0.000000
0.000000
0.000000
0.000000
0.000000
0.000000
0.000000
0.000000
0.000000
0.000000
0.000000
0.000000
0.000000
0.000000
0.000000
0.000000
0.000000
0.000000
0.000000
0.000000
0.000000
0.000000
0.000000
0.000000
0.000000
0.000000
0.000000
0.000000
0.000000
0.000000
0.000000
0.000000
0.000000
0.000000
0.000000
0.000000
0.000000
0.000000
0.000000
0.000000
0.000000
0.000000
0.000000
0.000000
0.000000
0.000000
0.000000
0.000000
0.000000
0.000000
0.000000
0.000000
0.000000
0.000000
0.000000
0.000000
0.000000
0.000000
0.000000
0.000000
0.000000
0.000000
0.000000
0.000000
0.000000
0.000000
0.000000
0.000000
0.000000
0.000000
0.000000
0.000000
0.000000
0.000000
0.000000
0.000000
0.000000
0.000000
0.000000
0.000000
0.000000
0.000000
0.000000
0.000000
0.000000
0.000000
0.000000
0.000000
0.000000
0.000000
0.000000
0.000000
0.000000
0.000000
0.000000
0.000000
0.000000
0.000000
0.000000
0.000000
0.000000
0.000000
0.000000
0.000000
0.000000
0.000000
0.000000
0.000000
0.000000
0.000000
0.000000
0.000000
0.000000
0.000000
0.000000
0.000000
0.000000
0.000000
0.000000
0.000000
0.000000
0.000000
0.000000
0.000000
0.000000
0.000000
0.000000
0.000000
0.000000
0.000000
0.000000
0.000000
0.000000
0.000000
0.000000
0.000000
0.000000
0.000000
0.000000
0.000000
0.000000
0.000000
0.000000
0.000000
0.000000
0.000000
0.000000
0.000000
0.000000
0.000000
0.000000
0.000000
0.000000
0.000000
0.000000
0.000000
0.000000
0.000000
0.000000
0.000000
0.000000
0.000000
0.000000
0.000000
0.000000
0.000000
0.000000
0.000000
0.000000
0.000000
0.000000
0.000000
0.000000
0.000000
0.000000
0.000000
0.000000
0.000000
0.000000
0.000000
0.000000
0.000000
0.000000
0.000000
0.000000
0.000000
0.000000
0.000000
0.000000
0.000000
0.000000
0.000000
0.000000
0.000000
0.000000
0.000000
0.000000
0.000000
0.000000
0.000000
0.000000
0.000000
0.000000
0.000000
0.000000
0.000000
0.000000
0.000000
0.000000
0.000000
0.000000
0.000000
0.000000
0.000000
0.000000
0.000000
0.000000
0.000000
0.000000
0.000000
0.000000
0.000000
0.000000
0.000000
0.000000
0.000000
0.000000
0.000000
0.000000
0.000000
0.000000
0.000000
0.000000
0.000000
0.000000
0.000000
0.000000
0.000000
0.000000
0.000000
0.000000
0.000000
0.000000
0.000000
0.000000
0.000000
0.000000
0.000000
0.000000
0.000000
0.000000
0.000000
0.000000
0.000000
0.000000
0.000000
0.000000
0.000000
0.000000
0.000000
0.000000
0.000000
0.000000
0.000000
0.000000
0.000000
0.000000
0.000000
0.000000
0.000000
0.000000
0.000000
0.000000
0.000000
0.000000
0.000000
0.000000
0.000000
0.000000
0.000000
0.000000
0.000000
0.000000
0.000000
0.000000
0.000000
0.000000
0.000000
0.000000
0.000000
0.000000
0.000000
0.000000
0.000000
0.000000
0.000000
0.000000
0.000000
0.000000
0.000000
0.000000
0.000000
0.000000
0.000000
0.000000
0.000000
0.000000
0.000000
0.000000
0.000000
0.000000
0.000000
0.000000
0.000000
0.000000
0.000000
0.000000
0.000000
0.000000
0.000000
0.000000
0.000000
0.000000
0.000000
0.000000
0.000000
0.000000
0.000000
0.000000
0.000000
0.000000
0.000000
0.000000
0.000000
0.000000
0.000000
0.000000
0.000000
0.000000
0.000000
0.000000
0.000000
0.000000
0.000000
0.000000
0.000000
0.000000
0.000000
0.000000
0.000000
0.000000
0.000000
0.000000
0.000000
0.000000
0.000000
0.000000
0.000000
0.000000
0.000000
0.000000
0.000000
0.000000
0.000000
0.000000
0.000000
0.000000
0.000000
0.000000
0.000000
0.000000
0.000000
0.000000
0.000000
0.000000
0.000000
0.000000
0.000000
0.000000
0.000000
0.000000
0.000000
0.000000
0.000000
0.000000
0.000000
0.000000
0.000000
0.000000
0.000000
0.000000
0.000000
0.000000
0.000000
0.000000
0.000000
0.000000
0.000000
0.000000
0.000000
0.000000
0.000000
0.000000
0.000000
0.000000
0.000000
0.000000
0.000000
0.000000
0.000000
0.000000
0.000000
0.000000
0.000000
0.000000
0.000000
0.000000
0.000000
0.000000
0.000000
0.000000
0.000000
0.000000
0.000000
0.000000
0.000000
0.000000
0.000000
0.000000
0.000000
0.000000
0.000000
0.000000
0.000000
0.000000
0.000000
0.000000
0.000000
0.000000
0.000000
0.000000
0.000000
0.000000
0.000000
0.000000
0.000000
0.000000
0.000000
0.000000
0.000000
0.000000
0.000000
0.000000
0.000000
0.000000
0.000000
0.000000
0.000000
0.000000
0.000000
0.000000
0.000000
0.000000
0.000000
0.000000
0.000000
0.000000
0.000000
0.000000
0.000000
0.000000
0.000000
0.000000
0.000000
0.000000
0.000000
0.000000
0.000000
0.000000
0.000000
0.000000
0.000000
0.000000
0.000000
0.000000
0.000000
0.000000
0.000000
0.000000
0.000000
0.000000
0.000000
0.000000
0.000000
0.000000
0.000000
0.000000
0.000000
0.000000
0.000000
0.000000
0.000000
0.000000
0.000000
0.000000
0.000000
0.000000
0.000000
0.000000
0.000000
0.000000
0.000000
0.000000
0.000000
0.000000
0.000000
0.000000
0.000000
0.000000
0.000000
0.000000
0.000000
0.000000
0.000000
0.000000
0.000000
0.000000
0.000000
0.000000
0.000000
0.000000
0.000000
0.000000
0.000000
0.000000
0.000000
0.000000
0.000000
0.000000
0.000000
0.000000
0.000000
0.000000
0.000000
0.000000
0.000000
0.000000
0.000000
0.000000
0.000000
0.000000
0.000000
0.000000
0.000000
0.000000
0.000000
0.000000
0.000000
0.000000
0.000000
0.000000
0.000000
0.000000
0.000000
0.000000
0.000000
0.000000
0.000000
0.000000
0.000000
0.000000
0.000000
0.000000
0.000000
0.000000
0.000000
0.000000
0.000000
0.000000
0.000000
0.000000
0.000000
0.000000
0.000000
0.000000
0.000000
0.000000
0.000000
0.000000
0.000000
0.000000
0.000000
0.000000
0.000000
0.000000
0.000000
0.000000
0.000000
0.000000
0.000000
0.000000
0.000000
0.000000
0.000000
0.000000
0.000000
0.000000
0.000000
0.000000
0.000000
0.000000
0.000000
0.000000
0.000000
0.000000
0.000000
0.000000
0.000000
0.000000
0.000000
0.000000
0.000000
0.000000
0.000000
0.000000
0.000000
0.000000
0.000000
0.000000
0.000000
0.000000
0.000000
0.000000
0.000000
0.000000
0.000000
0.000000
0.000000
0.000000
0.000000
0.000000
0.000000
0.000000
0.000000
0.000000
0.000000
0.000000
0.000000
0.000000
0.000000
0.000000
0.000000
0.000000
0.000000
0.000000
0.000000
0.000000
0.000000
0.000000
0.000000
0.000000
0.000000
