10.234924
10.217865
10.116884
10.069583
10.063598
10.992433
10.956366
10.037011
10.007268
10.942820
10.939730
10.899754
10.779418
10.831522
10.893942
10.837492
10.871320
10.857064
10.752167
10.731229
10.799110
10.788596
10.778336
10.806969
10.775855
10.697020
10.793372
10.800573
10.773476
10.775708
10.767508
10.678768
10.728733
10.788779
10.751381
10.754200
10.776731
10.714551
10.688444
10.787312
10.773787
10.769181
10.796006
10.780046
10.664953
10.721211
10.760074
10.762014
10.824051
10.830057
10.763269
10.805294
10.863831
10.826417
10.795222
10.848202
10.765734
10.738242
10.723818
10.696389
10.645552
10.648321
10.648096
10.614952
10.694988
10.763672
10.760486
10.739003
10.684320
10.615183
10.699623
10.695936
10.835022
10.918599
10.730673
10.736404
10.688169
10.712166
10.753795
10.845254
10.778607
10.894882
10.866837
10.005162
10.599332
10.474459
10.501548
10.562013
10.645817
10.830463
10.936183
10.957028
10.856649
10.867111
10.874675
10.928219
10.737906
10.022290
10.086642
11.007869
10.327688
10.733150
10.621924
10.747716
10.031218
10.984505
10.062895
10.442636
10.304299
10.735076
10.705404
10.288621
10.223866
10.433506
10.339231
10.418430
10.686168
10.847886
10.919165
10.933845
10.985451
10.909295
10.939903
10.963564
10.915729
10.906952
10.917070
10.868000
10.814780
10.878744
10.870535
10.859912
10.833231
10.773302
10.692581
10.762226
10.790252
10.759748
10.826397
10.852385
10.759206
10.790621
10.845170
10.918914
10.926867
10.811240
10.707253
10.757532
10.840671
10.858379
10.774078
10.767103
10.829820
10.944940
10.851230
10.738367
10.685675
10.736582
10.822635
10.810603
10.687654
10.568233
10.672503
10.696657
10.747065
10.848798
10.792554
10.734496
10.758533
10.736946
10.729861
10.711444
10.722727
10.762785
10.760094
10.677029
10.676414
10.706885
10.692173
10.759045
10.776007
10.729892
10.641053
10.709645
10.778842
10.774608
10.792779
10.747203
10.647162
10.656968
10.725297
10.697798
10.761617
10.730578
10.665628
10.627031
10.738400
10.813633
10.761946
10.760103
10.738203
10.666937
10.726503
10.845255
10.823259
10.797050
10.753633
10.779557
10.800407
10.770256
10.770750
10.792745
10.793489
10.810888
10.823146
10.756603
10.733682
10.714586
10.709119
10.707822
10.719828
10.726908
10.724438
10.729406
10.793139
10.763846
10.807108
10.800884
10.742941
10.749185
10.791877
10.782222
10.766714
10.761189
10.727459
10.824991
10.803583
10.751362
10.677229
10.718787
10.776554
10.768600
10.751580
10.761795
10.845445
10.881768
10.826756
10.773321
10.686024
10.670754
10.686166
10.781557
10.822949
10.795164
10.757789
10.706066
10.820812
10.879515
10.799149
10.757626
10.768520
10.691818
10.738244
10.738209
10.747069
10.586554
10.628468
10.671155
10.690153
10.799703
10.695853
10.625488
10.695757
10.742582
10.749681
10.784828
10.703395
10.764336
10.786056
10.740051
10.788005
10.757214
10.744331
10.807683
10.780802
10.765141
10.724916
10.700707
10.754574
10.775799
10.793195
10.766529
10.716404
10.753087
10.781294
10.751885
10.780959
10.743093
10.732036
10.763490
10.795155
10.839492
10.773178
10.725173
10.789995
10.797876
10.758986
10.718100
10.695455
10.721561
10.703665
10.714042
10.686313
10.639927
10.736539
10.755463
10.716279
10.692980
10.663723
10.768633
10.815816
10.761951
10.743237
10.811494
10.956676
10.809713
10.631632
10.681719
10.752427
10.886308
10.768407
10.589787
10.495546
10.644757
10.714286
10.679273
10.649861
10.815065
10.847105
10.844376
10.783795
10.755443
10.885563
10.872558
10.803720
10.783648
10.761963
10.977882
10.887877
10.764429
10.670169
10.690891
10.724654
10.763895
10.782020
10.757820
10.712181
10.755974
10.782322
10.817730
10.740155
10.658935
10.687851
10.707775
10.728733
10.729939
10.651986
10.692505
10.750891
10.829547
10.811413
10.799084
10.772681
10.813757
10.754625
10.689599
10.697346
10.743701
10.694360
10.713293
10.815963
10.776211
10.764848
10.763114
10.771242
10.751225
10.677968
10.660547
10.708284
10.684384
10.668532
10.723736
10.701926
10.685142
10.776730
10.773993
10.806289
10.793065
10.708311
10.750784
10.754630
10.698282
10.724260
10.769179
10.771405
10.804348
10.787901
10.742487
10.849968
10.838563
10.745229
10.670013
10.697714
10.720411
10.787833
10.842860
10.790887
10.768937
10.765090
10.824047
10.854585
10.780375
10.716291
10.762529
10.597200
10.784905
10.769894
10.714344
10.686839
10.780352
10.798516
10.813594
10.751503
10.681495
10.716297
10.709900
10.670012
10.742089
10.720501
10.787789
10.776961
10.693394
10.765702
10.821054
10.756890
10.691840
10.732729
10.673088
10.660597
10.755404
10.752191
10.837586
10.800886
10.730153
10.733774
10.772346
10.839883
10.832979
10.751366
10.710204
10.750360
10.760928
10.717899
10.691013
10.697768
10.678005
10.698995
10.690313
10.683378
10.725736
10.808456
10.727609
10.790015
10.789758
10.719165
10.792519
10.790112
10.762232
10.791832
10.753204
10.723984
10.798840
10.718517
10.814676
10.823565
10.723915
10.739153
10.759067
10.790082
10.798042
10.807623
10.865253
10.834056
10.765487
10.675395
10.790984
10.819800
10.857260
10.661395
10.593823
10.638325
10.027613
10.135582
10.216906
10.322357
10.697331
10.237522
10.598948
10.116905
10.600439
10.354702
10.366037
10.269406
10.295084
10.516518
10.707268
10.909545
10.992120
10.928932
10.991461
10.044267
10.038153
10.108439
10.048868
10.961984
10.911763
10.833586
10.807721
10.832987
10.781929
10.806138
10.861177
10.811530
10.754766
10.822735
10.788421
10.725163
10.789336
10.816091
10.731736
10.757083
10.796790
10.755541
10.773384
10.792511
10.748329
10.796674
10.794497
10.758769
10.755181
10.724609
10.711542
10.804074
10.796210
10.739280
10.757684
10.749274
10.688172
10.802517
10.769020
10.721240
10.712883
10.710523
10.678348
10.745392
10.793635
10.780869
10.805606
10.708431
10.582613
10.655374
10.754101
10.744408
10.754527
10.677733
10.705246
10.754372
10.723747
10.771364
10.800768
10.763137
10.721283
10.808596
10.790565
10.754083
10.818660
10.817639
10.784957
10.821884
10.803022
10.777018
10.766495
10.756570
10.776622
10.846311
10.791840
10.759301
10.740393
10.676339
10.715465
10.828738
10.787194
10.761730
10.743230
10.687247
10.696529
10.749581
10.746959
10.735277
10.759652
10.716448
10.708452
10.720282
10.747039
10.764816
10.787927
10.727161
10.742413
10.730694
10.699357
10.761116
10.786554
10.716063
10.746919
10.795859
10.732006
10.739724
10.770868
10.746950
10.776505
10.793125
10.769470
10.758837
10.752661
10.743469
10.829124
10.817486
10.747407
10.739049
10.694165
10.659234
10.785857
10.805737
10.756140
10.747901
10.700376
10.677174
10.738085
10.758013
10.781557
10.780111
10.727537
10.741806
10.730590
10.689241
10.762094
10.796452
10.802957
10.833488
10.828817
10.710960
10.738064
10.867231
10.689340
10.665439
10.691356
10.695239
10.698317
10.706532
10.693748
10.768104
10.845119
10.808033
10.789403
10.774590
10.691471
10.789464
10.820642
10.737260
10.722655
10.736375
10.681378
10.722999
10.787212
10.773130
10.750191
10.753293
10.705054
10.706866
10.718708
10.734646
10.766569
10.777945
10.719747
10.756767
10.723152
10.733261
10.762335
10.755878
10.681498
10.755484
10.780618
10.725040
10.765935
10.769469
10.739156
10.778009
10.776920
10.769190
10.766384
10.744885
10.711435
10.797628
10.785532
10.756887
10.737105
10.668886
10.689434
10.835948
10.810238
10.740195
10.742505
10.696648
10.645358
10.758210
10.810172
10.772462
10.765015
10.718992
10.708014
10.728171
10.749451
10.788177
10.813464
10.742712
10.768254
10.789739
10.749755
10.808017
10.802091
10.717382
10.708747
10.765293
10.733167
10.717278
10.729799
10.753395
10.775221
10.805801
10.765607
10.747587
10.738833
10.689789
10.786554
10.847663
10.769873
10.743885
10.740360
10.661857
10.718423
10.787410
10.776553
10.797071
10.750864
10.679737
10.715456
10.755866
10.761947
10.753870
10.771424
10.720884
10.748176
10.727709
10.758431
10.800248
10.741321
10.749763
10.735270
10.791391
10.827341
10.762768
10.764067
10.896852
10.766625
10.794935
10.788459
10.638882
10.560433
10.716252
10.711906
10.553455
10.711188
10.750222
10.673244
10.620036
10.248796
10.759357
10.458969
10.396623
10.483362
10.620100
10.677016
10.774009
10.811846
10.940035
10.008544
10.928728
10.834513
10.807120
10.723555
10.707976
10.791297
10.785525
10.758592
10.799227
10.768826
10.692443
10.748387
10.762573
10.766410
10.767936
10.754736
10.692655
10.687859
10.824194
10.820189
10.800190
10.763993
10.740571
10.746837
10.779655
10.835948
10.818704
10.751667
10.692945
10.737800
10.744843
10.761720
10.791965
10.733517
10.715180
10.763937
10.758285
10.755849
10.702392
10.689116
10.695333
10.746762
10.821038
10.866351
10.811660
10.704913
10.731322
10.759915
10.780235
10.807441
10.763838
10.715023
10.686096
10.748090
10.822775
10.850094
10.760293
10.683408
10.735441
10.743461
10.707876
10.713519
10.703037
10.755472
10.844335
10.771490
10.715025
10.677670
10.700244
10.726760
10.808245
10.848463
10.790079
10.710676
10.595600
10.708666
10.779148
10.759835
10.749256
10.755177
10.705466
10.725661
10.792058
10.955486
10.883358
10.728317
10.633903
10.663548
10.573541
10.619869
10.789825
10.773360
10.795084
10.766731
10.745998
10.751375
10.763031
10.706294
10.729111
10.816813
10.809136
10.811089
10.752197
10.721034
10.736926
10.731899
10.776592
10.804760
10.763281
10.702415
10.721928
10.834706
10.831645
10.807619
10.720479
10.712478
10.755959
10.751961
10.769286
10.730799
10.703952
10.761323
10.808549
10.763531
10.698768
10.706999
10.673858
10.747066
10.839140
10.813989
10.777796
10.688312
10.684196
10.722341
10.725294
10.794938
10.800896
10.723413
10.675166
10.708238
10.785341
10.785749
10.758356
10.700123
10.714120
10.742162
10.757266
10.804227
10.777450
10.732702
10.743170
10.807760
10.760284
10.743294
10.737116
10.680402
10.750254
10.787859
10.769004
10.739691
10.688691
10.703304
10.701302
10.712536
10.820345
10.844601
10.725065
10.679286
10.776932
10.810952
10.866398
10.807686
10.694592
10.700458
10.691944
10.726059
10.808280
10.774615
10.732258
10.734852
10.754944
10.686431
10.756310
10.759114
10.790258
10.815377
10.776999
10.807505
10.813379
10.795153
10.811399
10.799532
10.087730
10.000729
10.778897
10.608809
10.557407
10.749160
10.402022
10.732611
10.514189
10.645516
10.618608
10.657592
10.640867
10.669161
10.986017
10.083220
10.740149
10.160848
10.006525
10.142756
10.337975
10.549188
10.750060
10.893641
10.918531
10.928597
10.857080
10.858586
10.945350
10.895551
10.865265
10.841539
10.766058
10.778202
10.906232
10.888159
10.819503
10.814037
10.789318
10.753991
10.866861
10.845613
10.841576
10.808735
10.745823
10.730904
10.723130
10.737315
10.818382
10.821912
10.725957
10.820284
10.818625
10.778524
10.809574
10.759613
10.768755
10.835938
10.814641
10.803203
10.763234
10.671812
10.733894
10.800212
10.772429
10.763705
10.722114
10.706498
10.738403
10.752547
10.784881
10.780427
10.668859
10.715403
10.788918
10.898527
10.799083
10.672511
10.677476
10.786869
10.784995
10.782182
10.737571
10.669675
10.711946
10.737898
10.799540
10.801816
10.722816
10.694520
10.757179
10.717150
10.782773
10.790283
10.709882
10.772223
10.772225
10.753773
10.824065
10.721273
10.685903
10.779021
10.752124
10.753144
10.725040
10.751071
10.677234
10.680529
10.710504
10.773260
10.748553
10.695898
10.805212
10.793359
10.739251
10.765021
10.729172
10.765409
10.772074
10.766971
10.770815
10.706045
10.647727
10.759302
10.828692
10.804615
10.786285
10.708178
10.753213
10.736628
10.770030
10.797709
10.767752
10.824338
10.786564
10.783562
10.773307
10.789131
10.775688
10.833124
10.852365
10.838776
10.702905
10.818653
10.791235
10.678818
10.635809
10.673141
10.630882
10.569681
10.563210
10.674400
10.873847
10.831987
10.853386
10.846601
10.605145
10.556494
10.859751
10.800222
10.668737
10.661189
10.211954
10.942239
10.667628
10.386732
10.285011
10.330914
10.507387
10.670918
10.814739
10.865321
10.896585
10.966683
10.045490
10.983013
10.875465
10.721937
10.717013
10.916110
10.055085
10.758700
10.646659
10.661230
10.766418
10.953422
10.704222
10.730710
10.581901
10.416807
10.491102
10.612676
10.662742
10.602587
10.664054
10.673794
10.871508
10.967028
10.868106
10.685594
10.697523
10.803147
10.870037
10.800279
10.706270
10.795441
10.859367
10.766228
10.771709
10.736272
10.691751
10.750628
10.788935
10.723275
10.701249
10.727519
10.729445
10.706944
10.849512
10.821191
10.770106
10.752146
10.770714
10.722580
10.747980
10.739636
10.753727
10.698514
10.686698
10.659378
10.665739
10.724701
10.729426
10.678508
10.686151
10.689302
10.673434
10.738152
10.777480
10.745685
10.693362
10.713886
10.696753
10.737118
10.844139
10.794042
10.876249
10.897118
10.884171
10.827668
10.722571
10.813555
10.858272
10.870247
10.846075
10.880763
10.913582
10.571544
10.702600
10.677053
10.425215
10.505445
10.644645
10.638163
10.439157
10.144221
10.900246
10.147680
10.788429
10.508052
10.396747
10.567790
10.685922
10.788728
10.846030
10.835210
10.889006
10.962757
10.014951
10.839862
10.748130
10.759750
10.750050
10.817232
10.756080
10.691973
10.727609
10.744762
10.769139
10.755577
10.703485
10.757339
10.806889
10.754257
10.672099
10.707880
10.691784
10.683267
10.784025
10.767658
10.731519
10.671954
10.664264
10.667439
10.678923
10.711712
10.751970
10.731247
10.695847
10.729046
10.735524
10.725833
10.738391
10.734758
10.662190
10.691773
10.744434
10.784279
10.827621
10.822496
10.765738
10.804612
10.829210
10.918948
10.734508
10.157004
10.940390
10.649014
10.660756
10.660784
10.620324
10.738809
10.776631
10.784626
10.940604
10.891637
10.749012
10.759495
10.871935
10.901335
10.724609
10.623769
10.614235
10.873057
10.981768
10.746878
10.711449
10.585554
10.336356
10.449717
10.591021
10.612170
10.670728
10.761009
10.741492
10.881273
10.831182
10.781566
10.826871
10.795328
10.818438
10.816066
10.771763
10.688097
10.770774
10.813190
10.021580
10.896191
10.752684
10.694450
10.845739
10.921151
10.726912
10.689580
10.642524
10.588429
10.625128
10.579481
10.843788
10.815495
10.797145
10.737698
10.650308
10.719192
10.775348
10.713710
10.725591
10.747031
10.860933
10.875697
10.791736
10.844275
10.863694
10.850572
10.747231
10.708308
10.739816
10.956511
10.014518
10.967411
10.653157
10.538701
10.362504
10.454504
10.582500
10.743217
10.729991
10.611778
10.612709
10.732943
10.849446
10.026249
10.906571
10.789362
10.736257
10.735484
10.765281
10.881788
10.792905
10.794900
10.813272
10.782462
10.728405
10.630405
10.621639
10.629968
10.679935
10.559847
10.940361
10.559262
10.519663
10.509370
10.566723
10.666764
10.701174
10.692403
10.824431
10.825699
10.797636
10.846272
10.915950
10.883002
10.836276
10.839385
10.915704
10.848912
10.081594
10.790008
10.522413
10.465735
10.440444
10.784671
10.324184
10.741634
10.633389
10.593324
10.552871
10.593979
10.577837
10.894188
10.909507
10.913862
10.840988
10.125429
10.798163
10.518510
10.436884
10.483707
10.730524
10.903318
10.909972
10.878659
10.860784
10.887712
10.917185
10.963840
10.881749
10.774776
10.834602
10.947989
10.865051
10.767628
10.770913
10.853080
10.695552
10.600164
10.567907
10.493860
10.519518
10.721214
10.754696
10.744696
10.740125
10.667533
10.428516
10.309629
10.344547
10.556865
10.708490
10.753694
10.821556
10.905202
10.925787
10.895630
10.975975
10.991048
10.112915
10.908844
10.818873
10.815059
10.771561
10.763862
10.904346
10.890187
10.730669
10.750913
10.685267
10.642712
10.735062
10.812840
10.700413
10.749125
10.751848
10.769177
10.739925
10.720608
10.767342
10.847595
10.829504
10.917257
10.895303
10.786036
10.572375
10.660101
10.645815
10.619062
10.610556
10.653263
10.748992
10.755322
10.802507
10.840194
10.760900
10.790831
10.832339
10.825719
10.830914
10.813641
10.833080
10.803276
10.742986
10.735065
10.788865
10.782589
10.834043
10.806423
10.685154
10.657754
10.708419
10.680964
10.665669
10.723532
10.709235
10.674399
10.720925
10.758124
10.705816
10.739333
10.761724
10.709846
10.764227
10.784958
10.698055
10.730380
10.813573
10.769893
10.721792
10.792996
10.767717
10.715967
10.738991
10.712939
10.703799
10.714666
10.732724
10.691301
10.748466
10.787998
10.764318
10.737623
10.774893
10.748589
10.745291
10.793592
10.768694
10.728479
10.756526
10.766554
10.723380
10.779003
10.770811
10.750071
10.831452
10.825837
10.754888
10.755489
10.772774
10.735933
10.681128
10.719417
10.753366
10.742431
10.763755
10.736072
10.713119
10.740353
10.770480
10.721298
10.775635
10.799073
10.782850
10.779848
10.816040
10.762208
10.750311
10.816530
10.757036
10.667617
10.685637
10.727485
10.674845
10.709412
10.734571
10.708164
10.708655
10.752816
10.725471
10.772600
10.800611
10.793298
10.759152
10.795402
10.735055
10.777390
10.822686
10.773354
10.684950
10.677573
10.767420
10.727911
10.733327
10.727063
10.709002
10.721376
10.750955
10.723019
10.740886
10.787354
10.770488
10.719233
10.708594
10.747128
10.735163
10.795362
10.792656
10.752372
10.737366
10.758061
10.728322
10.761256
10.812833
10.780808
10.720484
10.743978
10.759865
10.805107
10.878644
10.965357
10.853379
10.736248
10.734482
10.797753
10.867854
10.714235
10.870091
10.763007
10.700408
10.671512
10.726535
10.644773
10.519315
10.752017
10.791513
10.650491
10.725372
10.691289
10.602622
10.651156
10.675514
10.695310
10.615647
10.176775
10.891615
10.899633
10.377301
10.236965
10.343206
10.517227
10.761510
10.892216
10.871025
10.888182
10.993391
10.007204
10.904337
10.867920
10.911921
10.985430
10.839466
10.706345
10.725663
10.839940
10.822857
10.716198
10.637013
10.670287
10.597026
10.582269
10.617970
10.634826
10.730052
10.786458
10.833840
10.891727
10.956454
10.828061
10.733908
10.781366
10.893085
10.880159
10.876598
10.742311
10.631074
10.600791
10.779922
10.709576
10.804571
10.746759
10.685418
10.581805
10.545342
10.584908
10.675061
10.690390
10.873754
10.854013
10.854027
10.549492
10.351415
10.456228
10.590421
10.673810
10.776381
10.801843
10.906534
10.969501
10.916260
10.871931
10.899789
10.824512
10.795990
10.779861
10.739863
10.744164
10.800000
10.755645
10.702658
10.703084
10.697655
10.733714
10.793948
10.728235
10.719946
10.713895
10.696427
10.728578
10.755836
10.714739
10.732823
10.770778
10.742447
10.779442
10.808000
10.787686
10.740723
10.776434
10.735302
10.706913
10.725535
10.758856
10.753565
10.742123
10.719721
10.663815
10.732491
10.787868
10.742349
10.724945
10.762821
10.709775
10.718986
10.815892
10.807953
10.750812
10.786087
10.762796
10.722816
10.797068
10.830126
10.769196
10.818503
10.837440
10.957245
10.047022
10.989023
10.861544
10.668664
10.812187
10.730123
10.036477
10.718334
10.534294
10.591099
10.832656
10.832763
10.817440
10.715620
10.528658
10.444885
10.530586
10.942964
10.054984
10.466510
10.508578
10.899225
10.198263
10.563717
10.538551
10.639385
10.687998
10.765638
10.725590
10.813118
10.978265
10.089271
10.051394
10.907879
10.866730
10.974928
10.963202
10.967610
10.949253
10.860945
10.773821
10.877076
10.889280
10.877313
10.877955
10.809301
10.746364
10.801794
10.845457
10.848980
10.011172
10.928927
10.829540
10.761049
10.718477
10.832049
10.826731
10.695614
10.652443
10.764407
10.705647
10.692577
10.699184
10.666859
10.687742
10.730525
10.712028
10.674094
10.737286
10.771580
10.756221
10.818519
10.795870
10.839789
10.880863
10.943630
10.748555
10.750843
10.766230
10.722286
10.674892
10.678007
10.650229
10.671359
10.854435
10.498581
10.619922
10.568186
10.521637
10.522058
10.509436
10.813500
10.707153
10.600945
10.539752
10.681374
10.784693
10.835732
10.890237
10.814622
10.910012
10.900120
10.883307
10.899292
10.876637
10.868010
10.833282
10.837416
10.086865
10.124867
10.574946
10.249554
10.534909
10.925465
10.937659
10.922894
10.154515
10.015625
10.763309
10.792520
10.838501
10.768370
10.766385
10.854500
10.799764
10.763506
10.814224
10.782331
10.748161
10.793212
10.796314
10.750971
10.797023
10.799076
10.734361
10.784962
10.806506
10.745980
10.758496
10.804049
10.793495
10.868802
10.917830
10.892151
10.749738
10.772868
10.748324
10.944949
10.936950
10.874095
10.723907
10.664468
10.694001
10.795298
10.753714
10.671974
10.693194
10.738163
10.936049
10.910011
10.752951
10.714318
10.655908
10.756424
10.720491
10.700526
10.652953
10.661983
10.641170
10.669612
10.764292
10.996305
10.895418
10.778657
10.638511
10.688555
10.701207
10.862671
10.742430
10.816360
10.570628
10.598145
10.615163
10.744286
10.768760
10.810725
10.748464
10.697908
10.819897
10.895853
10.846354
10.777489
10.674146
10.695697
10.728770
10.748542
10.778894
10.732564
10.705204
10.716022
10.741854
10.675085
10.694812
10.726114
10.703447
10.721407
10.743285
10.754322
10.720143
10.845635
10.813659
10.868578
10.862717
10.799991
10.799226
10.786197
10.741491
10.643267
10.684900
10.715584
10.619518
10.618643
10.711867
10.706841
10.726534
10.750574
10.782313
10.714222
10.740601
10.712261
10.717146
10.831915
10.814025
10.734083
10.659816
10.710782
10.731887
10.814837
10.824146
10.763592
10.794307
10.736273
10.741314
10.802088
10.777564
10.720643
10.744746
10.668547
10.879373
10.824311
10.790867
10.710381
10.675659
10.702184
10.774913
10.749432
10.705025
10.783407
10.754983
10.768840
10.822891
10.808253
10.698216
10.746513
10.767882
10.731606
10.808698
10.817326
10.769510
10.719481
10.697001
10.749375
10.773619
10.763876
10.804097
10.754160
10.679080
10.656910
10.775470
10.821515
10.812749
10.721190
10.705385
10.772405
10.780357
10.747872
10.747644
10.741959
10.773003
10.803250
10.741779
10.731654
10.770403
10.748897
10.713914
10.765889
10.784749
10.762827
10.720978
10.686574
10.722633
10.736798
10.774411
10.797823
10.759380
10.661547
10.714344
10.821366
10.850748
10.794423
10.705662
10.678901
10.716940
10.761943
10.789435
10.783279
10.713092
10.719786
10.808631
10.817732
10.795533
10.750292
10.693248
10.690127
10.831506
10.863600
10.804048
10.701958
10.727580
10.790262
10.781895
10.782418
10.753796
10.741894
10.737907
10.810781
10.857649
10.884017
10.822151
10.712931
10.726718
10.719272
10.804214
10.886030
10.834354
10.667265
10.457257
10.627565
10.573915
10.976233
10.733027
10.652322
10.587101
10.525414
10.804161
10.839008
10.861119
10.803288
10.700467
10.692333
10.779923
10.817865
10.804435
10.734009
10.665367
10.655611
10.725335
10.747320
10.687475
10.733425
10.742902
10.889384
10.796663
10.744640
10.826978
10.684020
10.519320
10.710594
10.771068
10.720092
10.665827
10.821801
10.719816
10.454341
10.774834
10.775030
10.751958
10.656586
10.793760
10.735360
10.731757
10.838834
10.738220
10.852449
10.823087
10.789451
10.840283
10.779937
10.765521
10.798247
10.773609
10.760556
10.828417
10.817655
10.735419
10.736907
10.724777
10.686052
10.734741
10.730438
10.674476
10.686637
10.676411
10.683168
10.731592
10.730018
10.684644
10.727993
10.717095
10.691794
10.731761
10.789710
10.736143
10.732521
10.739558
10.704455
10.724649
10.785737
10.757384
10.721161
10.755035
10.719193
10.730132
10.792872
10.779907
10.715466
10.750566
10.746686
10.694303
10.741117
10.795563
10.740889
10.728180
10.757986
10.714613
10.735654
10.784047
10.755257
10.707693
10.737451
10.716093
10.708477
10.766789
10.764503
10.715662
10.741006
10.770474
10.723980
10.746947
10.803633
10.763056
10.717474
10.763477
10.724771
10.730540
10.799566
10.776955
10.718572
10.755611
10.761501
10.728198
10.791038
10.814250
10.753908
10.728221
10.754135
10.707250
10.734182
10.802403
10.773355
10.723232
10.758116
10.733036
10.702994
10.775379
10.801331
10.735291
10.759574
10.787028
10.732032
10.779911
10.798229
10.756796
10.722060
10.761404
10.730043
10.719497
10.789362
10.772103
10.718194
10.764667
10.754457
10.709029
10.782335
10.814393
10.736800
10.742316
10.783585
10.727971
10.731170
10.792249
10.756958
10.715563
10.762018
10.734549
10.716259
10.803282
10.793566
10.726791
10.752194
10.757027
10.699266
10.769155
10.806718
10.750719
10.721551
10.770332
10.730801
10.732360
10.792483
10.758264
10.709227
10.769448
10.751718
10.677665
10.760502
10.861489
10.884474
10.833412
10.747295
10.672660
10.638472
10.634208
10.568474
10.579126
10.702020
10.700001
10.685840
10.751130
10.824621
10.746800
10.779021
10.790490
10.729132
10.773424
10.827947
10.752346
10.716548
10.767407
10.713869
10.721761
10.780828
10.763566
10.697092
10.743852
10.739636
10.697156
10.767086
10.805542
10.729408
10.725487
10.752768
10.688850
10.716752
10.804056
10.766800
10.728407
10.783176
10.753005
10.721378
10.800804
10.808451
10.720944
10.775289
10.780511
10.710947
10.767102
10.848348
10.754502
10.729697
10.785562
10.723890
10.707685
10.767820
10.771997
10.706641
10.762651
10.750567
10.727154
10.797285
10.801528
10.717774
10.749156
10.782846
10.713817
10.764380
10.823059
10.775617
10.735357
10.796734
10.769641
10.784607
10.819878
10.768710
10.716862
10.792978
10.812807
10.762306
10.792018
10.761896
10.767941
10.802630
10.811251
10.823266
10.819433
10.744447
10.904900
10.907855
10.803702
10.766765
10.673807
10.709770
10.714405
10.686932
10.753848
10.799083
10.783377
10.831967
10.810112
10.805570
10.938169
10.886082
10.732046
10.614227
10.676117
10.743155
10.692546
10.642511
10.601625
10.761168
10.780570
10.855358
10.789630
10.702642
10.635991
10.736455
10.761899
10.788728
10.756823
10.692557
10.646795
10.674828
10.707142
10.798632
10.775149
10.709856
10.733960
10.801995
10.893838
10.776852
10.718130
10.789636
10.864159
10.853570
10.699006
10.751019
10.728779
10.775423
10.835361
10.679037
10.905324
10.727564
10.740349
10.630087
10.619652
10.734651
10.715784
10.827730
10.759934
10.816566
10.807018
10.744041
10.829252
10.642694
10.767589
10.771725
10.834895
10.726640
10.662526
10.755716
10.725225
10.862860
10.721615
10.755612
10.779675
10.796293
10.855536
10.636646
10.674277
10.652195
10.820617
10.741417
10.660303
10.822993
10.687393
10.737197
10.579375
10.720764
10.788190
10.685485
10.821714
10.672820
10.893235
10.797720
10.746327
10.685478
10.597364
10.752060
10.763215
10.734973
10.796959
10.781820
10.844524
10.821102
10.737284
10.713118
10.739359
10.689398
10.717811
10.770024
10.725590
10.714500
10.688977
10.660152
10.642413
10.708196
10.786356
10.790971
10.725154
10.668869
10.694957
10.762076
10.805644
10.813265
10.750444
10.692181
10.736156
10.755312
10.742632
10.760059
10.712117
10.691597
10.813644
10.814588
10.798580
10.716569
10.737673
10.732859
10.745007
10.793649
10.792596
10.764650
10.687205
10.722578
10.759774
10.746578
10.808300
10.752379
10.671647
10.635161
10.730431
10.770828
10.784976
10.750877
10.679463
10.653985
10.712822
10.774715
10.772902
10.743675
10.698238
10.684105
10.692871
10.745933
10.783755
10.784883
10.729037
10.696390
10.678875
10.676103
10.825985
10.899670
10.907091
10.806758
10.827856
10.939914
10.952555
10.792084
10.825603
10.790074
10.055779
10.052458
10.956995
10.586235
10.582060
10.315418
10.407079
10.640098
10.667600
10.681912
10.683153
10.699064
10.752927
10.868407
10.863875
10.809690
10.740290
10.717225
10.816360
10.823132
10.748402
10.717656
10.710524
10.684916
10.710772
10.760577
10.751309
10.774175
10.717496
10.680315
10.690751
10.717109
10.767771
10.782170
10.745668
10.709927
10.723733
10.722626
10.751898
10.788406
10.770089
10.721406
10.731311
10.731016
10.752371
10.777057
10.770839
10.730268
10.717637
10.742817
10.725008
10.786426
10.780755
10.739884
10.693231
10.732116
10.781781
10.803411
10.820210
0.000000
0.000000
0.000000
0.000000
0.000000
0.000000
0.000000
0.000000
0.000000
0.000000
0.000000
0.000000
0.000000
0.000000
0.000000
0.000000
0.000000
0.000000
0.000000
0.000000
0.000000
0.000000
0.000000
0.000000
0.000000
0.000000
0.000000
0.000000
0.000000
0.000000
0.000000
0.000000
0.000000
0.000000
0.000000
0.000000
0.000000
0.000000
0.000000
0.000000
0.000000
0.000000
0.000000
0.000000
0.000000
0.000000
0.000000
0.000000
0.000000
0.000000
0.000000
0.000000
0.000000
0.000000
0.000000
0.000000
0.000000
0.000000
0.000000
0.000000
0.000000
0.000000
0.000000
0.000000
0.000000
0.000000
0.000000
0.000000
0.000000
0.000000
0.000000
0.000000
0.000000
0.000000
0.000000
0.000000
0.000000
0.000000
0.000000
0.000000
0.000000
0.000000
0.000000
0.000000
0.000000
0.000000
0.000000
0.000000
0.000000
0.000000
0.000000
0.000000
0.000000
0.000000
0.000000
0.000000
0.000000
0.000000
0.000000
0.000000
0.000000
0.000000
0.000000
0.000000
0.000000
0.000000
0.000000
0.000000
0.000000
0.000000
0.000000
0.000000
0.000000
0.000000
0.000000
0.000000
0.000000
0.000000
0.000000
0.000000
0.000000
0.000000
0.000000
0.000000
0.000000
0.000000
0.000000
0.000000
0.000000
0.000000
0.000000
0.000000
0.000000
0.000000
0.000000
0.000000
0.000000
0.000000
0.000000
0.000000
0.000000
0.000000
0.000000
0.000000
0.000000
0.000000
0.000000
0.000000
0.000000
0.000000
0.000000
0.000000
0.000000
0.000000
0.000000
0.000000
0.000000
0.000000
0.000000
0.000000
0.000000
0.000000
0.000000
0.000000
0.000000
0.000000
0.000000
0.000000
0.000000
0.000000
0.000000
0.000000
0.000000
0.000000
0.000000
0.000000
0.000000
0.000000
0.000000
0.000000
0.000000
0.000000
0.000000
0.000000
0.000000
0.000000
0.000000
0.000000
0.000000
0.000000
0.000000
0.000000
0.000000
0.000000
0.000000
0.000000
0.000000
0.000000
0.000000
0.000000
0.000000
0.000000
0.000000
0.000000
0.000000
0.000000
0.000000
0.000000
0.000000
0.000000
0.000000
0.000000
0.000000
0.000000
0.000000
0.000000
0.000000
0.000000
0.000000
0.000000
0.000000
0.000000
0.000000
0.000000
0.000000
0.000000
0.000000
0.000000
0.000000
0.000000
0.000000
0.000000
0.000000
0.000000
0.000000
0.000000
0.000000
0.000000
0.000000
0.000000
0.000000
0.000000
0.000000
0.000000
0.000000
0.000000
0.000000
0.000000
0.000000
0.000000
0.000000
0.000000
0.000000
0.000000
0.000000
0.000000
0.000000
0.000000
0.000000
0.000000
0.000000
0.000000
0.000000
0.000000
0.000000
0.000000
0.000000
0.000000
0.000000
0.000000
0.000000
0.000000
0.000000
0.000000
0.000000
0.000000
0.000000
0.000000
0.000000
0.000000
0.000000
0.000000
0.000000
0.000000
0.000000
0.000000
0.000000
0.000000
0.000000
0.000000
0.000000
0.000000
0.000000
0.000000
0.000000
0.000000
0.000000
0.000000
0.000000
0.000000
0.000000
0.000000
0.000000
0.000000
0.000000
0.000000
0.000000
0.000000
0.000000
0.000000
0.000000
0.000000
0.000000
0.000000
0.000000
0.000000
0.000000
0.000000
0.000000
0.000000
0.000000
0.000000
0.000000
0.000000
0.000000
0.000000
0.000000
0.000000
0.000000
0.000000
0.000000
0.000000
0.000000
0.000000
0.000000
0.000000
0.000000
0.000000
0.000000
0.000000
0.000000
0.000000
0.000000
0.000000
0.000000
0.000000
0.000000
0.000000
0.000000
0.000000
0.000000
0.000000
0.000000
0.000000
0.000000
0.000000
0.000000
0.000000
0.000000
0.000000
0.000000
0.000000
0.000000
0.000000
0.000000
0.000000
0.000000
0.000000
0.000000
0.000000
0.000000
0.000000
0.000000
0.000000
0.000000
0.000000
0.000000
0.000000
0.000000
0.000000
0.000000
0.000000
0.000000
0.000000
0.000000
0.000000
0.000000
0.000000
0.000000
0.000000
0.000000
0.000000
0.000000
0.000000
0.000000
0.000000
0.000000
0.000000
0.000000
0.000000
0.000000
0.000000
0.000000
0.000000
0.000000
0.000000
0.000000
0.000000
0.000000
0.000000
0.000000
0.000000
0.000000
0.000000
0.000000
0.000000
0.000000
0.000000
0.000000
0.000000
0.000000
0.000000
0.000000
0.000000
0.000000
0.000000
0.000000
0.000000
0.000000
0.000000
0.000000
0.000000
0.000000
0.000000
0.000000
0.000000
0.000000
0.000000
0.000000
0.000000
0.000000
0.000000
0.000000
0.000000
0.000000
0.000000
0.000000
0.000000
0.000000
0.000000
0.000000
0.000000
0.000000
0.000000
0.000000
0.000000
0.000000
0.000000
0.000000
0.000000
0.000000
0.000000
0.000000
0.000000
0.000000
0.000000
0.000000
0.000000
0.000000
0.000000
0.000000
0.000000
0.000000
0.000000
0.000000
0.000000
0.000000
0.000000
0.000000
0.000000
0.000000
0.000000
0.000000
0.000000
0.000000
0.000000
0.000000
0.000000
0.000000
0.000000
0.000000
0.000000
0.000000
0.000000
0.000000
0.000000
0.000000
0.000000
0.000000
0.000000
0.000000
0.000000
0.000000
0.000000
0.000000
0.000000
0.000000
0.000000
0.000000
0.000000
0.000000
0.000000
0.000000
0.000000
0.000000
0.000000
0.000000
0.000000
0.000000
0.000000
0.000000
0.000000
0.000000
0.000000
0.000000
0.000000
0.000000
0.000000
0.000000
0.000000
0.000000
0.000000
0.000000
0.000000
0.000000
0.000000
0.000000
0.000000
0.000000
0.000000
0.000000
0.000000
0.000000
0.000000
0.000000
0.000000
0.000000
0.000000
0.000000
0.000000
0.000000
0.000000
0.000000
0.000000
0.000000
0.000000
0.000000
0.000000
0.000000
0.000000
0.000000
0.000000
0.000000
0.000000
0.000000
0.000000
0.000000
0.000000
0.000000
0.000000
0.000000
0.000000
0.000000
0.000000
0.000000
0.000000
0.000000
0.000000
0.000000
0.000000
0.000000
0.000000
0.000000
0.000000
0.000000
0.000000
0.000000
0.000000
0.000000
0.000000
0.000000
0.000000
0.000000
0.000000
0.000000
0.000000
0.000000
0.000000
0.000000
0.000000
0.000000
0.000000
0.000000
0.000000
0.000000
0.000000
0.000000
0.000000
0.000000
0.000000
0.000000
0.000000
0.000000
0.000000
0.000000
0.000000
0.000000
0.000000
0.000000
0.000000
0.000000
0.000000
0.000000
0.000000
0.000000
0.000000
0.000000
0.000000
0.000000
0.000000
0.000000
0.000000
0.000000
0.000000
0.000000
0.000000
0.000000
0.000000
0.000000
0.000000
0.000000
0.000000
0.000000
0.000000
0.000000
0.000000
0.000000
0.000000
0.000000
0.000000
0.000000
0.000000
0.000000
0.000000
0.000000
0.000000
0.000000
0.000000
0.000000
0.000000
0.000000
0.000000
0.000000
0.000000
0.000000
0.000000
0.000000
0.000000
0.000000
0.000000
0.000000
0.000000
0.000000
0.000000
0.000000
0.000000
0.000000
0.000000
0.000000
0.000000
0.000000
0.000000
0.000000
0.000000
0.000000
0.000000
0.000000
0.000000
0.000000
0.000000
0.000000
0.000000
0.000000
0.000000
0.000000
0.000000
0.000000
0.000000
0.000000
0.000000
0.000000
0.000000
0.000000
0.000000
0.000000
0.000000
0.000000
0.000000
0.000000
0.000000
0.000000
0.000000
0.000000
0.000000
0.000000
0.000000
0.000000
0.000000
0.000000
0.000000
0.000000
0.000000
0.000000
0.000000
0.000000
0.000000
0.000000
0.000000
0.000000
0.000000
0.000000
0.000000
0.000000
0.000000
0.000000
0.000000
0.000000
0.000000
0.000000
0.000000
0.000000
0.000000
0.000000
0.000000
0.000000
0.000000
0.000000
0.000000
0.000000
0.000000
0.000000
0.000000
0.000000
0.000000
0.000000
0.000000
0.000000
0.000000
0.000000
0.000000
0.000000
0.000000
0.000000
0.000000
0.000000
0.000000
0.000000
0.000000
0.000000
0.000000
0.000000
0.000000
0.000000
0.000000
0.000000
0.000000
0.000000
0.000000
0.000000
0.000000
0.000000
0.000000
0.000000
0.000000
0.000000
0.000000
0.000000
0.000000
0.000000
0.000000
0.000000
0.000000
0.000000
0.000000
0.000000
0.000000
0.000000
0.000000
0.000000
0.000000
0.000000
0.000000
0.000000
0.000000
0.000000
0.000000
0.000000
0.000000
0.000000
0.000000
0.000000
0.000000
0.000000
0.000000
0.000000
0.000000
0.000000
0.000000
0.000000
0.000000
0.000000
0.000000
0.000000
0.000000
0.000000
0.000000
0.000000
0.000000
0.000000
0.000000
0.000000
0.000000
0.000000
0.000000
0.000000
0.000000
0.000000
0.000000
0.000000
0.000000
0.000000
0.000000
0.000000
0.000000
0.000000
0.000000
0.000000
0.000000
0.000000
0.000000
0.000000
0.000000
0.000000
0.000000
0.000000
0.000000
0.000000
0.000000
0.000000
0.000000
0.000000
0.000000
0.000000
0.000000
0.000000
0.000000
0.000000
0.000000
0.000000
0.000000
0.000000
0.000000
0.000000
0.000000
0.000000
0.000000
0.000000
0.000000
0.000000
0.000000
0.000000
0.000000
0.000000
0.000000
0.000000
0.000000
0.000000
0.000000
0.000000
0.000000
0.000000
0.000000
0.000000
0.000000
0.000000
0.000000
0.000000
0.000000
0.000000
0.000000
0.000000
0.000000
0.000000
0.000000
0.000000
0.000000
0.000000
0.000000
0.000000
0.000000
0.000000
0.000000
0.000000
0.000000
0.000000
0.000000
0.000000
0.000000
0.000000
0.000000
0.000000
0.000000
0.000000
0.000000
0.000000
0.000000
0.000000
0.000000
0.000000
0.000000
0.000000
0.000000
0.000000
0.000000
0.000000
0.000000
0.000000
0.000000
0.000000
0.000000
0.000000
0.000000
0.000000
0.000000
0.000000
0.000000
0.000000
0.000000
0.000000
0.000000
0.000000
0.000000
0.000000
0.000000
0.000000
0.000000
0.000000
0.000000
0.000000
0.000000
0.000000
0.000000
0.000000
0.000000
0.000000
0.000000
0.000000
0.000000
0.000000
0.000000
0.000000
0.000000
0.000000
0.000000
0.000000
0.000000
0.000000
0.000000
0.000000
0.000000
0.000000
0.000000
0.000000
0.000000
0.000000
0.000000
0.000000
0.000000
0.000000
0.000000
0.000000
0.000000
0.000000
0.000000
0.000000
0.000000
0.000000
0.000000
0.000000
0.000000
0.000000
0.000000
0.000000
0.000000
0.000000
0.000000
0.000000
0.000000
0.000000
0.000000
0.000000
0.000000
0.000000
0.000000
0.000000
0.000000
0.000000
0.000000
0.000000
0.000000
0.000000
0.000000
0.000000
0.000000
0.000000
0.000000
0.000000
0.000000
0.000000
0.000000
0.000000
0.000000
0.000000
0.000000
0.000000
0.000000
0.000000
0.000000
0.000000
0.000000
0.000000
0.000000
0.000000
0.000000
0.000000
0.000000
0.000000
0.000000
0.000000
0.000000
0.000000
0.000000
0.000000
0.000000
0.000000
0.000000
0.000000
0.000000
0.000000
0.000000
0.000000
0.000000
0.000000
0.000000
0.000000
0.000000
0.000000
0.000000
0.000000
0.000000
0.000000
0.000000
0.000000
0.000000
0.000000
0.000000
0.000000
0.000000
0.000000
0.000000
0.000000
0.000000
0.000000
0.000000
0.000000
0.000000
0.000000
0.000000
0.000000
0.000000
0.000000
0.000000
0.000000
0.000000
0.000000
0.000000
0.000000
0.000000
0.000000
0.000000
0.000000
0.000000
0.000000
0.000000
0.000000
0.000000
0.000000
0.000000
0.000000
0.000000
0.000000
0.000000
0.000000
0.000000
0.000000
0.000000
0.000000
0.000000
0.000000
0.000000
0.000000
0.000000
0.000000
0.000000
0.000000
0.000000
0.000000
0.000000
0.000000
0.000000
0.000000
0.000000
0.000000
0.000000
0.000000
0.000000
0.000000
0.000000
0.000000
0.000000
0.000000
0.000000
0.000000
0.000000
0.000000
0.000000
0.000000
0.000000
0.000000
0.000000
0.000000
0.000000
0.000000
0.000000
0.000000
0.000000
0.000000
0.000000
0.000000
0.000000
0.000000
0.000000
0.000000
0.000000
0.000000
0.000000
0.000000
0.000000
0.000000
0.000000
0.000000
0.000000
0.000000
0.000000
0.000000
0.000000
0.000000
0.000000
0.000000
0.000000
0.000000
0.000000
0.000000
0.000000
0.000000
0.000000
0.000000
0.000000
0.000000
0.000000
0.000000
0.000000
0.000000
0.000000
0.000000
0.000000
0.000000
0.000000
0.000000
0.000000
0.000000
0.000000
0.000000
0.000000
0.000000
0.000000
0.000000
0.000000
0.000000
0.000000
0.000000
0.000000
0.000000
0.000000
0.000000
0.000000
0.000000
0.000000
0.000000
0.000000
0.000000
0.000000
0.000000
0.000000
0.000000
0.000000
0.000000
0.000000
0.000000
0.000000
0.000000
0.000000
0.000000
0.000000
0.000000
0.000000
0.000000
0.000000
0.000000
0.000000
0.000000
0.000000
0.000000
0.000000
0.000000
0.000000
0.000000
0.000000
0.000000
0.000000
0.000000
0.000000
0.000000
0.000000
0.000000
0.000000
0.000000
0.000000
0.000000
0.000000
0.000000
0.000000
0.000000
0.000000
0.000000
0.000000
0.000000
0.000000
0.000000
0.000000
0.000000
0.000000
0.000000
0.000000
0.000000
0.000000
0.000000
0.000000
0.000000
0.000000
0.000000
0.000000
0.000000
0.000000
0.000000
0.000000
0.000000
0.000000
0.000000
0.000000
0.000000
0.000000
0.000000
0.000000
0.000000
0.000000
0.000000
0.000000
0.000000
0.000000
0.000000
0.000000
0.000000
0.000000
0.000000
0.000000
0.000000
0.000000
0.000000
0.000000
0.000000
0.000000
0.000000
0.000000
0.000000
0.000000
0.000000
0.000000
0.000000
0.000000
0.000000
0.000000
0.000000
0.000000
0.000000
0.000000
0.000000
0.000000
0.000000
0.000000
0.000000
0.000000
0.000000
0.000000
0.000000
0.000000
0.000000
0.000000
0.000000
0.000000
0.000000
0.000000
0.000000
0.000000
0.000000
0.000000
0.000000
0.000000
0.000000
0.000000
0.000000
0.000000
0.000000
0.000000
0.000000
0.000000
0.000000
0.000000
0.000000
0.000000
0.000000
0.000000
0.000000
0.000000
0.000000
0.000000
0.000000
0.000000
0.000000
0.000000
0.000000
0.000000
0.000000
0.000000
0.000000
0.000000
0.000000
0.000000
0.000000
0.000000
0.000000
0.000000
0.000000
0.000000
0.000000
0.000000
0.000000
0.000000
0.000000
0.000000
0.000000
0.000000
0.000000
0.000000
0.000000
0.000000
0.000000
0.000000
0.000000
0.000000
0.000000
0.000000
0.000000
0.000000
0.000000
0.000000
0.000000
0.000000
0.000000
0.000000
0.000000
0.000000
0.000000
0.000000
0.000000
0.000000
0.000000
0.000000
0.000000
0.000000
0.000000
0.000000
0.000000
0.000000
0.000000
0.000000
0.000000
0.000000
0.000000
0.000000
0.000000
0.000000
0.000000
0.000000
0.000000
0.000000
0.000000
0.000000
0.000000
0.000000
0.000000
0.000000
0.000000
0.000000
0.000000
0.000000
0.000000
0.000000
0.000000
0.000000
0.000000
0.000000
0.000000
0.000000
0.000000
0.000000
0.000000
0.000000
0.000000
0.000000
0.000000
0.000000
0.000000
0.000000
0.000000
0.000000
0.000000
0.000000
0.000000
0.000000
0.000000
0.000000
0.000000
0.000000
0.000000
0.000000
0.000000
0.000000
0.000000
0.000000
0.000000
0.000000
0.000000
0.000000
0.000000
0.000000
0.000000
0.000000
0.000000
0.000000
0.000000
0.000000
0.000000
0.000000
0.000000
0.000000
0.000000
0.000000
0.000000
0.000000
0.000000
0.000000
0.000000
0.000000
0.000000
0.000000
0.000000
0.000000
0.000000
0.000000
0.000000
0.000000
0.000000
0.000000
0.000000
0.000000
0.000000
0.000000
0.000000
0.000000
0.000000
0.000000
0.000000
0.000000
0.000000
0.000000
0.000000
0.000000
0.000000
0.000000
0.000000
0.000000
0.000000
0.000000
0.000000
0.000000
0.000000
0.000000
0.000000
0.000000
0.000000
0.000000
0.000000
0.000000
0.000000
0.000000
0.000000
0.000000
0.000000
0.000000
0.000000
0.000000
0.000000
0.000000
0.000000
0.000000
0.000000
0.000000
0.000000
0.000000
0.000000
0.000000
0.000000
0.000000
0.000000
0.000000
0.000000
0.000000
0.000000
0.000000
0.000000
0.000000
0.000000
0.000000
0.000000
0.000000
0.000000
0.000000
0.000000
0.000000
0.000000
0.000000
0.000000
0.000000
0.000000
0.000000
0.000000
0.000000
0.000000
0.000000
0.000000
0.000000
0.000000
0.000000
0.000000
0.000000
0.000000
0.000000
0.000000
0.000000
0.000000
0.000000
0.000000
0.000000
0.000000
0.000000
0.000000
0.000000
0.000000
0.000000
0.000000
0.000000
0.000000
0.000000
0.000000
0.000000
0.000000
0.000000
0.000000
0.000000
0.000000
0.000000
0.000000
0.000000
0.000000
0.000000
0.000000
0.000000
0.000000
0.000000
0.000000
0.000000
0.000000
0.000000
0.000000
0.000000
0.000000
0.000000
0.000000
0.000000
0.000000
0.000000
0.000000
0.000000
0.000000
0.000000
0.000000
0.000000
0.000000
0.000000
0.000000
0.000000
0.000000
0.000000
0.000000
0.000000
0.000000
0.000000
0.000000
0.000000
0.000000
0.000000
0.000000
0.000000
0.000000
0.000000
0.000000
0.000000
0.000000
0.000000
0.000000
0.000000
0.000000
0.000000
0.000000
0.000000
0.000000
0.000000
0.000000
0.000000
0.000000
0.000000
0.000000
0.000000
0.000000
0.000000
0.000000
0.000000
0.000000
0.000000
0.000000
0.000000
0.000000
0.000000
0.000000
0.000000
0.000000
0.000000
0.000000
0.000000
0.000000
0.000000
0.000000
0.000000
0.000000
0.000000
0.000000
0.000000
0.000000
0.000000
0.000000
0.000000
0.000000
0.000000
0.000000
0.000000
0.000000
0.000000
0.000000
0.000000
0.000000
0.000000
0.000000
0.000000
0.000000
0.000000
0.000000
0.000000
0.000000
0.000000
0.000000
0.000000
0.000000
0.000000
0.000000
0.000000
0.000000
0.000000
0.000000
0.000000
0.000000
0.000000
0.000000
0.000000
0.000000
0.000000
0.000000
0.000000
0.000000
0.000000
0.000000
0.000000
0.000000
0.000000
0.000000
0.000000
0.000000
0.000000
0.000000
0.000000
0.000000
0.000000
0.000000
0.000000
0.000000
0.000000
0.000000
0.000000
0.000000
0.000000
0.000000
0.000000
0.000000
0.000000
0.000000
0.000000
0.000000
0.000000
0.000000
0.000000
0.000000
0.000000
0.000000
0.000000
0.000000
0.000000
0.000000
0.000000
0.000000
0.000000
0.000000
0.000000
0.000000
0.000000
0.000000
0.000000
0.000000
0.000000
0.000000
0.000000
0.000000
0.000000
0.000000
0.000000
0.000000
0.000000
0.000000
0.000000
0.000000
0.000000
0.000000
0.000000
0.000000
0.000000
0.000000
0.000000
0.000000
0.000000
0.000000
0.000000
0.000000
0.000000
0.000000
0.000000
0.000000
0.000000
0.000000
0.000000
0.000000
0.000000
0.000000
0.000000
0.000000
0.000000
0.000000
0.000000
0.000000
0.000000
0.000000
0.000000
0.000000
0.000000
0.000000
0.000000
0.000000
0.000000
0.000000
0.000000
0.000000
0.000000
0.000000
0.000000
0.000000
0.000000
0.000000
0.000000
0.000000
0.000000
0.000000
0.000000
0.000000
0.000000
0.000000
0.000000
0.000000
0.000000
0.000000
0.000000
0.000000
0.000000
0.000000
0.000000
0.000000
0.000000
0.000000
0.000000
0.000000
0.000000
0.000000
0.000000
0.000000
0.000000
0.000000
0.000000
0.000000
0.000000
0.000000
0.000000
0.000000
0.000000
0.000000
0.000000
0.000000
0.000000
0.000000
0.000000
0.000000
0.000000
0.000000
0.000000
0.000000
0.000000
0.000000
0.000000
0.000000
0.000000
0.000000
0.000000
0.000000
0.000000
0.000000
0.000000
0.000000
0.000000
0.000000
0.000000
0.000000
0.000000
0.000000
0.000000
0.000000
0.000000
0.000000
0.000000
0.000000
0.000000
0.000000
0.000000
0.000000
0.000000
0.000000
0.000000
0.000000
0.000000
0.000000
0.000000
0.000000
0.000000
0.000000
0.000000
0.000000
0.000000
0.000000
0.000000
0.000000
0.000000
0.000000
0.000000
0.000000
0.000000
0.000000
0.000000
0.000000
0.000000
0.000000
0.000000
0.000000
0.000000
0.000000
0.000000
0.000000
0.000000
0.000000
0.000000
0.000000
0.000000
0.000000
0.000000
0.000000
0.000000
0.000000
0.000000
0.000000
0.000000
0.000000
0.000000
0.000000
0.000000
0.000000
0.000000
0.000000
0.000000
0.000000
0.000000
0.000000
0.000000
0.000000
0.000000
0.000000
0.000000
0.000000
0.000000
0.000000
0.000000
0.000000
0.000000
0.000000
0.000000
0.000000
0.000000
0.000000
0.000000
0.000000
0.000000
0.000000
0.000000
0.000000
0.000000
0.000000
0.000000
0.000000
0.000000
0.000000
0.000000
0.000000
0.000000
0.000000
0.000000
0.000000
0.000000
0.000000
0.000000
0.000000
0.000000
0.000000
0.000000
0.000000
0.000000
0.000000
0.000000
0.000000
0.000000
0.000000
0.000000
0.000000
0.000000
0.000000
0.000000
0.000000
0.000000
0.000000
0.000000
0.000000
0.000000
0.000000
0.000000
0.000000
0.000000
0.000000
0.000000
0.000000
0.000000
0.000000
0.000000
0.000000
0.000000
0.000000
0.000000
0.000000
0.000000
0.000000
0.000000
0.000000
0.000000
0.000000
0.000000
0.000000
0.000000
0.000000
0.000000
0.000000
0.000000
0.000000
0.000000
0.000000
0.000000
0.000000
0.000000
0.000000
0.000000
0.000000
0.000000
0.000000
0.000000
0.000000
0.000000
0.000000
0.000000
0.000000
0.000000
0.000000
0.000000
0.000000
0.000000
0.000000
0.000000
0.000000
0.000000
0.000000
0.000000
0.000000
0.000000
0.000000
0.000000
0.000000
0.000000
0.000000
0.000000
0.000000
0.000000
0.000000
0.000000
0.000000
0.000000
0.000000
0.000000
0.000000
0.000000
0.000000
0.000000
0.000000
0.000000
0.000000
0.000000
0.000000
0.000000
0.000000
0.000000
0.000000
0.000000
0.000000
0.000000
0.000000
0.000000
0.000000
0.000000
0.000000
0.000000
0.000000
0.000000
0.000000
0.000000
0.000000
0.000000
0.000000
0.000000
0.000000
0.000000
0.000000
0.000000
0.000000
0.000000
0.000000
0.000000
0.000000
0.000000
0.000000
0.000000
0.000000
0.000000
0.000000
0.000000
0.000000
0.000000
0.000000
0.000000
0.000000
0.000000
0.000000
0.000000
0.000000
0.000000
0.000000
0.000000
0.000000
0.000000
0.000000
0.000000
0.000000
0.000000
0.000000
0.000000
0.000000
0.000000
0.000000
0.000000
0.000000
0.000000
0.000000
0.000000
0.000000
0.000000
0.000000
0.000000
0.000000
0.000000
0.000000
0.000000
0.000000
0.000000
0.000000
0.000000
0.000000
0.000000
0.000000
0.000000
0.000000
0.000000
0.000000
0.000000
0.000000
0.000000
0.000000
0.000000
0.000000
0.000000
0.000000
0.000000
0.000000
0.000000
0.000000
0.000000
0.000000
0.000000
0.000000
0.000000
0.000000
0.000000
0.000000
0.000000
0.000000
0.000000
0.000000
0.000000
0.000000
0.000000
0.000000
0.000000
0.000000
0.000000
0.000000
0.000000
0.000000
0.000000
0.000000
0.000000
0.000000
0.000000
0.000000
0.000000
0.000000
0.000000
0.000000
0.000000
0.000000
0.000000
0.000000
0.000000
0.000000
0.000000
0.000000
0.000000
0.000000
0.000000
0.000000
0.000000
0.000000
0.000000
0.000000
0.000000
0.000000
0.000000
0.000000
0.000000
0.000000
0.000000
0.000000
0.000000
0.000000
0.000000
0.000000
0.000000
0.000000
0.000000
0.000000
0.000000
0.000000
0.000000
0.000000
0.000000
0.000000
0.000000
0.000000
0.000000
0.000000
0.000000
0.000000
0.000000
0.000000
0.000000
0.000000
0.000000
0.000000
0.000000
0.000000
0.000000
0.000000
0.000000
0.000000
0.000000
0.000000
0.000000
0.000000
0.000000
0.000000
0.000000
0.000000
0.000000
0.000000
0.000000
0.000000
0.000000
0.000000
0.000000
0.000000
0.000000
0.000000
0.000000
0.000000
0.000000
0.000000
0.000000
0.000000
0.000000
0.000000
0.000000
0.000000
0.000000
0.000000
0.000000
0.000000
0.000000
0.000000
0.000000
0.000000
0.000000
0.000000
0.000000
0.000000
0.000000
0.000000
0.000000
0.000000
0.000000
0.000000
0.000000
0.000000
0.000000
0.000000
0.000000
0.000000
0.000000
0.000000
0.000000
0.000000
0.000000
0.000000
0.000000
0.000000
0.000000
0.000000
0.000000
0.000000
0.000000
0.000000
0.000000
0.000000
0.000000
0.000000
0.000000
0.000000
0.000000
0.000000
0.000000
0.000000
0.000000
0.000000
0.000000
0.000000
0.000000
0.000000
0.000000
0.000000
0.000000
0.000000
0.000000
0.000000
0.000000
0.000000
0.000000
0.000000
0.000000
0.000000
0.000000
0.000000
0.000000
0.000000
0.000000
0.000000
0.000000
0.000000
0.000000
0.000000
0.000000
0.000000
0.000000
0.000000
0.000000
0.000000
0.000000
0.000000
0.000000
0.000000
0.000000
0.000000
0.000000
0.000000
0.000000
0.000000
0.000000
0.000000
0.000000
0.000000
0.000000
0.000000
0.000000
0.000000
0.000000
0.000000
0.000000
0.000000
0.000000
0.000000
0.000000
0.000000
0.000000
0.000000
0.000000
0.000000
0.000000
0.000000
0.000000
0.000000
0.000000
0.000000
0.000000
0.000000
0.000000
0.000000
0.000000
0.000000
0.000000
0.000000
0.000000
0.000000
0.000000
0.000000
0.000000
0.000000
0.000000
0.000000
0.000000
0.000000
0.000000
0.000000
0.000000
0.000000
0.000000
0.000000
0.000000
0.000000
0.000000
0.000000
0.000000
0.000000
0.000000
0.000000
0.000000
0.000000
0.000000
0.000000
0.000000
0.000000
0.000000
0.000000
0.000000
0.000000
0.000000
0.000000
0.000000
0.000000
0.000000
0.000000
0.000000
0.000000
0.000000
0.000000
0.000000
0.000000
0.000000
0.000000
0.000000
0.000000
0.000000
0.000000
0.000000
0.000000
0.000000
0.000000
0.000000
0.000000
0.000000
0.000000
0.000000
0.000000
0.000000
0.000000
0.000000
0.000000
0.000000
0.000000
0.000000
0.000000
0.000000
0.000000
0.000000
0.000000
0.000000
0.000000
0.000000
0.000000
0.000000
0.000000
0.000000
0.000000
0.000000
0.000000
0.000000
0.000000
0.000000
0.000000
0.000000
0.000000
0.000000
0.000000
0.000000
0.000000
0.000000
0.000000
0.000000
0.000000
0.000000
0.000000
0.000000
0.000000
0.000000
0.000000
0.000000
0.000000
0.000000
0.000000
0.000000
0.000000
0.000000
0.000000
0.000000
0.000000
0.000000
0.000000
0.000000
0.000000
0.000000
0.000000
0.000000
0.000000
0.000000
0.000000
0.000000
0.000000
0.000000
0.000000
0.000000
0.000000
0.000000
0.000000
0.000000
0.000000
0.000000
0.000000
0.000000
0.000000
0.000000
0.000000
0.000000
0.000000
0.000000
0.000000
0.000000
0.000000
0.000000
0.000000
0.000000
0.000000
0.000000
0.000000
0.000000
0.000000
0.000000
0.000000
0.000000
0.000000
0.000000
0.000000
0.000000
0.000000
0.000000
0.000000
0.000000
0.000000
0.000000
0.000000
0.000000
0.000000
0.000000
0.000000
0.000000
0.000000
0.000000
0.000000
0.000000
0.000000
0.000000
0.000000
0.000000
0.000000
0.000000
0.000000
0.000000
0.000000
0.000000
0.000000
0.000000
0.000000
0.000000
0.000000
0.000000
0.000000
0.000000
0.000000
0.000000
0.000000
0.000000
0.000000
0.000000
0.000000
0.000000
0.000000
0.000000
0.000000
0.000000
0.000000
0.000000
0.000000
0.000000
0.000000
0.000000
0.000000
0.000000
0.000000
0.000000
0.000000
0.000000
0.000000
0.000000
0.000000
0.000000
0.000000
0.000000
0.000000
0.000000
0.000000
0.000000
0.000000
0.000000
0.000000
0.000000
0.000000
0.000000
0.000000
0.000000
0.000000
0.000000
0.000000
0.000000
0.000000
0.000000
0.000000
0.000000
0.000000
0.000000
0.000000
0.000000
0.000000
0.000000
0.000000
0.000000
0.000000
0.000000
0.000000
0.000000
0.000000
0.000000
0.000000
0.000000
0.000000
0.000000
0.000000
0.000000
0.000000
0.000000
0.000000
0.000000
0.000000
0.000000
0.000000
0.000000
0.000000
0.000000
0.000000
0.000000
0.000000
0.000000
0.000000
0.000000
0.000000
0.000000
0.000000
0.000000
0.000000
0.000000
0.000000
0.000000
0.000000
0.000000
0.000000
0.000000
0.000000
0.000000
0.000000
0.000000
0.000000
0.000000
0.000000
0.000000
0.000000
0.000000
0.000000
0.000000
0.000000
0.000000
0.000000
0.000000
0.000000
0.000000
0.000000
0.000000
0.000000
0.000000
0.000000
0.000000
0.000000
0.000000
0.000000
0.000000
0.000000
0.000000
0.000000
0.000000
0.000000
0.000000
0.000000
0.000000
0.000000
0.000000
0.000000
0.000000
0.000000
0.000000
0.000000
0.000000
0.000000
0.000000
0.000000
0.000000
0.000000
0.000000
0.000000
0.000000
0.000000
0.000000
0.000000
0.000000
0.000000
0.000000
0.000000
0.000000
0.000000
0.000000
0.000000
0.000000
0.000000
0.000000
0.000000
0.000000
0.000000
0.000000
0.000000
0.000000
0.000000
0.000000
0.000000
0.000000
0.000000
0.000000
0.000000
0.000000
0.000000
0.000000
0.000000
0.000000
0.000000
0.000000
0.000000
0.000000
0.000000
0.000000
0.000000
0.000000
0.000000
0.000000
0.000000
0.000000
0.000000
0.000000
0.000000
0.000000
0.000000
0.000000
0.000000
0.000000
0.000000
0.000000
0.000000
0.000000
0.000000
0.000000
0.000000
0.000000
0.000000
0.000000
0.000000
0.000000
0.000000
0.000000
0.000000
0.000000
0.000000
0.000000
0.000000
0.000000
0.000000
0.000000
0.000000
0.000000
0.000000
0.000000
0.000000
0.000000
0.000000
0.000000
0.000000
0.000000
0.000000
0.000000
0.000000
0.000000
0.000000
0.000000
0.000000
0.000000
0.000000
0.000000
0.000000
0.000000
0.000000
0.000000
0.000000
0.000000
0.000000
0.000000
0.000000
0.000000
0.000000
0.000000
0.000000
0.000000
0.000000
0.000000
0.000000
0.000000
0.000000
0.000000
0.000000
0.000000
0.000000
0.000000
0.000000
0.000000
0.000000
0.000000
0.000000
0.000000
0.000000
0.000000
0.000000
0.000000
0.000000
0.000000
0.000000
0.000000
0.000000
0.000000
0.000000
0.000000
0.000000
0.000000
0.000000
0.000000
0.000000
0.000000
0.000000
0.000000
0.000000
0.000000
0.000000
0.000000
0.000000
0.000000
0.000000
0.000000
0.000000
0.000000
0.000000
0.000000
0.000000
0.000000
0.000000
0.000000
0.000000
0.000000
0.000000
0.000000
0.000000
0.000000
0.000000
0.000000
0.000000
0.000000
0.000000
0.000000
0.000000
0.000000
0.000000
0.000000
0.000000
0.000000
0.000000
0.000000
0.000000
0.000000
0.000000
0.000000
0.000000
0.000000
0.000000
0.000000
0.000000
0.000000
0.000000
0.000000
0.000000
0.000000
0.000000
0.000000
0.000000
0.000000
0.000000
0.000000
0.000000
0.000000
0.000000
0.000000
0.000000
0.000000
0.000000
0.000000
0.000000
0.000000
0.000000
0.000000
0.000000
0.000000
0.000000
0.000000
0.000000
0.000000
0.000000
0.000000
0.000000
0.000000
0.000000
0.000000
0.000000
0.000000
0.000000
0.000000
0.000000
0.000000
0.000000
0.000000
0.000000
0.000000
0.000000
0.000000
0.000000
0.000000
0.000000
0.000000
0.000000
0.000000
0.000000
0.000000
0.000000
0.000000
0.000000
0.000000
0.000000
0.000000
0.000000
0.000000
0.000000
0.000000
0.000000
0.000000
0.000000
0.000000
0.000000
0.000000
0.000000
0.000000
0.000000
0.000000
0.000000
0.000000
0.000000
0.000000
0.000000
0.000000
0.000000
0.000000
0.000000
0.000000
0.000000
0.000000
0.000000
0.000000
0.000000
0.000000
0.000000
0.000000
0.000000
0.000000
0.000000
0.000000
0.000000
0.000000
0.000000
0.000000
0.000000
0.000000
0.000000
0.000000
0.000000
0.000000
0.000000
0.000000
0.000000
0.000000
0.000000
0.000000
0.000000
0.000000
0.000000
0.000000
0.000000
0.000000
0.000000
0.000000
0.000000
0.000000
0.000000
0.000000
0.000000
0.000000
0.000000
0.000000
0.000000
0.000000
0.000000
0.000000
0.000000
0.000000
0.000000
0.000000
0.000000
0.000000
0.000000
0.000000
0.000000
0.000000
0.000000
0.000000
0.000000
0.000000
0.000000
0.000000
0.000000
0.000000
0.000000
0.000000
0.000000
0.000000
0.000000
0.000000
0.000000
0.000000
0.000000
0.000000
0.000000
0.000000
0.000000
0.000000
0.000000
0.000000
0.000000
0.000000
0.000000
0.000000
0.000000
0.000000
0.000000
0.000000
0.000000
0.000000
0.000000
0.000000
0.000000
0.000000
0.000000
0.000000
0.000000
0.000000
0.000000
0.000000
0.000000
0.000000
0.000000
0.000000
0.000000
0.000000
0.000000
0.000000
0.000000
0.000000
0.000000
0.000000
0.000000
0.000000
0.000000
0.000000
0.000000
0.000000
0.000000
0.000000
0.000000
0.000000
0.000000
0.000000
0.000000
0.000000
0.000000
0.000000
0.000000
0.000000
0.000000
0.000000
0.000000
0.000000
0.000000
0.000000
0.000000
0.000000
0.000000
0.000000
0.000000
0.000000
0.000000
0.000000
0.000000
0.000000
0.000000
0.000000
0.000000
0.000000
0.000000
0.000000
0.000000
0.000000
0.000000
0.000000
0.000000
0.000000
0.000000
0.000000
0.000000
0.000000
0.000000
0.000000
0.000000
0.000000
0.000000
0.000000
0.000000
0.000000
0.000000
0.000000
0.000000
0.000000
0.000000
0.000000
0.000000
0.000000
0.000000
0.000000
0.000000
0.000000
0.000000
0.000000
0.000000
0.000000
0.000000
0.000000
0.000000
0.000000
0.000000
0.000000
0.000000
0.000000
0.000000
0.000000
0.000000
0.000000
0.000000
0.000000
0.000000
0.000000
0.000000
0.000000
0.000000
0.000000
0.000000
0.000000
0.000000
0.000000
0.000000
0.000000
0.000000
0.000000
0.000000
0.000000
0.000000
0.000000
0.000000
0.000000
0.000000
0.000000
0.000000
0.000000
0.000000
0.000000
