-0.000367
-0.000685
0.000249
0.000770
0.000377
0.000162
0.000127
-0.000335
-0.000420
0.000195
0.000728
0.000758
-0.000142
-0.000585
-0.000414
0.000033
0.000538
0.000548
-0.000074
-0.000714
-0.001013
-0.000566
-0.000195
-0.000034
0.000331
0.000235
-0.000490
-0.000407
0.000646
0.000663
0.000382
0.000435
0.000021
0.000012
-0.000214
-0.000095
0.000668
0.000712
0.000071
-0.000325
-0.000335
0.000985
0.000582
0.000477
0.000155
-0.000235
0.000109
-0.000355
-0.002975
-0.004542
-0.000078
0.005482
0.004713
0.000329
-0.000716
0.001075
0.001221
-0.000712
-0.000657
0.000042
0.000032
-0.000119
0.000278
0.000163
-0.000428
-0.000055
0.000324
-0.000317
-0.000883
-0.003303
-0.008252
-0.015279
-0.026702
-0.036835
-0.042558
-0.045780
-0.050913
-0.057041
-0.067781
-0.083878
-0.102003
-0.111974
-0.098778
-0.070449
-0.053751
-0.041233
-0.030319
-0.016414
-0.003745
0.008204
0.022215
0.032279
0.039402
0.045755
0.054726
0.066601
0.071758
0.060183
0.055015
0.054162
0.050477
0.056066
0.042893
0.024196
0.014418
0.014147
0.017105
0.026535
0.025522
0.016575
0.010007
0.012255
0.019309
0.016199
0.008018
0.005966
0.008423
0.010326
0.009494
0.007110
0.006307
0.006484
0.005299
0.004464
0.004907
0.005644
0.005171
0.005518
0.003071
0.002173
0.002852
0.003368
0.002738
0.002144
0.001446
0.000675
0.000836
0.002486
0.004079
0.006739
0.011725
0.017031
0.019806
0.024598
0.034465
0.040974
0.039870
0.038690
0.042505
0.050545
0.051964
0.051478
0.053407
0.061315
0.069549
0.069435
0.061840
0.058345
0.067605
0.075696
0.068092
0.051731
0.043135
0.043488
0.047326
0.045306
0.035450
0.027984
0.026621
0.025964
0.020930
0.016718
0.016409
0.017227
0.015050
0.011042
0.009052
0.007769
0.007791
0.011018
0.011635
0.008152
0.005419
0.004759
0.005160
0.005715
0.005074
0.004024
0.003344
0.002752
0.001942
0.002396
0.003227
0.002232
0.001144
0.000699
0.001066
0.001220
0.001195
0.000966
0.000480
0.001801
0.005441
0.008582
0.010349
0.013426
0.015970
0.018224
0.020520
0.022684
0.023344
0.024590
0.027594
0.032256
0.033786
0.029677
0.022553
0.016286
0.012059
0.009183
0.006032
0.000802
-0.005186
-0.009526
-0.013077
-0.016177
-0.021002
-0.026771
-0.029583
-0.028970
-0.026288
-0.023393
-0.019820
-0.013884
-0.009125
-0.005025
-0.000071
0.004053
0.007617
0.011305
0.016374
0.020242
0.021336
0.023258
0.026227
0.031946
0.037710
0.039698
0.037678
0.035695
0.037288
0.040794
0.048127
0.055036
0.050344
0.044710
0.043080
0.048730
0.051046
0.041983
0.030279
0.023277
0.024128
0.022662
0.012344
0.002869
-0.001112
-0.002876
-0.005500
-0.012707
-0.018325
-0.020564
-0.024055
-0.027173
-0.032842
-0.036702
-0.036852
-0.037090
-0.036312
-0.035181
-0.030434
-0.021579
-0.015262
-0.011528
-0.006850
-0.000715
0.003797
0.006965
0.011897
0.016470
0.019814
0.023144
0.027942
0.031884
0.033923
0.034434
0.035616
0.037758
0.038796
0.039334
0.044214
0.053103
0.052871
0.046259
0.045268
0.049621
0.051046
0.043859
0.034535
0.028986
0.024240
0.017927
0.011562
0.006235
0.000976
-0.003459
-0.006779
-0.010405
-0.015080
-0.019591
-0.023112
-0.025942
-0.029276
-0.029895
-0.031078
-0.032879
-0.034613
-0.038466
-0.038982
-0.028887
-0.017283
-0.010933
-0.008700
-0.007147
-0.000925
0.005282
0.010291
0.016220
0.020910
0.024242
0.025473
0.028099
0.034352
0.037738
0.037976
0.038006
0.038645
0.043264
0.049587
0.048612
0.043904
0.042157
0.052339
0.060546
0.057291
0.047147
0.036739
0.033206
0.032781
0.026651
0.016157
0.008514
0.004263
0.000649
-0.005077
-0.011738
-0.015412
-0.016518
-0.018481
-0.022201
-0.026894
-0.022306
-0.013031
-0.008501
-0.006945
-0.003551
0.002586
0.007539
0.008335
0.009972
0.016287
0.020892
0.023630
0.026221
0.027944
0.026626
0.021245
0.015095
0.010102
0.007085
0.005130
-0.000548
-0.006419
-0.010165
-0.013355
-0.016101
-0.022657
-0.027927
-0.028665
-0.026193
-0.021422
-0.018298
-0.016668
-0.012095
-0.005393
-0.000764
0.002545
0.006393
0.012507
0.018681
0.020515
0.020038
0.021834
0.025143
0.030290
0.038105
0.044808
0.043879
0.040820
0.044262
0.049346
0.050712
0.047549
0.043435
0.047271
0.056816
0.055986
0.048168
0.040252
0.037352
0.033221
0.025120
0.016781
0.010971
0.007099
0.001609
-0.004596
-0.009253
-0.012638
-0.016969
-0.023663
-0.026696
-0.025071
-0.019610
-0.015345
-0.012463
-0.007527
-0.002329
0.001760
0.004688
0.008550
0.014347
0.019816
0.021976
0.023677
0.026622
0.032217
0.037118
0.034088
0.027891
0.023920
0.022210
0.018101
0.011133
0.005448
0.002194
-0.000312
-0.005104
-0.011881
-0.017497
-0.020683
-0.021539
-0.024064
-0.029417
-0.034147
-0.032754
-0.026346
-0.023601
-0.022984
-0.016303
-0.007706
-0.001844
0.000871
0.006312
0.012743
0.016435
0.019797
0.023377
0.027023
0.030727
0.034128
0.041973
0.053002
0.059169
0.060640
0.065336
0.079607
0.094736
0.096945
0.091570
0.089748
0.088355
0.103908
0.122917
0.149453
0.145542
0.125565
0.124518
0.124091
0.141543
0.147456
0.135396
0.114571
0.100472
0.092423
0.086735
0.083405
0.079450
0.070750
0.059014
0.044345
0.038839
0.039897
0.042142
0.042566
0.033674
0.024498
0.018271
0.014206
0.011960
0.012703
0.012878
0.008894
0.002673
-0.001550
-0.003103
-0.002549
-0.003464
-0.005826
-0.007137
-0.008094
-0.008296
-0.008372
-0.010198
-0.011553
-0.011385
-0.010894
-0.010570
-0.011863
-0.012747
-0.011336
-0.010082
-0.010006
-0.009873
-0.011811
-0.013475
-0.011361
-0.008935
-0.008933
-0.009239
-0.010831
-0.011013
-0.009250
-0.007480
-0.007622
-0.008155
-0.009927
-0.012046
-0.010362
-0.008199
-0.009407
-0.012026
-0.012594
-0.011770
-0.010887
-0.012134
-0.013150
-0.011750
-0.012884
-0.014712
-0.014426
-0.013062
-0.013534
-0.013616
-0.015098
-0.016858
-0.016444
-0.014338
-0.012861
-0.012913
-0.014892
-0.014546
-0.012044
-0.011158
-0.011872
-0.011840
-0.011080
-0.010031
-0.009855
-0.010710
-0.011684
-0.012435
-0.013308
-0.013091
-0.012120
-0.011040
-0.010465
-0.011297
-0.014142
-0.014490
-0.012428
-0.011076
-0.010238
-0.011748
-0.015117
-0.015262
-0.012605
-0.011305
-0.010694
-0.011611
-0.014555
-0.015443
-0.013302
-0.012214
-0.011925
-0.012922
-0.014161
-0.014882
-0.014088
-0.012781
-0.012101
-0.014241
-0.016833
-0.015521
-0.013229
-0.013368
-0.014062
-0.014264
-0.013140
-0.012488
-0.012458
-0.013466
-0.013924
-0.015326
-0.015013
-0.013658
-0.012928
-0.012334
-0.012067
-0.014426
-0.016950
-0.016108
-0.013268
-0.010724
-0.009994
-0.013886
-0.020012
-0.020631
-0.015574
-0.010852
-0.008673
-0.010023
-0.013025
-0.015102
-0.013181
-0.009547
-0.009589
-0.012184
-0.013240
-0.012243
-0.012513
-0.013964
-0.015950
-0.017552
-0.015723
-0.013343
-0.012414
-0.012428
-0.012521
-0.012117
-0.010104
-0.008964
-0.008514
-0.008034
-0.008693
-0.010907
-0.011029
-0.009257
-0.008043
-0.008021
-0.010870
-0.014707
-0.014538
-0.011811
-0.009961
-0.009600
-0.011625
-0.015068
-0.014712
-0.012930
-0.012537
-0.012776
-0.014012
-0.014973
-0.014613
-0.012696
-0.010916
-0.010305
-0.012094
-0.013582
-0.011983
-0.010869
-0.010749
-0.011358
-0.012592
-0.011678
-0.010273
-0.009761
-0.010826
-0.012606
-0.012634
-0.011079
-0.009423
-0.009133
-0.010136
-0.010842
-0.012220
-0.013155
-0.012342
-0.012086
-0.011870
-0.012697
-0.016878
-0.019967
-0.017900
-0.014361
-0.012395
-0.012730
-0.015926
-0.017580
-0.014721
-0.011158
-0.009736
-0.010499
-0.013036
-0.014818
-0.013070
-0.010397
-0.009706
-0.010777
-0.012882
-0.012067
-0.010750
-0.012340
-0.014306
-0.013812
-0.012790
-0.013234
-0.013385
-0.013150
-0.012058
-0.011208
-0.014080
-0.013017
-0.010936
-0.009795
-0.009566
-0.012115
-0.014671
-0.012822
-0.009763
-0.008839
-0.009200
-0.014039
-0.021496
-0.026708
-0.029058
-0.037124
-0.048638
-0.057530
-0.060280
-0.064318
-0.076119
-0.093004
-0.106676
-0.105548
-0.099806
-0.105887
-0.118793
-0.126673
-0.133804
-0.143577
-0.147653
-0.149281
-0.155968
-0.137532
-0.133930
-0.117116
-0.101517
-0.086251
-0.071184
-0.059861
-0.056465
-0.057070
-0.053292
-0.039111
-0.031935
-0.024766
-0.020621
-0.016484
-0.012082
-0.008852
-0.007223
-0.006360
-0.003106
0.000839
0.003212
0.003930
0.004459
0.006768
0.008702
0.009046
0.008584
0.008344
0.009848
0.010035
0.011179
0.012168
0.012762
0.013517
0.015053
0.016432
0.018328
0.018911
0.017388
0.016291
0.016805
0.017884
0.018059
0.016576
0.016448
0.018119
0.017602
0.015626
0.013296
0.011563
0.010453
0.013416
0.018060
0.021538
0.021207
0.018092
0.014543
0.012790
0.015226
0.019596
0.021181
0.019807
0.016925
0.015649
0.016243
0.018165
0.019238
0.018548
0.018174
0.017468
0.015464
0.013696
0.014003
0.018869
0.023241
0.021968
0.017564
0.013657
0.012205
0.013969
0.019921
0.025234
0.025337
0.020603
0.015602
0.014514
0.015079
0.015837
0.016216
0.016246
0.015331
0.013644
0.013229
0.014816
0.018344
0.021125
0.020429
0.018173
0.015627
0.014527
0.014488
0.015590
0.015790
0.014908
0.015015
0.015811
0.015200
0.014045
0.015755
0.019905
0.021122
0.020079
0.017960
0.015002
0.012364
0.012807
0.017779
0.023239
0.023029
0.019759
0.016426
0.016808
0.017914
0.019666
0.018485
0.016671
0.016457
0.015531
0.013461
0.013443
0.015199
0.019196
0.021232
0.019365
0.015580
0.012189
0.011351
0.015725
0.021816
0.023171
0.021449
0.018489
0.015608
0.013464
0.014508
0.019393
0.022034
0.019941
0.016590
0.013521
0.012744
0.013971
0.015730
0.015464
0.014602
0.014539
0.014513
0.015078
0.016701
0.017803
0.018725
0.019450
0.018787
0.017669
0.016494
0.016007
0.018860
0.021250
0.020942
0.019277
0.016152
0.013142
0.011367
0.013471
0.020493
0.023804
0.021959
0.017210
0.013047
0.013555
0.018774
0.023469
0.023334
0.019840
0.015509
0.014064
0.014454
0.015691
0.016241
0.014873
0.013581
0.012455
0.011568
0.013731
0.018067
0.024985
0.028415
0.031621
0.037758
0.045194
0.051955
0.059084
0.065094
0.081977
0.101658
0.097046
0.089482
0.090395
0.103949
0.126246
0.145192
0.143471
0.130209
0.130445
0.143657
0.161786
0.165089
0.133265
0.121610
0.102754
0.089807
0.075139
0.059795
0.049664
0.046755
0.046014
0.041058
0.031396
0.022446
0.017233
0.013027
0.009933
0.007687
0.004628
0.001702
-0.000291
-0.003183
-0.005674
-0.008079
-0.010297
-0.011065
-0.011509
-0.013998
-0.015318
-0.018192
-0.022152
-0.021343
-0.019127
-0.017369
-0.019054
-0.025298
-0.028610
-0.026580
-0.022898
-0.019873
-0.020894
-0.025205
-0.028126
-0.027030
-0.023238
-0.021934
-0.024923
-0.026280
-0.025001
-0.023568
-0.022070
-0.023516
-0.026760
-0.028375
-0.027130
-0.022974
-0.020756
-0.024936
-0.029484
-0.028932
-0.025658
-0.022215
-0.023286
-0.027770
-0.029511
-0.029275
-0.025762
-0.023114
-0.025084
-0.027935
-0.027511
-0.024957
-0.021704
-0.022424
-0.027496
-0.030386
-0.028436
-0.023616
-0.020491
-0.023062
-0.027646
-0.028676
-0.025115
-0.020881
-0.020761
-0.026913
-0.032928
-0.033303
-0.028118
-0.023237
-0.024468
-0.029575
-0.031401
-0.028323
-0.021917
-0.020474
-0.024574
-0.026606
-0.024562
-0.022297
-0.021735
-0.024278
-0.027255
-0.028131
-0.026418
-0.024183
-0.025018
-0.027502
-0.027376
-0.025979
-0.025804
-0.026373
-0.028882
-0.030244
-0.028093
-0.025683
-0.022302
-0.021522
-0.026311
-0.029539
-0.025091
-0.024530
-0.027982
-0.030271
-0.031571
-0.035019
-0.038857
-0.043313
-0.053085
-0.069928
-0.080006
-0.081964
-0.087314
-0.099124
-0.106072
-0.102953
-0.098670
-0.093165
-0.083584
-0.075456
-0.079034
-0.094421
-0.102799
-0.099319
-0.099878
-0.108343
-0.119269
-0.130132
-0.140457
-0.124673
-0.119139
-0.093046
-0.070666
-0.053548
-0.037977
-0.023835
-0.011862
0.000017
0.012244
0.022248
0.031957
0.040426
0.056784
0.064425
0.066244
0.068229
0.078340
0.087540
0.109465
0.107271
0.101502
0.109335
0.129464
0.142908
0.137673
0.116746
0.097525
0.090232
0.091782
0.084223
0.066352
0.051585
0.043990
0.047191
0.055080
0.047230
0.032181
0.025580
0.026562
0.027769
0.023005
0.016862
0.015164
0.015629
0.013395
0.009763
0.007760
0.007946
0.011381
0.010559
0.007248
0.006728
0.005347
0.001005
0.000064
0.008366
0.011473
0.003495
-0.001244
-0.000462
0.002756
0.004789
0.002710
0.000923
0.001338
0.000822
0.000066
0.000802
0.001204
0.000425
0.000047
-0.000296
-0.000863
-0.000055
0.001097
0.001464
0.000414
-0.000417
-0.000922
-0.000970
-0.003195
-0.009816
-0.016932
-0.023998
-0.030847
-0.035965
-0.047397
-0.060715
-0.071287
-0.074771
-0.078210
-0.088307
-0.097853
-0.101373
-0.110668
-0.124644
-0.128662
-0.127943
-0.134103
-0.140436
-0.142785
-0.150707
-0.140594
-0.141612
-0.105841
-0.084527
-0.060511
-0.045658
-0.030996
-0.016403
-0.002040
0.013062
0.024162
0.031523
0.040034
0.047085
0.058346
0.055472
0.047742
0.043727
0.048101
0.047163
0.038491
0.031866
0.028854
0.026626
0.022684
0.020695
0.023285
0.023797
0.017916
0.013040
0.011348
0.010387
0.011481
0.013161
0.011014
0.008473
0.006845
0.005241
0.005063
0.006188
0.006327
0.004958
0.004052
0.002931
0.001775
0.001849
0.002782
0.003017
0.002171
0.001196
-0.000092
-0.001260
-0.004410
-0.011192
-0.018851
-0.025322
-0.029600
-0.033452
-0.043349
-0.062703
-0.067767
-0.068977
-0.052192
-0.034317
-0.025384
-0.017941
-0.008814
0.001265
0.011911
0.026336
0.040084
0.045879
0.050254
0.058762
0.070841
0.078992
0.082345
0.084186
0.092683
0.114158
0.128683
0.122376
0.100172
0.077605
0.065737
0.056564
0.040461
0.023359
0.011576
0.004140
-0.005641
-0.019735
-0.031074
-0.034464
-0.029764
-0.022680
-0.015540
-0.008816
-0.001044
0.005868
0.012803
0.021814
0.037372
0.043589
0.045360
0.051948
0.065640
0.069655
0.058618
0.042056
0.030558
0.025262
0.020315
0.009361
-0.005750
-0.015268
-0.017548
-0.017470
-0.015431
-0.010866
-0.005583
0.001066
0.008503
0.019320
0.032704
0.041687
0.046502
0.053518
0.063100
0.069562
0.071876
0.076661
0.086656
0.095815
0.122732
0.120978
0.103566
0.090071
0.086038
0.085854
0.080302
0.066691
0.054195
0.047111
0.043753
0.043966
0.047578
0.063970
0.066073
0.061094
0.064167
0.079103
0.092333
0.096761
0.101524
0.109635
0.118357
0.123652
0.125537
0.127088
0.129342
0.132526
0.129611
0.109975
0.075715
0.052169
0.043243
0.034141
0.018022
0.003426
-0.006343
-0.016469
-0.027574
-0.037896
-0.046283
-0.052023
-0.060717
-0.072606
-0.084565
-0.089929
-0.096457
-0.097445
-0.122221
-0.130505
-0.127032
-0.120515
-0.121710
-0.132354
-0.147466
-0.155101
-0.154936
-0.148784
-0.143034
-0.144612
-0.156305
-0.162951
-0.155779
-0.137125
-0.100730
-0.080979
-0.057096
-0.043442
-0.031375
-0.017055
0.002159
0.016846
0.023946
0.028570
0.034999
0.050949
0.070080
0.076151
0.073394
0.078140
0.093327
0.106125
0.109789
0.111250
0.119718
0.129709
0.136105
0.140246
0.142003
0.141989
0.146348
0.159616
0.172362
0.173153
0.162456
0.148895
0.135167
0.116595
0.093194
0.068582
0.049518
0.036653
0.024402
0.010638
-0.002445
-0.013552
-0.021841
-0.028154
-0.046917
-0.058115
-0.059760
-0.060468
-0.070624
-0.088983
-0.102251
-0.099727
-0.093984
-0.085099
-0.074941
-0.067903
-0.066700
-0.062061
-0.051908
-0.043036
-0.044742
-0.057236
-0.072081
-0.075992
-0.073020
-0.076879
-0.088338
-0.101304
-0.109064
-0.115557
-0.118791
-0.111686
-0.098295
-0.085422
-0.076938
-0.067779
-0.059035
-0.053882
-0.048825
-0.042188
-0.035531
-0.030383
-0.031176
-0.031721
-0.025159
-0.017935
-0.015112
-0.015798
-0.018686
-0.016732
-0.011462
-0.009497
-0.009109
-0.008385
-0.007468
-0.007356
-0.006112
-0.004712
-0.004335
-0.004075
-0.003754
-0.003752
-0.002890
-0.002040
-0.002199
-0.002348
-0.002385
-0.001086
-0.001878
-0.002310
-0.001333
0.000566
-0.000235
-0.000618
-0.000315
-0.000330
-0.000957
-0.001219
-0.000589
0.000178
0.000330
-0.000133
-0.000331
0.000034
0.000064
0.000056
-0.000003
0.000085
0.000111
-0.000272
-0.000255
0.000377
0.000359
-0.000105
-0.000639
-0.001779
-0.001439
-0.000772
0.001051
0.002864
0.001371
-0.000650
-0.000984
-0.000343
0.000072
-0.000239
0.000226
0.000599
-0.000144
0.000048
-0.000138
0.000769
0.001161
-0.000577
-0.002367
-0.001636
-0.000106
0.002108
0.002761
0.000845
0.000004
0.000369
0.000252
-0.000366
-0.000550
0.000001
0.000359
-0.000126
-0.000532
0.000355
0.000977
0.000285
-0.000852
-0.001714
-0.002389
-0.000949
0.002329
0.003578
0.000980
-0.000703
0.000143
0.000298
-0.000315
-0.000459
0.000294
0.001072
0.000007
-0.001115
-0.000552
0.000462
-0.000171
-0.000312
0.000101
0.000180
0.000893
-0.000081
-0.000428
-0.000248
0.000643
0.000382
-0.000399
-0.000202
0.000259
-0.000136
-0.000611
-0.000216
-0.000291
0.000123
0.000279
-0.000362
-0.002789
-0.007595
-0.014382
-0.021158
-0.029562
-0.040651
-0.048596
-0.053879
-0.057449
-0.067243
-0.085691
-0.097334
-0.095731
-0.095896
-0.106880
-0.119094
-0.124428
-0.129341
-0.135775
-0.138084
-0.141711
-0.151021
-0.154523
-0.152717
-0.157120
-0.164632
-0.165723
-0.159403
-0.131935
-0.115115
-0.079550
-0.054748
-0.043301
-0.031555
-0.015218
0.002131
0.017790
0.025794
0.031287
0.043269
0.052429
0.066644
0.070389
0.075836
0.087463
0.098298
0.102985
0.102244
0.109292
0.122823
0.131996
0.129424
0.115459
0.092287
0.071115
0.055613
0.042203
0.027789
0.015088
0.005202
-0.004822
-0.015511
-0.025701
-0.035564
-0.043514
-0.049779
-0.058961
-0.073822
-0.090417
-0.097913
-0.100558
-0.104167
-0.110102
-0.117297
-0.129464
-0.138836
-0.138666
-0.136939
-0.141564
-0.150977
-0.160170
-0.159193
-0.143242
-0.121423
-0.101245
-0.087878
-0.075513
-0.062457
-0.053181
-0.050056
-0.046260
-0.039912
-0.032169
-0.028424
-0.027806
-0.024482
-0.019867
-0.016848
-0.015155
-0.014770
-0.015757
-0.014866
-0.010766
-0.008553
-0.007837
-0.008709
-0.009617
-0.008183
-0.004794
-0.003452
-0.003763
-0.003708
-0.003888
-0.003931
-0.004646
-0.004745
-0.002437
-0.000030
-0.000046
-0.002124
-0.001693
-0.000612
-0.000806
-0.000652
-0.000239
-0.000090
-0.000225
-0.000044
-0.000279
-0.000481
0.000159
0.001628
0.000957
-0.000425
-0.000718
-0.001239
-0.001059
-0.000142
0.000101
-0.000263
-0.000026
-0.000225
-0.000282
0.000528
0.001468
0.001707
0.003446
0.007733
0.012655
0.019221
0.030305
0.050296
0.058355
0.055126
0.053553
0.063719
0.074209
0.093717
0.095040
0.092447
0.097132
0.108897
0.122510
0.132079
0.136731
0.131600
0.124369
0.128924
0.133516
0.161082
0.172443
0.141400
0.094335
0.074659
0.074622
0.075113
0.062443
0.044804
0.034367
0.032972
0.036878
0.034817
0.028218
0.022691
0.018168
0.017017
0.017803
0.020201
0.019136
0.014233
0.009580
0.007965
0.008145
0.009737
0.010321
0.008626
0.007911
0.007202
0.001192
-0.003580
-0.003054
0.006450
0.008071
0.002049
-0.001597
0.000765
0.002718
0.002010
0.001435
0.001708
0.000685
-0.000444
-0.000345
0.000681
0.002022
0.001276
0.000440
-0.000256
-0.002806
-0.007508
-0.014457
-0.023120
-0.031859
-0.038556
-0.042546
-0.051530
-0.067209
-0.077124
-0.077380
-0.083205
-0.099283
-0.112624
-0.113131
-0.109387
-0.109098
-0.119435
-0.139568
-0.153379
-0.151240
-0.145078
-0.146195
-0.148477
-0.133004
-0.112143
-0.096620
-0.084661
-0.071344
-0.061806
-0.058235
-0.052317
-0.043230
-0.034205
-0.029803
-0.032534
-0.032487
-0.024940
-0.021001
-0.029723
-0.037227
-0.024059
-0.000722
0.006831
-0.006502
-0.017632
-0.013286
-0.002718
0.001387
-0.003423
-0.006651
-0.004159
-0.002085
-0.003109
-0.003943
-0.003541
-0.002236
-0.001956
-0.002386
-0.002470
-0.001437
-0.001269
-0.001653
-0.001986
-0.001626
-0.001027
-0.000626
-0.000083
-0.000144
-0.000584
-0.000482
0.001512
0.005683
0.012354
0.019529
0.023086
0.023603
0.026261
0.029729
0.036033
0.047670
0.054783
0.052505
0.047907
0.052130
0.063166
0.073720
0.071096
0.063483
0.062482
0.071922
0.084759
0.084312
0.074047
0.067094
0.073814
0.083650
0.083775
0.078923
0.076304
0.075223
0.074212
0.075152
0.083060
0.094860
0.093566
0.079605
0.070889
0.075134
0.087233
0.091641
0.079187
0.060095
0.047932
0.044650
0.049144
0.054668
0.047874
0.033786
0.025968
0.025280
0.026526
0.024368
0.020114
0.015470
0.013769
0.014240
0.013188
0.010184
0.008766
0.008826
0.008291
0.007043
0.005613
0.004468
0.003794
0.004335
0.004840
0.004356
0.002384
-0.002821
-0.000471
0.007978
0.008630
0.002414
-0.000571
0.002104
0.002902
0.000827
0.000210
0.001087
0.001494
0.001104
0.001183
0.001829
0.004152
0.006214
0.005955
0.006179
0.007181
0.008289
0.007826
0.009558
0.013957
0.014609
0.011249
0.009817
0.010846
0.012872
0.015779
0.015790
0.013476
0.013685
0.014787
0.014913
0.015379
0.015057
0.015267
0.015261
0.014309
0.015779
0.018935
0.018769
0.015879
0.014924
0.016349
0.018354
0.017054
0.014890
0.014592
0.015534
0.017594
0.019700
0.017853
0.015437
0.016307
0.017409
0.017732
0.019652
0.021856
0.019849
0.017944
0.017988
0.017775
0.017427
0.018192
0.020022
0.019489
0.017511
0.016314
0.017577
0.018704
0.019509
0.018059
0.016591
0.017443
0.018158
0.016760
0.015016
0.016095
0.019890
0.021049
0.018085
0.016489
0.017202
0.017130
0.016563
0.017749
0.018573
0.017757
0.017320
0.016951
0.016021
0.015687
0.018395
0.021262
0.019872
0.016549
0.016139
0.016975
0.017480
0.016238
0.014183
0.013203
0.013408
0.014256
0.015027
0.015920
0.018520
0.022439
0.025907
0.027716
0.029045
0.030167
0.029840
0.032033
0.040282
0.049160
0.046906
0.038429
0.033884
0.031806
0.024395
0.012551
0.002127
-0.005964
-0.012942
-0.023025
-0.031880
-0.039934
-0.052890
-0.064452
-0.068446
-0.068795
-0.076246
-0.094864
-0.110828
-0.115552
-0.113920
-0.112767
-0.103501
-0.085214
-0.058588
-0.037210
-0.027447
-0.019063
-0.006550
0.008020
0.020864
0.033555
0.040493
0.044456
0.051734
0.059326
0.054623
0.037798
0.023337
0.015856
0.010184
-0.001171
-0.012299
-0.021704
-0.027144
-0.033641
-0.049068
-0.065258
-0.067713
-0.065495
-0.072615
-0.090435
-0.103566
-0.107372
-0.114847
-0.125534
-0.131350
-0.138982
-0.147383
-0.142511
-0.130928
-0.118478
-0.102377
-0.082373
-0.067453
-0.063608
-0.064591
-0.056476
-0.042602
-0.034670
-0.036373
-0.035809
-0.027875
-0.019857
-0.016991
-0.019416
-0.020997
-0.015923
-0.011015
-0.010176
-0.010900
-0.011035
-0.009163
-0.006992
-0.006204
-0.006430
-0.005156
-0.004632
-0.004771
-0.003930
-0.002956
-0.002368
-0.002362
-0.001870
-0.001627
-0.001462
-0.001460
-0.001172
-0.001222
-0.001061
-0.000335
-0.000236
-0.000446
-0.000884
-0.001669
-0.001075
0.000228
0.000410
-0.000448
-0.000867
-0.000319
-0.000269
-0.000052
0.000337
0.000523
-0.000206
-0.001364
-0.003254
-0.001851
-0.000210
-0.000122
-0.000504
-0.001055
-0.001324
-0.000726
0.000648
0.000730
-0.000014
-0.000248
-0.000358
-0.000277
-0.000057
0.000301
0.000362
-0.000306
-0.000304
-0.000134
0.000415
0.001590
0.001144
0.000162
0.000173
-0.000283
-0.000573
0.000011
-0.000079
-0.000440
-0.000064
0.000292
0.000245
0.000349
0.001489
0.001206
0.000476
0.000183
-0.000732
-0.000408
0.000394
0.000780
-0.000326
-0.000139
0.000057
-0.000181
0.000301
0.000288
0.000028
-0.000052
0.000048
-0.000487
-0.000144
0.000895
0.000545
-0.000065
-0.000359
-0.000708
-0.000917
0.000112
0.000740
0.000049
-0.000608
-0.000667
-0.001439
-0.000609
0.000378
-0.000076
-0.000617
-0.000523
-0.000480
-0.000752
0.000391
0.000431
-0.000394
0.000215
0.001406
0.000354
0.000890
0.002519
0.001750
0.000752
-0.000314
-0.001194
-0.000929
-0.000169
-0.000268
-0.000519
-0.000039
-0.000372
-0.000793
-0.000354
0.000803
0.001796
0.001398
0.000065
0.000319
0.000196
-0.000900
-0.001022
-0.000198
-0.000130
-0.000449
-0.000430
-0.000105
0.000399
0.000914
0.000412
-0.000168
-0.000351
0.000088
0.001222
0.001406
0.000594
0.000256
0.000121
0.000548
0.001163
0.000553
0.000202
-0.000429
-0.000782
-0.000728
0.000187
-0.000063
-0.001076
-0.000863
-0.000487
-0.000301
0.000362
0.000922
0.000899
0.000478
0.000179
-0.000261
-0.000119
0.000327
0.000219
-0.000369
-0.000248
-0.000901
-0.000863
-0.000042
0.000683
0.000015
-0.000479
-0.000609
-0.000512
-0.000609
0.000309
0.000180
0.000107
0.000264
-0.000168
-0.000658
-0.000514
-0.000882
-0.000957
-0.000592
-0.000431
-0.000123
-0.000030
0.000506
0.000350
0.000580
-0.000101
-0.000428
-0.000502
-0.000710
-0.003275
-0.005448
-0.006413
-0.008863
-0.010867
-0.013319
-0.017159
-0.020111
-0.020149
-0.019370
-0.021243
-0.026809
-0.028186
-0.025155
-0.025058
-0.028154
-0.032158
-0.031197
-0.029381
-0.028944
-0.025721
-0.017918
-0.009030
-0.000925
0.007201
0.015802
0.024325
0.031461
0.043807
0.060030
0.067596
0.067753
0.069286
0.072439
0.071258
0.056991
0.043559
0.035766
0.031834
0.025247
0.015095
0.007351
0.002994
-0.001405
-0.005901
-0.010859
-0.016858
-0.019391
-0.020635
-0.021800
-0.026368
-0.035344
-0.040828
-0.038636
-0.036306
-0.038523
-0.045119
-0.049774
-0.049109
-0.045199
-0.043329
-0.050744
-0.058908
-0.056334
-0.048047
-0.045973
-0.053157
-0.062842
-0.062508
-0.052432
-0.048046
-0.054869
-0.062421
-0.059093
-0.051193
-0.051868
-0.061582
-0.065182
-0.057869
-0.050257
-0.053262
-0.061797
-0.063705
-0.056664
-0.053191
-0.058710
-0.062778
-0.058575
-0.050837
-0.051381
-0.061079
-0.064811
-0.057263
-0.051328
-0.054720
-0.059704
-0.059213
-0.053074
-0.049787
-0.056891
-0.064898
-0.063682
-0.054405
-0.053292
-0.061642
-0.066017
-0.059178
-0.051299
-0.052144
-0.063927
-0.069328
-0.062728
-0.055307
-0.057223
-0.059473
-0.054621
-0.044824
-0.038072
-0.036407
-0.035540
-0.028054
-0.020131
-0.017361
-0.017470
-0.013361
-0.007087
-0.005208
-0.004939
-0.002597
0.000801
0.002068
0.002939
0.004231
0.005846
0.008334
0.008769
0.009041
0.009084
0.010521
0.013334
0.013450
0.012894
0.012860
0.013011
0.014087
0.015282
0.014986
0.014212
0.013022
0.014361
0.019400
0.019166
0.015946
0.013707
0.013064
0.013217
0.015791
0.019457
0.019074
0.016674
0.014377
0.013178
0.012326
0.013686
0.015575
0.013358
0.009828
0.008373
0.007669
0.007161
0.006684
0.006289
0.004990
0.004761
0.004780
0.004347
0.003118
0.002598
0.002369
0.002708
0.002926
0.003150
0.002319
0.002541
0.002471
0.001724
0.001561
0.001696
0.004563
0.011340
0.020420
0.026017
0.030397
0.038926
0.050342
0.056008
0.057803
0.061973
0.063321
0.080055
0.108702
0.107022
0.087661
0.068301
0.063514
0.066153
0.064121
0.054034
0.041423
0.033824
0.035548
0.042170
0.038938
0.027907
0.022238
0.021904
0.021797
0.017898
0.014227
0.012422
0.011617
0.011676
0.011269
0.009112
0.007657
0.007630
0.007210
0.006777
0.005964
0.004699
0.003963
0.003581
0.003676
0.003155
0.002720
0.001959
0.001356
0.001383
0.001996
0.001655
0.001657
0.002180
0.000419
-0.000644
0.001115
0.002811
0.002148
0.000598
-0.000262
-0.000009
0.001067
0.002374
0.000528
-0.002228
-0.000873
0.000155
-0.000381
0.000000
0.000000
0.000000
0.000000
0.000000
0.000000
0.000000
0.000000
0.000000
0.000000
0.000000
0.000000
0.000000
0.000000
0.000000
0.000000
0.000000
0.000000
0.000000
0.000000
0.000000
0.000000
0.000000
0.000000
0.000000
0.000000
0.000000
0.000000
0.000000
0.000000
0.000000
0.000000
0.000000
0.000000
0.000000
0.000000
0.000000
0.000000
0.000000
0.000000
0.000000
0.000000
0.000000
0.000000
0.000000
0.000000
0.000000
0.000000
0.000000
0.000000
0.000000
0.000000
0.000000
0.000000
0.000000
0.000000
0.000000
0.000000
0.000000
0.000000
0.000000
0.000000
0.000000
0.000000
0.000000
0.000000
0.000000
0.000000
0.000000
0.000000
0.000000
0.000000
0.000000
0.000000
0.000000
0.000000
0.000000
0.000000
0.000000
0.000000
0.000000
0.000000
0.000000
0.000000
0.000000
0.000000
0.000000
0.000000
0.000000
0.000000
0.000000
0.000000
0.000000
0.000000
0.000000
0.000000
0.000000
0.000000
0.000000
0.000000
0.000000
0.000000
0.000000
0.000000
0.000000
0.000000
0.000000
0.000000
0.000000
0.000000
0.000000
0.000000
0.000000
0.000000
0.000000
0.000000
0.000000
0.000000
0.000000
0.000000
0.000000
0.000000
0.000000
0.000000
0.000000
0.000000
0.000000
0.000000
0.000000
0.000000
0.000000
0.000000
0.000000
0.000000
0.000000
0.000000
0.000000
0.000000
0.000000
0.000000
0.000000
0.000000
0.000000
0.000000
0.000000
0.000000
0.000000
0.000000
0.000000
0.000000
0.000000
0.000000
0.000000
0.000000
0.000000
0.000000
0.000000
0.000000
0.000000
0.000000
0.000000
0.000000
0.000000
0.000000
0.000000
0.000000
0.000000
0.000000
0.000000
0.000000
0.000000
0.000000
0.000000
0.000000
0.000000
0.000000
0.000000
0.000000
0.000000
0.000000
0.000000
0.000000
0.000000
0.000000
0.000000
0.000000
0.000000
0.000000
0.000000
0.000000
0.000000
0.000000
0.000000
0.000000
0.000000
0.000000
0.000000
0.000000
0.000000
0.000000
0.000000
0.000000
0.000000
0.000000
0.000000
0.000000
0.000000
0.000000
0.000000
0.000000
0.000000
0.000000
0.000000
0.000000
0.000000
0.000000
0.000000
0.000000
0.000000
0.000000
0.000000
0.000000
0.000000
0.000000
0.000000
0.000000
0.000000
0.000000
0.000000
0.000000
0.000000
0.000000
0.000000
0.000000
0.000000
0.000000
0.000000
0.000000
0.000000
0.000000
0.000000
0.000000
0.000000
0.000000
0.000000
0.000000
0.000000
0.000000
0.000000
0.000000
0.000000
0.000000
0.000000
0.000000
0.000000
0.000000
0.000000
0.000000
0.000000
0.000000
0.000000
0.000000
0.000000
0.000000
0.000000
0.000000
0.000000
0.000000
0.000000
0.000000
0.000000
0.000000
0.000000
0.000000
0.000000
0.000000
0.000000
0.000000
0.000000
0.000000
0.000000
0.000000
0.000000
0.000000
0.000000
0.000000
0.000000
0.000000
0.000000
0.000000
0.000000
0.000000
0.000000
0.000000
0.000000
0.000000
0.000000
0.000000
0.000000
0.000000
0.000000
0.000000
0.000000
0.000000
0.000000
0.000000
0.000000
0.000000
0.000000
0.000000
0.000000
0.000000
0.000000
0.000000
0.000000
0.000000
0.000000
0.000000
0.000000
0.000000
0.000000
0.000000
0.000000
0.000000
0.000000
0.000000
0.000000
0.000000
0.000000
0.000000
0.000000
0.000000
0.000000
0.000000
0.000000
0.000000
0.000000
0.000000
0.000000
0.000000
0.000000
0.000000
0.000000
0.000000
0.000000
0.000000
0.000000
0.000000
0.000000
0.000000
0.000000
0.000000
0.000000
0.000000
0.000000
0.000000
0.000000
0.000000
0.000000
0.000000
0.000000
0.000000
0.000000
0.000000
0.000000
0.000000
0.000000
0.000000
0.000000
0.000000
0.000000
0.000000
0.000000
0.000000
0.000000
0.000000
0.000000
0.000000
0.000000
0.000000
0.000000
0.000000
0.000000
0.000000
0.000000
0.000000
0.000000
0.000000
0.000000
0.000000
0.000000
0.000000
0.000000
0.000000
0.000000
0.000000
0.000000
0.000000
0.000000
0.000000
0.000000
0.000000
0.000000
0.000000
0.000000
0.000000
0.000000
0.000000
0.000000
0.000000
0.000000
0.000000
0.000000
0.000000
0.000000
0.000000
0.000000
0.000000
0.000000
0.000000
0.000000
0.000000
0.000000
0.000000
0.000000
0.000000
0.000000
0.000000
0.000000
0.000000
0.000000
0.000000
0.000000
0.000000
0.000000
0.000000
0.000000
0.000000
0.000000
0.000000
0.000000
0.000000
0.000000
0.000000
0.000000
0.000000
0.000000
0.000000
0.000000
0.000000
0.000000
0.000000
0.000000
0.000000
0.000000
0.000000
0.000000
0.000000
0.000000
0.000000
0.000000
0.000000
0.000000
0.000000
0.000000
0.000000
0.000000
0.000000
0.000000
0.000000
0.000000
0.000000
0.000000
0.000000
0.000000
0.000000
0.000000
0.000000
0.000000
0.000000
0.000000
0.000000
0.000000
0.000000
0.000000
0.000000
0.000000
0.000000
0.000000
0.000000
0.000000
0.000000
0.000000
0.000000
0.000000
0.000000
0.000000
0.000000
0.000000
0.000000
0.000000
0.000000
0.000000
0.000000
0.000000
0.000000
0.000000
0.000000
0.000000
0.000000
0.000000
0.000000
0.000000
0.000000
0.000000
0.000000
0.000000
0.000000
0.000000
0.000000
0.000000
0.000000
0.000000
0.000000
0.000000
0.000000
0.000000
0.000000
0.000000
0.000000
0.000000
0.000000
0.000000
0.000000
0.000000
0.000000
0.000000
0.000000
0.000000
0.000000
0.000000
0.000000
0.000000
0.000000
0.000000
0.000000
0.000000
0.000000
0.000000
0.000000
0.000000
0.000000
0.000000
0.000000
0.000000
0.000000
0.000000
0.000000
0.000000
0.000000
0.000000
0.000000
0.000000
0.000000
0.000000
0.000000
0.000000
0.000000
0.000000
0.000000
0.000000
0.000000
0.000000
0.000000
0.000000
0.000000
0.000000
0.000000
0.000000
0.000000
0.000000
0.000000
0.000000
0.000000
0.000000
0.000000
0.000000
0.000000
0.000000
0.000000
0.000000
0.000000
0.000000
0.000000
0.000000
0.000000
0.000000
0.000000
0.000000
0.000000
0.000000
0.000000
0.000000
0.000000
0.000000
0.000000
0.000000
0.000000
0.000000
0.000000
0.000000
0.000000
0.000000
0.000000
0.000000
0.000000
0.000000
0.000000
0.000000
0.000000
0.000000
0.000000
0.000000
0.000000
0.000000
0.000000
0.000000
0.000000
0.000000
0.000000
0.000000
0.000000
0.000000
0.000000
0.000000
0.000000
0.000000
0.000000
0.000000
0.000000
0.000000
0.000000
0.000000
0.000000
0.000000
0.000000
0.000000
0.000000
0.000000
0.000000
0.000000
0.000000
0.000000
0.000000
0.000000
0.000000
0.000000
0.000000
0.000000
0.000000
0.000000
0.000000
0.000000
0.000000
0.000000
0.000000
0.000000
0.000000
0.000000
0.000000
0.000000
0.000000
0.000000
0.000000
0.000000
0.000000
0.000000
0.000000
0.000000
0.000000
0.000000
0.000000
0.000000
0.000000
0.000000
0.000000
0.000000
0.000000
0.000000
0.000000
0.000000
0.000000
0.000000
0.000000
0.000000
0.000000
0.000000
0.000000
0.000000
0.000000
0.000000
0.000000
0.000000
0.000000
0.000000
0.000000
0.000000
0.000000
0.000000
0.000000
0.000000
0.000000
0.000000
0.000000
0.000000
0.000000
0.000000
0.000000
0.000000
0.000000
0.000000
0.000000
0.000000
0.000000
0.000000
0.000000
0.000000
0.000000
0.000000
0.000000
0.000000
0.000000
0.000000
0.000000
0.000000
0.000000
0.000000
0.000000
0.000000
0.000000
0.000000
0.000000
0.000000
0.000000
0.000000
0.000000
0.000000
0.000000
0.000000
0.000000
0.000000
0.000000
0.000000
0.000000
0.000000
0.000000
0.000000
0.000000
0.000000
0.000000
0.000000
0.000000
0.000000
0.000000
0.000000
0.000000
0.000000
0.000000
0.000000
0.000000
0.000000
0.000000
0.000000
0.000000
0.000000
0.000000
0.000000
0.000000
0.000000
0.000000
0.000000
0.000000
0.000000
0.000000
0.000000
0.000000
0.000000
0.000000
0.000000
0.000000
0.000000
0.000000
0.000000
0.000000
0.000000
0.000000
0.000000
0.000000
0.000000
0.000000
0.000000
0.000000
0.000000
0.000000
0.000000
0.000000
0.000000
0.000000
0.000000
0.000000
0.000000
0.000000
0.000000
0.000000
0.000000
0.000000
0.000000
0.000000
0.000000
0.000000
0.000000
0.000000
0.000000
0.000000
0.000000
0.000000
0.000000
0.000000
0.000000
0.000000
0.000000
0.000000
0.000000
0.000000
0.000000
0.000000
0.000000
0.000000
0.000000
0.000000
0.000000
0.000000
0.000000
0.000000
0.000000
0.000000
0.000000
0.000000
0.000000
0.000000
0.000000
0.000000
0.000000
0.000000
0.000000
0.000000
0.000000
0.000000
0.000000
0.000000
0.000000
0.000000
0.000000
0.000000
0.000000
0.000000
0.000000
0.000000
0.000000
0.000000
0.000000
0.000000
0.000000
0.000000
0.000000
0.000000
0.000000
0.000000
0.000000
0.000000
0.000000
0.000000
0.000000
0.000000
0.000000
0.000000
0.000000
0.000000
0.000000
0.000000
0.000000
0.000000
0.000000
0.000000
0.000000
0.000000
0.000000
0.000000
0.000000
0.000000
0.000000
0.000000
0.000000
0.000000
0.000000
0.000000
0.000000
0.000000
0.000000
0.000000
0.000000
0.000000
0.000000
0.000000
0.000000
0.000000
0.000000
0.000000
0.000000
0.000000
0.000000
0.000000
0.000000
0.000000
0.000000
0.000000
0.000000
0.000000
0.000000
0.000000
0.000000
0.000000
0.000000
0.000000
0.000000
0.000000
0.000000
0.000000
0.000000
0.000000
0.000000
0.000000
0.000000
0.000000
0.000000
0.000000
0.000000
0.000000
0.000000
0.000000
0.000000
0.000000
0.000000
0.000000
0.000000
0.000000
0.000000
0.000000
0.000000
0.000000
0.000000
0.000000
0.000000
0.000000
0.000000
0.000000
0.000000
0.000000
0.000000
0.000000
0.000000
0.000000
0.000000
0.000000
0.000000
0.000000
0.000000
0.000000
0.000000
0.000000
0.000000
0.000000
0.000000
0.000000
0.000000
0.000000
0.000000
0.000000
0.000000
0.000000
0.000000
0.000000
0.000000
0.000000
0.000000
0.000000
0.000000
0.000000
0.000000
0.000000
0.000000
0.000000
0.000000
0.000000
0.000000
0.000000
0.000000
0.000000
0.000000
0.000000
0.000000
0.000000
0.000000
0.000000
0.000000
0.000000
0.000000
0.000000
0.000000
0.000000
0.000000
0.000000
0.000000
0.000000
0.000000
0.000000
0.000000
0.000000
0.000000
0.000000
0.000000
0.000000
0.000000
0.000000
0.000000
0.000000
0.000000
0.000000
0.000000
0.000000
0.000000
0.000000
0.000000
0.000000
0.000000
0.000000
0.000000
0.000000
0.000000
0.000000
0.000000
0.000000
0.000000
0.000000
0.000000
0.000000
0.000000
0.000000
0.000000
0.000000
0.000000
0.000000
0.000000
0.000000
0.000000
0.000000
0.000000
0.000000
0.000000
0.000000
0.000000
0.000000
0.000000
0.000000
0.000000
0.000000
0.000000
0.000000
0.000000
0.000000
0.000000
0.000000
0.000000
0.000000
0.000000
0.000000
0.000000
0.000000
0.000000
0.000000
0.000000
0.000000
0.000000
0.000000
0.000000
0.000000
0.000000
0.000000
0.000000
0.000000
0.000000
0.000000
0.000000
0.000000
0.000000
0.000000
0.000000
0.000000
0.000000
0.000000
0.000000
0.000000
0.000000
0.000000
0.000000
0.000000
0.000000
0.000000
0.000000
0.000000
0.000000
0.000000
0.000000
0.000000
0.000000
0.000000
0.000000
0.000000
0.000000
0.000000
0.000000
0.000000
0.000000
0.000000
0.000000
0.000000
0.000000
0.000000
0.000000
0.000000
0.000000
0.000000
0.000000
0.000000
0.000000
0.000000
0.000000
0.000000
0.000000
0.000000
0.000000
0.000000
0.000000
0.000000
0.000000
0.000000
0.000000
0.000000
0.000000
0.000000
0.000000
0.000000
0.000000
0.000000
0.000000
0.000000
0.000000
0.000000
0.000000
0.000000
0.000000
0.000000
0.000000
0.000000
0.000000
0.000000
0.000000
0.000000
0.000000
0.000000
0.000000
0.000000
0.000000
0.000000
0.000000
0.000000
0.000000
0.000000
0.000000
0.000000
0.000000
0.000000
0.000000
0.000000
0.000000
0.000000
0.000000
0.000000
0.000000
0.000000
0.000000
0.000000
0.000000
0.000000
0.000000
0.000000
0.000000
0.000000
0.000000
0.000000
0.000000
0.000000
0.000000
0.000000
0.000000
0.000000
0.000000
0.000000
0.000000
0.000000
0.000000
0.000000
0.000000
0.000000
0.000000
0.000000
0.000000
0.000000
0.000000
0.000000
0.000000
0.000000
0.000000
0.000000
0.000000
0.000000
0.000000
0.000000
0.000000
0.000000
0.000000
0.000000
0.000000
0.000000
0.000000
0.000000
0.000000
0.000000
0.000000
0.000000
0.000000
0.000000
0.000000
0.000000
0.000000
0.000000
0.000000
0.000000
0.000000
0.000000
0.000000
0.000000
0.000000
0.000000
0.000000
0.000000
0.000000
0.000000
0.000000
0.000000
0.000000
0.000000
0.000000
0.000000
0.000000
0.000000
0.000000
0.000000
0.000000
0.000000
0.000000
0.000000
0.000000
0.000000
0.000000
0.000000
0.000000
0.000000
0.000000
0.000000
0.000000
0.000000
0.000000
0.000000
0.000000
0.000000
0.000000
0.000000
0.000000
0.000000
0.000000
0.000000
0.000000
0.000000
0.000000
0.000000
0.000000
0.000000
0.000000
0.000000
0.000000
0.000000
0.000000
0.000000
0.000000
0.000000
0.000000
0.000000
0.000000
0.000000
0.000000
0.000000
0.000000
0.000000
0.000000
0.000000
0.000000
0.000000
0.000000
0.000000
0.000000
0.000000
0.000000
0.000000
0.000000
0.000000
0.000000
0.000000
0.000000
0.000000
0.000000
0.000000
0.000000
0.000000
0.000000
0.000000
0.000000
0.000000
0.000000
0.000000
0.000000
0.000000
0.000000
0.000000
0.000000
0.000000
0.000000
0.000000
0.000000
0.000000
0.000000
0.000000
0.000000
0.000000
0.000000
0.000000
0.000000
0.000000
0.000000
0.000000
0.000000
0.000000
0.000000
0.000000
0.000000
0.000000
0.000000
0.000000
0.000000
0.000000
0.000000
0.000000
0.000000
0.000000
0.000000
0.000000
0.000000
0.000000
0.000000
0.000000
0.000000
0.000000
0.000000
0.000000
0.000000
0.000000
0.000000
0.000000
0.000000
0.000000
0.000000
0.000000
0.000000
0.000000
0.000000
0.000000
0.000000
0.000000
0.000000
0.000000
0.000000
0.000000
0.000000
0.000000
0.000000
0.000000
0.000000
0.000000
0.000000
0.000000
0.000000
0.000000
0.000000
0.000000
0.000000
0.000000
0.000000
0.000000
0.000000
0.000000
0.000000
0.000000
0.000000
0.000000
0.000000
0.000000
0.000000
0.000000
0.000000
0.000000
0.000000
0.000000
0.000000
0.000000
0.000000
0.000000
0.000000
0.000000
0.000000
0.000000
0.000000
0.000000
0.000000
0.000000
0.000000
0.000000
0.000000
0.000000
0.000000
0.000000
0.000000
0.000000
0.000000
0.000000
0.000000
0.000000
0.000000
0.000000
0.000000
0.000000
0.000000
0.000000
0.000000
0.000000
0.000000
0.000000
0.000000
0.000000
0.000000
0.000000
0.000000
0.000000
0.000000
0.000000
0.000000
0.000000
0.000000
0.000000
0.000000
0.000000
0.000000
0.000000
0.000000
0.000000
0.000000
0.000000
0.000000
0.000000
0.000000
0.000000
0.000000
0.000000
0.000000
0.000000
0.000000
0.000000
0.000000
0.000000
0.000000
0.000000
0.000000
0.000000
0.000000
0.000000
0.000000
0.000000
0.000000
0.000000
0.000000
0.000000
0.000000
0.000000
0.000000
0.000000
0.000000
0.000000
0.000000
0.000000
0.000000
0.000000
0.000000
0.000000
0.000000
0.000000
0.000000
0.000000
0.000000
0.000000
0.000000
0.000000
0.000000
0.000000
0.000000
0.000000
0.000000
0.000000
0.000000
0.000000
0.000000
0.000000
0.000000
0.000000
0.000000
0.000000
0.000000
0.000000
0.000000
0.000000
0.000000
0.000000
0.000000
0.000000
0.000000
0.000000
0.000000
0.000000
0.000000
0.000000
0.000000
0.000000
0.000000
0.000000
0.000000
0.000000
0.000000
0.000000
0.000000
0.000000
0.000000
0.000000
0.000000
0.000000
0.000000
0.000000
0.000000
0.000000
0.000000
0.000000
0.000000
0.000000
0.000000
0.000000
0.000000
0.000000
0.000000
0.000000
0.000000
0.000000
0.000000
0.000000
0.000000
0.000000
0.000000
0.000000
0.000000
0.000000
0.000000
0.000000
0.000000
0.000000
0.000000
0.000000
0.000000
0.000000
0.000000
0.000000
0.000000
0.000000
0.000000
0.000000
0.000000
0.000000
0.000000
0.000000
0.000000
0.000000
0.000000
0.000000
0.000000
0.000000
0.000000
0.000000
0.000000
0.000000
0.000000
0.000000
0.000000
0.000000
0.000000
0.000000
0.000000
0.000000
0.000000
0.000000
0.000000
0.000000
0.000000
0.000000
0.000000
0.000000
0.000000
0.000000
0.000000
0.000000
0.000000
0.000000
0.000000
0.000000
0.000000
0.000000
0.000000
0.000000
0.000000
0.000000
0.000000
0.000000
0.000000
0.000000
0.000000
0.000000
0.000000
0.000000
0.000000
0.000000
0.000000
0.000000
0.000000
0.000000
0.000000
0.000000
0.000000
0.000000
0.000000
0.000000
0.000000
0.000000
0.000000
0.000000
0.000000
0.000000
0.000000
0.000000
0.000000
0.000000
0.000000
0.000000
0.000000
0.000000
0.000000
0.000000
0.000000
0.000000
0.000000
0.000000
0.000000
0.000000
0.000000
0.000000
0.000000
0.000000
0.000000
0.000000
0.000000
0.000000
0.000000
0.000000
0.000000
0.000000
0.000000
0.000000
0.000000
0.000000
0.000000
0.000000
0.000000
0.000000
0.000000
0.000000
0.000000
0.000000
0.000000
0.000000
0.000000
0.000000
0.000000
0.000000
0.000000
0.000000
0.000000
0.000000
0.000000
0.000000
0.000000
0.000000
0.000000
0.000000
0.000000
0.000000
0.000000
0.000000
0.000000
0.000000
0.000000
0.000000
0.000000
0.000000
0.000000
0.000000
0.000000
0.000000
0.000000
0.000000
0.000000
0.000000
0.000000
0.000000
0.000000
0.000000
0.000000
0.000000
0.000000
0.000000
0.000000
0.000000
0.000000
0.000000
0.000000
0.000000
0.000000
0.000000
0.000000
0.000000
0.000000
0.000000
0.000000
0.000000
0.000000
0.000000
0.000000
0.000000
0.000000
0.000000
0.000000
0.000000
0.000000
0.000000
0.000000
0.000000
0.000000
0.000000
0.000000
0.000000
0.000000
0.000000
0.000000
0.000000
0.000000
0.000000
0.000000
0.000000
0.000000
0.000000
0.000000
0.000000
0.000000
0.000000
0.000000
0.000000
0.000000
0.000000
0.000000
0.000000
0.000000
0.000000
0.000000
0.000000
0.000000
0.000000
0.000000
0.000000
0.000000
0.000000
0.000000
0.000000
0.000000
0.000000
0.000000
0.000000
0.000000
0.000000
0.000000
0.000000
0.000000
0.000000
0.000000
0.000000
0.000000
0.000000
0.000000
0.000000
0.000000
0.000000
0.000000
0.000000
0.000000
0.000000
0.000000
0.000000
0.000000
0.000000
0.000000
0.000000
0.000000
0.000000
0.000000
0.000000
0.000000
0.000000
0.000000
0.000000
0.000000
0.000000
0.000000
0.000000
0.000000
0.000000
0.000000
0.000000
0.000000
0.000000
0.000000
0.000000
0.000000
0.000000
0.000000
0.000000
0.000000
0.000000
0.000000
0.000000
0.000000
0.000000
0.000000
0.000000
0.000000
0.000000
0.000000
0.000000
0.000000
0.000000
0.000000
0.000000
0.000000
0.000000
0.000000
0.000000
0.000000
0.000000
0.000000
0.000000
0.000000
0.000000
0.000000
0.000000
0.000000
0.000000
0.000000
0.000000
0.000000
0.000000
0.000000
0.000000
0.000000
0.000000
0.000000
0.000000
0.000000
0.000000
0.000000
0.000000
0.000000
0.000000
0.000000
0.000000
0.000000
0.000000
0.000000
0.000000
0.000000
0.000000
0.000000
0.000000
0.000000
0.000000
0.000000
0.000000
0.000000
0.000000
0.000000
0.000000
0.000000
0.000000
0.000000
0.000000
0.000000
0.000000
0.000000
0.000000
0.000000
0.000000
0.000000
0.000000
0.000000
0.000000
0.000000
0.000000
0.000000
0.000000
0.000000
0.000000
0.000000
0.000000
0.000000
0.000000
0.000000
0.000000
0.000000
0.000000
0.000000
0.000000
0.000000
0.000000
0.000000
0.000000
0.000000
0.000000
0.000000
0.000000
0.000000
0.000000
0.000000
0.000000
0.000000
0.000000
0.000000
0.000000
0.000000
0.000000
0.000000
0.000000
0.000000
0.000000
0.000000
0.000000
0.000000
0.000000
0.000000
0.000000
0.000000
0.000000
0.000000
0.000000
0.000000
0.000000
0.000000
0.000000
0.000000
0.000000
0.000000
0.000000
0.000000
0.000000
0.000000
0.000000
0.000000
0.000000
0.000000
0.000000
0.000000
0.000000
0.000000
0.000000
0.000000
0.000000
0.000000
0.000000
0.000000
0.000000
0.000000
0.000000
0.000000
0.000000
0.000000
0.000000
0.000000
0.000000
0.000000
0.000000
0.000000
0.000000
0.000000
0.000000
0.000000
0.000000
0.000000
0.000000
0.000000
0.000000
0.000000
0.000000
0.000000
0.000000
0.000000
0.000000
0.000000
0.000000
0.000000
0.000000
0.000000
0.000000
0.000000
0.000000
0.000000
0.000000
0.000000
0.000000
0.000000
0.000000
0.000000
0.000000
0.000000
0.000000
0.000000
0.000000
0.000000
0.000000
0.000000
0.000000
0.000000
0.000000
0.000000
0.000000
0.000000
0.000000
0.000000
0.000000
0.000000
0.000000
0.000000
0.000000
0.000000
0.000000
0.000000
0.000000
0.000000
0.000000
0.000000
0.000000
0.000000
0.000000
0.000000
0.000000
0.000000
0.000000
0.000000
0.000000
0.000000
0.000000
0.000000
0.000000
0.000000
0.000000
0.000000
0.000000
0.000000
0.000000
0.000000
0.000000
0.000000
0.000000
0.000000
0.000000
0.000000
0.000000
0.000000
0.000000
0.000000
0.000000
0.000000
0.000000
0.000000
0.000000
0.000000
0.000000
0.000000
0.000000
0.000000
0.000000
0.000000
0.000000
0.000000
0.000000
0.000000
0.000000
0.000000
0.000000
0.000000
0.000000
0.000000
0.000000
0.000000
0.000000
0.000000
0.000000
0.000000
0.000000
0.000000
0.000000
0.000000
0.000000
0.000000
0.000000
0.000000
0.000000
0.000000
0.000000
0.000000
0.000000
0.000000
0.000000
0.000000
0.000000
0.000000
0.000000
0.000000
0.000000
0.000000
0.000000
0.000000
0.000000
0.000000
0.000000
0.000000
0.000000
0.000000
0.000000
0.000000
0.000000
0.000000
0.000000
0.000000
0.000000
0.000000
0.000000
0.000000
0.000000
0.000000
0.000000
0.000000
0.000000
0.000000
0.000000
0.000000
0.000000
0.000000
0.000000
0.000000
0.000000
0.000000
0.000000
0.000000
0.000000
0.000000
0.000000
0.000000
0.000000
0.000000
0.000000
0.000000
0.000000
0.000000
0.000000
0.000000
0.000000
0.000000
0.000000
0.000000
0.000000
0.000000
0.000000
0.000000
0.000000
0.000000
0.000000
0.000000
0.000000
0.000000
0.000000
0.000000
0.000000
0.000000
0.000000
0.000000
0.000000
0.000000
0.000000
0.000000
0.000000
0.000000
0.000000
0.000000
0.000000
0.000000
0.000000
0.000000
0.000000
0.000000
0.000000
0.000000
0.000000
0.000000
0.000000
0.000000
0.000000
0.000000
0.000000
0.000000
0.000000
0.000000
0.000000
0.000000
0.000000
0.000000
0.000000
0.000000
0.000000
0.000000
0.000000
0.000000
0.000000
0.000000
0.000000
0.000000
0.000000
0.000000
0.000000
0.000000
0.000000
0.000000
0.000000
0.000000
0.000000
0.000000
0.000000
0.000000
0.000000
0.000000
0.000000
0.000000
0.000000
0.000000
0.000000
0.000000
0.000000
0.000000
0.000000
0.000000
0.000000
0.000000
0.000000
0.000000
0.000000
0.000000
0.000000
0.000000
0.000000
0.000000
0.000000
0.000000
0.000000
0.000000
0.000000
0.000000
0.000000
0.000000
0.000000
0.000000
0.000000
0.000000
0.000000
0.000000
0.000000
0.000000
0.000000
0.000000
0.000000
0.000000
0.000000
0.000000
0.000000
0.000000
0.000000
0.000000
0.000000
0.000000
0.000000
0.000000
0.000000
0.000000
0.000000
0.000000
0.000000
0.000000
0.000000
0.000000
0.000000
0.000000
0.000000
0.000000
0.000000
0.000000
0.000000
0.000000
0.000000
0.000000
0.000000
0.000000
0.000000
0.000000
0.000000
0.000000
0.000000
0.000000
0.000000
0.000000
0.000000
0.000000
0.000000
0.000000
0.000000
0.000000
0.000000
0.000000
0.000000
0.000000
0.000000
0.000000
0.000000
0.000000
0.000000
0.000000
0.000000
0.000000
0.000000
0.000000
0.000000
0.000000
0.000000
0.000000
0.000000
0.000000
0.000000
0.000000
0.000000
0.000000
0.000000
0.000000
0.000000
0.000000
0.000000
0.000000
0.000000
0.000000
0.000000
0.000000
0.000000
0.000000
0.000000
0.000000
0.000000
0.000000
0.000000
0.000000
0.000000
0.000000
0.000000
0.000000
0.000000
0.000000
0.000000
0.000000
0.000000
0.000000
0.000000
0.000000
0.000000
0.000000
0.000000
0.000000
0.000000
0.000000
0.000000
0.000000
0.000000
0.000000
0.000000
0.000000
0.000000
0.000000
0.000000
0.000000
0.000000
0.000000
0.000000
0.000000
0.000000
0.000000
0.000000
0.000000
0.000000
0.000000
0.000000
0.000000
0.000000
0.000000
0.000000
0.000000
0.000000
0.000000
0.000000
0.000000
0.000000
0.000000
0.000000
0.000000
0.000000
0.000000
0.000000
0.000000
0.000000
0.000000
0.000000
0.000000
0.000000
0.000000
0.000000
0.000000
0.000000
0.000000
0.000000
0.000000
0.000000
0.000000
0.000000
0.000000
0.000000
0.000000
0.000000
0.000000
0.000000
0.000000
0.000000
0.000000
0.000000
0.000000
0.000000
0.000000
0.000000
0.000000
0.000000
0.000000
0.000000
0.000000
0.000000
0.000000
0.000000
0.000000
0.000000
0.000000
0.000000
0.000000
0.000000
0.000000
0.000000
0.000000
0.000000
0.000000
0.000000
0.000000
0.000000
0.000000
0.000000
0.000000
0.000000
0.000000
0.000000
0.000000
0.000000
0.000000
0.000000
0.000000
0.000000
0.000000
0.000000
0.000000
0.000000
0.000000
0.000000
0.000000
0.000000
0.000000
0.000000
0.000000
0.000000
0.000000
0.000000
0.000000
0.000000
0.000000
0.000000
0.000000
0.000000
0.000000
0.000000
0.000000
0.000000
0.000000
0.000000
0.000000
0.000000
0.000000
0.000000
0.000000
0.000000
0.000000
0.000000
0.000000
0.000000
0.000000
0.000000
0.000000
0.000000
0.000000
0.000000
0.000000
0.000000
0.000000
0.000000
0.000000
0.000000
0.000000
0.000000
0.000000
0.000000
0.000000
0.000000
0.000000
0.000000
0.000000
0.000000
0.000000
0.000000
0.000000
0.000000
0.000000
0.000000
0.000000
0.000000
0.000000
0.000000
0.000000
0.000000
0.000000
0.000000
0.000000
0.000000
0.000000
0.000000
0.000000
0.000000
0.000000
0.000000
0.000000
0.000000
0.000000
0.000000
0.000000
0.000000
0.000000
0.000000
0.000000
0.000000
0.000000
0.000000
0.000000
0.000000
0.000000
0.000000
0.000000
0.000000
0.000000
0.000000
0.000000
0.000000
0.000000
0.000000
0.000000
0.000000
0.000000
0.000000
0.000000
0.000000
0.000000
0.000000
0.000000
0.000000
0.000000
0.000000
0.000000
0.000000
0.000000
0.000000
0.000000
0.000000
0.000000
0.000000
0.000000
0.000000
0.000000
0.000000
0.000000
0.000000
0.000000
0.000000
0.000000
0.000000
0.000000
0.000000
0.000000
0.000000
0.000000
0.000000
0.000000
0.000000
0.000000
0.000000
0.000000
0.000000
0.000000
0.000000
0.000000
0.000000
0.000000
0.000000
0.000000
0.000000
0.000000
0.000000
0.000000
0.000000
0.000000
0.000000
0.000000
0.000000
0.000000
0.000000
0.000000
0.000000
0.000000
0.000000
0.000000
0.000000
0.000000
0.000000
0.000000
0.000000
0.000000
0.000000
0.000000
0.000000
0.000000
0.000000
0.000000
0.000000
0.000000
0.000000
0.000000
0.000000
0.000000
0.000000
0.000000
0.000000
0.000000
0.000000
0.000000
0.000000
0.000000
0.000000
0.000000
0.000000
0.000000
0.000000
0.000000
0.000000
0.000000
0.000000
0.000000
0.000000
0.000000
0.000000
0.000000
0.000000
0.000000
0.000000
0.000000
0.000000
0.000000
0.000000
0.000000
0.000000
0.000000
0.000000
0.000000
0.000000
0.000000
0.000000
0.000000
0.000000
0.000000
0.000000
0.000000
0.000000
0.000000
0.000000
0.000000
0.000000
0.000000
0.000000
0.000000
0.000000
0.000000
0.000000
0.000000
0.000000
0.000000
0.000000
0.000000
0.000000
0.000000
0.000000
0.000000
0.000000
0.000000
0.000000
0.000000
0.000000
0.000000
0.000000
0.000000
0.000000
0.000000
0.000000
0.000000
0.000000
0.000000
0.000000
0.000000
0.000000
0.000000
0.000000
0.000000
0.000000
0.000000
0.000000
0.000000
0.000000
0.000000
0.000000
0.000000
0.000000
0.000000
0.000000
0.000000
0.000000
0.000000
0.000000
0.000000
0.000000
0.000000
0.000000
0.000000
0.000000
0.000000
0.000000
0.000000
0.000000
0.000000
0.000000
0.000000
0.000000
0.000000
0.000000
0.000000
0.000000
0.000000
0.000000
0.000000
0.000000
0.000000
0.000000
0.000000
0.000000
0.000000
0.000000
0.000000
0.000000
0.000000
0.000000
0.000000
0.000000
0.000000
0.000000
0.000000
0.000000
0.000000
0.000000
0.000000
0.000000
0.000000
0.000000
0.000000
0.000000
0.000000
0.000000
0.000000
0.000000
0.000000
0.000000
0.000000
0.000000
0.000000
0.000000
0.000000
0.000000
0.000000
0.000000
0.000000
0.000000
0.000000
0.000000
0.000000
0.000000
0.000000
0.000000
0.000000
0.000000
0.000000
0.000000
0.000000
0.000000
0.000000
0.000000
0.000000
0.000000
0.000000
0.000000
0.000000
0.000000
0.000000
0.000000
0.000000
0.000000
0.000000
0.000000
0.000000
0.000000
0.000000
0.000000
0.000000
0.000000
0.000000
0.000000
0.000000
0.000000
0.000000
0.000000
0.000000
0.000000
0.000000
0.000000
0.000000
0.000000
0.000000
0.000000
0.000000
0.000000
0.000000
0.000000
0.000000
0.000000
0.000000
0.000000
0.000000
0.000000
0.000000
0.000000
0.000000
0.000000
0.000000
0.000000
0.000000
0.000000
0.000000
0.000000
0.000000
0.000000
0.000000
0.000000
0.000000
0.000000
0.000000
0.000000
0.000000
0.000000
0.000000
0.000000
0.000000
0.000000
0.000000
0.000000
0.000000
0.000000
0.000000
0.000000
0.000000
0.000000
0.000000
0.000000
0.000000
0.000000
0.000000
0.000000
0.000000
0.000000
0.000000
0.000000
0.000000
0.000000
0.000000
0.000000
0.000000
0.000000
0.000000
0.000000
0.000000
0.000000
0.000000
0.000000
0.000000
0.000000
0.000000
0.000000
0.000000
0.000000
0.000000
0.000000
0.000000
0.000000
0.000000
0.000000
0.000000
0.000000
0.000000
0.000000
0.000000
0.000000
0.000000
0.000000
0.000000
0.000000
0.000000
0.000000
0.000000
0.000000
0.000000
0.000000
0.000000
0.000000
0.000000
0.000000
0.000000
0.000000
0.000000
0.000000
0.000000
0.000000
0.000000
0.000000
0.000000
0.000000
0.000000
0.000000
0.000000
0.000000
0.000000
0.000000
0.000000
0.000000
0.000000
0.000000
0.000000
0.000000
0.000000
0.000000
0.000000
0.000000
0.000000
0.000000
0.000000
0.000000
0.000000
0.000000
0.000000
0.000000
0.000000
0.000000
0.000000
0.000000
0.000000
0.000000
0.000000
0.000000
0.000000
0.000000
0.000000
0.000000
0.000000
0.000000
0.000000
0.000000
0.000000
0.000000
0.000000
0.000000
0.000000
0.000000
0.000000
0.000000
0.000000
0.000000
0.000000
0.000000
0.000000
0.000000
0.000000
0.000000
0.000000
0.000000
0.000000
0.000000
0.000000
0.000000
0.000000
0.000000
0.000000
0.000000
0.000000
0.000000
0.000000
0.000000
0.000000
0.000000
0.000000
0.000000
0.000000
0.000000
0.000000
0.000000
0.000000
0.000000
0.000000
0.000000
0.000000
0.000000
0.000000
0.000000
0.000000
0.000000
0.000000
0.000000
0.000000
0.000000
0.000000
0.000000
0.000000
0.000000
0.000000
0.000000
0.000000
0.000000
0.000000
0.000000
0.000000
0.000000
0.000000
0.000000
0.000000
0.000000
0.000000
0.000000
0.000000
0.000000
0.000000
0.000000
0.000000
0.000000
0.000000
0.000000
0.000000
0.000000
0.000000
0.000000
0.000000
0.000000
0.000000
0.000000
0.000000
0.000000
0.000000
0.000000
0.000000
0.000000
0.000000
0.000000
0.000000
0.000000
0.000000
0.000000
0.000000
0.000000
0.000000
0.000000
0.000000
0.000000
0.000000
0.000000
0.000000
0.000000
0.000000
0.000000
0.000000
0.000000
0.000000
0.000000
0.000000
0.000000
0.000000
0.000000
0.000000
0.000000
0.000000
0.000000
0.000000
0.000000
0.000000
0.000000
0.000000
0.000000
0.000000
0.000000
0.000000
0.000000
0.000000
0.000000
0.000000
0.000000
0.000000
0.000000
0.000000
0.000000
0.000000
0.000000
0.000000
0.000000
0.000000
0.000000
0.000000
0.000000
0.000000
0.000000
0.000000
0.000000
0.000000
0.000000
0.000000
0.000000
0.000000
0.000000
0.000000
0.000000
0.000000
0.000000
0.000000
0.000000
0.000000
0.000000
0.000000
0.000000
0.000000
0.000000
0.000000
0.000000
0.000000
0.000000
0.000000
0.000000
0.000000
0.000000
0.000000
0.000000
0.000000
0.000000
0.000000
0.000000
0.000000
0.000000
0.000000
0.000000
0.000000
0.000000
0.000000
0.000000
0.000000
0.000000
0.000000
0.000000
0.000000
0.000000
0.000000
0.000000
0.000000
0.000000
0.000000
0.000000
0.000000
0.000000
0.000000
0.000000
0.000000
0.000000
0.000000
0.000000
0.000000
0.000000
0.000000
0.000000
0.000000
0.000000
0.000000
0.000000
