10.839178
10.749597
10.754197
10.813820
10.777884
10.860001
10.892085
10.834336
10.806850
10.850565
10.800757
10.833556
10.852317
10.828450
10.771338
10.792198
10.755438
10.736820
10.801933
10.792988
10.740643
10.747783
10.783283
10.733382
10.783469
10.796665
10.766398
10.734145
10.758134
10.710871
10.726527
10.785985
10.768136
10.712168
10.724207
10.743355
10.716590
10.781912
10.776300
10.720190
10.706054
10.760277
10.715245
10.753918
10.785525
10.760949
10.705382
10.739955
10.722223
10.728266
10.831018
10.825979
10.744782
10.875313
10.847950
10.841885
10.882716
10.854215
10.750763
10.758223
10.763516
10.706475
10.727978
10.743351
10.698809
10.645620
10.671874
10.657226
10.660215
10.756468
10.730437
10.652885
10.608821
10.594081
10.778008
10.650352
10.901156
10.592415
10.738486
10.802425
10.687478
10.498810
10.638131
10.464805
10.770564
10.654065
10.774870
10.108965
10.450747
10.644178
10.600282
10.537811
10.710130
10.929273
10.961024
10.985020
10.925727
10.854880
10.850947
10.865744
10.856472
10.836267
10.915719
10.752046
10.721302
10.692289
10.708854
10.720058
10.684093
10.669183
10.715042
10.647265
10.643686
10.733839
10.740370
10.740168
10.760020
10.745188
10.710917
10.774635
10.860025
10.809907
10.754472
10.750252
10.729904
10.732437
10.830348
10.820092
10.772042
10.748700
10.711349
10.686317
10.771866
10.832265
10.776867
10.769526
10.763442
10.732510
10.746599
10.833661
10.846010
10.857347
10.827849
10.854523
10.874013
10.866520
10.828801
10.791862
10.769572
10.810865
10.808513
10.726443
10.664967
10.706538
10.829171
10.857833
10.767337
10.766467
10.786244
10.761659
10.686360
10.649640
10.680463
10.730851
10.764151
10.732242
10.688144
10.765777
10.795789
10.767530
10.707003
10.705009
10.705003
10.730652
10.781519
10.774240
10.756097
10.718216
10.716733
10.729959
10.765253
10.776552
10.779483
10.723566
10.682699
10.695460
10.726826
10.762028
10.783299
10.745603
10.695475
10.697746
10.719018
10.762808
10.800065
10.793906
10.725605
10.723459
10.748298
10.765662
10.777264
10.775537
10.736667
10.681351
10.717050
10.781655
10.810682
10.843460
10.762426
10.690811
10.759781
10.819433
10.736778
10.745872
10.753347
10.791272
10.802391
10.762564
10.762777
10.720118
10.663251
10.740020
10.803710
10.776608
10.765317
10.719978
10.742558
10.823977
10.828980
10.826574
10.822496
10.745989
10.808117
10.769922
10.746028
10.670104
10.673144
10.677217
10.775664
10.849470
10.842906
10.759367
10.787937
10.835615
10.809645
10.719615
10.751415
10.823271
10.822524
10.758683
10.705733
10.690963
10.818065
10.820374
10.799018
10.757893
10.694234
10.720492
10.734984
10.725578
10.640031
10.580414
10.630480
10.611000
10.663208
10.675041
10.666897
10.642228
10.703370
10.735863
10.816700
10.778565
10.900719
10.056595
10.704733
10.611074
10.583920
10.785903
10.704692
10.744591
10.755421
10.738913
10.724200
10.736968
10.690909
10.747426
10.764082
10.748071
10.782370
10.820415
10.764993
10.784353
10.887866
10.910815
10.873240
10.755513
10.731993
10.805054
10.794513
10.779644
10.729499
10.760369
10.772891
10.785191
10.751698
10.649691
10.716849
10.732705
10.749199
10.722779
10.689724
10.842014
10.741309
10.621571
10.582575
10.646984
10.632081
10.812130
10.784155
10.763803
10.701116
10.674418
10.830708
10.805477
10.716245
10.725943
10.738118
10.712844
10.758106
10.777660
10.752134
10.644306
10.641143
10.666668
10.677416
10.693324
10.765798
10.816966
10.788162
10.833350
10.890109
10.866389
10.805157
10.765299
10.752412
10.862221
10.868879
10.864072
10.799118
10.726941
10.730608
10.712120
10.725985
10.680456
10.714122
10.791980
10.802327
10.818022
10.710348
10.684273
10.684519
10.675957
10.692409
10.681964
10.654943
10.798079
10.784640
10.756130
10.718019
10.697212
10.848095
10.899389
10.862247
10.821256
10.682850
10.657266
10.758050
10.773220
10.716011
10.650943
10.661094
10.739708
10.773381
10.841345
10.788947
10.754543
10.772155
10.790923
10.803667
10.774991
10.742553
10.801189
10.806684
10.727477
10.706527
10.706601
10.688490
10.789294
10.806093
10.796643
10.756062
10.729626
10.874551
10.809144
10.851881
10.760504
10.706719
10.774684
10.754545
10.711564
10.716326
10.699398
10.747044
10.755767
10.757993
10.817010
10.799559
10.776133
10.747994
10.741597
10.742603
10.737414
10.812734
10.801428
10.807687
10.727520
10.654585
10.663633
10.695982
10.747604
10.777665
10.749082
10.786136
10.744040
10.744690
10.715372
10.657042
10.673561
10.702466
10.671415
10.742292
10.733893
10.745002
10.728259
10.731674
10.788712
10.805178
10.777271
10.797524
10.773926
10.739923
10.704445
10.658232
10.691466
10.762389
10.786554
10.717180
10.752453
10.829058
10.844535
10.817548
10.748596
10.700176
10.742506
10.730090
10.682263
10.719457
10.721999
10.704838
10.687479
10.705927
10.711575
10.701493
10.694333
10.738242
10.826337
10.781171
10.828007
10.879642
10.820282
10.796816
10.750293
10.706817
10.689293
10.683856
10.669071
10.680643
10.747521
10.722583
10.727545
10.806356
10.805817
10.790154
10.754400
10.715805
10.799568
10.847899
10.918670
10.914861
10.002881
10.907257
10.887273
10.612318
10.548994
10.591640
10.585555
10.680386
10.680017
10.756563
10.779243
10.691916
10.693361
10.756991
10.852110
10.755633
10.744408
10.774981
10.738098
10.759670
10.720857
10.587634
10.436669
10.464146
10.534584
10.624652
10.669365
10.663014
10.756615
10.830751
10.766216
10.826080
10.808154
10.766275
10.739000
10.762965
10.722692
10.693405
10.728744
10.753316
10.754197
10.783802
10.761944
10.723991
10.762174
10.794260
10.778343
10.771261
10.801970
10.766065
10.797625
10.817840
10.763136
10.729213
10.744822
10.756318
10.820850
10.805343
10.748344
10.732182
10.696114
10.711484
10.819709
10.800321
10.727074
10.733688
10.700035
10.719651
10.820880
10.821175
10.728749
10.706230
10.686164
10.643785
10.688581
10.730437
10.706483
10.694393
10.609744
10.586196
10.666169
10.654499
10.808053
10.881798
10.654036
10.641957
10.639503
10.649513
10.664820
10.758331
10.772988
10.803266
10.863091
10.862766
10.811108
10.827235
10.799609
10.847193
10.904737
10.840664
10.786650
10.758729
10.718891
10.765274
10.846667
10.798223
10.770614
10.765866
10.692618
10.747617
10.827331
10.817412
10.788302
10.760209
10.685737
10.719444
10.778530
10.765597
10.776546
10.748138
10.681807
10.726009
10.746909
10.718678
10.760637
10.763433
10.718200
10.770850
10.792736
10.747777
10.748328
10.767278
10.737500
10.759591
10.804209
10.783687
10.738830
10.765904
10.758559
10.809708
10.815802
10.758465
10.725422
10.701265
10.715443
10.772760
10.787078
10.716793
10.715876
10.700440
10.686007
10.763674
10.818321
10.788337
10.775784
10.707490
10.701802
10.738310
10.752180
10.746270
10.772619
10.712896
10.713882
10.780719
10.787199
10.826475
10.837040
10.773806
10.843143
10.813862
10.911842
10.693789
10.579535
10.635249
10.710900
10.627518
10.715494
10.611901
10.540063
10.565583
10.694812
10.775526
10.784340
10.787093
10.753942
10.734768
10.801285
10.845113
10.815232
10.822116
10.754094
10.719891
10.744370
10.759573
10.762859
10.800142
10.787302
10.749177
10.775561
10.762125
10.753371
10.805058
10.792900
10.776437
10.824168
10.816200
10.746948
10.758297
10.753486
10.728370
10.818116
10.798466
10.744358
10.711806
10.714204
10.751868
10.813895
10.769935
10.725473
10.714907
10.671883
10.715690
10.767851
10.753296
10.699663
10.704744
10.661700
10.683241
10.751049
10.793237
10.783080
10.771562
10.739138
10.721324
10.759817
10.780135
10.769283
10.756565
10.704671
10.696305
10.726151
10.741786
10.755580
10.775963
10.721030
10.769159
10.796776
10.738687
10.718397
10.754264
10.730219
10.791281
10.847796
10.820801
10.755620
10.732197
10.748829
10.820066
10.831149
10.753210
10.732261
10.706653
10.690110
10.778461
10.805577
10.735449
10.715275
10.690597
10.660412
10.751633
10.794627
10.791635
10.793218
10.735474
10.711288
10.746155
10.758841
10.741143
10.760531
10.745393
10.734892
10.782282
10.741818
10.726923
10.758519
10.780869
10.907423
10.862046
10.792470
10.732886
10.797485
10.699038
10.768682
10.699721
10.630005
10.716776
10.631033
10.668065
10.764036
10.813039
10.817704
10.730174
10.690660
10.749149
10.867743
10.777990
10.870684
10.706715
10.517234
10.583995
10.583794
10.670519
10.659920
10.643142
10.710143
10.736977
10.794597
10.813320
10.773312
10.814571
10.805552
10.771317
10.761116
10.803288
10.731397
10.778917
10.811222
10.766366
10.778288
10.822643
10.806218
10.759025
10.778797
10.789603
10.783994
10.772542
10.737733
10.766809
10.713526
10.720371
10.767900
10.781701
10.753163
10.790499
10.770397
10.729273
10.793057
10.857482
10.835590
10.777189
10.717146
10.763267
10.790615
10.771078
10.801030
10.765566
10.702846
10.721069
10.782183
10.710895
10.694269
10.731574
10.714646
10.720815
10.776297
10.796912
10.749248
10.686227
10.735975
10.767490
10.792420
10.745690
10.738920
10.692925
10.708656
10.780502
10.785893
10.764148
10.716480
10.710149
10.722150
10.700734
10.794769
10.797678
10.773024
10.715076
10.720703
10.748392
10.690502
10.748690
10.755529
10.709515
10.725805
10.784656
10.805057
10.729034
10.670414
10.623705
10.627025
10.654113
10.692495
10.834092
10.878550
10.851110
10.750618
10.662993
10.638800
10.670414
10.647771
10.676313
10.712930
10.803317
10.819173
10.811851
10.750566
10.792828
10.785059
10.786433
10.839719
10.805223
10.743311
10.762182
10.830612
10.795363
10.755421
10.754624
10.741245
10.765952
10.784571
10.780314
10.741281
10.673796
10.744587
10.819871
10.824860
10.789636
10.775663
10.729547
10.706283
10.790558
10.833929
10.793350
10.737705
10.706981
10.777360
10.739360
10.733086
10.752494
10.724363
10.685571
10.751285
10.798663
10.726407
10.736341
10.732151
10.741491
10.746909
10.740817
10.751357
10.719096
10.683974
10.745293
10.787210
10.775464
10.752913
10.756755
10.700552
10.698886
10.801102
10.820206
10.790340
10.751959
10.752204
10.767036
10.784781
10.832755
10.806005
10.735936
10.692003
10.746579
10.748033
10.708659
10.741568
10.735371
10.714578
10.758431
10.757272
10.734886
10.666300
10.697659
10.764573
10.816878
10.801003
10.782596
10.776040
10.686047
10.733082
10.806513
10.773365
10.704893
10.687556
10.710704
10.696543
10.771085
10.811481
10.780443
10.717817
10.708181
10.784191
10.853516
10.959529
10.887804
10.818706
10.807981
10.827179
10.726431
10.729277
10.758762
10.720224
10.628081
10.646719
10.741381
10.782292
10.794568
10.872554
10.851553
10.727760
10.715607
10.769260
10.776423
10.730793
10.687704
10.503857
10.527908
10.525658
10.532292
10.591901
10.621147
10.671754
10.713466
10.718836
10.775016
10.838831
10.790142
10.726461
10.733498
10.699141
10.732235
10.822382
10.800422
10.742346
10.750793
10.718588
10.733372
10.819120
10.845219
10.857967
10.846899
10.773051
10.798551
10.803297
10.775613
10.798964
10.800797
10.784657
10.830600
10.787062
10.729872
10.678128
10.704527
10.769211
10.787003
10.761305
10.737270
10.711547
10.690609
10.730187
10.769330
10.809548
10.786880
10.703642
10.730477
10.777594
10.764119
10.742257
10.736895
10.774981
10.797174
10.794996
10.737192
10.677961
10.688196
10.795763
10.782535
10.776446
10.761414
10.716683
10.728539
10.693352
10.761906
10.761337
10.745940
10.711154
10.759890
10.770438
10.765756
10.716854
10.680115
10.703063
10.776395
10.781758
10.732820
10.697577
10.674219
10.737791
10.789458
10.888760
10.893869
10.820463
10.761331
10.724117
10.726233
10.723788
10.704488
10.681534
10.749199
10.794764
10.759177
10.710764
10.687415
10.715651
10.827721
10.825246
10.769705
10.743947
10.730509
10.783360
10.769013
10.742437
10.748861
10.701536
10.698522
10.758732
10.794853
10.754756
10.730041
10.697702
10.781311
10.797634
10.753867
10.712470
10.702432
10.769821
10.869462
10.838093
10.812514
10.816970
10.004592
10.928380
10.906881
10.781498
10.462829
10.436653
10.631656
10.797546
10.651855
10.656065
10.584431
10.603262
10.560182
10.656064
10.662893
10.682364
10.718234
10.117594
10.949354
10.018004
10.771686
10.616507
10.549796
10.763979
10.630331
10.760674
10.698678
10.713789
10.646560
10.749681
10.691172
10.831762
10.762184
10.635800
10.581675
10.776596
10.886278
10.887426
10.844458
10.842183
10.886763
10.922220
10.893312
10.932176
10.939524
10.934396
10.757259
10.694392
10.663217
10.663364
10.590811
10.602937
10.644158
10.620583
10.629356
10.652789
10.747675
10.780410
10.785540
10.759151
10.788962
10.811999
10.774096
10.751061
10.795143
10.775328
10.739874
10.738361
10.727431
10.700964
10.732127
10.775949
10.751878
10.713283
10.689178
10.715178
10.702374
10.741072
10.773186
10.739982
10.688551
10.709188
10.704260
10.714462
10.780175
10.862937
10.817808
10.826584
10.844992
10.911331
10.934255
10.773189
10.749931
10.730697
10.721382
10.759556
10.754630
10.772607
10.707806
10.684414
10.666977
10.663339
10.638639
10.709701
10.726299
10.681980
10.637514
10.692071
10.715171
10.744473
10.769232
10.748514
10.685298
10.719145
10.782044
10.855851
10.890196
10.862805
10.782831
10.852245
10.769302
10.933214
10.765633
10.723853
10.665135
10.602304
10.614804
10.701046
10.765661
10.826885
10.716385
10.725352
10.780515
10.662683
10.656056
10.622754
10.714378
10.531683
10.636079
10.658381
10.809879
10.847139
10.759779
10.745116
10.828944
10.956256
10.961549
10.858039
10.861924
10.912762
10.957687
10.936002
10.958198
10.902162
10.741384
10.706926
10.576543
10.575274
10.604556
10.601490
10.646415
10.625499
10.654327
10.734307
10.743985
10.718915
10.739291
10.732579
10.682783
10.719285
10.783448
10.738622
10.712440
10.705560
10.684846
10.680551
10.761006
10.770248
10.737690
10.728146
10.706329
10.675447
10.746750
10.787077
10.752222
10.718934
10.693313
10.655510
10.680846
10.786781
10.758521
10.757399
10.824036
10.809816
10.894121
10.912169
10.824790
10.796516
10.893243
10.868139
10.817911
10.036241
10.863256
10.791576
10.705920
10.737237
10.789228
10.848882
10.781303
10.763741
10.802060
10.849870
10.840198
10.900657
10.845352
10.749343
10.646546
10.639037
10.697749
10.632242
10.662173
10.584833
10.689523
10.671006
10.573952
10.500868
10.593374
10.632258
10.840284
10.832915
10.888280
10.726995
10.717154
10.769602
10.799623
10.778555
10.692290
10.801588
10.773844
10.733441
10.820670
10.862364
10.909535
10.831734
10.769670
10.826424
10.948711
10.934965
10.690667
10.634945
10.485736
10.626339
10.704623
10.743774
10.767360
10.821231
10.850123
10.897092
10.840010
10.657323
10.779510
10.830490
10.770666
10.791451
10.832045
10.871062
10.784028
10.782766
10.814600
10.867986
10.788168
10.756025
10.694856
10.600830
10.508957
10.557053
10.591888
10.584929
10.559357
10.673780
10.673502
10.684032
10.725210
10.761163
10.775958
10.789876
10.800277
10.782100
10.839874
10.936803
10.923441
10.848406
10.797615
10.860818
10.884188
10.912776
10.745281
10.649886
10.576348
10.576060
10.537773
10.580837
10.612473
10.673371
10.729747
10.788934
10.762584
10.047946
10.707892
10.603355
10.520424
10.540277
10.605439
10.734537
10.721140
10.751940
10.772001
10.873470
10.816671
10.756639
10.819591
10.783268
10.719553
10.809137
10.854534
10.833452
10.694013
10.720301
10.704531
10.785398
10.541003
10.598425
10.530445
10.516714
10.582330
10.660704
10.830244
10.811114
10.757840
10.746065
10.702905
10.711544
10.807707
10.804887
10.023198
10.918990
10.892757
10.810930
10.800033
10.657700
10.586081
10.586910
10.752372
10.895758
10.960653
10.851171
10.825721
10.902704
10.980425
10.934457
10.910836
10.883089
10.894850
10.774245
10.651432
10.622805
10.546962
10.478237
10.576475
10.621844
10.626638
10.585278
10.658307
10.767787
10.735067
10.679365
10.671485
10.755507
10.697826
10.777007
10.856501
10.826561
10.746666
10.797155
10.841744
10.762550
10.770033
10.836040
10.773818
10.665991
10.602105
10.632530
10.769884
10.843365
10.890599
10.952856
10.839111
10.744085
10.790751
10.778389
10.736222
10.779290
10.829760
10.895850
10.649905
10.632134
10.516553
10.631234
10.589341
10.653641
10.752110
10.711277
10.726857
10.706141
10.776143
10.843041
10.887710
10.918100
10.796372
10.866152
10.809070
10.934628
10.675211
10.637753
10.662556
10.683082
10.552147
10.669387
10.673210
10.749209
10.648196
10.639091
10.688909
10.745530
10.748353
10.749890
10.740066
10.825501
10.777997
10.750953
10.754422
10.744166
10.688647
10.741587
10.752455
10.731217
10.749271
10.799591
10.731568
10.748118
10.785865
10.751101
10.748415
10.819201
10.778032
10.769686
10.804458
10.770025
10.712925
10.760614
10.746551
10.731308
10.779354
10.790386
10.706452
10.783689
10.872581
10.796878
10.849589
10.836852
10.806038
10.764049
10.767585
10.757700
10.715094
10.744456
10.729540
10.667862
10.710616
10.738314
10.703802
10.762720
10.778343
10.725707
10.732599
10.778397
10.709044
10.729154
10.774689
10.743383
10.700665
10.755774
10.722287
10.689548
10.817112
10.854524
10.864620
10.877216
10.875218
10.886089
10.877710
10.871565
10.777508
10.765573
10.815380
10.703608
10.700428
10.731463
10.727009
10.680203
10.710137
10.719078
10.683384
10.775082
10.833130
10.805304
10.883159
10.836953
10.822457
10.795124
10.750347
10.663611
10.666735
10.705200
10.683999
10.661696
10.702055
10.690582
10.641676
10.666181
10.691348
10.622356
10.718597
10.774977
10.764155
10.766508
10.831455
10.857064
10.850565
10.871182
10.782948
10.730373
10.753058
10.724231
10.659542
10.710207
10.711199
10.669030
10.648182
10.704986
10.666031
10.690084
10.711074
10.651551
10.610612
10.659650
10.652634
10.659496
10.715285
10.721126
10.684576
10.713447
10.795064
10.761683
10.816295
10.847813
10.805476
10.758410
10.818947
10.835567
10.917278
10.943256
10.905466
10.848425
10.876689
10.686378
10.887310
10.770085
10.724106
10.720655
10.771661
10.748486
10.732758
10.797413
10.802851
10.629532
10.722014
10.776218
10.745013
10.613330
10.629786
10.728420
10.630355
10.624864
10.599463
10.641217
10.522244
10.551213
10.739654
10.642618
10.629970
10.857916
10.669844
10.708810
10.670317
10.639910
10.710854
10.806661
10.855165
10.933440
10.963181
10.881621
10.892793
10.876290
10.920364
10.835973
10.844859
10.891433
10.965881
10.797771
10.658604
10.539462
10.554676
10.652167
10.768461
10.816292
10.777693
10.704412
10.693677
10.650261
10.679614
10.650892
10.785397
10.900075
10.842846
10.785537
10.710949
10.732229
10.766859
10.880907
10.834788
10.733339
10.709307
10.843731
10.697549
10.678804
10.632098
10.602601
10.561758
10.678614
10.762139
10.764636
10.707261
10.761984
10.729483
10.631951
10.641191
10.702911
10.778046
10.653697
10.666550
10.615554
10.783607
10.782925
10.803196
10.851192
10.850965
10.866582
10.848787
10.787487
10.833866
10.799922
10.696216
10.720653
10.743328
10.731257
10.732410
10.766335
10.757456
10.727825
10.775823
10.743224
10.808322
10.818747
10.793060
10.714067
10.738333
10.729612
10.769577
10.808308
10.792548
10.731079
10.721620
10.724612
10.731440
10.799056
10.823722
10.828053
10.825485
10.832685
10.759169
10.855375
10.860368
10.807442
10.783630
10.789465
10.782251
10.777715
10.791473
10.732456
10.713599
10.676662
10.682603
10.697361
10.736296
10.752428
10.720239
10.671488
10.696302
10.706685
10.742091
10.766174
10.755269
10.700162
10.691027
10.729522
10.753139
10.841382
10.953708
10.897640
10.824232
10.858593
10.941679
10.925624
10.955970
10.938427
10.846592
10.710528
10.581442
10.584845
10.638678
10.602998
10.634148
10.673553
10.681043
10.652028
10.698175
10.797261
10.821235
10.729684
10.746808
10.774553
10.718743
10.659054
10.701324
10.664427
10.621511
10.653643
10.753900
10.833557
10.766453
10.736107
10.749468
10.754550
10.857660
10.885406
10.779461
10.731252
10.746395
10.746223
10.750399
10.818718
10.812836
10.799685
10.789325
10.717192
10.704569
10.745129
10.804449
10.797600
10.749992
10.759164
10.832671
10.872721
10.903741
10.813169
10.944246
10.907048
10.730637
10.693074
10.716115
10.771059
10.728980
10.669457
10.639473
10.669274
10.642797
10.690055
10.711595
10.706616
10.665642
10.707554
10.764406
10.826244
10.823697
10.836571
10.857541
10.873506
10.959211
10.907003
10.823473
10.618433
10.651073
10.569163
10.617979
10.706515
10.733539
10.806089
10.699800
10.650140
10.672696
10.817615
10.623270
10.584304
10.532902
10.534559
10.537449
10.604489
10.644364
10.800939
10.736813
10.822315
10.601342
10.597375
10.661457
10.658535
10.737983
10.774881
10.782252
10.751664
10.763451
10.765178
10.785234
10.807879
10.773327
10.721952
10.759508
10.996583
10.964034
10.769491
10.812572
10.791451
10.901874
10.798069
10.812999
10.815063
10.769945
10.854334
10.832529
10.791211
10.762727
10.769486
10.725879
10.687795
10.649402
10.651608
10.666120
10.727159
10.764341
10.723747
10.685840
10.672749
10.682004
10.741387
10.792633
10.771660
10.746209
10.695964
10.718289
10.808594
10.861008
10.898466
10.846191
10.728965
10.733582
10.783017
10.845282
10.846388
10.884376
10.902163
10.861620
10.773545
10.645705
10.626275
10.703120
10.761619
10.755587
10.743120
10.816176
10.830253
10.821473
10.728711
10.682340
10.645577
10.626404
10.604661
10.673028
10.790387
10.833439
10.803116
10.826347
10.819490
10.793928
10.734073
10.593247
10.600033
10.588497
10.622640
10.630071
10.665795
10.761260
10.767199
10.725589
10.680842
10.765085
10.802851
10.792249
10.746544
10.790971
10.748012
10.743914
10.797663
10.793020
10.743110
10.746222
10.723493
10.692117
10.745638
10.804494
10.754295
10.719794
10.712499
10.697239
10.722416
10.787617
10.752806
10.691752
10.676940
10.655692
10.712565
10.811804
10.825206
10.793915
10.984229
10.893775
10.792014
10.769507
10.777825
10.723615
10.666618
10.638147
10.618599
10.617076
10.725319
10.754693
10.731320
10.751970
10.735785
10.731090
10.728299
10.820864
10.852118
10.809084
10.716946
10.770616
10.751651
10.761323
10.800789
10.755229
10.697109
10.693460
10.684045
10.711289
10.641653
10.624001
10.654847
10.652559
10.652542
10.724377
10.773411
10.729592
10.791190
10.874769
10.855804
10.839909
10.834825
10.822302
10.797276
10.847279
10.848976
10.796384
10.756707
10.732033
10.765890
10.746426
10.811123
10.824082
10.775641
10.730682
10.767256
10.749471
10.730159
10.750768
10.717073
10.718444
10.723562
10.730742
10.770805
10.758636
10.727308
10.755446
10.796232
10.736930
10.746947
10.775249
10.736650
10.734074
10.801497
10.804807
10.760309
10.742285
10.739629
10.765342
10.731348
10.795996
10.799828
10.745124
10.703120
10.775565
10.789116
10.740752
10.757339
10.747410
10.742681
10.758914
10.744473
10.792249
10.758284
10.726893
10.758150
10.808067
10.765869
10.761500
10.778206
10.717668
10.742515
10.761280
10.761232
10.779094
10.771812
10.794071
10.812840
10.794850
10.834421
10.793830
10.769756
10.781085
10.781460
10.787941
10.759935
10.695724
10.715982
10.797521
10.749678
10.692472
10.730558
10.760363
10.818358
10.855713
10.818992
10.689749
10.723925
10.766611
10.815152
10.634274
10.631185
10.627795
10.574335
10.507574
10.567576
10.640741
10.961710
10.800696
10.866117
10.659495
10.562428
10.585130
10.737867
10.833047
10.917054
10.956758
10.985129
10.866519
10.813130
10.782570
10.696838
10.738835
10.653302
10.684752
10.661375
10.760709
10.788884
10.861277
10.760731
10.735616
10.781177
10.769617
10.818518
10.683380
10.684898
10.683798
10.673548
10.635445
10.689328
10.711818
10.649262
10.599710
10.653663
10.743465
10.596889
10.615128
10.588822
10.695949
10.587365
10.804374
10.730406
10.667969
10.677779
10.703530
10.778717
10.853014
10.853032
10.807980
10.748670
10.755336
10.810778
10.857468
10.806557
10.762955
10.760048
10.723084
10.765813
10.824646
10.774582
10.744639
10.744347
10.695709
10.700846
10.777646
10.792420
10.746071
10.743160
10.717481
10.691697
10.769562
10.824844
10.772181
10.768805
10.762098
10.693617
10.726226
10.794366
10.790032
10.773425
10.783140
10.729964
10.717216
10.800422
10.828400
10.781726
10.786576
10.756094
10.682937
10.746319
10.798964
10.778155
10.768385
10.762492
10.704557
10.710763
10.789243
10.786718
10.736420
10.759012
10.717652
10.667274
10.735038
10.776659
10.727383
10.724058
10.705657
10.627504
10.672714
10.748528
10.752526
10.744021
10.744088
10.701054
10.706526
10.792297
10.836485
10.779295
10.783288
10.757428
10.714991
10.767904
10.834567
10.791084
10.795520
10.781181
10.709091
10.741486
10.804141
10.799677
10.766480
10.764137
10.711105
10.688921
10.762750
10.798922
10.754287
10.751131
10.739622
10.679951
10.718390
10.779180
10.751871
10.726612
10.742311
10.684776
10.707229
10.774834
10.805874
10.765838
10.769435
10.744195
10.710848
10.758618
10.816016
10.789842
10.778118
10.787733
10.706485
10.739118
10.801252
10.804836
10.768541
10.776865
10.707917
10.671916
10.732784
10.776813
10.731092
10.755846
10.721530
10.684205
10.744308
10.792645
10.776120
10.750636
10.746038
10.671453
10.681417
10.746225
10.787011
10.732020
10.797278
10.769313
10.711935
10.747052
10.782509
10.866055
10.813808
10.791296
10.823231
10.732437
10.690323
10.721211
10.564954
10.559140
10.404594
10.442906
10.594682
10.720676
10.756916
10.821691
10.823638
10.770914
10.825588
10.880131
10.845457
10.811502
10.803967
10.725564
10.737579
10.791258
10.806051
10.778130
10.787018
10.732271
10.701106
10.758819
10.803911
10.772469
10.769378
10.733953
10.684941
10.723885
10.796471
10.810567
10.781672
10.798612
10.739649
10.730859
10.803491
10.816482
10.800380
10.808593
10.747326
10.697548
10.754050
10.792184
10.781650
10.763163
10.745373
10.697855
10.729501
10.770802
10.772648
10.760242
10.749301
10.676533
10.673838
10.723938
10.760790
10.742204
10.751706
10.729332
10.699243
10.739291
10.783216
10.804011
10.795002
10.776154
10.721083
10.734355
10.790589
10.799738
10.780640
10.770187
10.713753
10.730186
10.781767
10.810180
10.811854
10.816944
10.756762
10.773790
10.796164
10.774104
10.750711
10.720904
10.808961
10.821434
10.768982
10.716502
10.671505
10.648782
10.746846
10.787941
10.844614
10.881526
10.892787
10.828341
10.739994
10.749194
10.799889
10.861333
10.843569
10.833468
10.856339
10.956791
10.896573
10.839095
10.716230
10.732513
10.727409
10.551075
10.470323
10.496976
10.565445
10.566193
10.638323
10.744255
10.740385
10.761696
10.754057
10.830847
10.868095
10.801695
10.739533
10.661333
10.734328
10.739985
10.779069
10.763879
10.710012
10.782612
10.794840
10.773894
10.762126
10.697800
10.776251
10.784962
10.797020
10.771955
10.738226
10.824977
10.800540
10.765696
10.706614
10.768855
10.765576
10.784179
10.747119
10.667979
10.733862
10.768335
10.766790
10.738505
10.688369
10.791116
10.814060
10.910066
10.794409
10.716623
10.780622
10.801069
10.745048
10.679938
10.697434
10.682858
10.740561
10.734336
10.626017
10.686097
10.733788
10.748407
10.751876
10.678385
10.780363
10.788721
10.880987
10.799249
10.681927
10.759282
10.826521
10.858543
10.747716
10.736155
10.710512
10.728657
10.728683
10.628722
10.690967
10.741793
10.772353
10.756764
10.695341
10.740129
10.730154
10.723860
10.683006
10.694732
10.710863
10.741758
10.741388
10.707605
10.688345
10.754224
10.738208
10.767916
10.789173
10.781314
10.713223
10.754987
10.840240
10.762400
10.770669
10.783082
10.755904
10.779366
10.791171
10.762288
10.740758
10.773629
10.794908
10.791944
10.736020
10.740849
10.755632
10.674829
10.726009
10.786316
10.781735
10.754764
10.744893
10.748867
10.710049
10.724463
10.788050
10.771933
10.707047
10.659040
10.727510
10.717116
10.733672
10.775970
10.756029
10.677721
10.698018
10.741370
10.673842
10.692058
10.728851
10.701770
10.694106
10.769979
10.736506
10.720240
10.766039
10.755513
10.696140
10.723435
10.743186
10.685947
10.724649
10.766788
10.726515
10.725475
10.775723
10.735294
10.727653
10.840324
10.870630
10.897853
10.918032
10.881927
10.967690
10.012950
10.047795
10.950273
10.829799
10.674253
10.666646
10.640786
10.550563
10.515759
10.575997
10.571614
10.625281
10.709268
10.729666
10.723634
10.751642
10.791224
10.766768
10.704250
10.695592
10.741087
10.704334
10.720257
10.745126
10.714055
10.684603
10.747799
10.738107
10.740210
10.794914
10.791866
10.728881
10.744714
10.810702
10.749749
10.765424
10.787694
10.741148
10.720014
10.783947
10.737895
10.735215
10.783686
10.782775
10.724928
10.770868
10.793068
10.744421
10.754635
10.758646
10.727409
10.755361
10.796870
10.725160
10.739079
10.752611
10.770617
10.775348
10.751270
10.734306
10.695500
0.000000
0.000000
0.000000
0.000000
0.000000
0.000000
0.000000
0.000000
0.000000
0.000000
0.000000
0.000000
0.000000
0.000000
0.000000
0.000000
0.000000
0.000000
0.000000
0.000000
0.000000
0.000000
0.000000
0.000000
0.000000
0.000000
0.000000
0.000000
0.000000
0.000000
0.000000
0.000000
0.000000
0.000000
0.000000
0.000000
0.000000
0.000000
0.000000
0.000000
0.000000
0.000000
0.000000
0.000000
0.000000
0.000000
0.000000
0.000000
0.000000
0.000000
0.000000
0.000000
0.000000
0.000000
0.000000
0.000000
0.000000
0.000000
0.000000
0.000000
0.000000
0.000000
0.000000
0.000000
0.000000
0.000000
0.000000
0.000000
0.000000
0.000000
0.000000
0.000000
0.000000
0.000000
0.000000
0.000000
0.000000
0.000000
0.000000
0.000000
0.000000
0.000000
0.000000
0.000000
0.000000
0.000000
0.000000
0.000000
0.000000
0.000000
0.000000
0.000000
0.000000
0.000000
0.000000
0.000000
0.000000
0.000000
0.000000
0.000000
0.000000
0.000000
0.000000
0.000000
0.000000
0.000000
0.000000
0.000000
0.000000
0.000000
0.000000
0.000000
0.000000
0.000000
0.000000
0.000000
0.000000
0.000000
0.000000
0.000000
0.000000
0.000000
0.000000
0.000000
0.000000
0.000000
0.000000
0.000000
0.000000
0.000000
0.000000
0.000000
0.000000
0.000000
0.000000
0.000000
0.000000
0.000000
0.000000
0.000000
0.000000
0.000000
0.000000
0.000000
0.000000
0.000000
0.000000
0.000000
0.000000
0.000000
0.000000
0.000000
0.000000
0.000000
0.000000
0.000000
0.000000
0.000000
0.000000
0.000000
0.000000
0.000000
0.000000
0.000000
0.000000
0.000000
0.000000
0.000000
0.000000
0.000000
0.000000
0.000000
0.000000
0.000000
0.000000
0.000000
0.000000
0.000000
0.000000
0.000000
0.000000
0.000000
0.000000
0.000000
0.000000
0.000000
0.000000
0.000000
0.000000
0.000000
0.000000
0.000000
0.000000
0.000000
0.000000
0.000000
0.000000
0.000000
0.000000
0.000000
0.000000
0.000000
0.000000
0.000000
0.000000
0.000000
0.000000
0.000000
0.000000
0.000000
0.000000
0.000000
0.000000
0.000000
0.000000
0.000000
0.000000
0.000000
0.000000
0.000000
0.000000
0.000000
0.000000
0.000000
0.000000
0.000000
0.000000
0.000000
0.000000
0.000000
0.000000
0.000000
0.000000
0.000000
0.000000
0.000000
0.000000
0.000000
0.000000
0.000000
0.000000
0.000000
0.000000
0.000000
0.000000
0.000000
0.000000
0.000000
0.000000
0.000000
0.000000
0.000000
0.000000
0.000000
0.000000
0.000000
0.000000
0.000000
0.000000
0.000000
0.000000
0.000000
0.000000
0.000000
0.000000
0.000000
0.000000
0.000000
0.000000
0.000000
0.000000
0.000000
0.000000
0.000000
0.000000
0.000000
0.000000
0.000000
0.000000
0.000000
0.000000
0.000000
0.000000
0.000000
0.000000
0.000000
0.000000
0.000000
0.000000
0.000000
0.000000
0.000000
0.000000
0.000000
0.000000
0.000000
0.000000
0.000000
0.000000
0.000000
0.000000
0.000000
0.000000
0.000000
0.000000
0.000000
0.000000
0.000000
0.000000
0.000000
0.000000
0.000000
0.000000
0.000000
0.000000
0.000000
0.000000
0.000000
0.000000
0.000000
0.000000
0.000000
0.000000
0.000000
0.000000
0.000000
0.000000
0.000000
0.000000
0.000000
0.000000
0.000000
0.000000
0.000000
0.000000
0.000000
0.000000
0.000000
0.000000
0.000000
0.000000
0.000000
0.000000
0.000000
0.000000
0.000000
0.000000
0.000000
0.000000
0.000000
0.000000
0.000000
0.000000
0.000000
0.000000
0.000000
0.000000
0.000000
0.000000
0.000000
0.000000
0.000000
0.000000
0.000000
0.000000
0.000000
0.000000
0.000000
0.000000
0.000000
0.000000
0.000000
0.000000
0.000000
0.000000
0.000000
0.000000
0.000000
0.000000
0.000000
0.000000
0.000000
0.000000
0.000000
0.000000
0.000000
0.000000
0.000000
0.000000
0.000000
0.000000
0.000000
0.000000
0.000000
0.000000
0.000000
0.000000
0.000000
0.000000
0.000000
0.000000
0.000000
0.000000
0.000000
0.000000
0.000000
0.000000
0.000000
0.000000
0.000000
0.000000
0.000000
0.000000
0.000000
0.000000
0.000000
0.000000
0.000000
0.000000
0.000000
0.000000
0.000000
0.000000
0.000000
0.000000
0.000000
0.000000
0.000000
0.000000
0.000000
0.000000
0.000000
0.000000
0.000000
0.000000
0.000000
0.000000
0.000000
0.000000
0.000000
0.000000
0.000000
0.000000
0.000000
0.000000
0.000000
0.000000
0.000000
0.000000
0.000000
0.000000
0.000000
0.000000
0.000000
0.000000
0.000000
0.000000
0.000000
0.000000
0.000000
0.000000
0.000000
0.000000
0.000000
0.000000
0.000000
0.000000
0.000000
0.000000
0.000000
0.000000
0.000000
0.000000
0.000000
0.000000
0.000000
0.000000
0.000000
0.000000
0.000000
0.000000
0.000000
0.000000
0.000000
0.000000
0.000000
0.000000
0.000000
0.000000
0.000000
0.000000
0.000000
0.000000
0.000000
0.000000
0.000000
0.000000
0.000000
0.000000
0.000000
0.000000
0.000000
0.000000
0.000000
0.000000
0.000000
0.000000
0.000000
0.000000
0.000000
0.000000
0.000000
0.000000
0.000000
0.000000
0.000000
0.000000
0.000000
0.000000
0.000000
0.000000
0.000000
0.000000
0.000000
0.000000
0.000000
0.000000
0.000000
0.000000
0.000000
0.000000
0.000000
0.000000
0.000000
0.000000
0.000000
0.000000
0.000000
0.000000
0.000000
0.000000
0.000000
0.000000
0.000000
0.000000
0.000000
0.000000
0.000000
0.000000
0.000000
0.000000
0.000000
0.000000
0.000000
0.000000
0.000000
0.000000
0.000000
0.000000
0.000000
0.000000
0.000000
0.000000
0.000000
0.000000
0.000000
0.000000
0.000000
0.000000
0.000000
0.000000
0.000000
0.000000
0.000000
0.000000
0.000000
0.000000
0.000000
0.000000
0.000000
0.000000
0.000000
0.000000
0.000000
0.000000
0.000000
0.000000
0.000000
0.000000
0.000000
0.000000
0.000000
0.000000
0.000000
0.000000
0.000000
0.000000
0.000000
0.000000
0.000000
0.000000
0.000000
0.000000
0.000000
0.000000
0.000000
0.000000
0.000000
0.000000
0.000000
0.000000
0.000000
0.000000
0.000000
0.000000
0.000000
0.000000
0.000000
0.000000
0.000000
0.000000
0.000000
0.000000
0.000000
0.000000
0.000000
0.000000
0.000000
0.000000
0.000000
0.000000
0.000000
0.000000
0.000000
0.000000
0.000000
0.000000
0.000000
0.000000
0.000000
0.000000
0.000000
0.000000
0.000000
0.000000
0.000000
0.000000
0.000000
0.000000
0.000000
0.000000
0.000000
0.000000
0.000000
0.000000
0.000000
0.000000
0.000000
0.000000
0.000000
0.000000
0.000000
0.000000
0.000000
0.000000
0.000000
0.000000
0.000000
0.000000
0.000000
0.000000
0.000000
0.000000
0.000000
0.000000
0.000000
0.000000
0.000000
0.000000
0.000000
0.000000
0.000000
0.000000
0.000000
0.000000
0.000000
0.000000
0.000000
0.000000
0.000000
0.000000
0.000000
0.000000
0.000000
0.000000
0.000000
0.000000
0.000000
0.000000
0.000000
0.000000
0.000000
0.000000
0.000000
0.000000
0.000000
0.000000
0.000000
0.000000
0.000000
0.000000
0.000000
0.000000
0.000000
0.000000
0.000000
0.000000
0.000000
0.000000
0.000000
0.000000
0.000000
0.000000
0.000000
0.000000
0.000000
0.000000
0.000000
0.000000
0.000000
0.000000
0.000000
0.000000
0.000000
0.000000
0.000000
0.000000
0.000000
0.000000
0.000000
0.000000
0.000000
0.000000
0.000000
0.000000
0.000000
0.000000
0.000000
0.000000
0.000000
0.000000
0.000000
0.000000
0.000000
0.000000
0.000000
0.000000
0.000000
0.000000
0.000000
0.000000
0.000000
0.000000
0.000000
0.000000
0.000000
0.000000
0.000000
0.000000
0.000000
0.000000
0.000000
0.000000
0.000000
0.000000
0.000000
0.000000
0.000000
0.000000
0.000000
0.000000
0.000000
0.000000
0.000000
0.000000
0.000000
0.000000
0.000000
0.000000
0.000000
0.000000
0.000000
0.000000
0.000000
0.000000
0.000000
0.000000
0.000000
0.000000
0.000000
0.000000
0.000000
0.000000
0.000000
0.000000
0.000000
0.000000
0.000000
0.000000
0.000000
0.000000
0.000000
0.000000
0.000000
0.000000
0.000000
0.000000
0.000000
0.000000
0.000000
0.000000
0.000000
0.000000
0.000000
0.000000
0.000000
0.000000
0.000000
0.000000
0.000000
0.000000
0.000000
0.000000
0.000000
0.000000
0.000000
0.000000
0.000000
0.000000
0.000000
0.000000
0.000000
0.000000
0.000000
0.000000
0.000000
0.000000
0.000000
0.000000
0.000000
0.000000
0.000000
0.000000
0.000000
0.000000
0.000000
0.000000
0.000000
0.000000
0.000000
0.000000
0.000000
0.000000
0.000000
0.000000
0.000000
0.000000
0.000000
0.000000
0.000000
0.000000
0.000000
0.000000
0.000000
0.000000
0.000000
0.000000
0.000000
0.000000
0.000000
0.000000
0.000000
0.000000
0.000000
0.000000
0.000000
0.000000
0.000000
0.000000
0.000000
0.000000
0.000000
0.000000
0.000000
0.000000
0.000000
0.000000
0.000000
0.000000
0.000000
0.000000
0.000000
0.000000
0.000000
0.000000
0.000000
0.000000
0.000000
0.000000
0.000000
0.000000
0.000000
0.000000
0.000000
0.000000
0.000000
0.000000
0.000000
0.000000
0.000000
0.000000
0.000000
0.000000
0.000000
0.000000
0.000000
0.000000
0.000000
0.000000
0.000000
0.000000
0.000000
0.000000
0.000000
0.000000
0.000000
0.000000
0.000000
0.000000
0.000000
0.000000
0.000000
0.000000
0.000000
0.000000
0.000000
0.000000
0.000000
0.000000
0.000000
0.000000
0.000000
0.000000
0.000000
0.000000
0.000000
0.000000
0.000000
0.000000
0.000000
0.000000
0.000000
0.000000
0.000000
0.000000
0.000000
0.000000
0.000000
0.000000
0.000000
0.000000
0.000000
0.000000
0.000000
0.000000
0.000000
0.000000
0.000000
0.000000
0.000000
0.000000
0.000000
0.000000
0.000000
0.000000
0.000000
0.000000
0.000000
0.000000
0.000000
0.000000
0.000000
0.000000
0.000000
0.000000
0.000000
0.000000
0.000000
0.000000
0.000000
0.000000
0.000000
0.000000
0.000000
0.000000
0.000000
0.000000
0.000000
0.000000
0.000000
0.000000
0.000000
0.000000
0.000000
0.000000
0.000000
0.000000
0.000000
0.000000
0.000000
0.000000
0.000000
0.000000
0.000000
0.000000
0.000000
0.000000
0.000000
0.000000
0.000000
0.000000
0.000000
0.000000
0.000000
0.000000
0.000000
0.000000
0.000000
0.000000
0.000000
0.000000
0.000000
0.000000
0.000000
0.000000
0.000000
0.000000
0.000000
0.000000
0.000000
0.000000
0.000000
0.000000
0.000000
0.000000
0.000000
0.000000
0.000000
0.000000
0.000000
0.000000
0.000000
0.000000
0.000000
0.000000
0.000000
0.000000
0.000000
0.000000
0.000000
0.000000
0.000000
0.000000
0.000000
0.000000
0.000000
0.000000
0.000000
0.000000
0.000000
0.000000
0.000000
0.000000
0.000000
0.000000
0.000000
0.000000
0.000000
0.000000
0.000000
0.000000
0.000000
0.000000
0.000000
0.000000
0.000000
0.000000
0.000000
0.000000
0.000000
0.000000
0.000000
0.000000
0.000000
0.000000
0.000000
0.000000
0.000000
0.000000
0.000000
0.000000
0.000000
0.000000
0.000000
0.000000
0.000000
0.000000
0.000000
0.000000
0.000000
0.000000
0.000000
0.000000
0.000000
0.000000
0.000000
0.000000
0.000000
0.000000
0.000000
0.000000
0.000000
0.000000
0.000000
0.000000
0.000000
0.000000
0.000000
0.000000
0.000000
0.000000
0.000000
0.000000
0.000000
0.000000
0.000000
0.000000
0.000000
0.000000
0.000000
0.000000
0.000000
0.000000
0.000000
0.000000
0.000000
0.000000
0.000000
0.000000
0.000000
0.000000
0.000000
0.000000
0.000000
0.000000
0.000000
0.000000
0.000000
0.000000
0.000000
0.000000
0.000000
0.000000
0.000000
0.000000
0.000000
0.000000
0.000000
0.000000
0.000000
0.000000
0.000000
0.000000
0.000000
0.000000
0.000000
0.000000
0.000000
0.000000
0.000000
0.000000
0.000000
0.000000
0.000000
0.000000
0.000000
0.000000
0.000000
0.000000
0.000000
0.000000
0.000000
0.000000
0.000000
0.000000
0.000000
0.000000
0.000000
0.000000
0.000000
0.000000
0.000000
0.000000
0.000000
0.000000
0.000000
0.000000
0.000000
0.000000
0.000000
0.000000
0.000000
0.000000
0.000000
0.000000
0.000000
0.000000
0.000000
0.000000
0.000000
0.000000
0.000000
0.000000
0.000000
0.000000
0.000000
0.000000
0.000000
0.000000
0.000000
0.000000
0.000000
0.000000
0.000000
0.000000
0.000000
0.000000
0.000000
0.000000
0.000000
0.000000
0.000000
0.000000
0.000000
0.000000
0.000000
0.000000
0.000000
0.000000
0.000000
0.000000
0.000000
0.000000
0.000000
0.000000
0.000000
0.000000
0.000000
0.000000
0.000000
0.000000
0.000000
0.000000
0.000000
0.000000
0.000000
0.000000
0.000000
0.000000
0.000000
0.000000
0.000000
0.000000
0.000000
0.000000
0.000000
0.000000
0.000000
0.000000
0.000000
0.000000
0.000000
0.000000
0.000000
0.000000
0.000000
0.000000
0.000000
0.000000
0.000000
0.000000
0.000000
0.000000
0.000000
0.000000
0.000000
0.000000
0.000000
0.000000
0.000000
0.000000
0.000000
0.000000
0.000000
0.000000
0.000000
0.000000
0.000000
0.000000
0.000000
0.000000
0.000000
0.000000
0.000000
0.000000
0.000000
0.000000
0.000000
0.000000
0.000000
0.000000
0.000000
0.000000
0.000000
0.000000
0.000000
0.000000
0.000000
0.000000
0.000000
0.000000
0.000000
0.000000
0.000000
0.000000
0.000000
0.000000
0.000000
0.000000
0.000000
0.000000
0.000000
0.000000
0.000000
0.000000
0.000000
0.000000
0.000000
0.000000
0.000000
0.000000
0.000000
0.000000
0.000000
0.000000
0.000000
0.000000
0.000000
0.000000
0.000000
0.000000
0.000000
0.000000
0.000000
0.000000
0.000000
0.000000
0.000000
0.000000
0.000000
0.000000
0.000000
0.000000
0.000000
0.000000
0.000000
0.000000
0.000000
0.000000
0.000000
0.000000
0.000000
0.000000
0.000000
0.000000
0.000000
0.000000
0.000000
0.000000
0.000000
0.000000
0.000000
0.000000
0.000000
0.000000
0.000000
0.000000
0.000000
0.000000
0.000000
0.000000
0.000000
0.000000
0.000000
0.000000
0.000000
0.000000
0.000000
0.000000
0.000000
0.000000
0.000000
0.000000
0.000000
0.000000
0.000000
0.000000
0.000000
0.000000
0.000000
0.000000
0.000000
0.000000
0.000000
0.000000
0.000000
0.000000
0.000000
0.000000
0.000000
0.000000
0.000000
0.000000
0.000000
0.000000
0.000000
0.000000
0.000000
0.000000
0.000000
0.000000
0.000000
0.000000
0.000000
0.000000
0.000000
0.000000
0.000000
0.000000
0.000000
0.000000
0.000000
0.000000
0.000000
0.000000
0.000000
0.000000
0.000000
0.000000
0.000000
0.000000
0.000000
0.000000
0.000000
0.000000
0.000000
0.000000
0.000000
0.000000
0.000000
0.000000
0.000000
0.000000
0.000000
0.000000
0.000000
0.000000
0.000000
0.000000
0.000000
0.000000
0.000000
0.000000
0.000000
0.000000
0.000000
0.000000
0.000000
0.000000
0.000000
0.000000
0.000000
0.000000
0.000000
0.000000
0.000000
0.000000
0.000000
0.000000
0.000000
0.000000
0.000000
0.000000
0.000000
0.000000
0.000000
0.000000
0.000000
0.000000
0.000000
0.000000
0.000000
0.000000
0.000000
0.000000
0.000000
0.000000
0.000000
0.000000
0.000000
0.000000
0.000000
0.000000
0.000000
0.000000
0.000000
0.000000
0.000000
0.000000
0.000000
0.000000
0.000000
0.000000
0.000000
0.000000
0.000000
0.000000
0.000000
0.000000
0.000000
0.000000
0.000000
0.000000
0.000000
0.000000
0.000000
0.000000
0.000000
0.000000
0.000000
0.000000
0.000000
0.000000
0.000000
0.000000
0.000000
0.000000
0.000000
0.000000
0.000000
0.000000
0.000000
0.000000
0.000000
0.000000
0.000000
0.000000
0.000000
0.000000
0.000000
0.000000
0.000000
0.000000
0.000000
0.000000
0.000000
0.000000
0.000000
0.000000
0.000000
0.000000
0.000000
0.000000
0.000000
0.000000
0.000000
0.000000
0.000000
0.000000
0.000000
0.000000
0.000000
0.000000
0.000000
0.000000
0.000000
0.000000
0.000000
0.000000
0.000000
0.000000
0.000000
0.000000
0.000000
0.000000
0.000000
0.000000
0.000000
0.000000
0.000000
0.000000
0.000000
0.000000
0.000000
0.000000
0.000000
0.000000
0.000000
0.000000
0.000000
0.000000
0.000000
0.000000
0.000000
0.000000
0.000000
0.000000
0.000000
0.000000
0.000000
0.000000
0.000000
0.000000
0.000000
0.000000
0.000000
0.000000
0.000000
0.000000
0.000000
0.000000
0.000000
0.000000
0.000000
0.000000
0.000000
0.000000
0.000000
0.000000
0.000000
0.000000
0.000000
0.000000
0.000000
0.000000
0.000000
0.000000
0.000000
0.000000
0.000000
0.000000
0.000000
0.000000
0.000000
0.000000
0.000000
0.000000
0.000000
0.000000
0.000000
0.000000
0.000000
0.000000
0.000000
0.000000
0.000000
0.000000
0.000000
0.000000
0.000000
0.000000
0.000000
0.000000
0.000000
0.000000
0.000000
0.000000
0.000000
0.000000
0.000000
0.000000
0.000000
0.000000
0.000000
0.000000
0.000000
0.000000
0.000000
0.000000
0.000000
0.000000
0.000000
0.000000
0.000000
0.000000
0.000000
0.000000
0.000000
0.000000
0.000000
0.000000
0.000000
0.000000
0.000000
0.000000
0.000000
0.000000
0.000000
0.000000
0.000000
0.000000
0.000000
0.000000
0.000000
0.000000
0.000000
0.000000
0.000000
0.000000
0.000000
0.000000
0.000000
0.000000
0.000000
0.000000
0.000000
0.000000
0.000000
0.000000
0.000000
0.000000
0.000000
0.000000
0.000000
0.000000
0.000000
0.000000
0.000000
0.000000
0.000000
0.000000
0.000000
0.000000
0.000000
0.000000
0.000000
0.000000
0.000000
0.000000
0.000000
0.000000
0.000000
0.000000
0.000000
0.000000
0.000000
0.000000
0.000000
0.000000
0.000000
0.000000
0.000000
0.000000
0.000000
0.000000
0.000000
0.000000
0.000000
0.000000
0.000000
0.000000
0.000000
0.000000
0.000000
0.000000
0.000000
0.000000
0.000000
0.000000
0.000000
0.000000
0.000000
0.000000
0.000000
0.000000
0.000000
0.000000
0.000000
0.000000
0.000000
0.000000
0.000000
0.000000
0.000000
0.000000
0.000000
0.000000
0.000000
0.000000
0.000000
0.000000
0.000000
0.000000
0.000000
0.000000
0.000000
0.000000
0.000000
0.000000
0.000000
0.000000
0.000000
0.000000
0.000000
0.000000
0.000000
0.000000
0.000000
0.000000
0.000000
0.000000
0.000000
0.000000
0.000000
0.000000
0.000000
0.000000
0.000000
0.000000
0.000000
0.000000
0.000000
0.000000
0.000000
0.000000
0.000000
0.000000
0.000000
0.000000
0.000000
0.000000
0.000000
0.000000
0.000000
0.000000
0.000000
0.000000
0.000000
0.000000
0.000000
0.000000
0.000000
0.000000
0.000000
0.000000
0.000000
0.000000
0.000000
0.000000
0.000000
0.000000
0.000000
0.000000
0.000000
0.000000
0.000000
0.000000
0.000000
0.000000
0.000000
0.000000
0.000000
0.000000
0.000000
0.000000
0.000000
0.000000
0.000000
0.000000
0.000000
0.000000
0.000000
0.000000
0.000000
0.000000
0.000000
0.000000
0.000000
0.000000
0.000000
0.000000
0.000000
0.000000
0.000000
0.000000
0.000000
0.000000
0.000000
0.000000
0.000000
0.000000
0.000000
0.000000
0.000000
0.000000
0.000000
0.000000
0.000000
0.000000
0.000000
0.000000
0.000000
0.000000
0.000000
0.000000
0.000000
0.000000
0.000000
0.000000
0.000000
0.000000
0.000000
0.000000
0.000000
0.000000
0.000000
0.000000
0.000000
0.000000
0.000000
0.000000
0.000000
0.000000
0.000000
0.000000
0.000000
0.000000
0.000000
0.000000
0.000000
0.000000
0.000000
0.000000
0.000000
0.000000
0.000000
0.000000
0.000000
0.000000
0.000000
0.000000
0.000000
0.000000
0.000000
0.000000
0.000000
0.000000
0.000000
0.000000
0.000000
0.000000
0.000000
0.000000
0.000000
0.000000
0.000000
0.000000
0.000000
0.000000
0.000000
0.000000
0.000000
0.000000
0.000000
0.000000
0.000000
0.000000
0.000000
0.000000
0.000000
0.000000
0.000000
0.000000
0.000000
0.000000
0.000000
0.000000
0.000000
0.000000
0.000000
0.000000
0.000000
0.000000
0.000000
0.000000
0.000000
0.000000
0.000000
0.000000
0.000000
0.000000
0.000000
0.000000
0.000000
0.000000
0.000000
0.000000
0.000000
0.000000
0.000000
0.000000
0.000000
0.000000
0.000000
0.000000
0.000000
0.000000
0.000000
0.000000
0.000000
0.000000
0.000000
0.000000
0.000000
0.000000
0.000000
0.000000
0.000000
0.000000
0.000000
0.000000
0.000000
0.000000
0.000000
0.000000
0.000000
0.000000
0.000000
0.000000
0.000000
0.000000
0.000000
0.000000
0.000000
0.000000
0.000000
0.000000
0.000000
0.000000
0.000000
0.000000
0.000000
0.000000
0.000000
0.000000
0.000000
0.000000
0.000000
0.000000
0.000000
0.000000
0.000000
0.000000
0.000000
0.000000
0.000000
0.000000
0.000000
0.000000
0.000000
0.000000
0.000000
0.000000
0.000000
0.000000
0.000000
0.000000
0.000000
0.000000
0.000000
0.000000
0.000000
0.000000
0.000000
0.000000
0.000000
0.000000
0.000000
0.000000
0.000000
0.000000
0.000000
0.000000
0.000000
0.000000
0.000000
0.000000
0.000000
0.000000
0.000000
0.000000
0.000000
0.000000
0.000000
0.000000
0.000000
0.000000
0.000000
0.000000
0.000000
0.000000
0.000000
0.000000
0.000000
0.000000
0.000000
0.000000
0.000000
0.000000
0.000000
0.000000
0.000000
0.000000
0.000000
0.000000
0.000000
0.000000
0.000000
0.000000
0.000000
0.000000
0.000000
0.000000
0.000000
0.000000
0.000000
0.000000
0.000000
0.000000
0.000000
0.000000
0.000000
0.000000
0.000000
0.000000
0.000000
0.000000
0.000000
0.000000
0.000000
0.000000
0.000000
0.000000
0.000000
0.000000
0.000000
0.000000
0.000000
0.000000
0.000000
0.000000
0.000000
0.000000
0.000000
0.000000
0.000000
0.000000
0.000000
0.000000
0.000000
0.000000
0.000000
0.000000
0.000000
0.000000
0.000000
0.000000
0.000000
0.000000
0.000000
0.000000
0.000000
0.000000
0.000000
0.000000
0.000000
0.000000
0.000000
0.000000
0.000000
0.000000
0.000000
0.000000
0.000000
0.000000
0.000000
0.000000
0.000000
0.000000
0.000000
0.000000
0.000000
0.000000
0.000000
0.000000
0.000000
0.000000
0.000000
0.000000
0.000000
0.000000
0.000000
0.000000
0.000000
0.000000
0.000000
0.000000
0.000000
0.000000
0.000000
0.000000
0.000000
0.000000
0.000000
0.000000
0.000000
0.000000
0.000000
0.000000
0.000000
0.000000
0.000000
0.000000
0.000000
0.000000
0.000000
0.000000
0.000000
0.000000
0.000000
0.000000
0.000000
0.000000
0.000000
0.000000
0.000000
0.000000
0.000000
0.000000
0.000000
0.000000
0.000000
0.000000
0.000000
0.000000
0.000000
0.000000
0.000000
0.000000
0.000000
0.000000
0.000000
0.000000
0.000000
0.000000
0.000000
0.000000
0.000000
0.000000
0.000000
0.000000
0.000000
0.000000
0.000000
0.000000
0.000000
0.000000
0.000000
0.000000
0.000000
0.000000
0.000000
0.000000
0.000000
0.000000
0.000000
0.000000
0.000000
0.000000
0.000000
0.000000
0.000000
0.000000
0.000000
0.000000
0.000000
0.000000
0.000000
0.000000
0.000000
0.000000
0.000000
0.000000
0.000000
0.000000
0.000000
0.000000
0.000000
0.000000
0.000000
0.000000
0.000000
0.000000
0.000000
0.000000
0.000000
0.000000
0.000000
0.000000
0.000000
0.000000
0.000000
0.000000
0.000000
0.000000
0.000000
0.000000
0.000000
0.000000
0.000000
0.000000
0.000000
0.000000
0.000000
0.000000
0.000000
0.000000
0.000000
0.000000
0.000000
0.000000
0.000000
0.000000
0.000000
0.000000
0.000000
0.000000
0.000000
0.000000
0.000000
0.000000
0.000000
0.000000
0.000000
0.000000
0.000000
0.000000
0.000000
0.000000
0.000000
0.000000
0.000000
0.000000
0.000000
0.000000
0.000000
0.000000
0.000000
0.000000
0.000000
0.000000
0.000000
0.000000
0.000000
0.000000
0.000000
0.000000
0.000000
0.000000
0.000000
0.000000
0.000000
0.000000
0.000000
0.000000
0.000000
0.000000
0.000000
0.000000
0.000000
0.000000
0.000000
0.000000
0.000000
0.000000
0.000000
0.000000
0.000000
0.000000
0.000000
0.000000
0.000000
0.000000
0.000000
0.000000
0.000000
0.000000
0.000000
0.000000
0.000000
0.000000
0.000000
0.000000
0.000000
0.000000
0.000000
0.000000
0.000000
0.000000
0.000000
0.000000
0.000000
0.000000
0.000000
0.000000
0.000000
0.000000
0.000000
0.000000
0.000000
0.000000
0.000000
0.000000
0.000000
0.000000
0.000000
0.000000
0.000000
0.000000
0.000000
0.000000
0.000000
0.000000
0.000000
0.000000
0.000000
0.000000
0.000000
0.000000
0.000000
0.000000
0.000000
0.000000
0.000000
0.000000
0.000000
0.000000
0.000000
0.000000
0.000000
0.000000
0.000000
0.000000
0.000000
0.000000
0.000000
0.000000
0.000000
0.000000
0.000000
0.000000
0.000000
0.000000
0.000000
0.000000
0.000000
0.000000
0.000000
0.000000
0.000000
0.000000
0.000000
0.000000
0.000000
0.000000
0.000000
0.000000
0.000000
0.000000
0.000000
0.000000
0.000000
0.000000
0.000000
0.000000
0.000000
0.000000
0.000000
0.000000
0.000000
0.000000
0.000000
0.000000
0.000000
0.000000
0.000000
0.000000
0.000000
0.000000
0.000000
0.000000
0.000000
0.000000
0.000000
0.000000
0.000000
0.000000
0.000000
0.000000
0.000000
0.000000
0.000000
0.000000
0.000000
0.000000
0.000000
0.000000
0.000000
0.000000
0.000000
0.000000
0.000000
0.000000
0.000000
0.000000
0.000000
0.000000
0.000000
0.000000
0.000000
0.000000
0.000000
0.000000
0.000000
0.000000
0.000000
0.000000
0.000000
0.000000
0.000000
0.000000
0.000000
0.000000
0.000000
0.000000
0.000000
0.000000
0.000000
0.000000
0.000000
0.000000
0.000000
0.000000
0.000000
0.000000
0.000000
0.000000
0.000000
0.000000
0.000000
0.000000
0.000000
0.000000
0.000000
0.000000
0.000000
0.000000
0.000000
0.000000
0.000000
0.000000
0.000000
0.000000
0.000000
0.000000
0.000000
0.000000
0.000000
0.000000
0.000000
0.000000
0.000000
0.000000
0.000000
0.000000
0.000000
0.000000
0.000000
0.000000
0.000000
0.000000
0.000000
0.000000
0.000000
0.000000
0.000000
0.000000
0.000000
0.000000
0.000000
0.000000
0.000000
0.000000
0.000000
0.000000
0.000000
0.000000
0.000000
0.000000
0.000000
0.000000
0.000000
0.000000
0.000000
0.000000
0.000000
0.000000
0.000000
0.000000
0.000000
0.000000
0.000000
0.000000
0.000000
0.000000
0.000000
0.000000
0.000000
0.000000
0.000000
0.000000
0.000000
0.000000
0.000000
0.000000
0.000000
0.000000
0.000000
0.000000
0.000000
0.000000
0.000000
0.000000
0.000000
0.000000
0.000000
0.000000
0.000000
0.000000
0.000000
0.000000
0.000000
0.000000
0.000000
0.000000
0.000000
0.000000
0.000000
0.000000
0.000000
0.000000
0.000000
0.000000
0.000000
0.000000
0.000000
0.000000
0.000000
0.000000
0.000000
0.000000
0.000000
0.000000
0.000000
0.000000
0.000000
0.000000
0.000000
0.000000
0.000000
0.000000
0.000000
0.000000
0.000000
0.000000
0.000000
0.000000
0.000000
0.000000
0.000000
0.000000
0.000000
0.000000
0.000000
0.000000
0.000000
0.000000
0.000000
0.000000
0.000000
0.000000
0.000000
0.000000
0.000000
0.000000
0.000000
0.000000
0.000000
0.000000
0.000000
0.000000
0.000000
0.000000
0.000000
0.000000
0.000000
0.000000
0.000000
0.000000
0.000000
0.000000
0.000000
0.000000
0.000000
0.000000
0.000000
0.000000
0.000000
0.000000
0.000000
0.000000
0.000000
0.000000
0.000000
0.000000
0.000000
0.000000
0.000000
0.000000
0.000000
0.000000
0.000000
0.000000
0.000000
0.000000
0.000000
0.000000
0.000000
0.000000
0.000000
0.000000
0.000000
0.000000
0.000000
0.000000
0.000000
0.000000
0.000000
0.000000
0.000000
0.000000
0.000000
0.000000
0.000000
0.000000
0.000000
0.000000
0.000000
0.000000
0.000000
0.000000
0.000000
0.000000
0.000000
0.000000
0.000000
0.000000
0.000000
0.000000
0.000000
0.000000
0.000000
0.000000
0.000000
0.000000
0.000000
0.000000
0.000000
0.000000
0.000000
0.000000
0.000000
0.000000
0.000000
0.000000
0.000000
0.000000
0.000000
0.000000
0.000000
0.000000
0.000000
0.000000
0.000000
0.000000
0.000000
0.000000
0.000000
0.000000
0.000000
0.000000
0.000000
0.000000
0.000000
0.000000
0.000000
0.000000
0.000000
0.000000
0.000000
0.000000
0.000000
0.000000
0.000000
0.000000
0.000000
0.000000
0.000000
0.000000
0.000000
0.000000
0.000000
0.000000
0.000000
0.000000
0.000000
0.000000
0.000000
0.000000
0.000000
0.000000
0.000000
0.000000
0.000000
0.000000
0.000000
0.000000
0.000000
0.000000
0.000000
0.000000
0.000000
0.000000
0.000000
0.000000
0.000000
0.000000
0.000000
0.000000
0.000000
0.000000
0.000000
0.000000
0.000000
0.000000
0.000000
0.000000
0.000000
0.000000
0.000000
0.000000
0.000000
0.000000
0.000000
0.000000
0.000000
0.000000
0.000000
0.000000
0.000000
0.000000
0.000000
0.000000
0.000000
0.000000
0.000000
0.000000
0.000000
0.000000
0.000000
0.000000
0.000000
0.000000
0.000000
0.000000
0.000000
0.000000
0.000000
0.000000
0.000000
0.000000
0.000000
0.000000
0.000000
0.000000
0.000000
0.000000
0.000000
0.000000
0.000000
0.000000
0.000000
0.000000
0.000000
0.000000
0.000000
0.000000
0.000000
0.000000
0.000000
0.000000
0.000000
0.000000
0.000000
0.000000
0.000000
0.000000
0.000000
0.000000
0.000000
0.000000
0.000000
0.000000
0.000000
0.000000
0.000000
0.000000
0.000000
0.000000
0.000000
0.000000
0.000000
0.000000
0.000000
0.000000
0.000000
0.000000
0.000000
0.000000
0.000000
0.000000
0.000000
0.000000
0.000000
0.000000
0.000000
0.000000
0.000000
0.000000
0.000000
0.000000
0.000000
0.000000
0.000000
0.000000
0.000000
0.000000
0.000000
0.000000
0.000000
0.000000
0.000000
0.000000
0.000000
0.000000
0.000000
0.000000
0.000000
0.000000
0.000000
0.000000
0.000000
0.000000
0.000000
0.000000
0.000000
0.000000
0.000000
0.000000
0.000000
0.000000
0.000000
0.000000
0.000000
0.000000
0.000000
0.000000
0.000000
0.000000
0.000000
0.000000
0.000000
0.000000
0.000000
0.000000
0.000000
0.000000
0.000000
0.000000
0.000000
0.000000
0.000000
0.000000
0.000000
0.000000
0.000000
0.000000
0.000000
0.000000
0.000000
0.000000
0.000000
0.000000
0.000000
0.000000
0.000000
0.000000
0.000000
0.000000
0.000000
0.000000
0.000000
0.000000
0.000000
0.000000
0.000000
0.000000
0.000000
0.000000
0.000000
0.000000
0.000000
0.000000
0.000000
0.000000
0.000000
0.000000
0.000000
0.000000
0.000000
0.000000
0.000000
0.000000
0.000000
0.000000
0.000000
0.000000
0.000000
0.000000
0.000000
0.000000
0.000000
0.000000
0.000000
0.000000
0.000000
0.000000
0.000000
0.000000
0.000000
0.000000
0.000000
0.000000
0.000000
0.000000
0.000000
0.000000
0.000000
0.000000
0.000000
0.000000
0.000000
0.000000
0.000000
0.000000
0.000000
0.000000
0.000000
0.000000
0.000000
0.000000
0.000000
0.000000
0.000000
0.000000
0.000000
0.000000
0.000000
0.000000
0.000000
0.000000
0.000000
0.000000
0.000000
0.000000
0.000000
0.000000
0.000000
0.000000
0.000000
0.000000
0.000000
0.000000
0.000000
0.000000
0.000000
0.000000
0.000000
0.000000
0.000000
0.000000
0.000000
0.000000
0.000000
0.000000
0.000000
0.000000
0.000000
0.000000
0.000000
0.000000
0.000000
0.000000
0.000000
0.000000
0.000000
0.000000
0.000000
0.000000
0.000000
0.000000
0.000000
0.000000
0.000000
0.000000
0.000000
0.000000
0.000000
0.000000
0.000000
0.000000
0.000000
0.000000
0.000000
0.000000
0.000000
0.000000
0.000000
0.000000
0.000000
0.000000
0.000000
0.000000
0.000000
0.000000
0.000000
0.000000
0.000000
0.000000
0.000000
0.000000
0.000000
0.000000
0.000000
0.000000
0.000000
0.000000
0.000000
0.000000
0.000000
0.000000
0.000000
0.000000
0.000000
0.000000
0.000000
0.000000
0.000000
0.000000
0.000000
0.000000
0.000000
0.000000
0.000000
