1.500000
1.576389
1.652886
1.729504
1.805779
1.882045
1.958621
2.035037
2.111285
2.187915
2.264634
2.341038
2.417413
2.494056
2.570499
2.646770
2.723306
2.799834
2.875992
2.952328
3.028677
3.104766
3.180984
3.257468
3.333842
3.409986
3.486334
3.562593
3.638638
3.714974
3.791485
3.867714
3.943766
4.019995
4.096035
4.171916
4.248074
4.500000
4.500000
4.500000
4.500000
4.500000
4.500000
4.500000
4.500000
4.500000
4.500000
4.500000
4.500000
4.500000
4.500000
4.500000
4.500000
4.500000
4.500000
4.500000
4.500000
4.500000
4.500000
4.500000
4.500000
4.500000
4.500000
4.500000
4.500000
4.500000
4.500000
4.500000
4.500000
4.500000
4.500000
4.500000
4.500000
4.500000
4.500000
4.500000
4.500000
4.500000
4.500000
4.500000
4.500000
4.500000
4.500000
4.500000
4.500000
4.500000
4.500000
4.500000
4.500000
4.500000
4.500000
4.500000
4.500000
4.500000
4.500000
4.500000
4.500000
4.500000
4.500000
4.500000
4.500000
4.500000
4.500000
4.500000
4.500000
4.500000
4.500000
4.500000
4.500000
4.500000
4.500000
4.500000
4.500000
4.500000
4.500000
4.500000
4.500000
4.500000
4.500000
4.500000
4.500000
4.500000
4.500000
4.500000
4.500000
4.500000
4.500000
4.500000
4.500000
4.500000
4.500000
4.500000
4.500000
4.500000
4.500000
4.500000
4.500000
4.500000
4.500000
4.500000
4.500000
4.500000
4.500000
4.500000
4.500000
4.500000
4.500000
4.500000
4.500000
4.500000
4.500000
4.500000
4.500000
4.500000
4.500000
4.500000
4.500000
4.500000
4.500000
4.500000
4.500000
4.500000
4.500000
4.500000
4.500000
4.500000
4.500000
4.500000
4.500000
4.500000
4.500000
4.500000
4.500000
4.500000
4.500000
4.500000
4.500000
4.500000
4.500000
4.500000
4.500000
4.500000
4.500000
4.500000
4.500000
4.500000
4.500000
4.500000
4.500000
4.500000
4.500000
4.500000
4.500000
4.500000
4.500000
4.500000
4.500000
4.500000
4.500000
4.500000
4.500000
4.500000
4.500000
4.500000
4.500000
4.500000
4.500000
4.500000
4.500000
4.500000
4.500000
4.500000
4.500000
4.500000
4.500000
4.500000
4.500000
4.500000
4.500000
4.500000
4.500000
4.500000
4.500000
4.500000
4.500000
4.500000
4.500000
4.500000
4.500000
4.500000
4.500000
4.500000
4.500000
4.500000
4.500000
4.500000
4.500000
4.500000
4.500000
4.500000
4.500000
4.500000
4.500000
4.500000
4.500000
4.500000
4.500000
4.500000
4.500000
4.500000
4.500000
4.500000
4.500000
4.500000
4.500000
4.500000
4.500000
4.500000
4.500000
4.500000
4.500000
4.500000
4.500000
4.500000
4.500000
4.500000
4.500000
4.500000
4.500000
4.500000
4.500000
4.500000
4.500000
4.500000
4.500000
4.500000
4.500000
4.500000
4.500000
4.500000
4.500000
4.500000
4.500000
4.500000
4.500000
4.500000
4.500000
4.500000
4.500000
4.500000
4.500000
4.500000
4.500000
4.500000
4.500000
4.500000
4.500000
4.500000
4.500000
4.500000
4.500000
4.500000
4.500000
4.500000
4.500000
4.500000
4.500000
4.500000
4.500000
4.500000
4.500000
4.500000
4.500000
4.500000
4.500000
4.500000
4.500000
4.500000
4.500000
4.500000
4.500000
4.500000
4.500000
4.500000
4.500000
4.500000
4.500000
4.500000
4.345375
4.320002
4.294751
4.269420
4.244061
4.218817
4.193523
4.168186
4.142974
4.117730
4.092348
4.066966
4.041638
4.016237
3.990813
3.965512
3.940142
3.914684
3.889277
3.863909
3.838405
3.812995
3.787673
3.762270
3.736876
3.711551
3.686201
3.660750
3.635339
3.609977
3.584486
3.558954
3.533551
3.508132
3.482696
3.457358
3.431984
3.406547
3.381130
3.355787
3.330380
3.304983
3.279696
3.254318
3.228863
3.203471
3.178081
3.152608
3.127108
3.101712
3.076265
3.050785
3.025393
3.000000
3.153881
3.128455
3.103083
3.077631
3.052151
3.026751
3.001309
2.975824
2.950468
2.925127
2.899678
2.874228
2.848886
2.823478
2.798083
2.772791
2.747446
2.722028
2.696657
2.671268
2.645772
2.620331
2.594949
2.569490
2.544007
2.518604
2.493211
2.467746
2.442360
2.416982
2.391531
2.366109
2.340774
2.315412
2.290056
2.264844
2.239547
2.214128
2.188731
2.163377
2.137948
2.112508
2.087163
2.061742
2.036259
2.010887
1.985554
1.960083
1.934655
1.909361
1.883971
1.858569
1.833279
1.807895
1.782399
1.757051
1.731531
1.705813
1.680105
1.654462
1.628865
1.603185
1.577511
1.551722
1.525741
1.500000
1.500000
1.500000
1.500000
1.500000
1.500000
1.500000
1.500000
1.500000
1.500000
1.500000
1.500000
1.500000
1.500000
1.500000
1.500000
1.500000
1.500000
1.500000
1.500000
1.500000
1.500000
1.500000
1.500000
1.500000
1.500000
1.500000
1.500000
1.500000
1.500000
1.500000
1.500000
1.500000
1.500000
1.500000
1.500000
1.500000
1.500000
1.500000
1.500000
1.500000
1.500000
1.500000
1.500000
1.500000
1.500000
1.500000
1.500000
1.500000
1.500000
1.500000
1.500000
1.500000
1.500000
1.500000
1.500000
1.500000
1.500000
1.500000
1.500000
1.500000
1.500000
1.500000
1.500000
1.575550
1.650833
1.726171
1.801316
1.885202
2.037642
2.009542
1.983889
1.958211
1.932878
1.907691
1.882517
1.857269
1.831857
1.806481
1.781106
1.755685
1.730224
1.704698
1.679461
1.654246
1.628578
1.602774
1.577017
1.551252
1.525645
1.500000
1.601559
1.576055
1.550397
1.525233
1.500000
1.575699
1.653322
1.838932
1.813095
1.786308
1.760276
1.733567
1.707481
1.680555
1.652542
1.627159
1.601733
1.576343
1.550928
1.525606
1.500000
1.632654
1.604849
1.576619
1.551144
1.525868
1.500000
1.500000
1.500000
1.602275
1.576441
1.550750
1.525591
1.500000
1.500000
1.633532
1.606401
1.580651
1.552818
1.525486
1.500000
1.576457
1.762518
1.737460
1.712449
1.685322
1.660275
1.633117
1.605638
1.578956
1.553809
1.525676
1.500000
1.652668
1.626956
1.601326
1.576033
1.550707
1.525144
1.500000
1.500000
1.634237
1.609080
1.581293
1.553203
1.525329
1.500000
1.500000
1.500000
1.605842
1.580476
1.555019
1.528047
1.500000
1.500000
1.500000
1.576206
1.654381
1.733715
1.916125
1.890563
1.864390
1.836933
1.809758
1.784697
1.759165
1.731222
1.705607
1.679885
1.654210
1.628355
1.602869
1.577223
1.551378
1.525652
1.500000
1.500000
1.500000
1.577683
1.551712
1.525906
1.500000
1.500000
1.500000
1.603220
1.577522
1.551705
1.525843
1.500000
1.577528
1.655169
1.732556
1.809326
1.885632
2.100000
2.100000
2.250583
2.225441
2.200423
2.175408
2.150338
2.125227
2.100000
2.100000
2.100000
2.100000
2.100000
2.100000
2.100000
2.100000
2.100000
2.100000
2.100000
2.100000
2.100000
2.100000
2.100000
2.100000
2.100000
2.100000
2.100000
2.100000
2.100000
2.100000
2.100000
2.100000
2.100000
2.100000
2.100000
2.100000
2.100000
2.100000
2.100000
2.100000
2.100000
2.203725
2.178665
2.150627
2.125493
2.100000
2.100000
2.100000
2.100000
2.100000
2.100000
2.100000
2.100000
2.100000
2.100000
2.100000
2.100000
2.100000
2.100000
2.100000
2.100000
2.100000
2.100000
2.100000
2.100000
2.100000
2.100000
2.100000
2.100000
2.100000
2.100000
2.100000
2.100000
2.100000
2.100000
2.100000
2.100000
2.100000
2.100000
2.100000
2.100000
2.100000
2.206270
2.181171
2.156161
2.128033
2.100000
2.100000
2.100000
2.100000
2.100000
2.100000
2.100000
2.100000
2.100000
2.100000
2.100000
2.100000
2.100000
2.100000
2.100000
2.100000
2.100000
2.100000
2.100000
2.100000
2.100000
2.100000
2.100000
2.100000
2.100000
2.100000
2.100000
2.100000
2.100000
2.100000
2.100000
2.100000
2.100000
2.100000
2.100000
2.100000
2.100000
2.100000
2.200458
2.175285
2.150136
2.125084
2.100000
2.100000
2.100000
2.100000
2.100000
2.100000
2.100000
2.100000
2.100000
2.100000
2.100000
2.100000
2.100000
2.100000
2.100000
2.100000
2.100000
2.100000
2.100000
2.100000
2.100000
2.100000
2.100000
2.100000
2.100000
2.100000
2.100000
2.100000
2.100000
2.100000
2.100000
2.100000
2.100000
2.100000
2.100000
2.100000
2.100000
2.175191
2.150016
2.125002
2.100000
2.100000
2.100000
2.100000
1.960831
1.935338
1.909877
1.884448
1.858966
1.833497
1.808113
1.782560
1.756936
1.731192
1.705361
1.679669
1.654045
1.628342
1.602551
1.576864
1.551273
1.525643
1.500000
1.500000
1.500000
1.500000
1.576485
1.652802
1.728949
1.804837
1.880340
2.100000
2.200383
2.175282
2.150226
2.125178
2.100000
2.100000
2.100000
2.100000
2.100000
2.100000
2.100000
2.100000
2.100000
2.100000
2.100000
2.100000
2.100000
1.966413
1.941306
1.913925
1.886459
1.858603
1.833345
1.807917
1.782414
1.757017
1.731736
1.706343
1.680560
1.654882
1.629408
1.604023
1.578670
1.553287
1.525172
1.500000
1.500000
1.602190
1.576624
1.551145
1.525731
1.500000
1.602385
1.576721
1.550860
1.525361
1.500000
1.500000
1.500000
1.550770
1.525333
1.500000
1.500000
1.500000
1.578873
1.553266
1.525180
1.500000
1.500000
1.500000
1.500000
1.500000
1.500000
1.500000
1.500000
1.500000
1.500000
1.500000
1.500000
1.500000
1.500000
1.500000
1.500000
1.500000
1.500000
1.500000
1.500000
1.500000
1.500000
1.500000
1.576363
1.652475
1.728806
1.805411
1.881842
2.100000
2.100000
2.100000
2.100000
2.100000
2.100000
2.100000
2.100000
2.100000
2.175642
2.251324
2.326791
2.402290
2.478057
2.553849
2.629609
2.705658
2.781773
2.857569
2.933618
3.009990
3.086074
3.161973
3.238065
3.314054
3.389737
3.465732
3.541997
3.617907
3.693766
3.770025
3.846098
3.921960
3.998300
4.074767
4.150825
4.226865
4.500000
4.500000
4.500000
4.500000
4.500000
4.500000
4.500000
4.500000
4.500000
4.500000
4.500000
4.500000
4.500000
4.500000
4.500000
4.500000
4.500000
4.500000
4.500000
4.500000
4.500000
4.500000
4.500000
4.500000
4.500000
4.500000
4.500000
4.500000
4.500000
4.500000
4.500000
4.500000
4.500000
4.500000
4.500000
4.500000
4.500000
4.500000
4.500000
4.500000
4.500000
4.500000
4.500000
4.500000
4.500000
4.500000
4.500000
4.500000
4.500000
4.500000
4.500000
4.500000
4.500000
4.500000
4.500000
4.500000
4.500000
4.500000
4.500000
4.500000
4.500000
4.500000
4.500000
4.500000
4.500000
4.500000
4.500000
4.500000
4.500000
4.500000
4.500000
4.500000
4.500000
4.500000
4.500000
4.500000
4.500000
4.500000
4.500000
4.500000
4.500000
4.500000
4.500000
4.500000
4.500000
4.500000
4.500000
4.500000
4.500000
4.500000
4.500000
4.500000
4.500000
4.500000
4.500000
4.500000
4.500000
4.500000
4.500000
4.500000
4.500000
4.500000
4.500000
4.500000
4.500000
4.500000
4.500000
4.500000
4.500000
4.500000
4.500000
4.500000
4.500000
4.500000
4.500000
4.500000
4.500000
4.500000
4.500000
4.500000
4.500000
4.500000
4.500000
4.500000
4.500000
4.500000
4.500000
4.500000
4.500000
4.500000
4.500000
4.500000
4.500000
4.500000
4.500000
4.500000
4.500000
4.500000
4.500000
4.500000
4.500000
4.500000
4.500000
4.500000
4.500000
4.500000
4.500000
4.500000
4.500000
4.500000
4.500000
4.500000
4.500000
4.500000
4.500000
4.500000
4.500000
4.500000
4.500000
4.500000
4.500000
4.500000
4.500000
4.500000
4.500000
4.500000
4.500000
4.500000
4.500000
4.500000
4.500000
4.500000
4.500000
4.500000
4.500000
4.500000
4.500000
4.500000
4.500000
4.500000
4.500000
4.500000
4.500000
4.500000
4.500000
4.500000
4.500000
4.500000
4.500000
4.500000
4.500000
4.500000
4.500000
4.500000
4.500000
4.500000
4.500000
4.500000
4.500000
4.500000
4.500000
4.500000
4.500000
4.500000
4.500000
4.500000
4.500000
4.500000
4.500000
4.500000
4.500000
4.500000
4.500000
4.500000
4.500000
4.500000
4.500000
4.500000
4.350618
4.325208
4.299773
4.274259
4.248832
4.223493
4.198017
4.172536
4.147189
4.121803
4.096436
4.071114
4.045796
4.020328
3.994841
3.969420
3.943895
3.918373
3.892956
3.867484
3.841881
3.816337
3.790860
3.765351
3.739944
3.714651
3.689277
3.663841
3.638470
3.613071
3.587612
3.562284
3.536992
3.511489
3.485981
3.460559
3.435026
3.409483
3.384083
3.358704
3.333164
3.307688
3.282288
3.256841
3.231461
3.206253
3.180980
3.155551
3.130208
3.104793
3.079239
3.053808
3.028520
3.003136
2.977646
2.952240
2.926757
2.901269
2.875901
2.850567
2.825063
2.799540
2.774125
2.748592
2.723044
2.697650
2.672250
2.646729
2.621224
2.595761
2.570122
2.544595
2.519203
2.493752
2.468199
2.442764
2.417349
2.391862
2.366493
2.341183
2.315706
2.290211
2.264801
2.239311
2.213769
2.188337
2.162976
2.137486
2.111976
2.086565
2.061035
2.035517
2.010188
1.984817
1.959304
1.933842
1.908360
1.882798
1.857352
1.832084
1.806749
1.781336
1.756036
1.730815
1.705193
1.679573
1.653900
1.628062
1.602190
1.576485
1.550968
1.525488
1.500000
1.500000
1.500000
1.500000
1.500000
1.500000
1.500000
1.500000
1.500000
1.500000
1.500000
1.500000
1.500000
1.500000
1.500000
1.500000
1.500000
1.500000
1.500000
1.500000
1.500000
1.576370
1.652642
1.728729
1.804229
1.879507
2.100000
2.100000
2.100000
2.100000
2.100000
2.100000
2.100000
2.100000
2.100000
2.100000
2.100000
2.100000
2.100000
2.100000
2.100000
2.100000
2.100000
2.100000
2.100000
2.100000
2.100000
2.100000
2.100000
2.100000
2.100000
2.100000
2.201362
2.176060
2.150734
2.125384
2.100000
2.100000
2.100000
2.100000
2.100000
2.100000
2.100000
2.100000
2.150795
2.125321
2.100000
2.100000
2.100000
2.100000
2.125444
2.100000
2.100000
2.100000
2.100000
2.100000
2.100000
2.100000
2.100000
2.100000
2.100000
2.100000
2.100000
2.100000
2.100000
2.100000
2.100000
2.100000
2.100000
2.100000
2.100000
2.100000
2.100000
2.100000
2.100000
2.100000
2.100000
2.125476
2.100000
2.302495
2.277233
2.251724
2.226299
2.201037
2.175720
2.150426
2.125239
2.100000
2.100000
2.100000
2.100000
2.100000
2.100000
2.100000
2.100000
2.100000
2.100000
2.100000
2.100000
2.100000
2.100000
2.100000
2.100000
2.100000
2.100000
2.100000
2.100000
2.100000
2.100000
2.100000
2.100000
2.100000
2.100000
2.100000
2.100000
2.100000
2.100000
2.100000
2.100000
2.100000
2.100000
2.100000
2.100000
2.100000
2.100000
2.100000
2.100000
2.100000
2.100000
2.100000
2.100000
2.100000
2.100000
2.100000
2.100000
2.100000
2.100000
2.100000
2.100000
2.100000
2.100000
2.100000
2.100000
2.100000
2.100000
2.100000
2.100000
2.100000
2.100000
2.100000
2.100000
2.252193
2.226632
2.201208
2.175958
2.150680
2.125329
2.100000
2.150923
2.125428
2.100000
2.100000
2.100000
2.100000
2.100000
2.150926
2.125511
2.100000
2.100000
2.100000
2.100000
2.100000
2.100000
2.201104
2.175749
2.150560
2.125379
2.100000
2.100000
2.201545
2.176147
2.150701
2.125353
2.100000
2.100000
2.252679
2.227264
2.201863
2.176348
2.150860
2.125435
2.100000
2.100000
2.100000
2.100000
2.100000
2.100000
2.100000
2.100000
2.100000
2.100000
2.100000
2.100000
2.100000
2.100000
2.100000
2.100000
2.100000
2.100000
2.100000
2.100000
2.100000
2.100000
2.100000
2.100000
2.100000
2.100000
2.100000
2.100000
2.100000
2.100000
2.100000
2.100000
2.100000
2.100000
2.100000
2.100000
2.100000
2.100000
2.100000
2.100000
2.100000
2.100000
2.100000
2.100000
2.100000
2.100000
2.100000
2.100000
2.100000
2.100000
2.100000
2.100000
2.100000
2.100000
2.150882
2.125427
2.100000
2.100000
2.100000
2.100000
2.100000
2.100000
2.100000
2.100000
2.100000
2.100000
2.100000
2.100000
2.100000
2.100000
2.100000
2.061628
2.036132
2.010749
1.985431
1.959932
1.934368
1.908981
1.883570
1.858183
1.832880
1.807569
1.782012
1.756424
1.731005
1.705546
1.680027
1.654528
1.628992
1.603262
1.577469
1.551672
1.525862
1.500000
1.500000
1.500000
1.500000
1.500000
1.500000
1.500000
1.500000
1.500000
1.500000
1.500000
1.500000
1.500000
1.500000
1.500000
1.500000
1.500000
1.500000
1.500000
1.500000
1.500000
1.500000
1.500000
1.500000
1.500000
1.500000
1.500000
1.500000
1.500000
1.500000
1.575915
1.652137
1.727785
1.803141
1.878782
2.100000
2.100000
2.100000
2.100000
2.100000
2.100000
2.100000
2.100000
2.100000
2.100000
2.100000
2.100000
2.100000
2.175820
2.252002
2.327988
2.403923
2.480137
2.556149
2.631886
2.707843
2.784176
2.860124
3.065559
3.040303
3.015121
2.989819
2.964449
2.939176
2.913819
2.888387
2.863106
2.837857
2.812448
2.787029
2.761736
2.736303
2.710883
2.685631
2.660354
2.634925
2.609544
2.584192
2.558686
2.533284
2.508018
2.482686
2.457215
2.431837
2.406434
2.380934
2.355577
2.330289
2.304872
2.279378
2.253979
2.228491
2.202855
2.177323
2.151610
2.125728
2.100000
2.100000
2.228177
2.202425
2.176869
2.151029
2.125312
2.100000
2.175937
2.260127
2.336578
2.412978
2.489389
2.565835
2.642121
2.718277
2.794795
2.978850
2.953407
2.927665
2.902009
2.876546
2.851148
2.825850
2.800695
2.775492
2.750129
2.724951
2.696832
2.671821
2.643694
2.618586
2.593258
2.567886
2.542573
2.517287
2.491717
2.466158
2.440668
2.415276
2.390000
2.364825
2.339612
2.314478
2.289429
2.264351
2.239217
2.214055
2.188864
2.163536
2.138185
2.112879
2.087483
2.061973
2.036528
2.011049
1.985367
1.959867
1.934468
1.908987
1.883438
1.857939
1.831788
1.805893
1.780300
1.754838
1.729485
1.703920
1.678410
1.653060
1.627602
1.602094
1.576651
1.551006
1.525527
1.500000
1.500000
1.500000
1.551462
1.525591
1.500000
1.500000
1.500000
1.500000
1.527980
1.500000
1.500000
1.500000
1.500000
1.500000
1.525573
1.500000
1.500000
1.500000
1.500000
1.500000
1.500000
1.500000
1.500000
1.500000
1.500000
1.500000
1.500000
1.500000
1.500000
1.500000
1.500000
1.500000
1.500000
1.500000
1.500000
1.500000
1.500000
1.500000
1.500000
1.500000
1.500000
1.500000
1.500000
1.500000
1.500000
1.500000
1.500000
1.500000
1.500000
1.575822
1.651007
1.726216
1.930250
1.905222
1.880119
1.854972
1.829804
1.804592
1.779292
1.753801
1.728286
1.702966
1.677698
1.652426
1.627159
1.601693
1.576132
1.550767
1.525455
1.500000
1.500000
1.500000
1.500000
1.500000
1.500000
1.500000
1.500000
1.500000
1.500000
1.500000
1.500000
1.500000
1.500000
1.500000
1.500000
1.500000
1.500000
1.500000
1.500000
1.500000
1.575532
1.650945
1.726908
1.802896
1.878951
2.100000
2.100000
2.100000
2.100000
2.100000
2.100000
2.100000
2.175328
2.150204
2.125066
2.100000
2.201612
2.176377
2.151196
2.125387
2.100000
2.100000
2.100000
2.202866
2.177277
2.151667
2.125565
2.100000
2.260079
2.234744
2.209566
2.184526
2.159369
2.133962
2.108636
2.083312
2.057997
2.032683
2.007461
1.982039
1.956556
1.931261
1.906088
1.880903
1.855739
1.830469
1.804982
1.779417
1.754036
1.728813
1.703641
1.678360
1.652893
1.627323
1.601661
1.576117
1.550940
1.525706
1.500000
1.500000
1.500000
1.500000
1.500000
1.500000
1.500000
1.500000
1.500000
1.500000
1.500000
1.500000
1.500000
1.500000
1.500000
1.550967
1.525460
1.500000
1.500000
1.500000
1.500000
1.500000
1.500000
1.500000
1.500000
1.500000
1.500000
1.500000
1.500000
1.500000
1.500000
1.500000
1.500000
1.500000
1.500000
1.500000
1.500000
1.500000
1.500000
1.500000
1.500000
1.500000
1.500000
1.500000
1.500000
1.500000
1.576135
1.652517
1.728945
1.805181
1.881530
2.100000
2.100000
2.100000
2.100000
2.100000
2.100000
2.100000
2.176086
2.252084
2.327813
2.403625
2.643337
2.618125
2.592881
2.567692
2.542485
2.517260
2.492016
2.466787
2.441511
2.416156
2.390920
2.365760
2.340499
2.315104
2.289719
2.264369
2.238833
2.213253
2.187766
2.162383
2.137053
2.111830
2.086649
2.061491
2.036252
2.010970
1.985612
1.960209
1.934810
1.909283
1.883669
1.858129
1.832633
1.807114
1.781676
1.756324
1.730842
1.705277
1.679686
1.654142
1.628551
1.602913
1.577195
1.551465
1.525697
1.500000
1.500000
1.500000
1.500000
1.500000
1.500000
1.500000
1.500000
1.500000
1.500000
1.500000
1.500000
1.500000
1.500000
1.500000
1.500000
1.500000
1.500000
1.500000
1.500000
1.500000
1.500000
1.500000
1.500000
1.500000
1.500000
1.500000
1.500000
1.500000
1.500000
1.500000
1.500000
1.500000
1.500000
1.500000
1.500000
1.655230
1.629795
1.604594
1.576436
1.551109
1.525503
1.500000
1.500000
1.500000
1.500000
1.500000
1.500000
1.500000
1.500000
1.500000
1.500000
1.575622
1.651325
1.727257
1.803013
1.878812
2.100000
2.100000
2.100000
2.100000
2.100000
2.100000
2.100000
2.100000
2.100000
2.100000
2.100000
2.175750
2.251606
2.500000
2.575547
2.651295
2.727209
2.802997
2.878864
2.955024
3.031069
3.106875
3.182803
3.258833
3.334624
3.410474
3.486590
3.562577
3.638382
3.714274
3.790185
3.865872
3.941773
4.017918
4.093874
4.169702
4.245725
4.500000
4.500000
4.500000
4.500000
4.500000
4.500000
4.500000
4.500000
4.500000
4.500000
4.500000
4.500000
4.500000
4.500000
4.500000
4.500000
4.500000
4.500000
4.500000
4.500000
4.500000
4.500000
4.500000
4.500000
4.500000
4.500000
4.500000
4.500000
4.500000
4.500000
4.500000
4.500000
4.500000
4.500000
4.500000
4.500000
4.500000
4.500000
4.500000
4.500000
4.500000
4.500000
4.500000
4.500000
4.500000
4.500000
4.500000
4.500000
4.500000
4.500000
4.500000
4.500000
4.500000
4.500000
4.500000
4.500000
4.500000
4.500000
4.500000
4.500000
4.500000
4.500000
4.500000
4.500000
4.500000
4.500000
4.500000
4.500000
4.500000
4.500000
4.500000
4.500000
4.500000
4.500000
4.500000
4.500000
4.500000
4.500000
4.500000
4.500000
4.500000
4.500000
4.500000
4.500000
4.500000
4.500000
4.500000
4.500000
4.500000
4.500000
4.500000
4.500000
4.500000
4.500000
4.500000
4.500000
4.500000
4.500000
4.500000
4.500000
4.500000
4.500000
4.500000
4.500000
4.500000
4.500000
4.500000
4.500000
4.500000
4.500000
4.500000
4.500000
4.500000
4.500000
4.500000
4.500000
4.500000
4.500000
4.500000
4.500000
4.500000
4.500000
4.500000
4.500000
4.500000
4.500000
4.500000
4.500000
4.500000
4.500000
4.500000
4.500000
4.500000
4.500000
4.500000
4.500000
4.357358
4.331869
4.306408
4.280934
4.255431
4.229990
4.204531
4.179033
4.153593
4.128215
4.102787
4.077357
4.051983
4.026534
4.001035
3.975545
3.950054
3.924530
3.899049
3.873607
3.848092
3.822581
3.797173
3.771692
3.746240
3.720860
3.695506
3.670146
3.644808
3.619515
3.594203
3.568813
3.543457
3.517987
3.492457
3.466948
3.441494
3.416025
3.390574
3.365181
3.339721
3.314258
3.288899
3.263547
3.238138
3.212774
3.187428
3.161983
3.136528
3.111135
3.085696
3.060218
3.034799
3.009388
2.983880
2.958377
2.932904
2.907393
2.881898
2.856445
2.830968
2.805421
2.779953
2.754515
2.729042
2.703581
2.678154
2.652663
2.627180
2.601771
2.576333
2.550854
2.525417
2.500000
2.576250
2.652650
2.729111
2.805525
2.881852
2.958142
3.034296
3.110461
3.186808
3.409033
3.383618
3.358208
3.332822
3.307385
3.281929
3.256535
3.231143
3.205712
3.180330
3.154968
3.129546
3.104171
3.078872
3.053556
3.028217
3.002938
2.977643
2.952270
2.926964
2.901671
2.876310
2.850931
2.825592
2.800205
2.774778
2.749401
2.724026
2.698593
2.673170
2.647774
2.622305
2.596801
2.571380
2.545964
2.520512
2.495111
2.469742
2.444305
2.418898
2.393533
2.368110
2.342667
2.317314
2.291946
2.266523
2.241184
2.215873
2.190522
2.165160
2.139868
2.114500
2.089083
2.063732
2.038393
2.013003
1.987603
1.962217
1.936752
1.911264
1.885859
1.860436
1.834941
1.809479
1.784084
1.758615
1.733199
1.707838
1.682249
1.656630
1.630891
1.605116
1.579329
1.553635
1.525516
1.500000
1.500000
1.500000
1.500000
1.500000
1.500000
1.500000
1.500000
1.500000
1.500000
1.500000
1.500000
1.500000
1.500000
1.500000
1.500000
1.500000
1.500000
1.500000
1.500000
1.500000
1.500000
1.500000
1.500000
1.756838
1.731471
1.706109
1.680103
1.654840
1.629623
1.603739
1.578092
1.552866
1.527424
1.500000
1.500000
1.500000
1.500000
1.500000
1.500000
1.500000
1.500000
1.500000
1.500000
1.500000
1.500000
1.500000
1.500000
1.500000
1.500000
1.500000
1.500000
1.500000
1.500000
1.500000
1.500000
1.500000
1.500000
1.500000
1.500000
1.500000
1.500000
1.500000
1.500000
1.500000
1.500000
1.500000
1.500000
1.500000
1.500000
1.500000
1.500000
1.500000
1.500000
1.500000
1.500000
1.500000
1.500000
1.500000
1.500000
1.500000
1.500000
1.500000
1.500000
1.733723
1.705665
1.677552
1.652427
1.627224
1.602030
1.576692
1.551187
1.525549
1.500000
1.500000
1.500000
1.500000
1.500000
1.500000
1.500000
1.500000
1.500000
1.500000
1.500000
1.500000
1.500000
1.500000
1.500000
1.500000
1.500000
1.500000
1.500000
1.500000
1.500000
1.500000
1.500000
1.500000
1.500000
1.500000
1.500000
1.500000
1.500000
1.500000
1.500000
1.500000
1.500000
1.500000
1.500000
1.500000
1.500000
1.500000
1.500000
1.500000
1.500000
1.500000
1.500000
1.500000
1.500000
1.500000
1.500000
1.500000
1.500000
1.783608
1.755581
1.727591
1.702231
1.676560
1.651167
1.625858
1.600657
1.575496
1.550479
1.525271
1.500000
1.500000
1.500000
1.500000
1.500000
1.500000
1.500000
1.500000
1.500000
1.500000
1.500000
1.500000
1.500000
1.500000
1.500000
1.500000
1.500000
1.500000
1.500000
1.500000
1.500000
1.500000
1.500000
1.500000
1.500000
1.500000
1.500000
1.500000
1.500000
1.500000
1.500000
1.500000
1.500000
1.500000
1.500000
1.500000
1.500000
1.500000
1.500000
1.500000
1.500000
1.500000
1.500000
1.500000
1.500000
1.500000
1.500000
1.686843
1.661075
1.635721
1.608256
1.580856
1.553415
1.525519
1.500000
1.500000
1.500000
1.551225
1.525658
1.500000
1.500000
1.500000
1.500000
1.500000
1.500000
1.500000
1.500000
1.500000
1.500000
1.500000
1.500000
1.500000
1.500000
1.500000
1.500000
1.500000
1.500000
1.500000
1.500000
1.500000
1.500000
1.500000
1.500000
1.500000
1.500000
1.500000
1.500000
1.500000
1.500000
1.500000
1.500000
1.500000
1.500000
1.500000
1.500000
1.500000
1.500000
1.500000
1.500000
1.500000
1.500000
1.500000
1.500000
1.500000
1.577989
1.655838
1.731647
1.815830
1.890883
2.100000
2.100000
2.151353
2.125693
2.100000
2.100000
2.100000
2.100000
2.176747
2.151007
2.125469
2.100000
2.100000
2.176459
2.253040
2.329273
2.405483
2.482085
2.558606
2.635114
2.711470
2.787396
2.863179
3.125167
3.099979
3.074797
3.049584
3.024405
2.999121
2.973715
2.948435
2.923232
2.897938
2.872633
2.847441
2.822134
2.796798
2.771592
2.746456
2.721338
2.696203
2.670985
2.645740
2.620466
2.595181
2.569905
2.544623
2.519322
2.493970
2.468478
2.442983
2.417570
2.392164
2.366723
2.341305
2.315799
2.290158
2.264649
2.239281
2.213900
2.188524
2.163167
2.137655
2.112067
2.086601
2.061183
2.035778
2.010368
1.984952
1.959435
1.933896
1.908455
1.883048
1.857621
1.832247
1.806932
1.781501
1.756031
1.730706
1.705139
1.679541
1.653937
1.628245
1.602492
1.576808
1.551377
1.525860
1.500000
1.500000
1.500000
1.500000
1.500000
1.500000
1.500000
1.500000
1.500000
1.500000
1.500000
1.500000
1.500000
1.500000
1.500000
1.500000
1.500000
1.500000
1.500000
1.575904
1.651959
1.727923
1.803832
1.879898
2.100000
2.100000
2.100000
2.100000
2.100000
1.954409
1.929296
1.904207
1.879078
1.853827
1.828642
1.803532
1.778330
1.753064
1.727760
1.702406
1.676985
1.651675
1.626477
1.601241
1.576007
1.550745
1.525413
1.500000
1.500000
1.500000
1.500000
1.500000
1.500000
1.500000
1.500000
1.500000
1.500000
1.500000
1.500000
1.500000
1.500000
1.500000
1.500000
1.500000
1.500000
1.500000
1.500000
1.500000
1.500000
1.500000
1.500000
1.500000
1.500000
1.500000
1.500000
1.500000
1.500000
1.500000
1.500000
1.500000
1.500000
1.500000
1.500000
1.500000
1.500000
1.500000
1.500000
1.500000
1.500000
1.500000
1.500000
1.500000
1.500000
1.500000
1.500000
1.500000
1.500000
1.500000
1.500000
1.500000
1.500000
1.500000
1.500000
1.500000
1.500000
1.500000
1.500000
1.500000
1.500000
1.500000
1.500000
1.500000
1.500000
1.500000
1.500000
1.500000
1.500000
1.500000
1.500000
1.500000
1.500000
1.500000
1.500000
1.500000
1.500000
1.500000
1.500000
1.500000
1.500000
1.500000
1.500000
1.500000
1.500000
1.500000
1.500000
1.500000
1.500000
1.500000
1.500000
1.500000
1.500000
1.500000
1.500000
1.500000
1.500000
1.500000
1.500000
1.500000
1.500000
1.500000
1.500000
1.500000
1.500000
1.500000
1.500000
1.500000
1.500000
1.500000
1.500000
1.500000
1.500000
1.500000
1.500000
1.500000
1.500000
1.500000
1.500000
1.500000
1.500000
1.500000
1.500000
1.500000
1.500000
1.500000
1.500000
1.500000
1.500000
1.500000
1.500000
1.500000
1.500000
1.500000
1.500000
1.500000
1.500000
1.500000
1.500000
1.500000
1.500000
1.500000
1.500000
1.500000
1.500000
1.500000
1.500000
1.500000
1.500000
1.500000
1.500000
1.500000
1.500000
1.500000
1.500000
1.500000
1.500000
1.500000
1.500000
1.500000
1.500000
1.500000
1.500000
1.500000
1.500000
1.500000
1.500000
1.500000
1.500000
1.500000
1.500000
1.500000
1.500000
1.500000
1.500000
1.500000
1.500000
1.500000
1.500000
1.500000
1.500000
1.500000
1.500000
1.500000
1.500000
1.500000
1.500000
1.500000
1.500000
1.500000
1.500000
1.500000
1.500000
1.500000
1.500000
1.500000
1.500000
1.500000
1.500000
1.500000
1.500000
1.500000
1.500000
1.500000
1.500000
1.500000
1.500000
1.500000
1.500000
1.500000
1.500000
1.500000
1.500000
1.500000
1.500000
1.500000
1.500000
1.500000
1.500000
1.500000
1.500000
1.500000
1.500000
1.500000
1.500000
1.500000
1.500000
1.500000
1.500000
1.500000
1.500000
1.500000
1.500000
1.500000
1.500000
1.500000
1.500000
1.500000
1.500000
1.500000
1.500000
1.500000
1.500000
1.500000
1.500000
1.500000
1.500000
1.500000
1.500000
1.500000
1.500000
1.500000
1.500000
1.500000
1.500000
1.500000
1.500000
1.500000
1.500000
1.500000
1.500000
1.500000
1.500000
1.500000
1.500000
1.500000
1.500000
1.500000
1.500000
1.500000
1.500000
1.500000
1.500000
1.500000
1.500000
1.500000
1.500000
1.500000
1.500000
1.500000
1.500000
1.500000
1.500000
1.500000
1.500000
1.500000
1.500000
1.500000
1.500000
1.500000
1.500000
1.500000
1.500000
1.500000
1.500000
1.500000
1.500000
1.500000
1.500000
1.500000
1.500000
1.500000
1.500000
1.500000
1.500000
1.500000
1.500000
1.500000
1.500000
1.500000
1.500000
1.500000
1.500000
1.500000
1.500000
1.500000
1.500000
1.500000
1.500000
1.500000
1.500000
1.500000
1.500000
1.500000
1.500000
1.500000
1.500000
1.500000
1.500000
1.500000
1.500000
1.500000
1.500000
1.500000
1.500000
1.500000
1.500000
1.500000
1.500000
1.500000
1.500000
1.500000
1.500000
1.500000
1.500000
1.500000
1.500000
1.500000
1.500000
1.500000
1.500000
1.500000
1.500000
1.500000
1.500000
1.500000
1.500000
1.500000
1.500000
1.500000
1.500000
1.500000
1.500000
1.500000
1.500000
1.500000
1.500000
1.500000
1.500000
1.500000
1.500000
1.500000
1.500000
1.500000
1.500000
1.500000
1.500000
1.500000
1.500000
1.500000
1.500000
1.500000
1.500000
1.500000
1.500000
1.500000
1.500000
1.500000
1.500000
1.500000
1.500000
1.500000
1.500000
1.500000
1.500000
1.500000
1.500000
1.500000
1.500000
1.500000
1.500000
1.500000
1.500000
1.500000
1.500000
1.500000
1.500000
1.500000
1.500000
1.500000
1.500000
1.500000
1.500000
1.500000
1.500000
1.500000
1.500000
1.500000
1.500000
1.500000
1.500000
1.500000
1.500000
1.500000
1.500000
1.500000
1.500000
1.500000
1.500000
1.500000
1.500000
1.500000
1.500000
1.500000
1.500000
1.500000
1.500000
1.500000
1.500000
1.500000
1.500000
1.500000
1.500000
1.500000
1.500000
1.500000
1.500000
1.500000
1.500000
1.500000
1.500000
1.500000
1.500000
1.500000
1.500000
1.500000
1.500000
1.500000
1.500000
1.500000
1.500000
1.500000
1.500000
1.500000
1.500000
1.500000
1.500000
1.500000
1.500000
1.500000
1.500000
1.500000
1.500000
1.500000
1.500000
1.500000
1.500000
1.500000
1.500000
1.500000
1.500000
1.500000
1.500000
1.500000
1.500000
1.500000
1.500000
1.500000
1.500000
1.500000
1.500000
1.500000
1.500000
1.500000
1.500000
1.500000
1.500000
1.500000
1.500000
1.500000
1.500000
1.500000
1.500000
1.500000
1.500000
1.500000
1.500000
1.500000
1.500000
1.500000
1.500000
1.500000
1.500000
1.500000
1.500000
1.500000
1.500000
1.500000
1.500000
1.500000
1.500000
1.500000
1.500000
1.500000
1.500000
1.500000
1.500000
1.500000
1.500000
1.500000
1.500000
1.500000
1.500000
1.500000
1.500000
1.500000
1.500000
1.500000
1.500000
1.500000
1.500000
1.500000
1.500000
1.500000
1.500000
1.500000
1.500000
1.500000
1.500000
1.500000
1.500000
1.500000
1.500000
1.500000
1.500000
1.500000
1.500000
1.500000
1.500000
1.500000
1.500000
1.500000
1.500000
1.500000
1.500000
1.500000
1.500000
1.500000
1.500000
1.500000
1.500000
1.500000
1.500000
1.500000
1.500000
1.500000
1.500000
1.500000
1.500000
1.500000
1.500000
1.500000
1.500000
1.500000
1.500000
1.500000
1.500000
1.500000
1.500000
1.500000
1.500000
1.500000
1.500000
1.500000
1.500000
1.500000
1.500000
1.500000
1.500000
1.500000
1.500000
1.500000
1.500000
1.500000
1.500000
1.500000
1.500000
1.500000
1.500000
1.500000
1.500000
1.500000
1.500000
1.500000
1.500000
1.500000
1.500000
1.500000
1.500000
1.500000
1.500000
1.500000
1.500000
1.500000
1.500000
1.500000
1.500000
1.500000
1.500000
1.500000
1.500000
1.500000
1.500000
1.500000
1.500000
1.500000
1.500000
1.500000
1.500000
1.500000
1.500000
1.500000
1.500000
1.500000
1.500000
1.500000
1.500000
1.500000
1.500000
1.500000
1.500000
1.500000
1.500000
1.500000
1.500000
1.500000
1.500000
1.500000
1.500000
1.500000
1.500000
1.500000
1.500000
1.500000
1.500000
1.500000
1.500000
1.500000
1.500000
1.500000
1.500000
1.500000
1.500000
1.500000
1.500000
1.500000
1.500000
1.500000
1.500000
1.500000
1.500000
1.500000
1.500000
1.500000
1.500000
1.500000
1.500000
1.500000
1.500000
1.500000
1.500000
1.500000
1.500000
1.500000
1.500000
1.500000
1.500000
1.500000
1.500000
1.500000
1.500000
1.500000
1.500000
1.500000
1.500000
1.500000
1.500000
1.500000
1.500000
1.500000
1.500000
1.500000
1.500000
1.500000
1.500000
1.500000
1.500000
1.500000
1.500000
1.500000
1.500000
1.500000
1.500000
1.500000
1.500000
1.500000
1.500000
1.500000
1.500000
1.500000
1.500000
1.500000
1.500000
1.500000
1.500000
1.500000
1.500000
1.500000
1.500000
1.500000
1.500000
1.500000
1.500000
1.500000
1.500000
1.500000
1.500000
1.500000
1.500000
1.500000
1.500000
1.500000
1.500000
1.500000
1.500000
1.500000
1.500000
1.500000
1.500000
1.500000
1.500000
1.500000
1.500000
1.500000
1.500000
1.500000
1.500000
1.500000
1.500000
1.500000
1.500000
1.500000
1.500000
1.500000
1.500000
1.500000
1.500000
1.500000
1.500000
1.500000
1.500000
1.500000
1.500000
1.500000
1.500000
1.500000
1.500000
1.500000
1.500000
1.500000
1.500000
1.500000
1.500000
1.500000
1.500000
1.500000
1.500000
1.500000
1.500000
1.500000
1.500000
1.500000
1.500000
1.500000
1.500000
1.500000
1.500000
1.500000
1.500000
1.500000
1.500000
1.500000
1.500000
1.500000
1.500000
1.500000
1.500000
1.500000
1.500000
1.500000
1.500000
1.500000
1.500000
1.500000
1.500000
1.500000
1.500000
1.500000
1.500000
1.500000
1.500000
1.500000
1.500000
1.500000
1.500000
1.500000
1.500000
1.500000
1.500000
1.500000
1.500000
1.500000
1.500000
1.500000
1.500000
1.500000
1.500000
1.500000
1.500000
1.500000
1.500000
1.500000
1.500000
1.500000
1.500000
1.500000
1.500000
1.500000
1.500000
1.500000
1.500000
1.500000
1.500000
1.500000
1.500000
1.500000
1.500000
1.500000
1.500000
1.500000
1.500000
1.500000
1.500000
1.500000
1.500000
1.500000
1.500000
1.500000
1.500000
1.500000
1.500000
1.500000
1.500000
1.500000
1.500000
1.500000
1.500000
1.500000
1.500000
1.500000
1.500000
1.500000
1.500000
1.500000
1.500000
1.500000
1.500000
1.500000
1.500000
1.500000
1.500000
1.500000
1.500000
1.500000
1.500000
1.500000
1.500000
1.500000
1.500000
1.500000
1.500000
1.500000
1.500000
1.500000
1.500000
1.500000
1.500000
1.500000
1.500000
1.500000
1.500000
1.500000
1.500000
1.500000
1.500000
1.500000
1.500000
1.500000
1.500000
1.500000
1.500000
1.500000
1.500000
1.500000
1.500000
1.500000
1.500000
1.500000
1.500000
1.500000
1.500000
1.500000
1.500000
1.500000
1.500000
1.500000
1.500000
1.500000
1.500000
1.500000
1.500000
1.500000
1.500000
1.500000
1.500000
1.500000
1.500000
1.500000
1.500000
1.500000
1.500000
1.500000
1.500000
1.500000
1.500000
1.500000
1.500000
1.500000
1.500000
1.500000
1.500000
1.500000
1.500000
1.500000
1.500000
1.500000
1.500000
1.500000
1.500000
1.500000
1.500000
1.500000
1.500000
1.500000
1.500000
1.500000
1.500000
1.500000
1.500000
1.500000
1.500000
1.500000
1.500000
1.500000
1.500000
1.500000
1.500000
1.500000
1.500000
1.500000
1.500000
1.500000
1.500000
1.500000
1.500000
1.500000
1.500000
1.500000
1.500000
1.500000
1.500000
1.500000
1.500000
1.500000
1.500000
1.500000
1.500000
1.500000
1.500000
1.500000
1.500000
1.500000
1.500000
1.500000
1.500000
1.500000
1.500000
1.500000
1.500000
1.500000
1.500000
1.500000
1.500000
1.500000
1.500000
1.500000
1.500000
1.500000
1.500000
1.500000
1.500000
1.500000
1.500000
1.500000
1.500000
1.500000
1.500000
1.500000
1.500000
1.500000
1.500000
1.500000
1.500000
1.500000
1.500000
1.500000
1.500000
1.500000
1.500000
1.500000
1.500000
1.500000
1.500000
1.500000
1.500000
1.500000
1.500000
1.500000
1.500000
1.500000
1.500000
1.500000
1.500000
1.500000
1.500000
1.500000
1.500000
1.500000
1.500000
1.500000
1.500000
1.500000
1.500000
1.500000
1.500000
1.500000
1.500000
1.500000
1.500000
1.500000
1.500000
1.500000
1.500000
1.500000
1.500000
1.500000
1.500000
1.500000
1.500000
1.500000
1.500000
1.500000
1.500000
1.500000
1.500000
1.500000
1.500000
1.500000
1.500000
1.500000
1.500000
1.500000
1.500000
1.500000
1.500000
1.500000
1.500000
1.500000
1.500000
1.500000
1.500000
1.500000
1.500000
1.500000
1.500000
1.500000
1.500000
1.500000
1.500000
1.500000
1.500000
1.500000
1.500000
1.500000
1.500000
1.500000
1.500000
1.500000
1.500000
1.500000
1.500000
1.500000
1.500000
1.500000
1.500000
1.500000
1.500000
1.500000
1.500000
1.500000
1.500000
1.500000
1.500000
1.500000
1.500000
1.500000
1.500000
1.500000
1.500000
1.500000
1.500000
1.500000
1.500000
1.500000
1.500000
1.500000
1.500000
1.500000
1.500000
1.500000
1.500000
1.500000
1.500000
1.500000
1.500000
1.500000
1.500000
1.500000
1.500000
1.500000
1.500000
1.500000
1.500000
1.500000
1.500000
1.500000
1.500000
1.500000
1.500000
1.500000
1.500000
1.500000
1.500000
1.500000
1.500000
1.500000
1.500000
1.500000
1.500000
1.500000
1.500000
1.500000
1.500000
1.500000
1.500000
1.500000
1.500000
1.500000
1.500000
1.500000
1.500000
1.500000
1.500000
1.500000
1.500000
1.500000
1.500000
1.500000
1.500000
1.500000
1.500000
1.500000
1.500000
1.500000
1.500000
1.500000
1.500000
1.500000
1.500000
1.500000
1.500000
1.500000
1.500000
1.500000
1.500000
1.500000
1.500000
1.500000
1.500000
1.500000
1.500000
1.500000
1.500000
1.500000
1.500000
1.500000
1.500000
1.500000
1.500000
1.500000
1.500000
1.500000
1.500000
1.500000
1.500000
1.500000
1.500000
1.500000
1.500000
1.500000
1.500000
1.500000
1.500000
1.500000
1.500000
1.500000
1.500000
1.500000
1.500000
1.500000
1.500000
1.500000
1.500000
1.500000
1.500000
1.500000
1.500000
1.500000
1.500000
1.500000
1.500000
1.500000
1.500000
1.500000
1.500000
1.500000
1.500000
1.500000
1.500000
1.500000
1.500000
1.500000
1.500000
1.500000
1.500000
1.500000
1.500000
1.500000
1.500000
1.500000
1.500000
1.500000
1.500000
1.500000
1.500000
1.500000
1.500000
1.500000
1.500000
1.500000
1.500000
1.500000
1.500000
1.500000
1.500000
1.500000
1.500000
1.500000
1.500000
1.500000
1.500000
1.500000
1.500000
1.500000
1.500000
1.500000
1.500000
1.500000
1.500000
1.500000
1.500000
1.500000
1.500000
1.500000
1.500000
1.500000
1.500000
1.500000
1.500000
1.500000
1.500000
1.500000
1.500000
1.500000
1.500000
1.500000
1.500000
1.500000
1.500000
1.500000
1.500000
1.500000
1.500000
1.500000
1.500000
1.500000
1.500000
1.500000
1.500000
1.500000
1.500000
1.500000
1.500000
1.500000
1.500000
1.500000
1.500000
1.500000
1.500000
1.500000
1.500000
1.500000
1.500000
1.500000
1.500000
1.500000
1.500000
1.500000
1.500000
1.500000
1.500000
1.500000
1.500000
1.500000
1.500000
1.500000
1.500000
1.500000
1.500000
1.500000
1.500000
1.500000
1.500000
1.500000
1.500000
1.500000
1.500000
1.500000
1.500000
1.500000
1.500000
1.500000
1.500000
1.500000
1.500000
1.500000
1.500000
1.500000
1.500000
1.500000
1.500000
1.500000
1.500000
1.500000
1.500000
1.500000
1.500000
1.500000
1.500000
1.500000
1.500000
1.500000
1.500000
1.500000
1.500000
1.500000
1.500000
1.500000
1.500000
1.500000
1.500000
1.500000
1.500000
1.500000
1.500000
1.500000
1.500000
1.500000
1.500000
1.500000
1.500000
1.500000
1.500000
1.500000
1.500000
1.500000
1.500000
1.500000
1.500000
1.500000
1.500000
1.500000
1.500000
1.500000
1.500000
1.500000
1.500000
1.500000
1.500000
1.500000
1.500000
1.500000
1.500000
1.500000
1.500000
1.500000
1.500000
1.500000
1.500000
1.500000
1.500000
1.500000
1.500000
1.500000
1.500000
1.500000
1.500000
1.500000
1.500000
1.500000
1.500000
1.500000
1.500000
1.500000
1.500000
1.500000
1.500000
1.500000
1.500000
1.500000
1.500000
1.500000
1.500000
1.500000
1.500000
1.500000
1.500000
1.500000
1.500000
1.500000
1.500000
1.500000
1.500000
1.500000
1.500000
1.500000
1.500000
1.500000
1.500000
1.500000
1.500000
1.500000
1.500000
1.500000
1.500000
1.500000
1.500000
1.500000
1.500000
1.500000
1.500000
1.500000
1.500000
1.500000
1.500000
1.500000
1.500000
1.500000
1.500000
1.500000
1.500000
1.500000
1.500000
1.500000
1.500000
1.500000
1.500000
1.500000
1.500000
1.500000
1.500000
1.500000
1.500000
1.500000
1.500000
1.500000
1.500000
1.500000
1.500000
1.500000
1.500000
1.500000
1.500000
1.500000
1.500000
1.500000
1.500000
1.500000
1.500000
1.500000
1.500000
1.500000
1.500000
1.500000
1.500000
1.500000
1.500000
1.500000
1.500000
1.500000
1.500000
1.500000
1.500000
1.500000
1.500000
1.500000
1.500000
1.500000
1.500000
1.500000
1.500000
1.500000
1.500000
1.500000
1.500000
1.500000
1.500000
1.500000
1.500000
1.500000
1.500000
1.500000
1.500000
1.500000
1.500000
1.500000
1.500000
1.500000
1.500000
1.500000
1.500000
1.500000
1.500000
1.500000
1.500000
1.500000
1.500000
1.500000
1.500000
1.500000
1.500000
1.500000
1.500000
1.500000
1.500000
1.500000
1.500000
1.500000
1.500000
1.500000
1.500000
1.500000
1.500000
1.500000
1.500000
1.500000
1.500000
1.500000
1.500000
1.500000
1.500000
1.500000
1.500000
1.500000
1.500000
1.500000
1.500000
1.500000
1.500000
1.500000
1.500000
1.500000
1.500000
1.500000
1.500000
1.500000
1.500000
1.500000
1.500000
1.500000
1.500000
1.500000
1.500000
1.500000
1.500000
1.500000
1.500000
1.500000
1.500000
1.500000
1.500000
1.500000
1.500000
1.500000
1.500000
1.500000
1.500000
1.500000
1.500000
1.500000
1.500000
1.500000
1.500000
1.500000
1.500000
1.500000
1.500000
1.500000
1.500000
1.500000
1.500000
1.500000
1.500000
1.500000
1.500000
1.500000
1.500000
1.500000
1.500000
1.500000
1.500000
1.500000
1.500000
1.500000
1.500000
1.500000
1.500000
1.500000
1.500000
1.500000
1.500000
1.500000
1.500000
1.500000
1.500000
1.500000
1.500000
1.500000
1.500000
1.500000
1.500000
1.500000
1.500000
1.500000
1.500000
1.500000
1.500000
1.500000
1.500000
1.500000
1.500000
1.500000
1.500000
1.500000
1.500000
1.500000
1.500000
1.500000
1.500000
1.500000
1.500000
1.500000
1.500000
1.500000
1.500000
1.500000
1.500000
1.500000
1.500000
1.500000
1.500000
1.500000
1.500000
1.500000
1.500000
1.500000
1.500000
1.500000
1.500000
1.500000
1.500000
1.500000
1.500000
1.500000
1.500000
1.500000
1.500000
1.500000
1.500000
1.500000
1.500000
1.500000
1.500000
1.500000
1.500000
1.500000
1.500000
1.500000
1.500000
1.500000
1.500000
1.500000
1.500000
1.500000
1.500000
1.500000
1.500000
1.500000
1.500000
1.500000
1.500000
1.500000
1.500000
1.500000
1.500000
1.500000
1.500000
1.500000
1.500000
1.500000
1.500000
1.500000
1.500000
1.500000
1.500000
1.500000
1.500000
1.500000
1.500000
1.500000
1.500000
1.500000
1.500000
1.500000
1.500000
1.500000
1.500000
1.500000
1.500000
1.500000
1.500000
1.500000
1.500000
1.500000
1.500000
1.500000
1.500000
1.500000
1.500000
1.500000
1.500000
1.500000
1.500000
1.500000
1.500000
1.500000
1.500000
1.500000
1.500000
1.500000
1.500000
1.500000
1.500000
1.500000
1.500000
1.500000
1.500000
1.500000
1.500000
1.500000
1.500000
1.500000
1.500000
1.500000
1.500000
1.500000
1.500000
1.500000
1.500000
1.500000
1.500000
1.500000
1.500000
1.500000
1.500000
1.500000
1.500000
1.500000
1.500000
1.500000
1.500000
1.500000
1.500000
1.500000
1.500000
1.500000
1.500000
1.500000
1.500000
1.500000
1.500000
1.500000
1.500000
1.500000
1.500000
1.500000
1.500000
1.500000
1.500000
1.500000
1.500000
1.500000
1.500000
1.500000
1.500000
1.500000
1.500000
1.500000
1.500000
1.500000
1.500000
1.500000
1.500000
1.500000
1.500000
1.500000
1.500000
1.500000
1.500000
1.500000
1.500000
1.500000
1.500000
1.500000
1.500000
1.500000
1.500000
1.500000
1.500000
1.500000
1.500000
1.500000
1.500000
1.500000
1.500000
1.500000
1.500000
1.500000
1.500000
1.500000
1.500000
1.500000
1.500000
1.500000
1.500000
1.500000
1.500000
1.500000
1.500000
1.500000
1.500000
1.500000
1.500000
1.500000
1.500000
1.500000
1.500000
1.500000
1.500000
1.500000
1.500000
1.500000
1.500000
1.500000
1.500000
1.500000
1.500000
1.500000
1.500000
1.500000
1.500000
1.500000
1.500000
1.500000
1.500000
1.500000
1.500000
1.500000
1.500000
1.500000
1.500000
1.500000
1.500000
1.500000
1.500000
1.500000
1.500000
1.500000
1.500000
1.500000
1.500000
1.500000
1.500000
1.500000
1.500000
1.500000
1.500000
1.500000
1.500000
1.500000
1.500000
1.500000
1.500000
1.500000
1.500000
1.500000
1.500000
1.500000
1.500000
1.500000
1.500000
1.500000
1.500000
1.500000
1.500000
1.500000
1.500000
1.500000
1.500000
1.500000
1.500000
1.500000
1.500000
1.500000
1.500000
1.500000
1.500000
1.500000
1.500000
1.500000
1.500000
1.500000
1.500000
1.500000
1.500000
1.500000
1.500000
1.500000
1.500000
1.500000
1.500000
1.500000
1.500000
1.500000
1.500000
1.500000
1.500000
1.500000
1.500000
1.500000
1.500000
1.500000
1.500000
1.500000
1.500000
1.500000
1.500000
1.500000
1.500000
1.500000
1.500000
1.500000
1.500000
1.500000
1.500000
1.500000
1.500000
1.500000
1.500000
1.500000
1.500000
1.500000
1.500000
1.500000
1.500000
1.500000
1.500000
1.500000
1.500000
1.500000
1.500000
1.500000
1.500000
1.500000
1.500000
1.500000
1.500000
1.500000
1.500000
1.500000
1.500000
1.500000
1.500000
1.500000
1.500000
1.500000
1.500000
1.500000
1.500000
1.500000
1.500000
1.500000
1.500000
1.500000
1.500000
1.500000
1.500000
1.500000
1.500000
1.500000
1.500000
1.500000
1.500000
1.500000
1.500000
1.500000
1.500000
1.500000
1.500000
1.500000
1.500000
1.500000
1.500000
1.500000
1.500000
1.500000
1.500000
1.500000
1.500000
1.500000
1.500000
1.500000
1.500000
1.500000
1.500000
1.500000
1.500000
1.500000
1.500000
1.500000
1.500000
1.500000
1.500000
1.500000
1.500000
1.500000
1.500000
1.500000
1.500000
1.500000
1.500000
1.500000
1.500000
1.500000
1.500000
1.500000
1.500000
1.500000
1.500000
1.500000
1.500000
1.500000
1.500000
1.500000
1.500000
1.500000
1.500000
1.500000
1.500000
1.500000
1.500000
1.500000
1.500000
1.500000
1.500000
1.500000
1.500000
1.500000
1.500000
1.500000
1.500000
1.500000
1.500000
1.500000
1.500000
1.500000
1.500000
1.500000
1.500000
1.500000
1.500000
1.500000
1.500000
1.500000
1.500000
1.500000
1.500000
1.500000
1.500000
1.500000
1.500000
1.500000
1.500000
1.500000
1.500000
1.500000
1.500000
1.500000
1.500000
1.500000
1.500000
1.500000
1.500000
1.500000
1.500000
1.500000
1.500000
1.500000
1.500000
1.500000
1.500000
1.500000
1.500000
1.500000
1.500000
1.500000
1.500000
1.500000
1.500000
1.500000
1.500000
1.500000
1.500000
1.500000
1.500000
1.500000
1.500000
1.500000
1.500000
1.500000
1.500000
1.500000
1.500000
1.500000
1.500000
1.500000
1.500000
1.500000
1.500000
1.500000
1.500000
1.500000
1.500000
1.500000
1.500000
1.500000
1.500000
1.500000
1.500000
1.500000
1.500000
1.500000
1.500000
1.500000
1.500000
1.500000
1.500000
1.500000
1.500000
1.500000
1.500000
1.500000
1.500000
1.500000
1.500000
1.500000
1.500000
1.500000
1.500000
1.500000
1.500000
1.500000
1.500000
1.500000
1.500000
1.500000
1.500000
1.500000
1.500000
1.500000
1.500000
1.500000
1.500000
1.500000
1.500000
1.500000
1.500000
1.500000
1.500000
1.500000
1.500000
1.500000
1.500000
1.500000
1.500000
1.500000
1.500000
1.500000
1.500000
1.500000
1.500000
1.500000
1.500000
1.500000
1.500000
1.500000
1.500000
1.500000
1.500000
1.500000
1.500000
1.500000
1.500000
1.500000
1.500000
1.500000
1.500000
1.500000
1.500000
1.500000
1.500000
1.500000
1.500000
1.500000
1.500000
1.500000
1.500000
1.500000
1.500000
1.500000
1.500000
1.500000
1.500000
1.500000
1.500000
1.500000
1.500000
1.500000
1.500000
1.500000
1.500000
1.500000
1.500000
1.500000
1.500000
1.500000
1.500000
1.500000
1.500000
1.500000
1.500000
1.500000
1.500000
1.500000
1.500000
1.500000
1.500000
1.500000
1.500000
1.500000
1.500000
1.500000
1.500000
1.500000
1.500000
1.500000
1.500000
1.500000
1.500000
1.500000
1.500000
1.500000
1.500000
1.500000
1.500000
1.500000
1.500000
1.500000
1.500000
1.500000
1.500000
1.500000
1.500000
1.500000
1.500000
1.500000
1.500000
1.500000
1.500000
1.500000
1.500000
1.500000
1.500000
1.500000
1.500000
1.500000
1.500000
1.500000
1.500000
1.500000
1.500000
1.500000
1.500000
1.500000
1.500000
1.500000
1.500000
1.500000
1.500000
1.500000
1.500000
1.500000
1.500000
1.500000
1.500000
1.500000
1.500000
1.500000
1.500000
1.500000
1.500000
1.500000
1.500000
1.500000
1.500000
1.500000
1.500000
1.500000
1.500000
1.500000
1.500000
1.500000
1.500000
1.500000
1.500000
1.500000
1.500000
1.500000
1.500000
1.500000
1.500000
1.500000
1.500000
1.500000
1.500000
1.500000
1.500000
1.500000
1.500000
1.500000
1.500000
1.500000
1.500000
1.500000
1.500000
1.500000
1.500000
1.500000
1.500000
1.500000
1.500000
1.500000
1.500000
1.500000
1.500000
1.500000
1.500000
1.500000
1.500000
1.500000
1.500000
1.500000
1.500000
1.500000
1.500000
1.500000
1.500000
1.500000
1.500000
1.500000
1.500000
1.500000
1.500000
1.500000
1.500000
1.500000
1.500000
1.500000
1.500000
1.500000
1.500000
1.500000
1.500000
1.500000
1.500000
1.500000
1.500000
1.500000
1.500000
1.500000
1.500000
1.500000
1.500000
1.500000
1.500000
1.500000
1.500000
1.500000
1.500000
1.500000
1.500000
1.500000
1.500000
1.500000
1.500000
1.500000
1.500000
1.500000
1.500000
1.500000
1.500000
1.500000
1.500000
1.500000
1.500000
1.500000
1.500000
1.500000
1.500000
1.500000
1.500000
1.500000
1.500000
1.500000
1.500000
1.500000
1.500000
1.500000
1.500000
1.500000
1.500000
1.500000
1.500000
1.500000
1.500000
1.500000
1.500000
1.500000
1.500000
1.500000
1.500000
1.500000
1.500000
1.500000
1.500000
1.500000
1.500000
1.500000
1.500000
1.500000
1.500000
1.500000
1.500000
1.500000
1.500000
1.500000
1.500000
1.500000
1.500000
1.500000
1.500000
1.500000
1.500000
1.500000
1.500000
1.500000
1.500000
1.500000
1.500000
1.500000
1.500000
1.500000
1.500000
1.500000
1.500000
1.500000
1.500000
1.500000
1.500000
1.500000
1.500000
1.500000
1.500000
1.500000
1.500000
1.500000
1.500000
1.500000
1.500000
1.500000
1.500000
1.500000
1.500000
1.500000
1.500000
1.500000
1.500000
1.500000
1.500000
1.500000
1.500000
1.500000
1.500000
1.500000
1.500000
1.500000
1.500000
1.500000
1.500000
1.500000
1.500000
1.500000
1.500000
1.500000
1.500000
1.500000
1.500000
1.500000
1.500000
1.500000
1.500000
1.500000
1.500000
1.500000
1.500000
1.500000
1.500000
1.500000
1.500000
1.500000
1.500000
1.500000
1.500000
1.500000
1.500000
1.500000
1.500000
1.500000
1.500000
1.500000
1.500000
1.500000
1.500000
1.500000
1.500000
1.500000
1.500000
1.500000
1.500000
1.500000
1.500000
1.500000
1.500000
1.500000
1.500000
1.500000
1.500000
1.500000
1.500000
1.500000
1.500000
1.500000
1.500000
1.500000
1.500000
1.500000
1.500000
1.500000
1.500000
1.500000
1.500000
1.500000
1.500000
1.500000
1.500000
1.500000
1.500000
1.500000
1.500000
1.500000
1.500000
1.500000
1.500000
1.500000
1.500000
1.500000
1.500000
1.500000
1.500000
1.500000
1.500000
1.500000
1.500000
1.500000
1.500000
1.500000
1.500000
1.500000
1.500000
1.500000
1.500000
1.500000
1.500000
1.500000
1.500000
1.500000
1.500000
1.500000
1.500000
1.500000
1.500000
1.500000
1.500000
1.500000
1.500000
1.500000
1.500000
1.500000
1.500000
1.500000
1.500000
1.500000
1.500000
1.500000
1.500000
1.500000
1.500000
1.500000
1.500000
1.500000
1.500000
1.500000
1.500000
1.500000
1.500000
1.500000
1.500000
1.500000
1.500000
1.500000
1.500000
1.500000
1.500000
1.500000
1.500000
1.500000
1.500000
1.500000
1.500000
1.500000
1.500000
1.500000
1.500000
1.500000
1.500000
1.500000
1.500000
1.500000
1.500000
1.500000
1.500000
1.500000
1.500000
1.500000
1.500000
1.500000
1.500000
1.500000
1.500000
1.500000
1.500000
1.500000
1.500000
1.500000
1.500000
1.500000
1.500000
1.500000
1.500000
1.500000
1.500000
1.500000
1.500000
1.500000
1.500000
1.500000
1.500000
1.500000
1.500000
1.500000
1.500000
1.500000
1.500000
1.500000
1.500000
1.500000
1.500000
1.500000
1.500000
1.500000
1.500000
1.500000
1.500000
1.500000
1.500000
1.500000
1.500000
1.500000
1.500000
1.500000
1.500000
1.500000
1.500000
1.500000
1.500000
1.500000
1.500000
1.500000
1.500000
1.500000
1.500000
1.500000
1.500000
1.500000
1.500000
1.500000
1.500000
1.500000
1.500000
1.500000
1.500000
1.500000
1.500000
1.500000
1.500000
1.500000
1.500000
1.500000
1.500000
1.500000
1.500000
1.500000
1.500000
1.500000
1.500000
1.500000
1.500000
1.500000
1.500000
1.500000
1.500000
1.500000
1.500000
1.500000
1.500000
1.500000
1.500000
1.500000
1.500000
1.500000
1.500000
1.500000
1.500000
1.500000
1.500000
1.500000
1.500000
1.500000
1.500000
1.500000
1.500000
1.500000
1.500000
1.500000
1.500000
1.500000
1.500000
1.500000
1.500000
1.500000
1.500000
1.500000
1.500000
1.500000
1.500000
1.500000
1.500000
1.500000
1.500000
1.500000
1.500000
1.500000
1.500000
1.500000
1.500000
1.500000
1.500000
1.500000
1.500000
1.500000
1.500000
1.500000
1.500000
1.500000
1.500000
1.500000
1.500000
1.500000
1.500000
1.500000
1.500000
1.500000
1.500000
1.500000
1.500000
1.500000
1.500000
1.500000
1.500000
1.500000
1.500000
1.500000
1.500000
1.500000
1.500000
1.500000
1.500000
1.500000
1.500000
1.500000
1.500000
1.500000
1.500000
1.500000
1.500000
1.500000
1.500000
1.500000
1.500000
1.500000
1.500000
1.500000
1.500000
1.500000
1.500000
1.500000
1.500000
1.500000
1.500000
1.500000
1.500000
1.500000
1.500000
1.500000
1.500000
1.500000
1.500000
1.500000
1.500000
1.500000
1.500000
1.500000
1.500000
1.500000
1.500000
1.500000
1.500000
1.500000
1.500000
1.500000
1.500000
1.500000
1.500000
1.500000
1.500000
1.500000
1.500000
1.500000
1.500000
1.500000
1.500000
1.500000
1.500000
1.500000
1.500000
1.500000
1.500000
1.500000
1.500000
1.500000
1.500000
1.500000
1.500000
1.500000
1.500000
1.500000
1.500000
1.500000
1.500000
1.500000
1.500000
1.500000
1.500000
1.500000
1.500000
1.500000
1.500000
1.500000
1.500000
1.500000
1.500000
1.500000
1.500000
1.500000
1.500000
1.500000
1.500000
1.500000
1.500000
1.500000
1.500000
1.500000
1.500000
1.500000
1.500000
1.500000
1.500000
1.500000
1.500000
1.500000
1.500000
1.500000
1.500000
1.500000
1.500000
1.500000
1.500000
1.500000
1.500000
1.500000
1.500000
1.500000
1.500000
1.500000
1.500000
1.500000
1.500000
1.500000
1.500000
1.500000
1.500000
1.500000
1.500000
1.500000
1.500000
1.500000
1.500000
1.500000
1.500000
1.500000
1.500000
1.500000
1.500000
1.500000
1.500000
1.500000
1.500000
1.500000
1.500000
1.500000
1.500000
1.500000
1.500000
1.500000
1.500000
1.500000
1.500000
1.500000
1.500000
1.500000
1.500000
1.500000
1.500000
1.500000
1.500000
1.500000
1.500000
1.500000
1.500000
1.500000
1.500000
1.500000
1.500000
1.500000
1.500000
1.500000
1.500000
1.500000
1.500000
1.500000
1.500000
1.500000
1.500000
1.500000
1.500000
1.500000
1.500000
1.500000
1.500000
1.500000
1.500000
1.500000
1.500000
1.500000
1.500000
1.500000
1.500000
1.500000
1.500000
1.500000
1.500000
1.500000
1.500000
1.500000
1.500000
1.500000
1.500000
1.500000
1.500000
1.500000
1.500000
1.500000
1.500000
1.500000
1.500000
1.500000
1.500000
1.500000
1.500000
1.500000
1.500000
1.500000
1.500000
1.500000
1.500000
1.500000
1.500000
1.500000
1.500000
1.500000
1.500000
1.500000
1.500000
1.500000
1.500000
1.500000
1.500000
1.500000
1.500000
1.500000
1.500000
1.500000
1.500000
1.500000
1.500000
1.500000
1.500000
1.500000
1.500000
1.500000
1.500000
1.500000
1.500000
1.500000
1.500000
1.500000
1.500000
1.500000
1.500000
1.500000
