3.698220
14.893275
25.920603
36.702873
47.460247
58.276787
69.141235
79.908531
90.523941
101.096436
111.621353
122.211273
132.905624
143.557037
154.118912
164.671127
175.181656
185.686310
196.292160
206.820557
217.217407
227.586838
237.951202
248.287933
258.609833
268.919952
279.189545
289.425873
299.701355
309.967621
320.190002
330.361969
340.516296
350.635559
360.756927
370.944031
381.134064
391.282196
401.432129
411.562042
421.627960
431.697876
441.820099
451.921021
461.995758
472.088562
482.141876
493.802612
503.814941
513.875854
523.907166
533.942627
543.986267
554.047302
564.131775
574.341064
584.449158
594.486450
606.149414
617.810913
629.434326
641.026550
652.676880
664.288391
674.361084
684.511780
694.537903
706.163940
717.756042
729.330139
740.964111
752.574402
764.129089
775.780762
787.395935
798.469727
808.688721
818.792053
829.062988
840.103149
850.362427
861.190491
872.004639
882.869141
893.557861
904.003052
914.216309
925.087708
935.344666
946.041931
956.408691
967.224976
978.003662
989.238892
999.879456
1010.588257
1021.280273
1032.165283
1042.781738
1053.624390
1064.578857
1075.365479
1086.045776
1096.472656
1107.008911
1117.678345
1128.361572
1139.208862
1149.928345
1160.609863
1171.290894
1181.725220
1191.957764
1202.829834
1212.940430
1223.525146
1234.533325
1245.616089
1256.991577
1268.484985
1279.907837
1291.424072
1302.999268
1314.532227
1326.192627
1336.266235
1346.389160
1356.634399
1367.007080
1377.331177
1387.637573
1397.981812
1408.333862
1418.667603
1429.018188
1439.353882
1449.638062
1459.949097
1470.300049
1480.625244
1490.931152
1501.224243
1511.479248
1521.606445
1532.526489
1542.770630
1553.603394
1564.645752
1575.285156
1586.197632
1596.473877
1606.582397
1617.382324
1627.961792
1638.320679
1648.584106
1658.781738
1668.952881
1679.095581
1689.241211
1699.498291
1709.869507
1720.354492
1730.790894
1741.258057
1751.754272
1762.250000
1772.693115
1783.107666
1793.589722
1804.128296
1814.685303
1825.617676
1836.326782
1847.603882
1857.967773
1868.089966
1878.422363
1889.311401
1900.589478
1911.989014
1923.397461
1934.855713
1946.420288
1956.536743
1966.821655
1977.079834
1987.340088
1997.663086
2007.988647
2018.290405
2028.608643
2038.952026
2049.292725
2059.690918
2070.123779
2080.512207
2090.841797
2101.161865
2111.469971
2121.739258
2132.017334
2142.268555
2152.463867
2162.658447
2172.859375
2183.037354
2193.206543
2203.386963
2213.521240
2223.607666
2233.692139
2245.256348
2256.017090
2267.152344
2278.191406
2288.719971
2299.027100
2309.967773
2320.289307
2331.096924
2341.503906
2352.271484
2362.834717
2373.148926
2383.859375
2394.983887
2405.361572
2416.252686
2427.089600
2437.341797
2447.900635
2458.531250
2468.950439
2478.975342
2489.794189
2500.268555
2510.456299
2521.405029
2532.529053
2543.802734
2555.005371
2565.084961
2575.628174
2586.603027
2597.740234
2608.295410
2619.325928
2630.091309
2640.273438
2650.497314
2660.518799
2671.290771
2681.709229
2691.758789
2702.515869
2713.167236
2723.786621
2734.391357
2744.829590
2755.210205
2765.577393
2775.978271
2786.458496
2796.932617
2807.476807
2818.073730
2828.641113
2838.874512
2849.257080
2860.248291
2870.697021
2881.008789
2891.476318
2902.464844
2913.884521
2925.167480
2935.390137
2945.770264
2956.605225
2967.081543
2977.304688
2988.302734
2998.946045
3009.173828
3019.238281
3030.028564
3040.620361
3051.565918
3062.649414
3073.714600
3084.981445
3095.014160
3105.614990
3116.573730
3127.762939
3138.568359
3148.629883
3158.747559
3169.597412
3180.265137
3190.682617
3200.715576
3211.397949
3221.685059
3231.712402
3242.595459
3253.354004
3263.970215
3274.514160
3285.000244
3295.555420
3306.142578
3316.695557
3327.280029
3337.874512
3348.506836
3359.208008
3370.175781
3380.551025
3391.695557
3402.942139
3413.238281
3423.833008
3434.676270
3445.860840
3457.429932
3468.179199
3479.470459
3489.858398
3500.454834
3510.852539
3520.939697
3531.840576
3542.364990
3552.536865
3563.375000
3573.991943
3584.425049
3595.095947
3606.102783
3616.725342
3627.637695
3639.072266
3649.341309
3660.283203
3670.604980
3681.752930
3691.964600
3702.094727
3712.364746
3722.583984
3732.878906
3743.192871
3753.373535
3763.417236
3774.399658
3785.229492
3795.921387
3806.496094
3817.033936
3827.636230
3838.256348
3848.890381
3859.487061
3870.113525
3880.760254
3891.388428
3901.817627
3912.391846
3923.415527
3933.675293
3944.127441
3954.999512
3966.219238
3977.597412
3988.503418
3998.522949
4008.863037
4019.605469
4030.006348
4040.057373
4050.583008
4061.427246
4072.511963
4082.557617
4093.149902
4104.048340
4114.964355
4125.812500
4137.077637
4147.832520
4157.921875
4168.361816
4179.401367
4190.306641
4200.915527
4211.375977
4222.457031
4233.063477
4243.155762
4253.690918
4264.336426
4275.416016
4286.330566
4297.728516
4308.667480
4319.624512
4329.907715
4340.870117
4351.559570
4361.588867
4371.777344
4382.123535
4392.190430
4403.381836
4414.204102
4425.366211
4436.256348
4447.342773
4458.675293
4469.222168
4479.255371
4489.490723
4500.511719
4511.301270
4521.670410
4531.733887
4542.528809
4553.137207
4563.764648
4574.409180
4585.036621
4595.575684
4606.061523
4616.596191
4627.155762
4637.783203
4648.377930
4658.971191
4669.563477
4680.239746
4691.143066
4702.073730
4713.275391
4723.427734
4733.744141
4744.381836
4755.614258
4766.236816
4777.513184
4788.043457
4799.242188
4809.467285
4820.537598
4831.500000
4842.045898
4852.170410
4863.282227
4873.955078
4885.147461
4896.121094
4907.456055
4917.872559
4928.887207
4939.275391
4949.863770
4960.317383
4970.622559
4980.777344
4991.239258
5001.495117
5012.445801
5023.414062
5034.134277
5045.438477
5056.772461
5067.122559
5077.535156
5088.217285
5099.363281
5109.776367
5120.891113
5131.418457
5142.187988
5152.590820
5163.677734
5174.422852
5184.860352
5195.015137
5205.672363
5216.351074
5227.486328
5237.677246
5248.207031
5258.739258
5269.062988
5279.840820
5290.153320
5301.106934
5311.998535
5322.047363
5332.560547
5342.934082
5353.238281
5363.349609
5374.268555
5385.081055
5395.790039
5406.436523
5417.031738
5427.614258
5438.215332
5448.790039
5459.381348
5470.093750
5480.854980
5491.656250
5501.679199
5512.653320
5523.617188
5534.236816
5544.630371
5555.235352
5565.663086
5576.271973
5586.661133
5597.049316
5607.548828
5618.102051
5628.721191
5639.504395
5650.348145
5661.111328
5671.800293
5682.499512
5693.234863
5703.990234
5714.159668
5724.811035
5735.839355
5746.270508
5756.791016
5767.180176
5777.978027
5789.237793
5800.807129
5812.231934
5823.554688
5835.020020
5845.053223
5855.207031
5865.515625
5875.768555
5885.947754
5896.156738
5906.436523
5916.741211
5927.032227
5937.309570
5947.593750
5957.882812
5968.168945
5978.382324
5988.658691
5998.923828
6009.141113
6019.417480
6029.763184
6040.091309
6050.411621
6060.732422
6071.027344
6081.258301
6091.498535
6101.757324
6111.996582
6122.183105
6132.338867
6142.434570
6152.536133
6162.652344
6172.775391
6182.903320
6193.038086
6203.126465
6213.225098
6223.317871
6233.383789
6243.503418
6253.664062
6263.753418
6273.770508
6283.798340
6295.450684
6307.044434
6318.688965
6330.316895
6341.908691
6353.531250
6365.116211
6376.665527
6388.216309
6399.761719
6411.428223
6423.059082
6434.642090
6446.244629
6457.798340
6469.458008
6479.534668
6489.566895
6499.604492
6509.647461
6521.262207
6532.833984
6544.427246
6556.037109
6567.651855
6579.261230
6590.880859
6602.524414
6614.182129
6624.236816
6634.285645
6644.293457
6654.305176
6664.335938
6674.337891
6685.989258
6695.990723
6707.639648
6719.275391
6730.909180
6742.538086
6754.166016
6764.169922
6775.835449
6785.847656
6795.870117
6805.899902
6815.914551
6827.571777
6839.214355
6849.261230
6859.296875
6869.320312
6879.338867
6889.379883
6901.015137
6912.624023
6924.260742
6935.911133
6947.539551
6959.150391
6970.718750
6982.304199
6993.947266
7005.602051
7017.242676
7028.858887
7040.507324
7052.153320
7062.178711
7072.259277
7082.310059
7093.969727
7105.627930
7117.287598
7128.885254
7140.472656
7152.065430
7163.682129
7175.324707
7186.969727
7198.567871
7210.156738
7221.768066
7233.416016
7245.070801
7255.081055
7265.095703
7276.708984
7288.291992
7299.919922
7311.580078
7321.589355
7331.623047
7341.671875
7351.684570
7363.318359
7374.926270
7386.578125
7396.582520
7408.178223
7419.729980
7431.274902
7442.874023
7452.931152
7464.527344
7476.138672
7486.145020
7497.681641
7509.163086
7520.674805
7532.188477
7543.729492
7555.292969
7566.869629
7578.448242
7590.013184
7601.618652
7613.249023
7624.878418
7636.537109
7648.182617
7659.789551
7669.862305
7679.966797
7690.003418
7700.042969
7710.081055
7721.680176
7733.236328
7744.797852
7756.375000
7767.937988
7779.509277
7791.082031
7802.639648
7814.229492
7824.235840
7834.249023
7845.901855
7855.909180
7865.946289
7875.949707
7887.618164
7897.623535
7909.270508
7920.893066
7932.505371
7944.116211
7955.720215
7967.331543
7978.958984
7990.621094
8000.641602
8010.646484
8022.302734
8033.956543
8045.623535
8055.639648
8065.656738
8075.687012
8085.718750
8097.372070
8109.018555
8119.095215
8129.127930
8140.794434
8152.465820
8164.121094
8175.731934
8187.334961
8198.944336
8210.526367
8222.087891
8233.649414
8245.245117
8256.831055
8266.863281
8276.918945
8288.573242
8300.187500
8311.833984
8323.418945
8334.971680
8346.521484
8358.048828
8369.621094
8381.214844
8392.788086
8404.361328
8415.941406
8427.551758
8438.767578
8449.083008
8459.511719
8470.400391
8481.053711
8491.203125
8501.732422
8511.854492
8522.510742
8532.746094
8543.597656
8554.302734
8564.963867
8575.763672
8585.803711
8595.955078
8606.157227
8616.345703
8626.605469
8636.969727
8647.420898
8657.829102
8668.258789
8678.746094
8689.456055
8700.000000
8710.513672
8721.060547
8731.597656
8742.158203
8752.751953
8763.392578
8774.184570
8784.824219
8795.509766
8805.541992
8816.055664
8827.458984
8838.864258
8849.161133
8859.918945
8871.058594
8882.548828
8894.029297
8905.499023
8917.169922
8927.427734
8937.549805
8949.111328
8959.291992
8969.598633
8979.620117
8991.219727
9001.242188
9011.354492
9021.428711
9031.482422
9041.634766
9051.807617
9061.937500
9072.103516
9082.332031
9092.596680
9102.897461
9113.229492
9123.541992
9133.833008
9144.126953
9154.447266
9164.833008
9175.196289
9185.507812
9195.801758
9206.093750
9216.354492
9226.621094
9236.885742
9247.102539
9257.293945
9267.456055
9277.638672
9287.837891
9298.002930
9308.156250
9318.299805
9328.452148
9338.609375
9348.769531
9358.912109
9368.991211
9379.035156
9389.093750
9399.164062
9409.213867
9419.238281
9429.250977
9439.262695
9450.904297
9460.910156
9470.973633
9481.009766
9491.014648
9501.077148
9511.166016
9521.241211
9531.306641
9541.376953
9551.391602
9563.019531
9574.625977
9586.251953
9597.866211
9609.432617
9621.016602
9632.639648
9644.267578
9654.282227
9664.340820
9674.347656
9685.983398
9695.984375
9705.989258
9717.626953
9729.273438
9740.901367
9752.454102
9763.981445
9775.606445
9785.653320
9797.262695
9808.878906
9820.494141
9832.040039
9843.556641
9855.162109
9866.755859
9878.308594
9888.325195
9898.444336
9908.474609
9920.103516
9931.730469
9943.334961
9954.880859
9966.539062
9978.173828
9989.689453
10001.209961
10012.758789
10024.295898
10035.829102
10047.371094
10058.917969
10070.451172
10082.059570
10092.104492
10102.123047
10112.143555
10122.217773
10132.317383
10142.382812
10152.452148
10162.511719
10174.169922
10185.765625
10197.362305
10208.971680
10220.541992
10232.105469
10242.119141
10252.157227
10262.166016
10272.202148
10282.272461
10293.919922
10305.500977
10317.083984
10328.698242
10340.305664
10351.897461
10363.506836
10375.111328
10386.732422
10396.803711
10406.866211
10418.506836
10428.529297
10438.581055
10448.604492
10458.611328
10470.268555
10481.885742
10493.463867
10505.043945
10516.615234
10528.145508
10539.643555
10551.230469
10562.857422
10574.473633
10584.525391
10594.606445
10606.258789
10617.898438
10629.541016
10641.167969
10652.785156
10664.393555
10676.018555
10687.637695
10699.250000
10709.273438
10719.274414
10730.885742
10742.498047
10754.126953
10765.758789
10777.382812
10788.998047
10800.603516
10812.221680
10823.511719
10833.967773
10845.014648
10855.055664
10865.422852
10875.523438
10886.153320
10896.222656
10906.840820
10917.080078
10927.110352
10937.899414
10948.702148
10959.521484
10970.367188
10981.223633
10991.274414
11001.363281
11011.559570
11021.905273
11032.320312
11042.780273
11053.361328
11064.025391
11074.732422
11085.469727
11096.240234
11107.041992
11117.827148
11128.514648
11139.108398
11149.609375
11160.042969
11170.485352
11181.357422
11192.221680
11203.055664
11214.536133
11224.921875
11235.514648
11246.423828
11257.625977
11268.962891
11280.502930
11292.144531
11303.753906
11313.903320
11324.355469
11335.640625
11346.842773
11357.229492
11367.900391
11378.513672
11389.432617
11400.166016
11410.803711
11421.580078
11432.461914
11443.291016
11454.218750
11465.165039
11476.064453
11486.914062
11497.760742
11508.594727
11519.474609
11530.389648
11541.313477
11552.217773
11563.069336
11573.928711
11584.784180
11595.649414
11606.527344
11617.394531
11628.207031
11639.036133
11649.859375
11660.668945
11671.441406
11682.206055
11693.009766
11703.858398
11714.651367
11724.694336
11735.576172
11746.508789
11757.467773
11768.279297
11778.891602
11789.293945
11799.462891
11809.479492
11820.421875
11831.276367
11842.052734
11852.782227
11863.489258
11874.229492
11885.006836
11895.756836
11906.447266
11917.115234
11927.849609
11938.633789
11949.408203
11960.152344
11970.876953
11981.561523
11992.288086
12003.053711
12013.831055
12024.633789
12035.382812
12046.105469
12056.845703
12067.599609
12078.342773
12089.072266
12099.821289
12110.627930
12121.448242
12132.220703
12142.941406
12153.606445
12164.292969
12175.016602
12185.767578
12196.501953
12207.231445
12217.929688
12228.673828
12239.431641
12250.198242
12261.018555
12271.806641
12282.572266
12293.402344
12304.224609
12314.963867
12325.631836
12336.269531
12347.015625
12357.798828
12368.563477
12379.286133
12389.996094
12400.704102
12411.426758
12422.178711
12432.927734
12443.684570
12454.375977
12465.109375
12475.879883
12486.620117
12497.360352
12508.097656
12518.856445
12529.671875
12540.494141
12551.264648
12561.971680
12572.677734
12583.421875
12594.214844
12605.003906
12615.775391
12626.545898
12637.411133
12648.252930
12659.013672
12669.770508
12680.550781
12691.458984
12702.275391
12713.145508
12723.763672
12734.403320
12744.999023
12755.609375
12766.130859
12776.688477
12786.855469
12798.168945
12809.438477
12820.785156
12831.150391
12841.854492
12851.968750
12862.754883
12873.042969
12883.191406
12893.358398
12904.284180
12915.093750
12925.831055
12936.531250
12947.232422
12957.933594
12968.666016
12979.579102
12990.436523
13001.339844
13012.070312
13022.667969
13033.167969
13043.711914
13054.401367
13065.222656
13076.134766
13087.010742
13097.829102
13108.681641
13119.561523
13130.465820
13141.325195
13151.757812
13162.180664
13172.880859
13183.099609
13193.639648
13204.207031
13215.038086
13226.177734
13237.451172
13248.738281
13260.095703
13271.474609
13282.932617
13292.968750
13303.171875
13313.573242
13323.887695
13334.009766
13344.269531
13354.576172
13364.661133
13376.200195
13387.522461
13398.833008
13410.417969
13420.629883
13430.668945
13442.250000
13452.265625
13462.330078
13472.334961
13482.445312
13492.558594
13502.653320
13512.860352
13523.168945
13533.440430
13543.707031
13554.083984
13564.465820
13574.788086
13585.082031
13595.392578
13605.689453
13615.985352
13626.290039
13636.548828
13646.787109
13656.877930
13668.069336
13678.327148
13688.683594
13699.770508
13710.337891
13721.231445
13731.667969
13741.708008
13752.261719
13762.539062
13772.634766
13783.521484
13794.333008
13804.336914
13814.397461
13824.501953
13834.724609
13845.005859
13855.314453
13865.659180
13876.098633
13886.540039
13897.053711
13907.635742
13918.228516
13928.794922
13939.391602
13950.053711
13960.643555
13971.337891
13982.132812
13993.014648
14003.407227
14014.437500
14024.932617
14034.999023
14045.583984
14055.913086
14066.037109
14077.027344
14087.903320
14098.744141
14109.567383
14120.328125
14131.029297
14141.703125
14152.473633
14163.163086
14173.756836
14183.910156
14195.011719
14205.822266
14215.927734
14225.968750
14236.520508
14247.480469
14258.692383
14269.799805
14281.504883
14293.012695
14304.390625
14316.065430
14326.077148
14337.420898
14348.757812
14360.177734
14371.831055
14381.882812
14391.925781
14402.000977
14412.191406
14422.375977
14432.603516
14442.854492
14453.146484
14463.619141
14473.727539
14485.006836
14496.148438
14507.221680
14517.281250
14527.295898
14538.044922
14548.227539
14558.392578
14569.367188
14579.923828
14590.174805
14600.387695
14610.675781
14621.493164
14631.598633
14642.904297
14653.632812
14663.633789
14674.566406
14685.073242
14695.136719
14705.916992
14716.253906
14727.199219
14737.898438
14748.482422
14758.998047
14769.500000
14779.974609
14790.419922
14800.888672
14811.420898
14821.998047
14832.615234
14843.241211
14853.956055
14864.461914
14874.466797
14884.746094
14894.936523
14905.894531
14916.553711
14927.000977
14937.068359
14947.938477
14958.532227
14968.538086
14979.469727
14990.574219
15001.676758
15012.417969
15022.752930
15032.767578
15043.401367
15053.831055
15063.987305
15074.839844
15085.363281
15095.738281
15105.906250
15115.948242
15126.076172
15137.239258
15147.750977
15159.162109
15169.645508
15180.885742
15191.258789
15202.169922
15212.439453
15223.622070
15234.426758
15245.534180
15256.561523
15266.721680
15277.288086
15287.403320
15298.343750
15308.943359
15319.334961
15329.523438
15339.750977
15349.909180
15360.180664
15370.566406
15380.676758
15390.700195
15401.692383
15412.673828
15423.660156
15434.596680
15445.561523
15455.596680
15465.617188
15476.610352
15486.681641
15496.696289
15507.476562
15518.189453
15528.996094
15539.625000
15550.321289
15561.034180
15571.718750
15582.240234
15592.938477
15603.809570
15614.633789
15625.150391
15635.800781
15646.657227
15657.562500
15668.472656
15679.366211
15690.313477
15701.259766
15712.143555
15722.922852
15733.767578
15744.574219
15755.304688
15765.895508
15776.837891
15787.995117
15799.082031
15809.798828
15820.881836
15831.345703
15841.534180
15852.362305
15862.931641
15873.239258
15883.295898
15894.044922
15904.987305
15915.784180
15926.344727
15936.997070
15947.757812
15958.544922
15969.310547
15979.956055
15990.604492
16001.397461
16012.319336
16023.202148
16034.105469
16045.048828
16055.977539
16066.887695
16077.782227
16088.439453
16098.942383
16109.513672
16120.150391
16130.796875
16141.358398
16152.005859
16162.682617
16173.238281
16183.768555
16194.409180
16205.248047
16215.591797
16225.952148
16237.070312
16247.417969
16257.471680
16268.150391
16278.375977
16288.397461
16299.278320
16310.119141
16321.141602
16331.211914
16342.168945
16352.973633
16363.593750
16374.029297
16384.605469
16395.121094
16405.851562
16416.423828
16427.103516
16437.755859
16448.373047
16459.037109
16469.767578
16480.654297
16491.507812
16502.277344
16513.050781
16523.970703
16534.685547
16545.412109
16556.332031
16567.164062
16577.927734
16588.556641
16599.078125
16609.605469
16620.521484
16630.964844
16641.558594
16652.474609
16662.718750
16673.701172
16684.398438
16695.048828
16705.607422
16716.011719
16726.267578
16736.386719
16746.447266
16756.447266
16767.398438
16778.203125
16788.986328
16799.826172
16810.673828
16821.408203
16832.044922
16842.644531
16853.289062
16863.992188
16874.724609
16885.333984
16895.878906
16906.347656
16916.929688
16927.646484
16938.341797
16949.056641
16959.841797
16970.685547
16981.494141
16992.382812
17003.269531
17013.371094
17024.203125
17034.845703
17045.480469
17056.134766
17066.847656
17077.576172
17088.285156
17099.054688
17109.892578
17120.888672
17131.867188
17143.113281
17153.867188
17165.005859
17175.451172
17185.863281
17196.277344
17207.314453
17218.521484
17229.634766
17240.998047
17252.599609
17264.189453
17275.699219
17285.707031
17296.363281
17306.769531
17318.074219
17329.621094
17341.087891
17352.714844
17364.207031
17375.736328
17386.605469
17397.894531
17409.019531
17420.478516
17430.667969
17440.732422
17452.361328
17462.507812
17472.671875
17482.898438
17493.060547
17503.273438
17513.585938
17523.863281
17534.039062
17544.169922
17554.599609
17564.828125
17575.064453
17585.318359
17595.330078
17606.890625
17617.039062
17627.404297
17637.599609
17647.664062
17657.722656
17667.871094
17678.029297
17688.193359
17698.412109
17708.636719
17718.906250
17729.199219
17739.498047
17749.773438
17760.025391
17770.400391
17780.757812
17791.078125
17801.357422
17811.623047
17821.884766
17832.115234
17842.392578
17852.621094
17862.833984
17873.017578
17883.175781
17893.318359
17903.453125
17913.623047
17923.775391
17933.917969
17944.097656
17954.205078
17964.281250
17975.923828
17987.580078
17997.621094
18007.716797
18017.796875
18027.826172
18037.908203
18048.041016
18058.146484
18068.212891
18078.255859
18088.292969
18099.949219
18109.980469
18120.048828
18130.099609
18140.119141
18150.140625
18160.144531
18171.763672
18183.376953
18194.986328
18206.619141
18218.279297
18229.935547
18241.583984
18251.703125
18261.824219
18271.925781
18283.343750
18294.794922
18306.326172
18316.384766
18326.412109
18338.044922
18348.070312
18358.134766
18368.279297
18378.414062
18388.482422
18398.484375
18410.121094
18421.757812
18433.392578
18445.037109
18455.083984
18465.177734
18475.412109
18486.923828
18498.134766
18509.652344
18521.238281
18532.767578
18544.251953
18555.671875
18566.427734
18577.197266
18587.699219
18597.898438
18607.974609
18618.816406
18629.216797
18640.169922
18650.677734
18660.802734
18671.595703
18682.339844
18693.138672
18704.048828
18714.205078
18724.378906
18734.541016
18744.732422
18754.962891
18765.236328
18775.582031
18785.992188
18796.421875
18806.855469
18817.363281
18827.900391
18838.460938
18849.062500
18859.666016
18870.220703
18880.800781
18891.414062
18902.029297
18912.660156
18923.328125
18934.033203
18944.416016
18954.943359
18966.021484
18976.439453
18986.445312
18997.140625
19007.447266
19017.546875
19028.472656
19039.267578
19050.013672
19060.781250
19071.521484
19082.320312
19093.164062
19104.052734
19114.886719
19125.740234
19136.599609
19147.591797
19158.398438
19169.136719
19179.882812
19190.628906
19201.353516
19211.716797
19222.195312
19232.900391
19244.015625
19254.269531
19265.179688
19275.359375
19286.306641
19296.908203
19307.457031
19317.722656
19327.869141
19338.326172
19348.714844
19359.205078
19369.728516
19380.330078
19391.193359
19401.937500
19412.710938
19423.480469
19433.494141
19443.585938
19454.355469
19464.943359
19475.556641
19486.271484
19497.093750
19508.023438
19518.949219
19529.908203
19539.933594
19550.042969
19560.894531
19571.769531
19582.613281
19593.367188
19604.007812
19614.613281
19625.230469
19635.888672
19646.646484
19657.859375
19668.861328
19679.162109
19689.603516
19700.162109
19711.164062
19722.496094
19732.546875
19742.695312
19753.941406
19765.146484
19775.185547
19786.626953
19798.113281
19809.662109
19819.716797
19831.255859
19842.814453
19854.294922
19864.419922
19874.607422
19884.693359
19894.886719
19905.130859
19915.343750
19925.433594
19935.603516
19945.820312
19955.890625
19967.537109
19977.630859
19987.900391
19998.085938
20009.531250
20020.609375
20032.046875
20043.421875
20054.337891
20065.171875
20076.314453
20087.580078
20098.947266
20110.093750
20121.472656
20131.640625
20141.919922
20153.509766
20164.916016
20175.119141
20185.685547
20196.056641
20207.697266
20219.349609
20230.982422
20241.183594
20251.390625
20262.453125
20272.580078
20282.896484
20292.947266
20303.962891
20314.843750
20325.539062
20336.068359
20346.558594
20356.921875
20367.220703
20377.408203
20387.498047
20398.443359
20409.287109
20420.029297
20430.699219
20441.408203
20452.121094
20462.777344
20473.478516
20484.156250
20494.759766
20505.431641
20516.171875
20526.896484
20537.611328
20548.332031
20558.996094
20569.673828
20580.455078
20591.230469
20601.947266
20612.667969
20623.388672
20634.136719
20644.574219
20654.853516
20665.121094
20676.480469
20686.949219
20697.669922
20708.890625
20720.380859
20732.037109
20742.191406
20752.429688
20762.728516
20773.146484
20783.636719
20794.144531
20804.695312
20815.287109
20825.814453
20836.326172
20846.849609
20857.373047
20867.853516
20878.351562
20888.806641
20899.207031
20909.599609
20919.988281
20930.337891
20940.685547
20951.095703
20961.394531
20971.730469
20982.187500
20992.343750
21002.410156
21012.525391
21022.707031
21032.792969
21042.820312
21052.833984
21062.886719
21074.171875
21084.394531
21094.857422
21105.599609
21115.744141
21126.349609
21136.488281
21147.123047
21157.382812
21167.560547
21177.822266
21188.134766
21198.472656
21208.746094
21218.937500
21229.160156
21239.554688
21249.996094
21260.484375
21270.931641
21281.414062
21291.978516
21302.601562
21313.240234
21323.835938
21334.474609
21345.173828
21355.837891
21366.531250
21377.273438
21387.933594
21398.632812
21409.365234
21420.093750
21430.806641
21441.541016
21452.294922
21462.486328
21473.914062
21484.259766
21494.621094
21505.199219
21516.128906
21527.505859
21539.091797
21549.107422
21559.242188
21570.548828
21581.083984
21591.685547
21602.667969
21613.742188
21624.855469
21636.117188
21647.558594
21659.113281
21669.150391
21679.250000
21689.388672
21699.595703
21709.822266
21720.017578
21730.193359
21740.431641
21750.699219
21760.953125
21771.236328
21781.486328
21791.703125
21802.181641
21812.517578
21822.794922
21833.132812
21843.363281
21853.386719
21865.046875
21875.097656
21886.523438
21897.007812
21907.626953
21918.482422
21929.537109
21940.005859
21950.896484
21961.412109
21971.726562
21982.021484
21992.279297
22002.632812
22012.947266
22023.486328
22033.908203
22044.312500
22054.582031
22064.916016
22075.320312
22085.816406
22096.169922
22106.800781
22117.429688
22127.947266
22138.498047
22149.128906
22159.843750
22170.638672
22181.419922
22192.160156
22202.871094
22213.574219
22224.347656
22235.167969
22245.927734
22256.646484
22267.363281
22278.044922
22288.884766
22299.853516
22310.701172
22321.656250
22332.390625
22343.175781
22354.005859
22364.759766
22375.519531
22386.240234
22396.902344
22408.052734
22419.271484
22429.634766
22439.953125
22450.564453
22461.750000
22473.208984
22484.730469
22496.314453
22507.962891
22518.062500
22528.318359
22538.615234
22548.876953
22559.183594
22569.519531
22579.849609
22590.207031
22600.589844
22610.917969
22621.203125
22631.519531
22641.910156
22652.185547
22662.359375
22672.675781
22683.070312
22693.433594
22703.871094
22714.314453
22724.654297
22734.902344
22745.058594
22755.171875
22765.265625
22775.314453
22786.966797
22796.978516
22808.628906
22820.255859
22830.259766
22841.873047
22853.457031
22865.019531
22876.619141
22888.222656
22899.816406
22911.425781
22923.058594
22934.687500
22944.773438
22954.847656
22964.873047
22976.507812
22988.109375
22999.722656
23009.724609
23021.376953
23032.931641
23044.457031
23055.980469
23067.527344
23079.052734
23090.583984
23102.123047
23113.763672
23123.914062
23134.050781
23144.060547
23155.724609
23165.730469
23175.802734
23185.841797
23197.474609
23207.500000
23219.154297
23230.736328
23242.113281
23252.937500
23263.191406
23273.751953
23284.326172
23294.574219
23305.255859
23315.423828
23325.994141
23337.066406
23347.455078
23358.041016
23368.681641
23379.636719
23390.792969
23402.066406
23413.541016
23423.708984
23433.785156
23443.832031
23453.855469
23465.505859
23475.515625
23485.632812
23495.699219
23507.298828
23518.960938
23529.005859
23539.042969
23549.113281
23560.763672
23572.375000
23584.031250
23594.093750
23604.167969
23614.298828
23624.519531
23634.701172
23644.798828
23654.875000
23664.958984
23675.019531
23685.070312
23696.734375
23706.740234
23718.376953
23728.378906
23738.427734
23748.480469
23758.511719
23770.183594
23780.201172
23791.851562
23803.085938
23814.244141
23824.679688
23834.921875
23845.531250
23855.656250
23866.582031
23877.001953
23887.937500
23898.451172
23908.708984
23918.773438
23929.589844
23940.425781
23950.589844
23961.541016
23972.082031
23983.126953
23993.966797
24004.048828
24014.980469
24025.755859
24036.021484
24047.050781
24057.740234
24068.029297
24078.982422
24089.679688
24100.292969
24110.806641
24121.199219
24131.560547
24141.968750
24152.400391
24162.878906
24173.376953
24183.941406
24194.558594
24205.730469
24216.134766
24226.855469
24237.138672
24248.082031
24258.759766
24269.173828
24279.250000
24290.099609
24300.562500
24310.699219
24321.591797
24332.357422
24342.755859
24353.916016
24365.332031
24376.404297
24386.718750
24397.406250
24407.625000
24418.492188
24428.978516
24439.101562
24450.080078
24461.000000
24471.761719
24482.417969
24493.060547
24503.707031
24514.314453
24524.960938
24535.660156
24546.337891
24556.945312
24567.552734
24578.271484
24588.917969
24599.548828
24610.283203
24621.039062
24631.789062
24642.580078
24653.380859
24664.169922
24674.933594
24685.755859
24696.578125
24707.386719
24717.458984
24728.636719
24738.957031
24749.496094
24760.179688
24771.105469
24782.548828
24792.632812
24803.781250
24815.308594
24826.757812
24836.773438
24847.089844
24857.322266
24867.408203
24877.630859
24887.892578
24898.146484
24908.269531
24918.378906
24928.380859
24938.382812
24948.402344
24958.406250
24969.906250
24981.324219
24992.875000
25002.919922
25014.556641
25025.826172
25037.162109
25047.347656
25057.523438
25069.095703
25080.630859
25091.933594
25103.503906
25115.136719
25126.650391
25137.777344
25148.843750
25160.367188
25171.832031
25183.195312
25194.703125
25206.160156
25217.597656
25229.232422
25239.447266
25249.457031
25260.789062
25272.207031
25283.800781
25295.154297
25306.761719
25317.119141
25327.126953
25338.134766
25349.332031
25360.728516
25371.898438
25383.164062
25394.636719
25406.146484
25417.675781
25427.769531
25437.951172
25447.990234
25458.130859
25468.341797
25478.373047
25490.052734
25500.167969
25510.246094
25520.482422
25530.880859
25541.216797
25552.855469
25564.449219
25575.837891
25585.845703
25595.955078
25607.191406
25618.439453
25630.044922
25640.240234
25650.339844
25661.902344
25671.935547
25683.500000
25693.544922
25704.019531
25714.736328
25725.615234
25736.632812
25747.714844
25758.093750
25768.406250
25778.832031
25789.927734
25801.542969
25811.730469
25821.763672
25833.208984
25843.753906
25854.867188
25866.486328
25878.105469
25889.597656
25900.359375
25911.406250
25923.048828
25933.101562
25943.171875
25954.486328
25965.937500
25976.093750
25986.289062
25996.380859
26007.935547
26019.347656
26030.820312
26041.068359
26051.441406
26061.632812
26071.933594
26082.230469
26092.474609
26102.716797
26113.042969
26123.355469
26133.718750
26144.101562
26154.478516
26164.853516
26175.255859
26185.673828
26196.035156
26206.414062
26216.822266
26227.222656
26237.585938
26247.908203
26258.208984
26268.476562
26278.759766
26289.044922
26299.320312
26309.611328
26319.900391
26330.134766
26340.314453
26350.494141
26360.673828
26370.833984
26381.015625
26391.191406
26401.310547
26411.400391
26421.501953
26431.599609
26441.691406
26451.808594
26461.917969
26471.974609
26482.013672
26492.068359
26502.099609
26512.132812
26522.208984
26532.255859
26543.921875
26553.925781
26563.933594
26575.585938
26585.601562
26595.626953
26607.263672
26618.882812
26630.509766
26642.109375
26653.742188
26665.388672
26676.984375
26688.572266
26700.187500
26711.794922
26723.441406
26733.443359
26745.093750
26756.746094
26766.755859
26778.410156
26790.072266
26800.078125
26811.722656
26823.353516
26835.007812
26846.646484
26858.300781
26868.316406
26879.964844
26891.582031
26903.226562
26914.871094
26926.529297
26936.550781
26948.199219
26959.814453
26971.445312
26983.082031
26994.738281
27004.748047
27016.367188
27027.958984
27039.585938
27051.193359
27062.808594
27074.445312
27086.048828
27097.646484
27109.277344
27120.835938
27131.441406
27142.480469
27153.035156
27164.187500
27174.732422
27185.783203
27196.226562
27207.136719
27217.519531
27227.548828
27238.234375
27248.875000
27259.527344
27270.390625
27280.871094
27290.921875
27301.537109
27311.744141
27322.916016
27333.644531
27344.003906
27355.058594
27365.603516
27375.796875
27386.685547
27397.312500
27407.792969
27418.251953
27428.667969
27439.050781
27449.437500
27459.906250
27470.199219
27481.187500
27491.808594
27503.136719
27513.427734
27523.523438
27534.199219
27544.648438
27554.732422
27565.652344
27575.978516
27586.939453
27597.511719
27607.720703
27618.667969
27629.416016
27639.998047
27650.470703
27660.958984
27671.458984
27681.957031
27692.537109
27703.134766
27713.693359
27724.261719
27734.876953
27745.455078
27756.097656
27766.767578
27777.404297
27788.000000
27798.660156
27809.324219
27820.009766
27830.736328
27841.470703
27852.150391
27862.837891
27873.554688
27884.259766
27895.009766
27905.773438
27916.519531
27927.236328
27937.994141
27948.740234
27959.513672
27970.337891
27981.144531
27991.892578
28002.658203
28013.421875
28024.169922
28034.978516
28045.773438
28056.511719
28067.226562
28077.960938
28088.677734
28099.472656
28110.271484
28121.017578
28131.699219
28142.414062
28153.115234
28163.855469
28174.625000
28185.357422
28196.042969
28206.738281
28217.458984
28228.189453
28238.972656
28249.761719
28260.511719
28271.232422
28281.988281
28292.734375
28303.537109
28314.349609
28325.119141
28335.843750
28346.580078
28357.306641
28368.263672
28378.353516
28388.847656
28399.089844
28409.423828
28420.283203
28431.351562
28442.552734
28454.009766
28465.480469
28475.492188
28485.535156
28495.640625
28505.875000
28516.109375
28526.402344
28536.720703
28547.068359
28557.472656
28567.882812
28578.251953
28588.689453
28599.214844
28610.845703
28620.962891
28631.132812
28642.816406
28653.009766
28663.197266
28673.458984
28683.736328
28693.958984
28704.138672
28714.246094
28724.447266
28734.787109
28744.847656
28756.382812
28766.462891
28776.736328
28786.828125
28798.119141
28809.730469
28821.337891
28832.644531
28843.550781
28854.744141
28865.941406
28877.099609
28888.271484
28899.671875
28911.248047
28922.837891
28934.404297
28946.068359
28956.142578
28966.187500
28976.273438
28986.355469
28996.482422
29006.673828
29016.900391
29027.089844
29037.210938
29047.382812
29057.587891
29067.753906
29077.919922
29088.050781
29098.195312
29108.388672
29118.525391
29128.628906
29139.621094
29149.712891
29160.072266
29171.222656
29181.910156
29191.998047
29202.730469
29213.033203
29223.898438
29234.353516
29244.638672
29254.806641
29264.914062
29274.996094
29285.136719
29295.382812
29305.701172
29316.068359
29326.431641
29336.767578
29347.193359
29357.699219
29367.884766
29378.470703
29388.822266
29400.023438
29410.183594
29420.978516
29431.960938
29443.173828
29454.558594
29464.578125
29474.681641
29484.847656
29495.005859
29505.140625
29515.273438
29525.400391
29535.572266
29545.763672
29555.992188
29566.339844
29576.628906
29586.964844
29597.279297
29607.566406
29617.839844
29628.076172
29638.310547
29648.517578
29658.708984
29668.951172
29679.134766
29689.330078
29699.501953
29709.628906
29719.724609
29730.064453
29740.332031
29750.619141
29760.966797
29771.185547
29781.279297
29791.306641
29802.947266
29814.519531
29826.154297
29837.074219
29848.269531
29858.332031
29869.205078
29879.808594
29889.843750
29900.472656
29910.699219
29921.433594
29931.806641
29941.902344
29952.775391
29963.679688
29974.554688
29984.638672
29994.789062
30004.964844
30015.197266
30025.525391
30035.898438
30046.271484
30056.673828
30067.132812
30077.660156
30088.226562
30098.791016
30109.384766
30119.970703
30130.537109
30141.187500
30151.896484
30162.572266
30173.236328
30183.931641
30194.595703
30205.236328
30215.935547
30226.673828
30237.375000
30248.023438
30258.650391
30269.306641
30279.978516
30290.708984
30301.421875
30312.138672
30322.820312
30333.529297
30344.228516
30354.976562
30365.777344
30376.539062
30387.259766
30397.978516
30408.679688
30419.392578
30430.162109
30440.921875
30451.638672
30462.320312
30473.037109
30483.746094
30494.511719
30505.349609
30516.265625
30527.154297
30538.087891
30549.033203
30560.019531
30570.037109
30581.025391
30591.957031
30602.789062
30613.435547
30623.974609
30634.492188
30645.052734
30655.580078
30666.138672
30676.773438
30687.447266
30698.150391
30708.859375
30719.615234
30730.419922
30741.218750
30751.927734
30762.634766
30773.373047
30784.080078
30794.802734
30805.578125
30816.326172
30827.050781
30837.750000
30848.464844
30859.189453
30869.978516
30880.802734
30891.582031
30902.332031
30913.072266
30923.816406
30934.560547
30945.371094
30956.156250
30966.898438
30977.603516
30988.341797
30999.064453
31009.835938
31020.650391
31031.421875
31042.138672
31052.873047
31063.617188
31074.365234
31085.181641
31095.941406
31106.636719
31117.328125
31128.062500
31138.789062
31149.533203
31160.294922
31171.037109
31181.767578
31192.535156
31203.300781
31214.066406
0.000000
0.000000
0.000000
0.000000
0.000000
0.000000
0.000000
0.000000
0.000000
0.000000
0.000000
0.000000
0.000000
0.000000
0.000000
0.000000
0.000000
0.000000
0.000000
0.000000
0.000000
0.000000
0.000000
0.000000
0.000000
0.000000
0.000000
0.000000
0.000000
0.000000
0.000000
0.000000
0.000000
0.000000
0.000000
0.000000
0.000000
0.000000
0.000000
0.000000
0.000000
0.000000
0.000000
0.000000
0.000000
0.000000
0.000000
0.000000
0.000000
0.000000
0.000000
0.000000
0.000000
0.000000
0.000000
0.000000
0.000000
0.000000
0.000000
0.000000
0.000000
0.000000
0.000000
0.000000
0.000000
0.000000
0.000000
0.000000
0.000000
0.000000
0.000000
0.000000
0.000000
0.000000
0.000000
0.000000
0.000000
0.000000
0.000000
0.000000
0.000000
0.000000
0.000000
0.000000
0.000000
0.000000
0.000000
0.000000
0.000000
0.000000
0.000000
0.000000
0.000000
0.000000
0.000000
0.000000
0.000000
0.000000
0.000000
0.000000
0.000000
0.000000
0.000000
0.000000
0.000000
0.000000
0.000000
0.000000
0.000000
0.000000
0.000000
0.000000
0.000000
0.000000
0.000000
0.000000
0.000000
0.000000
0.000000
0.000000
0.000000
0.000000
0.000000
0.000000
0.000000
0.000000
0.000000
0.000000
0.000000
0.000000
0.000000
0.000000
0.000000
0.000000
0.000000
0.000000
0.000000
0.000000
0.000000
0.000000
0.000000
0.000000
0.000000
0.000000
0.000000
0.000000
0.000000
0.000000
0.000000
0.000000
0.000000
0.000000
0.000000
0.000000
0.000000
0.000000
0.000000
0.000000
0.000000
0.000000
0.000000
0.000000
0.000000
0.000000
0.000000
0.000000
0.000000
0.000000
0.000000
0.000000
0.000000
0.000000
0.000000
0.000000
0.000000
0.000000
0.000000
0.000000
0.000000
0.000000
0.000000
0.000000
0.000000
0.000000
0.000000
0.000000
0.000000
0.000000
0.000000
0.000000
0.000000
0.000000
0.000000
0.000000
0.000000
0.000000
0.000000
0.000000
0.000000
0.000000
0.000000
0.000000
0.000000
0.000000
0.000000
0.000000
0.000000
0.000000
0.000000
0.000000
0.000000
0.000000
0.000000
0.000000
0.000000
0.000000
0.000000
0.000000
0.000000
0.000000
0.000000
0.000000
0.000000
0.000000
0.000000
0.000000
0.000000
0.000000
0.000000
0.000000
0.000000
0.000000
0.000000
0.000000
0.000000
0.000000
0.000000
0.000000
0.000000
0.000000
0.000000
0.000000
0.000000
0.000000
0.000000
0.000000
0.000000
0.000000
0.000000
0.000000
0.000000
0.000000
0.000000
0.000000
0.000000
0.000000
0.000000
0.000000
0.000000
0.000000
0.000000
0.000000
0.000000
0.000000
0.000000
0.000000
0.000000
0.000000
0.000000
0.000000
0.000000
0.000000
0.000000
0.000000
0.000000
0.000000
0.000000
0.000000
0.000000
0.000000
0.000000
0.000000
0.000000
0.000000
0.000000
0.000000
0.000000
0.000000
0.000000
0.000000
0.000000
0.000000
0.000000
0.000000
0.000000
0.000000
0.000000
0.000000
0.000000
0.000000
0.000000
0.000000
0.000000
0.000000
0.000000
0.000000
0.000000
0.000000
0.000000
0.000000
0.000000
0.000000
0.000000
0.000000
0.000000
0.000000
0.000000
0.000000
0.000000
0.000000
0.000000
0.000000
0.000000
0.000000
0.000000
0.000000
0.000000
0.000000
0.000000
0.000000
0.000000
0.000000
0.000000
0.000000
0.000000
0.000000
0.000000
0.000000
0.000000
0.000000
0.000000
0.000000
0.000000
0.000000
0.000000
0.000000
0.000000
0.000000
0.000000
0.000000
0.000000
0.000000
0.000000
0.000000
0.000000
0.000000
0.000000
0.000000
0.000000
0.000000
0.000000
0.000000
0.000000
0.000000
0.000000
0.000000
0.000000
0.000000
0.000000
0.000000
0.000000
0.000000
0.000000
0.000000
0.000000
0.000000
0.000000
0.000000
0.000000
0.000000
0.000000
0.000000
0.000000
0.000000
0.000000
0.000000
0.000000
0.000000
0.000000
0.000000
0.000000
0.000000
0.000000
0.000000
0.000000
0.000000
0.000000
0.000000
0.000000
0.000000
0.000000
0.000000
0.000000
0.000000
0.000000
0.000000
0.000000
0.000000
0.000000
0.000000
0.000000
0.000000
0.000000
0.000000
0.000000
0.000000
0.000000
0.000000
0.000000
0.000000
0.000000
0.000000
0.000000
0.000000
0.000000
0.000000
0.000000
0.000000
0.000000
0.000000
0.000000
0.000000
0.000000
0.000000
0.000000
0.000000
0.000000
0.000000
0.000000
0.000000
0.000000
0.000000
0.000000
0.000000
0.000000
0.000000
0.000000
0.000000
0.000000
0.000000
0.000000
0.000000
0.000000
0.000000
0.000000
0.000000
0.000000
0.000000
0.000000
0.000000
0.000000
0.000000
0.000000
0.000000
0.000000
0.000000
0.000000
0.000000
0.000000
0.000000
0.000000
0.000000
0.000000
0.000000
0.000000
0.000000
0.000000
0.000000
0.000000
0.000000
0.000000
0.000000
0.000000
0.000000
0.000000
0.000000
0.000000
0.000000
0.000000
0.000000
0.000000
0.000000
0.000000
0.000000
0.000000
0.000000
0.000000
0.000000
0.000000
0.000000
0.000000
0.000000
0.000000
0.000000
0.000000
0.000000
0.000000
0.000000
0.000000
0.000000
0.000000
0.000000
0.000000
0.000000
0.000000
0.000000
0.000000
0.000000
0.000000
0.000000
0.000000
0.000000
0.000000
0.000000
0.000000
0.000000
0.000000
0.000000
0.000000
0.000000
0.000000
0.000000
0.000000
0.000000
0.000000
0.000000
0.000000
0.000000
0.000000
0.000000
0.000000
0.000000
0.000000
0.000000
0.000000
0.000000
0.000000
0.000000
0.000000
0.000000
0.000000
0.000000
0.000000
0.000000
0.000000
0.000000
0.000000
0.000000
0.000000
0.000000
0.000000
0.000000
0.000000
0.000000
0.000000
0.000000
0.000000
0.000000
0.000000
0.000000
0.000000
0.000000
0.000000
0.000000
0.000000
0.000000
0.000000
0.000000
0.000000
0.000000
0.000000
0.000000
0.000000
0.000000
0.000000
0.000000
0.000000
0.000000
0.000000
0.000000
0.000000
0.000000
0.000000
0.000000
0.000000
0.000000
0.000000
0.000000
0.000000
0.000000
0.000000
0.000000
0.000000
0.000000
0.000000
0.000000
0.000000
0.000000
0.000000
0.000000
0.000000
0.000000
0.000000
0.000000
0.000000
0.000000
0.000000
0.000000
0.000000
0.000000
0.000000
0.000000
0.000000
0.000000
0.000000
0.000000
0.000000
0.000000
0.000000
0.000000
0.000000
0.000000
0.000000
0.000000
0.000000
0.000000
0.000000
0.000000
0.000000
0.000000
0.000000
0.000000
0.000000
0.000000
0.000000
0.000000
0.000000
0.000000
0.000000
0.000000
0.000000
0.000000
0.000000
0.000000
0.000000
0.000000
0.000000
0.000000
0.000000
0.000000
0.000000
0.000000
0.000000
0.000000
0.000000
0.000000
0.000000
0.000000
0.000000
0.000000
0.000000
0.000000
0.000000
0.000000
0.000000
0.000000
0.000000
0.000000
0.000000
0.000000
0.000000
0.000000
0.000000
0.000000
0.000000
0.000000
0.000000
0.000000
0.000000
0.000000
0.000000
0.000000
0.000000
0.000000
0.000000
0.000000
0.000000
0.000000
0.000000
0.000000
0.000000
0.000000
0.000000
0.000000
0.000000
0.000000
0.000000
0.000000
0.000000
0.000000
0.000000
0.000000
0.000000
0.000000
0.000000
0.000000
0.000000
0.000000
0.000000
0.000000
0.000000
0.000000
0.000000
0.000000
0.000000
0.000000
0.000000
0.000000
0.000000
0.000000
0.000000
0.000000
0.000000
0.000000
0.000000
0.000000
0.000000
0.000000
0.000000
0.000000
0.000000
0.000000
0.000000
0.000000
0.000000
0.000000
0.000000
0.000000
0.000000
0.000000
0.000000
0.000000
0.000000
0.000000
0.000000
0.000000
0.000000
0.000000
0.000000
0.000000
0.000000
0.000000
0.000000
0.000000
0.000000
0.000000
0.000000
0.000000
0.000000
0.000000
0.000000
0.000000
0.000000
0.000000
0.000000
0.000000
0.000000
0.000000
0.000000
0.000000
0.000000
0.000000
0.000000
0.000000
0.000000
0.000000
0.000000
0.000000
0.000000
0.000000
0.000000
0.000000
0.000000
0.000000
0.000000
0.000000
0.000000
0.000000
0.000000
0.000000
0.000000
0.000000
0.000000
0.000000
0.000000
0.000000
0.000000
0.000000
0.000000
0.000000
0.000000
0.000000
0.000000
0.000000
0.000000
0.000000
0.000000
0.000000
0.000000
0.000000
0.000000
0.000000
0.000000
0.000000
0.000000
0.000000
0.000000
0.000000
0.000000
0.000000
0.000000
0.000000
0.000000
0.000000
0.000000
0.000000
0.000000
0.000000
0.000000
0.000000
0.000000
0.000000
0.000000
0.000000
0.000000
0.000000
0.000000
0.000000
0.000000
0.000000
0.000000
0.000000
0.000000
0.000000
0.000000
0.000000
0.000000
0.000000
0.000000
0.000000
0.000000
0.000000
0.000000
0.000000
0.000000
0.000000
0.000000
0.000000
0.000000
0.000000
0.000000
0.000000
0.000000
0.000000
0.000000
0.000000
0.000000
0.000000
0.000000
0.000000
0.000000
0.000000
0.000000
0.000000
0.000000
0.000000
0.000000
0.000000
0.000000
0.000000
0.000000
0.000000
0.000000
0.000000
0.000000
0.000000
0.000000
0.000000
0.000000
0.000000
0.000000
0.000000
0.000000
0.000000
0.000000
0.000000
0.000000
0.000000
0.000000
0.000000
0.000000
0.000000
0.000000
0.000000
0.000000
0.000000
0.000000
0.000000
0.000000
0.000000
0.000000
0.000000
0.000000
0.000000
0.000000
0.000000
0.000000
0.000000
0.000000
0.000000
0.000000
0.000000
0.000000
0.000000
0.000000
0.000000
0.000000
0.000000
0.000000
0.000000
0.000000
0.000000
0.000000
0.000000
0.000000
0.000000
0.000000
0.000000
0.000000
0.000000
0.000000
0.000000
0.000000
0.000000
0.000000
0.000000
0.000000
0.000000
0.000000
0.000000
0.000000
0.000000
0.000000
0.000000
0.000000
0.000000
0.000000
0.000000
0.000000
0.000000
0.000000
0.000000
0.000000
0.000000
0.000000
0.000000
0.000000
0.000000
0.000000
0.000000
0.000000
0.000000
0.000000
0.000000
0.000000
0.000000
0.000000
0.000000
0.000000
0.000000
0.000000
0.000000
0.000000
0.000000
0.000000
0.000000
0.000000
0.000000
0.000000
0.000000
0.000000
0.000000
0.000000
0.000000
0.000000
0.000000
0.000000
0.000000
0.000000
0.000000
0.000000
0.000000
0.000000
0.000000
0.000000
0.000000
0.000000
0.000000
0.000000
0.000000
0.000000
0.000000
0.000000
0.000000
0.000000
0.000000
0.000000
0.000000
0.000000
0.000000
0.000000
0.000000
0.000000
0.000000
0.000000
0.000000
0.000000
0.000000
0.000000
0.000000
0.000000
0.000000
0.000000
0.000000
0.000000
0.000000
0.000000
0.000000
0.000000
0.000000
0.000000
0.000000
0.000000
0.000000
0.000000
0.000000
0.000000
0.000000
0.000000
0.000000
0.000000
0.000000
0.000000
0.000000
0.000000
0.000000
0.000000
0.000000
0.000000
0.000000
0.000000
0.000000
0.000000
0.000000
0.000000
0.000000
0.000000
0.000000
0.000000
0.000000
0.000000
0.000000
0.000000
0.000000
0.000000
0.000000
0.000000
0.000000
0.000000
0.000000
0.000000
0.000000
0.000000
0.000000
0.000000
0.000000
0.000000
0.000000
0.000000
0.000000
0.000000
0.000000
0.000000
0.000000
0.000000
0.000000
0.000000
0.000000
0.000000
0.000000
0.000000
0.000000
0.000000
0.000000
0.000000
0.000000
0.000000
0.000000
0.000000
0.000000
0.000000
0.000000
0.000000
0.000000
0.000000
0.000000
0.000000
0.000000
0.000000
0.000000
0.000000
0.000000
0.000000
0.000000
0.000000
0.000000
0.000000
0.000000
0.000000
0.000000
0.000000
0.000000
0.000000
0.000000
0.000000
0.000000
0.000000
0.000000
0.000000
0.000000
0.000000
0.000000
0.000000
0.000000
0.000000
0.000000
0.000000
0.000000
0.000000
0.000000
0.000000
0.000000
0.000000
0.000000
0.000000
0.000000
0.000000
0.000000
0.000000
0.000000
0.000000
0.000000
0.000000
0.000000
0.000000
0.000000
0.000000
0.000000
0.000000
0.000000
0.000000
0.000000
0.000000
0.000000
0.000000
0.000000
0.000000
0.000000
0.000000
0.000000
0.000000
0.000000
0.000000
0.000000
0.000000
0.000000
0.000000
0.000000
0.000000
0.000000
0.000000
0.000000
0.000000
0.000000
0.000000
0.000000
0.000000
0.000000
0.000000
0.000000
0.000000
0.000000
0.000000
0.000000
0.000000
0.000000
0.000000
0.000000
0.000000
0.000000
0.000000
0.000000
0.000000
0.000000
0.000000
0.000000
0.000000
0.000000
0.000000
0.000000
0.000000
0.000000
0.000000
0.000000
0.000000
0.000000
0.000000
0.000000
0.000000
0.000000
0.000000
0.000000
0.000000
0.000000
0.000000
0.000000
0.000000
0.000000
0.000000
0.000000
0.000000
0.000000
0.000000
0.000000
0.000000
0.000000
0.000000
0.000000
0.000000
0.000000
0.000000
0.000000
0.000000
0.000000
0.000000
0.000000
0.000000
0.000000
0.000000
0.000000
0.000000
0.000000
0.000000
0.000000
0.000000
0.000000
0.000000
0.000000
0.000000
0.000000
0.000000
0.000000
0.000000
0.000000
0.000000
0.000000
0.000000
0.000000
0.000000
0.000000
0.000000
0.000000
0.000000
0.000000
0.000000
0.000000
0.000000
0.000000
0.000000
0.000000
0.000000
0.000000
0.000000
0.000000
0.000000
0.000000
0.000000
0.000000
0.000000
0.000000
0.000000
0.000000
0.000000
0.000000
0.000000
0.000000
0.000000
0.000000
0.000000
0.000000
0.000000
0.000000
0.000000
0.000000
0.000000
0.000000
0.000000
0.000000
0.000000
0.000000
0.000000
0.000000
0.000000
0.000000
0.000000
0.000000
0.000000
0.000000
0.000000
0.000000
0.000000
0.000000
0.000000
0.000000
0.000000
0.000000
0.000000
0.000000
0.000000
0.000000
0.000000
0.000000
0.000000
0.000000
0.000000
0.000000
0.000000
0.000000
0.000000
0.000000
0.000000
0.000000
0.000000
0.000000
0.000000
0.000000
0.000000
0.000000
0.000000
0.000000
0.000000
0.000000
0.000000
0.000000
0.000000
0.000000
0.000000
0.000000
0.000000
0.000000
0.000000
0.000000
0.000000
0.000000
0.000000
0.000000
0.000000
0.000000
0.000000
0.000000
0.000000
0.000000
0.000000
0.000000
0.000000
0.000000
0.000000
0.000000
0.000000
0.000000
0.000000
0.000000
0.000000
0.000000
0.000000
0.000000
0.000000
0.000000
0.000000
0.000000
0.000000
0.000000
0.000000
0.000000
0.000000
0.000000
0.000000
0.000000
0.000000
0.000000
0.000000
0.000000
0.000000
0.000000
0.000000
0.000000
0.000000
0.000000
0.000000
0.000000
0.000000
0.000000
0.000000
0.000000
0.000000
0.000000
0.000000
0.000000
0.000000
0.000000
0.000000
0.000000
0.000000
0.000000
0.000000
0.000000
0.000000
0.000000
0.000000
0.000000
0.000000
0.000000
0.000000
0.000000
0.000000
0.000000
0.000000
0.000000
0.000000
0.000000
0.000000
0.000000
0.000000
0.000000
0.000000
0.000000
0.000000
0.000000
0.000000
0.000000
0.000000
0.000000
0.000000
0.000000
0.000000
0.000000
0.000000
0.000000
0.000000
0.000000
0.000000
0.000000
0.000000
0.000000
0.000000
0.000000
0.000000
0.000000
0.000000
0.000000
0.000000
0.000000
0.000000
0.000000
0.000000
0.000000
0.000000
0.000000
0.000000
0.000000
0.000000
0.000000
0.000000
0.000000
0.000000
0.000000
0.000000
0.000000
0.000000
0.000000
0.000000
0.000000
0.000000
0.000000
0.000000
0.000000
0.000000
0.000000
0.000000
0.000000
0.000000
0.000000
0.000000
0.000000
0.000000
0.000000
0.000000
0.000000
0.000000
0.000000
0.000000
0.000000
0.000000
0.000000
0.000000
0.000000
0.000000
0.000000
0.000000
0.000000
0.000000
0.000000
0.000000
0.000000
0.000000
0.000000
0.000000
0.000000
0.000000
0.000000
0.000000
0.000000
0.000000
0.000000
0.000000
0.000000
0.000000
0.000000
0.000000
0.000000
0.000000
0.000000
0.000000
0.000000
0.000000
0.000000
0.000000
0.000000
0.000000
0.000000
0.000000
0.000000
0.000000
0.000000
0.000000
0.000000
0.000000
0.000000
0.000000
0.000000
0.000000
0.000000
0.000000
0.000000
0.000000
0.000000
0.000000
0.000000
0.000000
0.000000
0.000000
0.000000
0.000000
0.000000
0.000000
0.000000
0.000000
0.000000
0.000000
0.000000
0.000000
0.000000
0.000000
0.000000
0.000000
0.000000
0.000000
0.000000
0.000000
0.000000
0.000000
0.000000
0.000000
0.000000
0.000000
0.000000
0.000000
0.000000
0.000000
0.000000
0.000000
0.000000
0.000000
0.000000
0.000000
0.000000
0.000000
0.000000
0.000000
0.000000
0.000000
0.000000
0.000000
0.000000
0.000000
0.000000
0.000000
0.000000
0.000000
0.000000
0.000000
0.000000
0.000000
0.000000
0.000000
0.000000
0.000000
0.000000
0.000000
0.000000
0.000000
0.000000
0.000000
0.000000
0.000000
0.000000
0.000000
0.000000
0.000000
0.000000
0.000000
0.000000
0.000000
0.000000
0.000000
0.000000
0.000000
0.000000
0.000000
0.000000
0.000000
0.000000
0.000000
0.000000
0.000000
0.000000
0.000000
0.000000
0.000000
0.000000
0.000000
0.000000
0.000000
0.000000
0.000000
0.000000
0.000000
0.000000
0.000000
0.000000
0.000000
0.000000
0.000000
0.000000
0.000000
0.000000
0.000000
0.000000
0.000000
0.000000
0.000000
0.000000
0.000000
0.000000
0.000000
0.000000
0.000000
0.000000
0.000000
0.000000
0.000000
0.000000
0.000000
0.000000
0.000000
0.000000
0.000000
0.000000
0.000000
0.000000
0.000000
0.000000
0.000000
0.000000
0.000000
0.000000
0.000000
0.000000
0.000000
0.000000
0.000000
0.000000
0.000000
0.000000
0.000000
0.000000
0.000000
0.000000
0.000000
0.000000
0.000000
0.000000
0.000000
0.000000
0.000000
0.000000
0.000000
0.000000
0.000000
0.000000
0.000000
0.000000
0.000000
0.000000
0.000000
0.000000
0.000000
0.000000
0.000000
0.000000
0.000000
0.000000
0.000000
0.000000
0.000000
0.000000
0.000000
0.000000
0.000000
0.000000
0.000000
0.000000
0.000000
0.000000
0.000000
0.000000
0.000000
0.000000
0.000000
0.000000
0.000000
0.000000
0.000000
0.000000
0.000000
0.000000
0.000000
0.000000
0.000000
0.000000
0.000000
0.000000
0.000000
0.000000
0.000000
0.000000
0.000000
0.000000
0.000000
0.000000
0.000000
0.000000
0.000000
0.000000
0.000000
0.000000
0.000000
0.000000
0.000000
0.000000
0.000000
0.000000
0.000000
0.000000
0.000000
0.000000
0.000000
0.000000
0.000000
0.000000
0.000000
0.000000
0.000000
0.000000
0.000000
0.000000
0.000000
0.000000
0.000000
0.000000
0.000000
0.000000
0.000000
0.000000
0.000000
0.000000
0.000000
0.000000
0.000000
0.000000
0.000000
0.000000
0.000000
0.000000
0.000000
0.000000
0.000000
0.000000
0.000000
0.000000
0.000000
0.000000
0.000000
0.000000
0.000000
0.000000
0.000000
0.000000
0.000000
0.000000
0.000000
0.000000
0.000000
0.000000
0.000000
0.000000
0.000000
0.000000
0.000000
0.000000
0.000000
0.000000
0.000000
0.000000
0.000000
0.000000
0.000000
0.000000
0.000000
0.000000
0.000000
0.000000
0.000000
0.000000
0.000000
0.000000
0.000000
0.000000
0.000000
0.000000
0.000000
0.000000
0.000000
0.000000
0.000000
0.000000
0.000000
0.000000
0.000000
0.000000
0.000000
0.000000
0.000000
0.000000
0.000000
0.000000
0.000000
0.000000
0.000000
0.000000
0.000000
0.000000
0.000000
0.000000
0.000000
0.000000
0.000000
0.000000
0.000000
0.000000
0.000000
0.000000
0.000000
0.000000
0.000000
0.000000
0.000000
0.000000
0.000000
0.000000
0.000000
0.000000
0.000000
0.000000
0.000000
0.000000
0.000000
0.000000
0.000000
0.000000
0.000000
0.000000
0.000000
0.000000
0.000000
0.000000
0.000000
0.000000
0.000000
0.000000
0.000000
0.000000
0.000000
0.000000
0.000000
0.000000
0.000000
0.000000
0.000000
0.000000
0.000000
0.000000
0.000000
0.000000
0.000000
0.000000
0.000000
0.000000
0.000000
0.000000
0.000000
0.000000
0.000000
0.000000
0.000000
0.000000
0.000000
0.000000
0.000000
0.000000
0.000000
0.000000
0.000000
0.000000
0.000000
0.000000
0.000000
0.000000
0.000000
0.000000
0.000000
0.000000
0.000000
0.000000
0.000000
0.000000
0.000000
0.000000
0.000000
0.000000
0.000000
0.000000
0.000000
0.000000
0.000000
0.000000
0.000000
0.000000
0.000000
0.000000
0.000000
0.000000
0.000000
0.000000
0.000000
0.000000
0.000000
0.000000
0.000000
0.000000
0.000000
0.000000
0.000000
0.000000
0.000000
0.000000
0.000000
0.000000
0.000000
0.000000
0.000000
0.000000
0.000000
0.000000
0.000000
0.000000
0.000000
0.000000
0.000000
0.000000
0.000000
0.000000
0.000000
0.000000
0.000000
0.000000
0.000000
0.000000
0.000000
0.000000
0.000000
0.000000
0.000000
0.000000
0.000000
0.000000
0.000000
0.000000
0.000000
0.000000
0.000000
0.000000
0.000000
0.000000
0.000000
0.000000
0.000000
0.000000
0.000000
0.000000
0.000000
0.000000
0.000000
0.000000
0.000000
0.000000
0.000000
0.000000
0.000000
0.000000
0.000000
0.000000
0.000000
0.000000
0.000000
0.000000
0.000000
0.000000
0.000000
0.000000
0.000000
0.000000
0.000000
0.000000
0.000000
0.000000
0.000000
0.000000
0.000000
0.000000
0.000000
0.000000
0.000000
0.000000
0.000000
0.000000
0.000000
0.000000
0.000000
0.000000
0.000000
0.000000
0.000000
0.000000
0.000000
0.000000
0.000000
0.000000
0.000000
0.000000
0.000000
0.000000
0.000000
0.000000
0.000000
0.000000
0.000000
0.000000
0.000000
0.000000
0.000000
0.000000
0.000000
0.000000
0.000000
0.000000
0.000000
0.000000
0.000000
0.000000
0.000000
0.000000
0.000000
0.000000
0.000000
0.000000
0.000000
0.000000
0.000000
0.000000
0.000000
0.000000
0.000000
0.000000
0.000000
0.000000
0.000000
0.000000
0.000000
0.000000
0.000000
0.000000
0.000000
0.000000
0.000000
0.000000
0.000000
0.000000
0.000000
0.000000
0.000000
0.000000
0.000000
0.000000
0.000000
0.000000
0.000000
0.000000
0.000000
0.000000
0.000000
0.000000
0.000000
0.000000
0.000000
0.000000
0.000000
0.000000
0.000000
0.000000
0.000000
0.000000
0.000000
0.000000
0.000000
0.000000
0.000000
0.000000
0.000000
0.000000
0.000000
0.000000
0.000000
0.000000
0.000000
0.000000
0.000000
0.000000
0.000000
0.000000
0.000000
0.000000
0.000000
0.000000
0.000000
0.000000
0.000000
0.000000
0.000000
0.000000
0.000000
0.000000
0.000000
0.000000
0.000000
0.000000
0.000000
0.000000
0.000000
0.000000
0.000000
0.000000
0.000000
0.000000
0.000000
0.000000
0.000000
0.000000
0.000000
0.000000
0.000000
0.000000
0.000000
0.000000
0.000000
0.000000
0.000000
0.000000
0.000000
0.000000
0.000000
0.000000
0.000000
0.000000
0.000000
0.000000
0.000000
0.000000
0.000000
0.000000
0.000000
0.000000
0.000000
0.000000
0.000000
0.000000
0.000000
0.000000
0.000000
0.000000
0.000000
0.000000
0.000000
0.000000
0.000000
0.000000
0.000000
0.000000
0.000000
0.000000
0.000000
0.000000
0.000000
0.000000
0.000000
0.000000
0.000000
0.000000
0.000000
0.000000
0.000000
0.000000
0.000000
0.000000
0.000000
0.000000
0.000000
0.000000
0.000000
0.000000
0.000000
0.000000
0.000000
0.000000
0.000000
0.000000
0.000000
0.000000
0.000000
0.000000
0.000000
0.000000
0.000000
0.000000
0.000000
0.000000
0.000000
0.000000
0.000000
0.000000
0.000000
0.000000
0.000000
0.000000
0.000000
0.000000
0.000000
0.000000
0.000000
0.000000
0.000000
0.000000
0.000000
0.000000
0.000000
0.000000
0.000000
0.000000
0.000000
0.000000
0.000000
0.000000
0.000000
0.000000
0.000000
0.000000
0.000000
0.000000
0.000000
0.000000
0.000000
0.000000
0.000000
0.000000
0.000000
0.000000
0.000000
0.000000
0.000000
0.000000
0.000000
0.000000
0.000000
0.000000
0.000000
0.000000
0.000000
0.000000
0.000000
0.000000
0.000000
0.000000
0.000000
0.000000
0.000000
0.000000
0.000000
0.000000
0.000000
0.000000
0.000000
0.000000
0.000000
0.000000
0.000000
0.000000
0.000000
0.000000
0.000000
0.000000
0.000000
0.000000
0.000000
0.000000
0.000000
0.000000
0.000000
0.000000
0.000000
0.000000
0.000000
0.000000
0.000000
0.000000
0.000000
0.000000
0.000000
0.000000
0.000000
0.000000
0.000000
0.000000
0.000000
0.000000
0.000000
0.000000
0.000000
0.000000
0.000000
0.000000
0.000000
0.000000
0.000000
0.000000
0.000000
0.000000
0.000000
0.000000
0.000000
0.000000
0.000000
0.000000
0.000000
0.000000
0.000000
0.000000
0.000000
0.000000
0.000000
0.000000
0.000000
0.000000
0.000000
0.000000
0.000000
0.000000
0.000000
0.000000
0.000000
0.000000
0.000000
0.000000
0.000000
0.000000
0.000000
0.000000
0.000000
0.000000
0.000000
0.000000
0.000000
0.000000
0.000000
0.000000
0.000000
0.000000
0.000000
0.000000
0.000000
0.000000
0.000000
0.000000
0.000000
0.000000
0.000000
0.000000
0.000000
0.000000
0.000000
0.000000
0.000000
0.000000
0.000000
0.000000
0.000000
0.000000
0.000000
0.000000
0.000000
0.000000
0.000000
0.000000
0.000000
0.000000
0.000000
0.000000
0.000000
0.000000
0.000000
0.000000
0.000000
0.000000
0.000000
0.000000
0.000000
0.000000
0.000000
0.000000
0.000000
0.000000
0.000000
0.000000
0.000000
0.000000
0.000000
0.000000
0.000000
0.000000
0.000000
0.000000
0.000000
0.000000
0.000000
0.000000
0.000000
0.000000
0.000000
0.000000
0.000000
0.000000
0.000000
0.000000
0.000000
0.000000
0.000000
0.000000
0.000000
0.000000
0.000000
0.000000
0.000000
0.000000
0.000000
0.000000
0.000000
0.000000
0.000000
0.000000
0.000000
0.000000
0.000000
0.000000
0.000000
0.000000
0.000000
0.000000
0.000000
0.000000
0.000000
0.000000
0.000000
0.000000
0.000000
0.000000
0.000000
0.000000
0.000000
0.000000
0.000000
0.000000
0.000000
0.000000
0.000000
0.000000
0.000000
0.000000
0.000000
0.000000
0.000000
0.000000
0.000000
0.000000
0.000000
0.000000
0.000000
0.000000
0.000000
0.000000
0.000000
0.000000
0.000000
0.000000
0.000000
0.000000
0.000000
0.000000
0.000000
0.000000
0.000000
0.000000
0.000000
0.000000
0.000000
0.000000
0.000000
0.000000
0.000000
0.000000
0.000000
0.000000
0.000000
0.000000
0.000000
0.000000
0.000000
0.000000
0.000000
0.000000
0.000000
0.000000
0.000000
0.000000
0.000000
0.000000
0.000000
0.000000
0.000000
0.000000
0.000000
0.000000
0.000000
0.000000
0.000000
0.000000
0.000000
0.000000
0.000000
0.000000
0.000000
0.000000
0.000000
0.000000
0.000000
0.000000
0.000000
0.000000
0.000000
0.000000
0.000000
0.000000
0.000000
0.000000
0.000000
0.000000
0.000000
0.000000
0.000000
0.000000
0.000000
0.000000
0.000000
0.000000
0.000000
0.000000
0.000000
0.000000
0.000000
0.000000
0.000000
0.000000
0.000000
0.000000
0.000000
0.000000
0.000000
0.000000
0.000000
0.000000
0.000000
0.000000
0.000000
0.000000
0.000000
0.000000
0.000000
0.000000
0.000000
0.000000
0.000000
0.000000
0.000000
0.000000
0.000000
0.000000
0.000000
0.000000
0.000000
0.000000
0.000000
0.000000
0.000000
0.000000
0.000000
0.000000
0.000000
0.000000
0.000000
0.000000
0.000000
0.000000
0.000000
0.000000
0.000000
0.000000
0.000000
0.000000
0.000000
0.000000
0.000000
0.000000
0.000000
0.000000
0.000000
0.000000
0.000000
0.000000
0.000000
0.000000
0.000000
0.000000
0.000000
0.000000
0.000000
0.000000
0.000000
0.000000
0.000000
0.000000
0.000000
0.000000
0.000000
0.000000
0.000000
0.000000
0.000000
0.000000
0.000000
0.000000
0.000000
0.000000
0.000000
0.000000
0.000000
0.000000
0.000000
0.000000
0.000000
0.000000
0.000000
0.000000
0.000000
0.000000
0.000000
0.000000
0.000000
0.000000
0.000000
0.000000
0.000000
0.000000
0.000000
0.000000
0.000000
0.000000
0.000000
0.000000
0.000000
0.000000
0.000000
0.000000
0.000000
0.000000
0.000000
0.000000
0.000000
0.000000
0.000000
0.000000
0.000000
0.000000
0.000000
0.000000
0.000000
0.000000
0.000000
0.000000
0.000000
0.000000
0.000000
0.000000
0.000000
0.000000
0.000000
0.000000
0.000000
0.000000
0.000000
0.000000
0.000000
0.000000
0.000000
0.000000
0.000000
0.000000
0.000000
0.000000
0.000000
0.000000
0.000000
0.000000
0.000000
0.000000
0.000000
0.000000
0.000000
0.000000
0.000000
0.000000
0.000000
0.000000
0.000000
0.000000
0.000000
0.000000
0.000000
0.000000
0.000000
0.000000
0.000000
0.000000
0.000000
0.000000
0.000000
0.000000
0.000000
0.000000
0.000000
0.000000
0.000000
0.000000
0.000000
0.000000
0.000000
0.000000
0.000000
0.000000
0.000000
0.000000
0.000000
0.000000
0.000000
0.000000
0.000000
0.000000
0.000000
0.000000
0.000000
0.000000
0.000000
0.000000
0.000000
0.000000
0.000000
0.000000
0.000000
0.000000
0.000000
0.000000
0.000000
0.000000
0.000000
0.000000
0.000000
0.000000
0.000000
0.000000
0.000000
0.000000
0.000000
0.000000
0.000000
0.000000
0.000000
0.000000
0.000000
0.000000
0.000000
0.000000
0.000000
0.000000
0.000000
0.000000
0.000000
0.000000
0.000000
0.000000
0.000000
0.000000
0.000000
0.000000
0.000000
0.000000
0.000000
0.000000
0.000000
0.000000
0.000000
0.000000
0.000000
0.000000
0.000000
0.000000
0.000000
0.000000
0.000000
0.000000
0.000000
0.000000
0.000000
0.000000
0.000000
0.000000
0.000000
0.000000
0.000000
0.000000
0.000000
0.000000
0.000000
0.000000
0.000000
0.000000
0.000000
0.000000
0.000000
0.000000
0.000000
0.000000
0.000000
0.000000
0.000000
0.000000
0.000000
0.000000
0.000000
0.000000
0.000000
0.000000
0.000000
0.000000
0.000000
0.000000
0.000000
0.000000
0.000000
0.000000
0.000000
0.000000
0.000000
0.000000
0.000000
0.000000
0.000000
0.000000
0.000000
0.000000
0.000000
0.000000
0.000000
0.000000
0.000000
0.000000
0.000000
0.000000
0.000000
0.000000
0.000000
0.000000
0.000000
0.000000
0.000000
0.000000
0.000000
0.000000
0.000000
0.000000
0.000000
0.000000
0.000000
0.000000
0.000000
0.000000
0.000000
0.000000
0.000000
0.000000
0.000000
0.000000
0.000000
0.000000
0.000000
0.000000
0.000000
0.000000
0.000000
0.000000
0.000000
0.000000
0.000000
0.000000
0.000000
0.000000
0.000000
0.000000
0.000000
0.000000
0.000000
0.000000
0.000000
0.000000
0.000000
0.000000
0.000000
0.000000
0.000000
0.000000
0.000000
0.000000
0.000000
0.000000
0.000000
0.000000
0.000000
0.000000
0.000000
0.000000
0.000000
0.000000
0.000000
0.000000
0.000000
0.000000
0.000000
0.000000
0.000000
0.000000
0.000000
0.000000
0.000000
0.000000
0.000000
0.000000
0.000000
0.000000
0.000000
0.000000
0.000000
0.000000
0.000000
0.000000
0.000000
0.000000
0.000000
0.000000
0.000000
0.000000
0.000000
0.000000
0.000000
