-0.004272
-0.006030
-0.006816
-0.007313
-0.003595
-0.000505
0.002098
0.003363
0.002991
0.001131
-0.000599
-0.001962
-0.003254
-0.002283
-0.000564
0.001393
0.001363
0.003141
0.002553
0.001193
-0.002376
-0.001651
-0.003346
-0.003302
-0.002720
-0.002586
-0.001516
-0.001906
-0.001574
-0.002965
-0.003208
-0.003201
-0.003068
-0.001768
-0.000314
0.000310
-0.001377
-0.006144
-0.005204
-0.004283
-0.003648
-0.002249
-0.000285
-0.000264
-0.000446
-0.000705
-0.000926
-0.000701
0.000607
0.000994
0.000889
0.002170
0.000849
0.000956
0.003119
0.004376
0.001095
-0.002567
-0.005955
-0.007650
-0.006707
-0.002858
0.001047
0.002427
0.002413
0.001118
-0.001181
-0.003010
-0.002825
-0.003270
-0.001056
0.002047
0.002187
-0.000572
-0.002015
-0.005164
-0.011638
-0.021858
-0.036045
-0.048920
-0.063964
-0.098117
-0.131483
-0.157243
-0.153940
-0.132636
-0.105451
-0.097605
-0.091179
-0.079194
-0.049512
-0.022903
-0.006144
-0.001616
0.001384
0.002897
0.007071
0.021680
0.043182
0.067120
0.085484
0.082429
0.071960
0.068697
0.078780
0.091461
0.095036
0.085587
0.070234
0.057862
0.052618
0.045757
0.036260
0.035433
0.026369
0.021681
0.017141
0.014504
0.014292
0.016362
0.016574
0.013103
0.011412
0.009607
0.007079
0.006361
0.006705
0.006121
0.006075
0.005527
0.005770
0.005386
0.004831
0.003936
0.002981
0.002026
0.001759
0.001774
0.001369
0.000872
0.000882
0.000643
0.000578
0.001310
0.006364
0.010677
0.011009
0.009941
0.008593
0.016590
0.027664
0.034988
0.040302
0.040540
0.042017
0.045087
0.047225
0.048868
0.050597
0.053130
0.057665
0.059855
0.061457
0.064475
0.068720
0.072153
0.068802
0.069698
0.068544
0.065450
0.058088
0.049161
0.043053
0.031462
0.021776
0.018185
0.018938
0.019436
0.020725
0.021075
0.019370
0.017121
0.013804
0.011680
0.009058
0.008140
0.007433
0.007387
0.007062
0.006587
0.005524
0.004325
0.003720
0.002340
0.003337
0.002635
0.003313
0.003983
0.003695
0.002960
0.002205
0.002809
0.002880
0.002611
0.002048
0.001813
0.001489
0.001276
0.000489
0.000416
-0.000043
-0.000455
-0.000575
-0.002090
-0.002196
-0.001053
0.006890
0.017627
0.024746
0.024112
0.023212
0.022235
0.024646
0.022444
0.022767
0.025535
0.028462
0.026704
0.027983
0.027618
0.024333
0.022999
0.018150
0.003114
-0.006883
-0.014419
-0.016990
-0.017731
-0.023690
-0.025203
-0.026786
-0.026923
-0.026060
-0.028844
-0.032165
-0.033085
-0.028927
-0.024083
-0.012829
0.000851
0.014190
0.015140
0.017754
0.021698
0.024882
0.030780
0.034065
0.036770
0.041549
0.044731
0.043937
0.043039
0.041160
0.042073
0.044465
0.048883
0.053152
0.052081
0.043050
0.035754
0.029631
0.027003
0.030380
0.035863
0.041457
0.044911
0.045558
0.042832
0.040945
0.030959
0.011972
-0.006079
-0.021447
-0.026902
-0.027591
-0.027662
-0.033988
-0.037815
-0.037751
-0.028524
-0.024241
-0.027768
-0.030033
-0.034733
-0.040320
-0.044611
-0.048040
-0.049989
-0.051222
-0.040092
-0.016656
0.001907
0.007871
0.009662
0.010879
0.015610
0.026317
0.033910
0.038212
0.038626
0.039435
0.043592
0.046123
0.044229
0.043544
0.044492
0.046289
0.048195
0.049619
0.042306
0.043297
0.038732
0.036602
0.039198
0.044242
0.048292
0.051015
0.052261
0.049225
0.032901
0.018223
0.002180
-0.008629
-0.016755
-0.019286
-0.019594
-0.024077
-0.031567
-0.037524
-0.037581
-0.033351
-0.029688
-0.032264
-0.034550
-0.034233
-0.043523
-0.043686
-0.048886
-0.043070
-0.035751
-0.018072
-0.006941
0.002558
0.007820
0.012875
0.019011
0.029325
0.033451
0.035781
0.037054
0.039524
0.043536
0.044603
0.044101
0.046171
0.049779
0.052873
0.051813
0.045010
0.038856
0.034190
0.032111
0.035752
0.040897
0.046626
0.051181
0.054571
0.059116
0.072382
0.069192
0.043742
0.018299
-0.000574
-0.015808
-0.018317
-0.016705
-0.017763
-0.019326
-0.023420
-0.029311
-0.036987
-0.038110
-0.039255
-0.041978
-0.037863
-0.011753
0.010585
0.019676
0.017468
0.013610
0.011977
0.014124
0.019501
0.025787
0.033073
0.041941
0.041996
0.044096
0.040306
0.030425
0.000753
-0.024872
-0.033324
-0.024754
-0.017278
-0.016723
-0.013511
-0.017714
-0.023756
-0.030375
-0.037684
-0.041763
-0.041738
-0.040332
-0.031732
-0.013116
0.003500
0.013333
0.013700
0.014857
0.020314
0.027021
0.032965
0.035204
0.035704
0.036777
0.039707
0.043700
0.046764
0.048778
0.050060
0.050436
0.047157
0.039864
0.035791
0.032373
0.036052
0.041126
0.046413
0.050999
0.062862
0.068244
0.076203
0.063273
0.039985
0.011441
-0.002014
-0.005723
-0.007706
-0.009231
-0.012083
-0.018561
-0.025689
-0.030389
-0.042500
-0.049833
-0.063657
-0.072484
-0.050342
-0.020898
0.003563
0.014615
0.015289
0.014333
0.018657
0.021535
0.023509
0.026429
0.032475
0.038921
0.044014
0.046563
0.053707
0.056900
0.056066
0.046349
0.027687
0.005217
-0.006910
-0.009057
-0.008072
-0.006008
-0.006526
-0.008935
-0.015597
-0.024384
-0.032798
-0.046561
-0.055654
-0.071528
-0.083923
-0.064906
-0.045790
-0.016338
0.000954
0.001965
0.001595
0.011169
0.025315
0.035909
0.039659
0.039615
0.039258
0.041302
0.044688
0.050370
0.055743
0.062243
0.063208
0.074819
0.085975
0.097494
0.099111
0.092819
0.089001
0.089997
0.095795
0.100531
0.104490
0.106082
0.107521
0.112184
0.119334
0.124407
0.124557
0.123138
0.122113
0.123900
0.116753
0.105779
0.092621
0.079757
0.076570
0.071773
0.064901
0.058517
0.053183
0.046837
0.042053
0.036555
0.027263
0.025098
0.021633
0.019393
0.017407
0.015209
0.011769
0.010067
0.009287
0.007114
0.005451
0.004048
0.001358
-0.000622
-0.004480
-0.005685
-0.008284
-0.009052
-0.013731
-0.014151
-0.014353
-0.015941
-0.015411
-0.015358
-0.014804
-0.015035
-0.014661
-0.014712
-0.013455
-0.014170
-0.012527
-0.012317
-0.011945
-0.011197
-0.010334
-0.009406
-0.009124
-0.009104
-0.009096
-0.009235
-0.010090
-0.010319
-0.010691
-0.010332
-0.010855
-0.009614
-0.008506
-0.006869
-0.008087
-0.009225
-0.010551
-0.011190
-0.011841
-0.011767
-0.012191
-0.009635
-0.009847
-0.009399
-0.009473
-0.009524
-0.008384
-0.010607
-0.012380
-0.013611
-0.017356
-0.018307
-0.019223
-0.019021
-0.017403
-0.015906
-0.013833
-0.012833
-0.014643
-0.012132
-0.012388
-0.012516
-0.012312
-0.012502
-0.011772
-0.013482
-0.011677
-0.013724
-0.014271
-0.015918
-0.014666
-0.015270
-0.013082
-0.014933
-0.012043
-0.010923
-0.011996
-0.012139
-0.014189
-0.015556
-0.013283
-0.014222
-0.014301
-0.014053
-0.013888
-0.015740
-0.013750
-0.013809
-0.013739
-0.014111
-0.013495
-0.014115
-0.011750
-0.011894
-0.012494
-0.012992
-0.013477
-0.013125
-0.013588
-0.011867
-0.012480
-0.013499
-0.016496
-0.017158
-0.017206
-0.016996
-0.016333
-0.015771
-0.015200
-0.011969
-0.012084
-0.011392
-0.012268
-0.011959
-0.013450
-0.014307
-0.012639
-0.012059
-0.014019
-0.012295
-0.011634
-0.012040
-0.008796
-0.010167
-0.011486
-0.012201
-0.011604
-0.010725
-0.011510
-0.009025
-0.011378
-0.008646
-0.009085
-0.009269
-0.008460
-0.012286
-0.014936
-0.015823
-0.020207
-0.022129
-0.022627
-0.021431
-0.018383
-0.015976
-0.013413
-0.010618
-0.009144
-0.008632
-0.008669
-0.010507
-0.011179
-0.011275
-0.010514
-0.007884
-0.007946
-0.009220
-0.011240
-0.012428
-0.015274
-0.014956
-0.014592
-0.013756
-0.014092
-0.012166
-0.012455
-0.013134
-0.013671
-0.010426
-0.011621
-0.013920
-0.011614
-0.011111
-0.008457
-0.009152
-0.007608
-0.009032
-0.010252
-0.010739
-0.012001
-0.012632
-0.013291
-0.014006
-0.014702
-0.012688
-0.012277
-0.014091
-0.013016
-0.012564
-0.010375
-0.009621
-0.009712
-0.009626
-0.012232
-0.013206
-0.012864
-0.015338
-0.017749
-0.018480
-0.018769
-0.018795
-0.018037
-0.016762
-0.015601
-0.014541
-0.013042
-0.012142
-0.011780
-0.009800
-0.011006
-0.011655
-0.012183
-0.011600
-0.011569
-0.010854
-0.011460
-0.011535
-0.012633
-0.013554
-0.013708
-0.016404
-0.016961
-0.015943
-0.016486
-0.021210
-0.027572
-0.028355
-0.023709
-0.018142
-0.016055
-0.013494
-0.012888
-0.010864
-0.010254
-0.007914
-0.007296
-0.007949
-0.010728
-0.017973
-0.026696
-0.032990
-0.040816
-0.051013
-0.063743
-0.072543
-0.078021
-0.083625
-0.089779
-0.099406
-0.103389
-0.103002
-0.099566
-0.098816
-0.098808
-0.105992
-0.118415
-0.129906
-0.135574
-0.110099
-0.095952
-0.093962
-0.096470
-0.087921
-0.092711
-0.095403
-0.096328
-0.095809
-0.094202
-0.091387
-0.075258
-0.069844
-0.068986
-0.047694
-0.038440
-0.029066
-0.022910
-0.012529
-0.006943
-0.002565
0.000597
0.003033
0.004614
0.005339
0.006009
0.007008
0.007371
0.008233
0.008776
0.010464
0.012065
0.013760
0.015258
0.016093
0.017192
0.017836
0.017623
0.017247
0.017064
0.014993
0.013943
0.013100
0.013232
0.013798
0.014695
0.016868
0.018168
0.019225
0.019959
0.020823
0.019687
0.019776
0.019192
0.018716
0.018026
0.017518
0.015378
0.016219
0.014492
0.012923
0.012740
0.014356
0.012349
0.013113
0.016382
0.017373
0.017800
0.017936
0.018233
0.017333
0.017038
0.017107
0.019304
0.018829
0.018667
0.018416
0.018149
0.018125
0.018864
0.019169
0.016059
0.016672
0.017286
0.020816
0.018128
0.018425
0.020611
0.017972
0.016922
0.015671
0.015108
0.014772
0.013248
0.017543
0.019888
0.021200
0.021210
0.021042
0.019398
0.018443
0.016801
0.012596
0.010690
0.011546
0.018486
0.018509
0.018449
0.018791
0.019288
0.020250
0.020134
0.019466
0.017908
0.016509
0.015317
0.014801
0.015377
0.016192
0.016763
0.015422
0.016423
0.017211
0.017769
0.018020
0.017293
0.016977
0.017094
0.019569
0.018656
0.018078
0.018033
0.017636
0.019268
0.017057
0.016667
0.016221
0.016319
0.016362
0.018753
0.020552
0.019927
0.020091
0.019929
0.019236
0.018493
0.018956
0.017640
0.014880
0.015384
0.018356
0.016629
0.017866
0.018314
0.018655
0.021906
0.022184
0.021316
0.020138
0.018553
0.017631
0.015323
0.013019
0.012672
0.012128
0.010743
0.010047
0.012994
0.014737
0.017315
0.018819
0.020362
0.021553
0.022662
0.022858
0.021507
0.017705
0.016671
0.018563
0.016898
0.017000
0.016226
0.016653
0.017222
0.017062
0.017860
0.017325
0.018258
0.019847
0.021353
0.025321
0.024033
0.024597
0.022362
0.022464
0.019006
0.016534
0.015506
0.013206
0.011939
0.012350
0.012044
0.010487
0.010895
0.013940
0.017752
0.022514
0.029462
0.039148
0.048042
0.056122
0.065102
0.075320
0.086331
0.093497
0.101679
0.108719
0.109922
0.108243
0.107221
0.097608
0.087276
0.078671
0.084269
0.080649
0.088808
0.097791
0.106133
0.113595
0.120473
0.128632
0.136769
0.117271
0.116158
0.130030
0.132822
0.109184
0.098039
0.083950
0.070831
0.050009
0.029037
0.006946
-0.009827
-0.018441
-0.021863
-0.022908
-0.022066
-0.023045
-0.022497
-0.024409
-0.026663
-0.027203
-0.028137
-0.028080
-0.027025
-0.026607
-0.023786
-0.024136
-0.024934
-0.025245
-0.024403
-0.023806
-0.023796
-0.025107
-0.025957
-0.026959
-0.027604
-0.028531
-0.028322
-0.024545
-0.022015
-0.021097
-0.021185
-0.022947
-0.026845
-0.028102
-0.026642
-0.024552
-0.025677
-0.025323
-0.025244
-0.024784
-0.023938
-0.023593
-0.024776
-0.026558
-0.026348
-0.025864
-0.025559
-0.024673
-0.024100
-0.024252
-0.023234
-0.023061
-0.024758
-0.027079
-0.029101
-0.029786
-0.027509
-0.025433
-0.023949
-0.023959
-0.025979
-0.026550
-0.025801
-0.023539
-0.023463
-0.025260
-0.026273
-0.025169
-0.024297
-0.023584
-0.023999
-0.025166
-0.024952
-0.024204
-0.024594
-0.024779
-0.027665
-0.031480
-0.031171
-0.027909
-0.025830
-0.026145
-0.027429
-0.027331
-0.026076
-0.023871
-0.022663
-0.022288
-0.022913
-0.023664
-0.025465
-0.026284
-0.027101
-0.027517
-0.026490
-0.025659
-0.027916
-0.029278
-0.030185
-0.029266
-0.026573
-0.025036
-0.024355
-0.025521
-0.026009
-0.025194
-0.023903
-0.022666
-0.021749
-0.023251
-0.022570
-0.020979
-0.025944
-0.035536
-0.034518
-0.033584
-0.039353
-0.049315
-0.060777
-0.069328
-0.077337
-0.085988
-0.093627
-0.097007
-0.100329
-0.103737
-0.094273
-0.082380
-0.072140
-0.070395
-0.068380
-0.076036
-0.070717
-0.067574
-0.061701
-0.067295
-0.079364
-0.098935
-0.103952
-0.101901
-0.099512
-0.099828
-0.103722
-0.110798
-0.115247
-0.106600
-0.086473
-0.062738
-0.043959
-0.029303
-0.015211
0.000917
0.016336
0.030874
0.043802
0.055669
0.064978
0.071569
0.076886
0.082417
0.080535
0.077528
0.070809
0.065848
0.071375
0.079342
0.088448
0.097552
0.104561
0.111529
0.118080
0.124670
0.129428
0.112645
0.111007
0.106077
0.099494
0.090815
0.080444
0.071808
0.063152
0.063404
0.054033
0.043519
0.033123
0.020341
0.013637
0.010993
0.005602
0.001760
0.001242
0.002428
0.003982
0.003274
0.003102
0.001379
-0.000277
-0.001596
-0.001415
-0.001560
-0.000531
0.000127
-0.000524
-0.000963
-0.002121
-0.002165
-0.002550
-0.001605
0.000580
0.003081
0.002437
0.001321
-0.002841
-0.004151
-0.001694
0.002535
0.002347
-0.000345
-0.001875
-0.000418
0.000322
-0.000112
-0.000064
-0.000065
-0.000054
-0.000222
-0.000312
-0.000049
0.000545
0.000595
0.000164
-0.000159
0.000177
-0.000022
0.000123
0.000469
-0.001522
-0.007180
-0.011607
-0.015053
-0.020462
-0.032116
-0.056665
-0.074998
-0.087282
-0.095541
-0.087078
-0.079253
-0.087275
-0.093454
-0.097980
-0.100899
-0.104043
-0.107072
-0.111917
-0.120166
-0.127801
-0.130632
-0.115430
-0.098241
-0.086131
-0.076614
-0.080992
-0.084946
-0.089216
-0.091692
-0.090008
-0.083166
-0.069275
-0.052122
-0.033609
-0.014501
-0.000566
0.015879
0.031265
0.045056
0.046693
0.054763
0.061109
0.068037
0.075216
0.081682
0.087090
0.091155
0.091645
0.088659
0.093242
0.078745
0.070004
0.048509
0.024776
0.007525
-0.005194
-0.004710
0.003614
0.006002
0.001913
-0.002205
-0.006442
-0.004982
-0.003158
-0.000839
0.002409
0.003559
0.002862
-0.000021
-0.001333
-0.000852
0.000796
0.001399
0.000185
-0.000207
0.000050
0.000001
-0.000107
0.000424
0.000318
-0.000383
-0.000493
-0.000515
-0.002832
-0.008785
-0.013200
-0.015386
-0.020750
-0.028580
-0.042427
-0.057196
-0.073701
-0.088982
-0.107145
-0.097432
-0.073469
-0.044350
-0.024729
-0.009384
0.005006
0.017228
0.031937
0.051590
0.066191
0.076716
0.089630
0.090272
0.088878
0.088703
0.090062
0.094449
0.096409
0.075573
0.076862
0.069710
0.081907
0.092913
0.119381
0.124946
0.118651
0.090816
0.069731
0.046957
0.024889
0.000969
-0.026489
-0.048588
-0.056371
-0.059129
-0.060032
-0.063023
-0.063104
-0.059525
-0.048425
-0.030006
-0.013179
-0.000498
0.009039
0.019163
0.031486
0.046013
0.052685
0.059549
0.072138
0.072034
0.078730
0.086278
0.066854
0.049342
0.027388
0.010047
-0.003110
-0.010505
-0.019510
-0.035691
-0.053284
-0.057618
-0.041606
-0.014711
0.005442
0.013185
0.018793
0.031120
0.048855
0.064471
0.071791
0.076081
0.082505
0.092624
0.099456
0.101100
0.091333
0.083418
0.075759
0.080423
0.101861
0.114784
0.117506
0.122545
0.100724
0.075525
0.060639
0.064013
0.056870
0.039314
0.020898
0.016939
0.026107
0.040668
0.048427
0.050894
0.053636
0.061279
0.069656
0.079171
0.087436
0.093201
0.098026
0.105893
0.116401
0.118730
0.113092
0.108682
0.111536
0.116544
0.118421
0.110118
0.085810
0.055947
0.036002
0.025582
0.014634
0.005210
-0.003097
-0.016453
-0.036651
-0.054761
-0.071403
-0.069809
-0.063469
-0.067701
-0.071334
-0.081467
-0.088674
-0.113728
-0.119028
-0.110169
-0.098513
-0.096828
-0.103231
-0.111935
-0.117515
-0.119601
-0.115703
-0.110315
-0.106166
-0.108866
-0.113338
-0.118904
-0.120213
-0.121508
-0.123446
-0.127312
-0.129332
-0.131867
-0.139486
-0.145878
-0.131522
-0.099776
-0.065439
-0.041944
-0.021706
-0.010382
-0.008908
0.005674
0.032280
0.061391
0.082612
0.087451
0.082817
0.077126
0.077425
0.083134
0.089768
0.100124
0.100470
0.101998
0.108007
0.115378
0.120139
0.120956
0.119089
0.116648
0.118477
0.123739
0.125339
0.119555
0.113408
0.114503
0.118321
0.121083
0.122015
0.121240
0.120346
0.120273
0.122049
0.120685
0.098171
0.082099
0.053185
0.034291
0.022830
0.009938
-0.006271
-0.018640
-0.027814
-0.040949
-0.054628
-0.069228
-0.068939
-0.057103
-0.057953
-0.052364
-0.057154
-0.063900
-0.070416
-0.079475
-0.088198
-0.097372
-0.106006
-0.115779
-0.119390
-0.102009
-0.098891
-0.093097
-0.095945
-0.079350
-0.061124
-0.042678
-0.027591
-0.019714
-0.016398
-0.020796
-0.028464
-0.037140
-0.038041
-0.045323
-0.063609
-0.062488
-0.070971
-0.076770
-0.081689
-0.084592
-0.089009
-0.091928
-0.093018
-0.091847
-0.087322
-0.081052
-0.072562
-0.060639
-0.048374
-0.042763
-0.027913
-0.017971
-0.016175
-0.015202
-0.013654
-0.011760
-0.008412
-0.005878
-0.002895
-0.001270
-0.000220
0.000173
-0.000904
-0.001272
-0.001697
-0.001401
-0.000515
0.000173
0.000332
0.000409
-0.000125
-0.000666
-0.000968
-0.001518
-0.001034
-0.000072
0.000708
0.000572
-0.000399
-0.000158
-0.001301
-0.001962
-0.001028
0.000199
0.001900
0.001035
-0.000422
-0.003266
-0.004606
-0.004735
-0.004098
-0.002215
-0.000278
0.001280
0.001351
0.000125
-0.000681
-0.001138
-0.001741
-0.000628
-0.000364
-0.002882
-0.001864
-0.001818
-0.001867
-0.001330
-0.000199
-0.000345
-0.002068
-0.002035
-0.001285
0.000287
0.002994
0.004666
0.003854
0.001310
-0.003924
-0.005651
-0.004754
-0.002150
0.000888
0.002711
0.003015
0.004143
0.001932
0.000436
-0.000319
-0.000966
0.000509
0.000938
0.001492
0.003884
0.005102
0.005899
0.001905
-0.001410
-0.005994
-0.007623
-0.004470
0.000227
0.002825
0.004761
0.005761
0.003269
-0.000627
-0.002931
-0.001812
0.000318
0.000614
0.002156
0.005225
0.003565
-0.005806
-0.006729
-0.000774
0.001113
-0.000095
-0.000626
0.000204
0.001543
0.001822
0.000701
-0.000028
0.000580
0.000661
0.000162
-0.000197
0.000024
-0.000194
-0.000320
0.000061
0.000136
-0.000047
-0.000014
-0.000432
-0.000105
0.000768
0.000385
0.006687
0.004170
0.005027
0.003838
0.002867
0.001659
0.000810
0.000279
0.000365
-0.002206
-0.009332
-0.018052
-0.026843
-0.038030
-0.050093
-0.059047
-0.068477
-0.075496
-0.086537
-0.096288
-0.099182
-0.098077
-0.096977
-0.088138
-0.079968
-0.072142
-0.073808
-0.075863
-0.101985
-0.122511
-0.155170
-0.167011
-0.170545
-0.156320
-0.129863
-0.115581
-0.101567
-0.095493
-0.092251
-0.091760
-0.096251
-0.106700
-0.113487
-0.113361
-0.091688
-0.071889
-0.052095
-0.030897
-0.018110
-0.006903
0.006385
0.023140
0.037784
0.050337
0.054901
0.061799
0.078714
0.091784
0.100447
0.103502
0.105170
0.106958
0.107233
0.109763
0.100923
0.090279
0.080591
0.071239
0.076873
0.085119
0.093117
0.100455
0.090152
0.089251
0.096667
0.088907
0.070465
0.068778
0.047795
0.026595
0.007854
-0.008808
-0.025028
-0.040260
-0.045977
-0.056355
-0.065326
-0.074414
-0.082452
-0.091851
-0.099087
-0.104975
-0.110748
-0.116230
-0.140367
-0.124582
-0.127804
-0.125834
-0.139342
-0.126689
-0.112964
-0.101707
-0.088356
-0.076511
-0.067518
-0.064218
-0.061182
-0.060739
-0.059133
-0.048915
-0.047062
-0.050932
-0.047360
-0.039150
-0.037202
-0.038767
-0.050463
-0.057450
-0.065858
-0.063127
-0.068485
-0.085026
-0.088111
-0.103710
-0.111756
-0.099372
-0.065122
-0.037595
-0.024324
-0.022552
-0.018039
-0.006962
0.003496
0.006269
0.003865
0.002655
0.005004
0.005949
0.005592
0.003660
0.002964
0.003562
0.003555
0.002787
0.001802
0.001442
0.000982
0.000731
0.000887
0.001170
0.001214
0.001008
0.000181
-0.000578
-0.000088
0.004494
0.009846
0.008723
0.002281
-0.003867
-0.007202
-0.007987
-0.008764
-0.006063
-0.001784
-0.000286
-0.001437
-0.002281
-0.002133
-0.001548
-0.001207
-0.000457
-0.000071
0.000677
0.000179
-0.000474
-0.000698
-0.000962
-0.000009
-0.000529
-0.000287
0.001188
0.000971
0.002153
0.002303
0.001820
0.002234
0.004542
0.008043
0.014089
0.023038
0.033488
0.043740
0.053215
0.061847
0.069370
0.075868
0.080674
0.096824
0.097968
0.117109
0.132803
0.132918
0.145323
0.135471
0.128883
0.106784
0.092468
0.089305
0.093515
0.100823
0.102933
0.099852
0.097157
0.098751
0.100735
0.096292
0.083615
0.068763
0.057163
0.050134
0.045699
0.041781
0.038384
0.033862
0.026890
0.021325
0.018612
0.016307
0.014152
0.012556
0.011078
0.009627
0.008094
0.005770
0.007658
0.006176
0.003741
0.003670
0.004630
0.004914
0.005667
0.004159
0.001995
0.001021
0.001224
-0.005096
-0.003899
-0.001028
-0.002992
-0.001686
-0.001225
-0.000853
0.000437
0.002012
0.001923
0.001780
0.000717
0.000409
-0.001086
-0.000020
0.000527
0.000384
0.000726
0.000506
-0.000208
-0.002667
-0.005033
-0.010647
-0.019213
-0.028083
-0.035474
-0.044318
-0.062410
-0.062105
-0.082870
-0.092259
-0.112366
-0.131180
-0.146196
-0.137301
-0.135940
-0.122588
-0.111758
-0.099640
-0.087174
-0.081707
-0.085553
-0.092726
-0.097834
-0.099370
-0.101580
-0.102661
-0.103914
-0.104640
-0.101886
-0.093534
-0.078148
-0.061016
-0.049409
-0.043723
-0.039052
-0.033186
-0.027008
-0.023528
-0.020476
-0.017108
-0.014482
-0.012854
-0.011502
-0.009983
-0.009044
-0.012357
-0.008763
0.004795
0.010738
-0.003461
-0.023593
-0.022831
-0.010132
0.001402
0.001463
-0.003087
-0.003212
-0.001765
-0.001386
0.000026
0.002013
0.001814
0.002218
0.001925
0.000667
0.000650
0.001976
0.001717
0.001911
0.001886
0.002501
0.001945
0.001441
0.000422
-0.000160
-0.000490
-0.000276
0.002569
0.004490
0.006819
0.008803
0.012997
0.017530
0.022510
0.028702
0.036022
0.043446
0.049912
0.054301
0.057928
0.060051
0.061006
0.061132
0.068380
0.056028
0.064461
0.064497
0.056228
0.066755
0.069199
0.071972
0.073967
0.074548
0.073871
0.073345
0.073173
0.073471
0.063595
0.064677
0.065924
0.078632
0.080932
0.082066
0.070319
0.080417
0.077947
0.076718
0.075674
0.073446
0.072867
0.074483
0.076229
0.076486
0.062530
0.056249
0.048969
0.046951
0.032758
0.026838
0.022590
0.023548
0.018781
0.020587
0.018606
0.015168
0.010091
0.006855
0.003506
0.001255
0.002883
0.004176
0.005322
0.002737
0.002877
0.003757
0.001937
0.001849
0.000834
0.001273
0.000673
-0.000261
0.000734
0.002724
0.005317
0.005993
0.003705
-0.000407
-0.002939
-0.004984
-0.005220
-0.001189
0.002119
0.002622
0.002105
0.001194
-0.000217
-0.000680
-0.000223
0.000757
0.003066
0.005402
0.007624
0.009444
0.010132
0.009378
0.009163
0.009094
0.010874
0.010397
0.014181
0.013731
0.015094
0.016157
0.015529
0.017468
0.014154
0.015903
0.015455
0.021016
0.020992
0.024025
0.027922
0.028278
0.025127
0.020673
0.020180
0.019354
0.018583
0.015991
0.015487
0.015960
0.014800
0.013323
0.011862
0.012409
0.013045
0.011569
0.013840
0.014343
0.016275
0.019555
0.021439
0.020340
0.021149
0.020073
0.019684
0.018661
0.017173
0.016926
0.018145
0.018638
0.017252
0.015492
0.015658
0.016800
0.015639
0.012256
0.012876
0.014969
0.019433
0.020814
0.018497
0.017260
0.016792
0.015864
0.015739
0.018078
0.017929
0.015154
0.012560
0.014352
0.014762
0.018585
0.024213
0.026861
0.021161
0.016854
0.014096
0.016408
0.017902
0.016334
0.015022
0.015340
0.016500
0.017507
0.018100
0.017834
0.015162
0.013410
0.013209
0.013282
0.011583
0.010681
0.013498
0.018116
0.023876
0.027465
0.029241
0.031048
0.033588
0.037030
0.043892
0.043656
0.035710
0.035687
0.031548
0.031975
0.033758
0.031935
0.028132
0.016562
0.010211
-0.003064
-0.016314
-0.023686
-0.032967
-0.041942
-0.052687
-0.061958
-0.069563
-0.075690
-0.079757
-0.082862
-0.087089
-0.090365
-0.091727
-0.092119
-0.107016
-0.107269
-0.106785
-0.090742
-0.104118
-0.101522
-0.096782
-0.078914
-0.074049
-0.077114
-0.063305
-0.046103
-0.027904
-0.009262
0.006938
0.023218
0.038520
0.052830
0.065406
0.077460
0.089651
0.100594
0.110035
0.116981
0.103413
0.101889
0.114515
0.106137
0.094709
0.077558
0.058034
0.035665
0.022784
0.007903
-0.007435
-0.025181
-0.037827
-0.048123
-0.058930
-0.071518
-0.080369
-0.075591
-0.083440
-0.092418
-0.099317
-0.104425
-0.110598
-0.134256
-0.119751
-0.123774
-0.126341
-0.128183
-0.128582
-0.147519
-0.141670
-0.134757
-0.107965
-0.099284
-0.099549
-0.084246
-0.070426
-0.051685
-0.048278
-0.053029
-0.045624
-0.051024
-0.043379
-0.040827
-0.038847
-0.037689
-0.033970
-0.028817
-0.023950
-0.017925
-0.010585
-0.007858
-0.006558
-0.005246
-0.006557
-0.007882
-0.003541
-0.001512
0.000422
0.001107
0.004316
0.009551
0.012086
0.016298
0.014744
0.013121
0.009717
0.001068
-0.003657
-0.006983
-0.007899
-0.006734
-0.002162
0.001853
0.003246
0.005546
-0.001905
-0.003684
-0.006011
-0.006872
-0.006291
-0.004044
-0.001433
0.000447
0.000959
0.000507
-0.000576
-0.001002
-0.001441
-0.001670
-0.000823
0.000421
0.001295
0.001928
0.001605
0.000388
-0.000187
-0.000786
-0.001041
0.000182
0.001844
0.002012
0.002059
0.002057
0.001744
0.001599
0.001119
0.001619
0.001693
0.001345
0.001017
0.001000
0.001002
-0.000006
-0.000189
-0.000147
-0.000304
-0.000325
-0.000164
-0.001183
-0.001154
-0.000540
0.000036
0.000233
0.000084
-0.000033
-0.000452
-0.000190
-0.000437
-0.000363
-0.000282
0.000260
0.000049
-0.000416
-0.000441
-0.000886
-0.000837
-0.000240
0.000503
-0.000717
-0.001211
-0.001700
-0.000432
-0.000421
-0.000323
0.000800
0.000006
-0.000145
-0.000209
-0.000057
0.000478
-0.000113
-0.000355
-0.000332
0.000131
0.000560
0.000043
-0.000427
-0.000421
-0.000172
0.000275
0.000158
-0.000820
-0.000156
-0.000426
-0.000676
0.000123
0.000090
-0.000133
-0.000096
-0.000173
-0.000089
0.000106
0.000633
0.000862
0.001915
0.003009
0.003030
0.000001
-0.000974
-0.000196
0.001405
0.001084
0.000761
0.000760
0.001220
0.001164
0.000656
0.000053
-0.000623
-0.000545
0.000636
0.002214
0.002853
0.001051
-0.000307
-0.000507
0.000467
0.000984
-0.000007
-0.000154
0.001424
0.001440
0.000652
-0.000206
-0.000225
0.000169
0.000418
0.000519
-0.001209
-0.000560
-0.001047
-0.000790
-0.001007
-0.000594
0.001339
0.004117
0.002953
0.001179
0.000320
0.000368
0.000906
0.000080
-0.000461
0.000102
0.000983
0.000576
-0.000019
0.000147
0.000115
0.000250
0.000477
-0.000489
0.000030
0.000700
0.001577
0.001128
0.001020
0.001007
0.001366
0.000585
0.000446
0.000346
0.000346
0.000212
0.000225
-0.000110
-0.001214
-0.000887
-0.000641
-0.000530
-0.000473
-0.000667
-0.000561
-0.000697
-0.001076
-0.000741
-0.000166
-0.000206
-0.000348
-0.000809
-0.000607
-0.000554
-0.000046
-0.000589
-0.000540
-0.000892
-0.001472
-0.000946
-0.000929
-0.000451
-0.000329
-0.000940
-0.001395
-0.000742
0.000013
0.000134
-0.000362
-0.000384
-0.000421
0.000124
0.000405
0.000426
0.000301
0.000577
0.000147
-0.000515
0.000003
-0.000001
-0.001010
-0.002528
-0.005513
-0.006764
-0.007006
-0.006660
-0.009891
-0.012628
-0.016276
-0.019519
-0.022492
-0.024291
-0.021160
-0.021241
-0.022514
-0.024529
-0.026880
-0.030414
-0.032151
-0.032950
-0.032971
-0.032949
-0.031727
-0.030551
-0.026709
-0.023860
-0.011759
-0.001807
0.012913
0.023581
0.036597
0.048693
0.059503
0.070044
0.080198
0.088470
0.094059
0.097465
0.096480
0.107244
0.083422
0.076059
0.068656
0.065210
0.049487
0.036282
0.021993
0.007822
-0.004620
-0.018402
-0.028540
-0.038259
-0.044879
-0.049865
-0.052126
-0.052871
-0.053170
-0.045350
-0.045300
-0.045944
-0.047506
-0.049431
-0.050384
-0.051088
-0.050936
-0.050392
-0.050928
-0.050835
-0.050208
-0.050483
-0.049629
-0.049076
-0.049122
-0.049384
-0.049062
-0.058489
-0.060461
-0.070488
-0.080374
-0.079280
-0.072774
-0.069736
-0.057003
-0.053483
-0.050622
-0.051069
-0.049117
-0.048099
-0.045303
-0.044541
-0.045358
-0.046448
-0.049685
-0.050635
-0.050102
-0.051943
-0.053351
-0.050086
-0.043722
-0.038968
-0.038641
-0.035958
-0.038803
-0.041758
-0.046122
-0.051832
-0.047573
-0.051146
-0.051013
-0.051380
-0.050860
-0.049634
-0.048598
-0.045651
-0.045691
-0.045511
-0.045264
-0.047320
-0.049784
-0.051974
-0.051813
-0.051536
-0.052022
-0.049575
-0.049555
-0.049083
-0.049182
-0.049208
-0.050456
-0.051231
-0.050989
-0.049231
-0.046094
-0.040315
-0.034417
-0.028337
-0.021000
-0.013866
-0.011193
-0.010309
-0.007721
-0.004427
-0.001491
0.003108
0.007274
0.011847
0.014134
0.013632
0.012527
0.011517
0.013849
0.015390
0.014881
0.015539
0.014978
0.015259
0.014512
0.015079
0.015351
0.016019
0.016284
0.015942
0.015705
0.016557
0.017292
0.018529
0.018213
0.016778
0.015702
0.015780
0.016949
0.017617
0.017139
0.015284
0.015125
0.015798
0.016549
0.016430
0.015489
0.013862
0.012250
0.011100
0.009678
0.008887
0.008090
0.006110
0.004891
0.004791
0.004349
0.003963
0.003067
0.001463
0.001033
0.000894
0.001306
0.001347
0.001267
0.000670
0.000280
-0.000062
0.000007
0.000350
0.000593
0.000391
0.000313
0.003376
0.011604
0.022645
0.032566
0.041630
0.049085
0.052479
0.066401
0.078240
0.089999
0.096600
0.098775
0.097616
0.097316
0.093693
0.084586
0.073203
0.061042
0.051787
0.046461
0.043195
0.038451
0.031441
0.024906
0.021574
0.019703
0.017922
0.014919
0.011163
0.009930
0.009683
0.008183
0.006397
0.005540
0.004537
0.003465
0.003001
0.002945
0.002988
0.002889
0.002213
0.001526
0.001000
0.001363
0.001163
0.000783
0.000045
-0.000135
-0.000416
-0.000452
0.000066
0.000401
0.000238
-0.000317
-0.000187
-0.000334
-0.000147
0.000780
0.001148
0.000609
0.000033
-0.000197
-0.000645
0.001078
0.002676
0.000451
-0.003456
0.000000
0.000000
0.000000
0.000000
0.000000
0.000000
0.000000
0.000000
0.000000
0.000000
0.000000
0.000000
0.000000
0.000000
0.000000
0.000000
0.000000
0.000000
0.000000
0.000000
0.000000
0.000000
0.000000
0.000000
0.000000
0.000000
0.000000
0.000000
0.000000
0.000000
0.000000
0.000000
0.000000
0.000000
0.000000
0.000000
0.000000
0.000000
0.000000
0.000000
0.000000
0.000000
0.000000
0.000000
0.000000
0.000000
0.000000
0.000000
0.000000
0.000000
0.000000
0.000000
0.000000
0.000000
0.000000
0.000000
0.000000
0.000000
0.000000
0.000000
0.000000
0.000000
0.000000
0.000000
0.000000
0.000000
0.000000
0.000000
0.000000
0.000000
0.000000
0.000000
0.000000
0.000000
0.000000
0.000000
0.000000
0.000000
0.000000
0.000000
0.000000
0.000000
0.000000
0.000000
0.000000
0.000000
0.000000
0.000000
0.000000
0.000000
0.000000
0.000000
0.000000
0.000000
0.000000
0.000000
0.000000
0.000000
0.000000
0.000000
0.000000
0.000000
0.000000
0.000000
0.000000
0.000000
0.000000
0.000000
0.000000
0.000000
0.000000
0.000000
0.000000
0.000000
0.000000
0.000000
0.000000
0.000000
0.000000
0.000000
0.000000
0.000000
0.000000
0.000000
0.000000
0.000000
0.000000
0.000000
0.000000
0.000000
0.000000
0.000000
0.000000
0.000000
0.000000
0.000000
0.000000
0.000000
0.000000
0.000000
0.000000
0.000000
0.000000
0.000000
0.000000
0.000000
0.000000
0.000000
0.000000
0.000000
0.000000
0.000000
0.000000
0.000000
0.000000
0.000000
0.000000
0.000000
0.000000
0.000000
0.000000
0.000000
0.000000
0.000000
0.000000
0.000000
0.000000
0.000000
0.000000
0.000000
0.000000
0.000000
0.000000
0.000000
0.000000
0.000000
0.000000
0.000000
0.000000
0.000000
0.000000
0.000000
0.000000
0.000000
0.000000
0.000000
0.000000
0.000000
0.000000
0.000000
0.000000
0.000000
0.000000
0.000000
0.000000
0.000000
0.000000
0.000000
0.000000
0.000000
0.000000
0.000000
0.000000
0.000000
0.000000
0.000000
0.000000
0.000000
0.000000
0.000000
0.000000
0.000000
0.000000
0.000000
0.000000
0.000000
0.000000
0.000000
0.000000
0.000000
0.000000
0.000000
0.000000
0.000000
0.000000
0.000000
0.000000
0.000000
0.000000
0.000000
0.000000
0.000000
0.000000
0.000000
0.000000
0.000000
0.000000
0.000000
0.000000
0.000000
0.000000
0.000000
0.000000
0.000000
0.000000
0.000000
0.000000
0.000000
0.000000
0.000000
0.000000
0.000000
0.000000
0.000000
0.000000
0.000000
0.000000
0.000000
0.000000
0.000000
0.000000
0.000000
0.000000
0.000000
0.000000
0.000000
0.000000
0.000000
0.000000
0.000000
0.000000
0.000000
0.000000
0.000000
0.000000
0.000000
0.000000
0.000000
0.000000
0.000000
0.000000
0.000000
0.000000
0.000000
0.000000
0.000000
0.000000
0.000000
0.000000
0.000000
0.000000
0.000000
0.000000
0.000000
0.000000
0.000000
0.000000
0.000000
0.000000
0.000000
0.000000
0.000000
0.000000
0.000000
0.000000
0.000000
0.000000
0.000000
0.000000
0.000000
0.000000
0.000000
0.000000
0.000000
0.000000
0.000000
0.000000
0.000000
0.000000
0.000000
0.000000
0.000000
0.000000
0.000000
0.000000
0.000000
0.000000
0.000000
0.000000
0.000000
0.000000
0.000000
0.000000
0.000000
0.000000
0.000000
0.000000
0.000000
0.000000
0.000000
0.000000
0.000000
0.000000
0.000000
0.000000
0.000000
0.000000
0.000000
0.000000
0.000000
0.000000
0.000000
0.000000
0.000000
0.000000
0.000000
0.000000
0.000000
0.000000
0.000000
0.000000
0.000000
0.000000
0.000000
0.000000
0.000000
0.000000
0.000000
0.000000
0.000000
0.000000
0.000000
0.000000
0.000000
0.000000
0.000000
0.000000
0.000000
0.000000
0.000000
0.000000
0.000000
0.000000
0.000000
0.000000
0.000000
0.000000
0.000000
0.000000
0.000000
0.000000
0.000000
0.000000
0.000000
0.000000
0.000000
0.000000
0.000000
0.000000
0.000000
0.000000
0.000000
0.000000
0.000000
0.000000
0.000000
0.000000
0.000000
0.000000
0.000000
0.000000
0.000000
0.000000
0.000000
0.000000
0.000000
0.000000
0.000000
0.000000
0.000000
0.000000
0.000000
0.000000
0.000000
0.000000
0.000000
0.000000
0.000000
0.000000
0.000000
0.000000
0.000000
0.000000
0.000000
0.000000
0.000000
0.000000
0.000000
0.000000
0.000000
0.000000
0.000000
0.000000
0.000000
0.000000
0.000000
0.000000
0.000000
0.000000
0.000000
0.000000
0.000000
0.000000
0.000000
0.000000
0.000000
0.000000
0.000000
0.000000
0.000000
0.000000
0.000000
0.000000
0.000000
0.000000
0.000000
0.000000
0.000000
0.000000
0.000000
0.000000
0.000000
0.000000
0.000000
0.000000
0.000000
0.000000
0.000000
0.000000
0.000000
0.000000
0.000000
0.000000
0.000000
0.000000
0.000000
0.000000
0.000000
0.000000
0.000000
0.000000
0.000000
0.000000
0.000000
0.000000
0.000000
0.000000
0.000000
0.000000
0.000000
0.000000
0.000000
0.000000
0.000000
0.000000
0.000000
0.000000
0.000000
0.000000
0.000000
0.000000
0.000000
0.000000
0.000000
0.000000
0.000000
0.000000
0.000000
0.000000
0.000000
0.000000
0.000000
0.000000
0.000000
0.000000
0.000000
0.000000
0.000000
0.000000
0.000000
0.000000
0.000000
0.000000
0.000000
0.000000
0.000000
0.000000
0.000000
0.000000
0.000000
0.000000
0.000000
0.000000
0.000000
0.000000
0.000000
0.000000
0.000000
0.000000
0.000000
0.000000
0.000000
0.000000
0.000000
0.000000
0.000000
0.000000
0.000000
0.000000
0.000000
0.000000
0.000000
0.000000
0.000000
0.000000
0.000000
0.000000
0.000000
0.000000
0.000000
0.000000
0.000000
0.000000
0.000000
0.000000
0.000000
0.000000
0.000000
0.000000
0.000000
0.000000
0.000000
0.000000
0.000000
0.000000
0.000000
0.000000
0.000000
0.000000
0.000000
0.000000
0.000000
0.000000
0.000000
0.000000
0.000000
0.000000
0.000000
0.000000
0.000000
0.000000
0.000000
0.000000
0.000000
0.000000
0.000000
0.000000
0.000000
0.000000
0.000000
0.000000
0.000000
0.000000
0.000000
0.000000
0.000000
0.000000
0.000000
0.000000
0.000000
0.000000
0.000000
0.000000
0.000000
0.000000
0.000000
0.000000
0.000000
0.000000
0.000000
0.000000
0.000000
0.000000
0.000000
0.000000
0.000000
0.000000
0.000000
0.000000
0.000000
0.000000
0.000000
0.000000
0.000000
0.000000
0.000000
0.000000
0.000000
0.000000
0.000000
0.000000
0.000000
0.000000
0.000000
0.000000
0.000000
0.000000
0.000000
0.000000
0.000000
0.000000
0.000000
0.000000
0.000000
0.000000
0.000000
0.000000
0.000000
0.000000
0.000000
0.000000
0.000000
0.000000
0.000000
0.000000
0.000000
0.000000
0.000000
0.000000
0.000000
0.000000
0.000000
0.000000
0.000000
0.000000
0.000000
0.000000
0.000000
0.000000
0.000000
0.000000
0.000000
0.000000
0.000000
0.000000
0.000000
0.000000
0.000000
0.000000
0.000000
0.000000
0.000000
0.000000
0.000000
0.000000
0.000000
0.000000
0.000000
0.000000
0.000000
0.000000
0.000000
0.000000
0.000000
0.000000
0.000000
0.000000
0.000000
0.000000
0.000000
0.000000
0.000000
0.000000
0.000000
0.000000
0.000000
0.000000
0.000000
0.000000
0.000000
0.000000
0.000000
0.000000
0.000000
0.000000
0.000000
0.000000
0.000000
0.000000
0.000000
0.000000
0.000000
0.000000
0.000000
0.000000
0.000000
0.000000
0.000000
0.000000
0.000000
0.000000
0.000000
0.000000
0.000000
0.000000
0.000000
0.000000
0.000000
0.000000
0.000000
0.000000
0.000000
0.000000
0.000000
0.000000
0.000000
0.000000
0.000000
0.000000
0.000000
0.000000
0.000000
0.000000
0.000000
0.000000
0.000000
0.000000
0.000000
0.000000
0.000000
0.000000
0.000000
0.000000
0.000000
0.000000
0.000000
0.000000
0.000000
0.000000
0.000000
0.000000
0.000000
0.000000
0.000000
0.000000
0.000000
0.000000
0.000000
0.000000
0.000000
0.000000
0.000000
0.000000
0.000000
0.000000
0.000000
0.000000
0.000000
0.000000
0.000000
0.000000
0.000000
0.000000
0.000000
0.000000
0.000000
0.000000
0.000000
0.000000
0.000000
0.000000
0.000000
0.000000
0.000000
0.000000
0.000000
0.000000
0.000000
0.000000
0.000000
0.000000
0.000000
0.000000
0.000000
0.000000
0.000000
0.000000
0.000000
0.000000
0.000000
0.000000
0.000000
0.000000
0.000000
0.000000
0.000000
0.000000
0.000000
0.000000
0.000000
0.000000
0.000000
0.000000
0.000000
0.000000
0.000000
0.000000
0.000000
0.000000
0.000000
0.000000
0.000000
0.000000
0.000000
0.000000
0.000000
0.000000
0.000000
0.000000
0.000000
0.000000
0.000000
0.000000
0.000000
0.000000
0.000000
0.000000
0.000000
0.000000
0.000000
0.000000
0.000000
0.000000
0.000000
0.000000
0.000000
0.000000
0.000000
0.000000
0.000000
0.000000
0.000000
0.000000
0.000000
0.000000
0.000000
0.000000
0.000000
0.000000
0.000000
0.000000
0.000000
0.000000
0.000000
0.000000
0.000000
0.000000
0.000000
0.000000
0.000000
0.000000
0.000000
0.000000
0.000000
0.000000
0.000000
0.000000
0.000000
0.000000
0.000000
0.000000
0.000000
0.000000
0.000000
0.000000
0.000000
0.000000
0.000000
0.000000
0.000000
0.000000
0.000000
0.000000
0.000000
0.000000
0.000000
0.000000
0.000000
0.000000
0.000000
0.000000
0.000000
0.000000
0.000000
0.000000
0.000000
0.000000
0.000000
0.000000
0.000000
0.000000
0.000000
0.000000
0.000000
0.000000
0.000000
0.000000
0.000000
0.000000
0.000000
0.000000
0.000000
0.000000
0.000000
0.000000
0.000000
0.000000
0.000000
0.000000
0.000000
0.000000
0.000000
0.000000
0.000000
0.000000
0.000000
0.000000
0.000000
0.000000
0.000000
0.000000
0.000000
0.000000
0.000000
0.000000
0.000000
0.000000
0.000000
0.000000
0.000000
0.000000
0.000000
0.000000
0.000000
0.000000
0.000000
0.000000
0.000000
0.000000
0.000000
0.000000
0.000000
0.000000
0.000000
0.000000
0.000000
0.000000
0.000000
0.000000
0.000000
0.000000
0.000000
0.000000
0.000000
0.000000
0.000000
0.000000
0.000000
0.000000
0.000000
0.000000
0.000000
0.000000
0.000000
0.000000
0.000000
0.000000
0.000000
0.000000
0.000000
0.000000
0.000000
0.000000
0.000000
0.000000
0.000000
0.000000
0.000000
0.000000
0.000000
0.000000
0.000000
0.000000
0.000000
0.000000
0.000000
0.000000
0.000000
0.000000
0.000000
0.000000
0.000000
0.000000
0.000000
0.000000
0.000000
0.000000
0.000000
0.000000
0.000000
0.000000
0.000000
0.000000
0.000000
0.000000
0.000000
0.000000
0.000000
0.000000
0.000000
0.000000
0.000000
0.000000
0.000000
0.000000
0.000000
0.000000
0.000000
0.000000
0.000000
0.000000
0.000000
0.000000
0.000000
0.000000
0.000000
0.000000
0.000000
0.000000
0.000000
0.000000
0.000000
0.000000
0.000000
0.000000
0.000000
0.000000
0.000000
0.000000
0.000000
0.000000
0.000000
0.000000
0.000000
0.000000
0.000000
0.000000
0.000000
0.000000
0.000000
0.000000
0.000000
0.000000
0.000000
0.000000
0.000000
0.000000
0.000000
0.000000
0.000000
0.000000
0.000000
0.000000
0.000000
0.000000
0.000000
0.000000
0.000000
0.000000
0.000000
0.000000
0.000000
0.000000
0.000000
0.000000
0.000000
0.000000
0.000000
0.000000
0.000000
0.000000
0.000000
0.000000
0.000000
0.000000
0.000000
0.000000
0.000000
0.000000
0.000000
0.000000
0.000000
0.000000
0.000000
0.000000
0.000000
0.000000
0.000000
0.000000
0.000000
0.000000
0.000000
0.000000
0.000000
0.000000
0.000000
0.000000
0.000000
0.000000
0.000000
0.000000
0.000000
0.000000
0.000000
0.000000
0.000000
0.000000
0.000000
0.000000
0.000000
0.000000
0.000000
0.000000
0.000000
0.000000
0.000000
0.000000
0.000000
0.000000
0.000000
0.000000
0.000000
0.000000
0.000000
0.000000
0.000000
0.000000
0.000000
0.000000
0.000000
0.000000
0.000000
0.000000
0.000000
0.000000
0.000000
0.000000
0.000000
0.000000
0.000000
0.000000
0.000000
0.000000
0.000000
0.000000
0.000000
0.000000
0.000000
0.000000
0.000000
0.000000
0.000000
0.000000
0.000000
0.000000
0.000000
0.000000
0.000000
0.000000
0.000000
0.000000
0.000000
0.000000
0.000000
0.000000
0.000000
0.000000
0.000000
0.000000
0.000000
0.000000
0.000000
0.000000
0.000000
0.000000
0.000000
0.000000
0.000000
0.000000
0.000000
0.000000
0.000000
0.000000
0.000000
0.000000
0.000000
0.000000
0.000000
0.000000
0.000000
0.000000
0.000000
0.000000
0.000000
0.000000
0.000000
0.000000
0.000000
0.000000
0.000000
0.000000
0.000000
0.000000
0.000000
0.000000
0.000000
0.000000
0.000000
0.000000
0.000000
0.000000
0.000000
0.000000
0.000000
0.000000
0.000000
0.000000
0.000000
0.000000
0.000000
0.000000
0.000000
0.000000
0.000000
0.000000
0.000000
0.000000
0.000000
0.000000
0.000000
0.000000
0.000000
0.000000
0.000000
0.000000
0.000000
0.000000
0.000000
0.000000
0.000000
0.000000
0.000000
0.000000
0.000000
0.000000
0.000000
0.000000
0.000000
0.000000
0.000000
0.000000
0.000000
0.000000
0.000000
0.000000
0.000000
0.000000
0.000000
0.000000
0.000000
0.000000
0.000000
0.000000
0.000000
0.000000
0.000000
0.000000
0.000000
0.000000
0.000000
0.000000
0.000000
0.000000
0.000000
0.000000
0.000000
0.000000
0.000000
0.000000
0.000000
0.000000
0.000000
0.000000
0.000000
0.000000
0.000000
0.000000
0.000000
0.000000
0.000000
0.000000
0.000000
0.000000
0.000000
0.000000
0.000000
0.000000
0.000000
0.000000
0.000000
0.000000
0.000000
0.000000
0.000000
0.000000
0.000000
0.000000
0.000000
0.000000
0.000000
0.000000
0.000000
0.000000
0.000000
0.000000
0.000000
0.000000
0.000000
0.000000
0.000000
0.000000
0.000000
0.000000
0.000000
0.000000
0.000000
0.000000
0.000000
0.000000
0.000000
0.000000
0.000000
0.000000
0.000000
0.000000
0.000000
0.000000
0.000000
0.000000
0.000000
0.000000
0.000000
0.000000
0.000000
0.000000
0.000000
0.000000
0.000000
0.000000
0.000000
0.000000
0.000000
0.000000
0.000000
0.000000
0.000000
0.000000
0.000000
0.000000
0.000000
0.000000
0.000000
0.000000
0.000000
0.000000
0.000000
0.000000
0.000000
0.000000
0.000000
0.000000
0.000000
0.000000
0.000000
0.000000
0.000000
0.000000
0.000000
0.000000
0.000000
0.000000
0.000000
0.000000
0.000000
0.000000
0.000000
0.000000
0.000000
0.000000
0.000000
0.000000
0.000000
0.000000
0.000000
0.000000
0.000000
0.000000
0.000000
0.000000
0.000000
0.000000
0.000000
0.000000
0.000000
0.000000
0.000000
0.000000
0.000000
0.000000
0.000000
0.000000
0.000000
0.000000
0.000000
0.000000
0.000000
0.000000
0.000000
0.000000
0.000000
0.000000
0.000000
0.000000
0.000000
0.000000
0.000000
0.000000
0.000000
0.000000
0.000000
0.000000
0.000000
0.000000
0.000000
0.000000
0.000000
0.000000
0.000000
0.000000
0.000000
0.000000
0.000000
0.000000
0.000000
0.000000
0.000000
0.000000
0.000000
0.000000
0.000000
0.000000
0.000000
0.000000
0.000000
0.000000
0.000000
0.000000
0.000000
0.000000
0.000000
0.000000
0.000000
0.000000
0.000000
0.000000
0.000000
0.000000
0.000000
0.000000
0.000000
0.000000
0.000000
0.000000
0.000000
0.000000
0.000000
0.000000
0.000000
0.000000
0.000000
0.000000
0.000000
0.000000
0.000000
0.000000
0.000000
0.000000
0.000000
0.000000
0.000000
0.000000
0.000000
0.000000
0.000000
0.000000
0.000000
0.000000
0.000000
0.000000
0.000000
0.000000
0.000000
0.000000
0.000000
0.000000
0.000000
0.000000
0.000000
0.000000
0.000000
0.000000
0.000000
0.000000
0.000000
0.000000
0.000000
0.000000
0.000000
0.000000
0.000000
0.000000
0.000000
0.000000
0.000000
0.000000
0.000000
0.000000
0.000000
0.000000
0.000000
0.000000
0.000000
0.000000
0.000000
0.000000
0.000000
0.000000
0.000000
0.000000
0.000000
0.000000
0.000000
0.000000
0.000000
0.000000
0.000000
0.000000
0.000000
0.000000
0.000000
0.000000
0.000000
0.000000
0.000000
0.000000
0.000000
0.000000
0.000000
0.000000
0.000000
0.000000
0.000000
0.000000
0.000000
0.000000
0.000000
0.000000
0.000000
0.000000
0.000000
0.000000
0.000000
0.000000
0.000000
0.000000
0.000000
0.000000
0.000000
0.000000
0.000000
0.000000
0.000000
0.000000
0.000000
0.000000
0.000000
0.000000
0.000000
0.000000
0.000000
0.000000
0.000000
0.000000
0.000000
0.000000
0.000000
0.000000
0.000000
0.000000
0.000000
0.000000
0.000000
0.000000
0.000000
0.000000
0.000000
0.000000
0.000000
0.000000
0.000000
0.000000
0.000000
0.000000
0.000000
0.000000
0.000000
0.000000
0.000000
0.000000
0.000000
0.000000
0.000000
0.000000
0.000000
0.000000
0.000000
0.000000
0.000000
0.000000
0.000000
0.000000
0.000000
0.000000
0.000000
0.000000
0.000000
0.000000
0.000000
0.000000
0.000000
0.000000
0.000000
0.000000
0.000000
0.000000
0.000000
0.000000
0.000000
0.000000
0.000000
0.000000
0.000000
0.000000
0.000000
0.000000
0.000000
0.000000
0.000000
0.000000
0.000000
0.000000
0.000000
0.000000
0.000000
0.000000
0.000000
0.000000
0.000000
0.000000
0.000000
0.000000
0.000000
0.000000
0.000000
0.000000
0.000000
0.000000
0.000000
0.000000
0.000000
0.000000
0.000000
0.000000
0.000000
0.000000
0.000000
0.000000
0.000000
0.000000
0.000000
0.000000
0.000000
0.000000
0.000000
0.000000
0.000000
0.000000
0.000000
0.000000
0.000000
0.000000
0.000000
0.000000
0.000000
0.000000
0.000000
0.000000
0.000000
0.000000
0.000000
0.000000
0.000000
0.000000
0.000000
0.000000
0.000000
0.000000
0.000000
0.000000
0.000000
0.000000
0.000000
0.000000
0.000000
0.000000
0.000000
0.000000
0.000000
0.000000
0.000000
0.000000
0.000000
0.000000
0.000000
0.000000
0.000000
0.000000
0.000000
0.000000
0.000000
0.000000
0.000000
0.000000
0.000000
0.000000
0.000000
0.000000
0.000000
0.000000
0.000000
0.000000
0.000000
0.000000
0.000000
0.000000
0.000000
0.000000
0.000000
0.000000
0.000000
0.000000
0.000000
0.000000
0.000000
0.000000
0.000000
0.000000
0.000000
0.000000
0.000000
0.000000
0.000000
0.000000
0.000000
0.000000
0.000000
0.000000
0.000000
0.000000
0.000000
0.000000
0.000000
0.000000
0.000000
0.000000
0.000000
0.000000
0.000000
0.000000
0.000000
0.000000
0.000000
0.000000
0.000000
0.000000
0.000000
0.000000
0.000000
0.000000
0.000000
0.000000
0.000000
0.000000
0.000000
0.000000
0.000000
0.000000
0.000000
0.000000
0.000000
0.000000
0.000000
0.000000
0.000000
0.000000
0.000000
0.000000
0.000000
0.000000
0.000000
0.000000
0.000000
0.000000
0.000000
0.000000
0.000000
0.000000
0.000000
0.000000
0.000000
0.000000
0.000000
0.000000
0.000000
0.000000
0.000000
0.000000
0.000000
0.000000
0.000000
0.000000
0.000000
0.000000
0.000000
0.000000
0.000000
0.000000
0.000000
0.000000
0.000000
0.000000
0.000000
0.000000
0.000000
0.000000
0.000000
0.000000
0.000000
0.000000
0.000000
0.000000
0.000000
0.000000
0.000000
0.000000
0.000000
0.000000
0.000000
0.000000
0.000000
0.000000
0.000000
0.000000
0.000000
0.000000
0.000000
0.000000
0.000000
0.000000
0.000000
0.000000
0.000000
0.000000
0.000000
0.000000
0.000000
0.000000
0.000000
0.000000
0.000000
0.000000
0.000000
0.000000
0.000000
0.000000
0.000000
0.000000
0.000000
0.000000
0.000000
0.000000
0.000000
0.000000
0.000000
0.000000
0.000000
0.000000
0.000000
0.000000
0.000000
0.000000
0.000000
0.000000
0.000000
0.000000
0.000000
0.000000
0.000000
0.000000
0.000000
0.000000
0.000000
0.000000
0.000000
0.000000
0.000000
0.000000
0.000000
0.000000
0.000000
0.000000
0.000000
0.000000
0.000000
0.000000
0.000000
0.000000
0.000000
0.000000
0.000000
0.000000
0.000000
0.000000
0.000000
0.000000
0.000000
0.000000
0.000000
0.000000
0.000000
0.000000
0.000000
0.000000
0.000000
0.000000
0.000000
0.000000
0.000000
0.000000
0.000000
0.000000
0.000000
0.000000
0.000000
0.000000
0.000000
0.000000
0.000000
0.000000
0.000000
0.000000
0.000000
0.000000
0.000000
0.000000
0.000000
0.000000
0.000000
0.000000
0.000000
0.000000
0.000000
0.000000
0.000000
0.000000
0.000000
0.000000
0.000000
0.000000
0.000000
0.000000
0.000000
0.000000
0.000000
0.000000
0.000000
0.000000
0.000000
0.000000
0.000000
0.000000
0.000000
0.000000
0.000000
0.000000
0.000000
0.000000
0.000000
0.000000
0.000000
0.000000
0.000000
0.000000
0.000000
0.000000
0.000000
0.000000
0.000000
0.000000
0.000000
0.000000
0.000000
0.000000
0.000000
0.000000
0.000000
0.000000
0.000000
0.000000
0.000000
0.000000
0.000000
0.000000
0.000000
0.000000
0.000000
0.000000
0.000000
0.000000
0.000000
0.000000
0.000000
0.000000
0.000000
0.000000
0.000000
0.000000
0.000000
0.000000
0.000000
0.000000
0.000000
0.000000
0.000000
0.000000
0.000000
0.000000
0.000000
0.000000
0.000000
0.000000
0.000000
0.000000
0.000000
0.000000
0.000000
0.000000
0.000000
0.000000
0.000000
0.000000
0.000000
0.000000
0.000000
0.000000
0.000000
0.000000
0.000000
0.000000
0.000000
0.000000
0.000000
0.000000
0.000000
0.000000
0.000000
0.000000
0.000000
0.000000
0.000000
0.000000
0.000000
0.000000
0.000000
0.000000
0.000000
0.000000
0.000000
0.000000
0.000000
0.000000
0.000000
0.000000
0.000000
0.000000
0.000000
0.000000
0.000000
0.000000
0.000000
0.000000
0.000000
0.000000
0.000000
0.000000
0.000000
0.000000
0.000000
0.000000
0.000000
0.000000
0.000000
0.000000
0.000000
0.000000
0.000000
0.000000
0.000000
0.000000
0.000000
0.000000
0.000000
0.000000
0.000000
0.000000
0.000000
0.000000
0.000000
0.000000
0.000000
0.000000
0.000000
0.000000
0.000000
0.000000
0.000000
0.000000
0.000000
0.000000
0.000000
0.000000
0.000000
0.000000
0.000000
0.000000
0.000000
0.000000
0.000000
0.000000
0.000000
0.000000
0.000000
0.000000
0.000000
0.000000
0.000000
0.000000
0.000000
0.000000
0.000000
0.000000
0.000000
0.000000
0.000000
0.000000
0.000000
0.000000
0.000000
0.000000
0.000000
0.000000
0.000000
0.000000
0.000000
0.000000
0.000000
0.000000
0.000000
0.000000
0.000000
0.000000
0.000000
0.000000
0.000000
0.000000
0.000000
0.000000
0.000000
0.000000
0.000000
0.000000
0.000000
0.000000
0.000000
0.000000
0.000000
0.000000
0.000000
0.000000
0.000000
0.000000
0.000000
0.000000
0.000000
0.000000
0.000000
0.000000
0.000000
0.000000
0.000000
0.000000
0.000000
0.000000
0.000000
0.000000
0.000000
0.000000
0.000000
0.000000
0.000000
0.000000
0.000000
0.000000
0.000000
0.000000
0.000000
0.000000
0.000000
0.000000
0.000000
0.000000
0.000000
0.000000
0.000000
0.000000
0.000000
0.000000
0.000000
0.000000
0.000000
0.000000
0.000000
0.000000
0.000000
0.000000
0.000000
0.000000
0.000000
0.000000
0.000000
0.000000
0.000000
0.000000
0.000000
0.000000
0.000000
0.000000
0.000000
0.000000
0.000000
0.000000
0.000000
0.000000
0.000000
0.000000
0.000000
0.000000
0.000000
0.000000
0.000000
0.000000
0.000000
0.000000
0.000000
0.000000
0.000000
0.000000
0.000000
0.000000
0.000000
0.000000
0.000000
0.000000
0.000000
0.000000
0.000000
0.000000
0.000000
0.000000
0.000000
0.000000
0.000000
0.000000
0.000000
0.000000
0.000000
0.000000
0.000000
0.000000
0.000000
0.000000
0.000000
0.000000
0.000000
0.000000
0.000000
0.000000
0.000000
0.000000
0.000000
0.000000
0.000000
0.000000
0.000000
0.000000
0.000000
0.000000
0.000000
0.000000
0.000000
0.000000
0.000000
0.000000
0.000000
0.000000
0.000000
0.000000
0.000000
0.000000
0.000000
0.000000
0.000000
0.000000
0.000000
0.000000
0.000000
0.000000
0.000000
0.000000
0.000000
0.000000
0.000000
0.000000
0.000000
0.000000
0.000000
0.000000
0.000000
0.000000
0.000000
0.000000
0.000000
0.000000
0.000000
0.000000
0.000000
0.000000
0.000000
0.000000
0.000000
0.000000
0.000000
0.000000
0.000000
0.000000
0.000000
0.000000
0.000000
0.000000
0.000000
0.000000
0.000000
0.000000
0.000000
0.000000
0.000000
0.000000
0.000000
0.000000
0.000000
0.000000
0.000000
0.000000
0.000000
0.000000
0.000000
0.000000
0.000000
0.000000
0.000000
0.000000
0.000000
0.000000
0.000000
0.000000
0.000000
0.000000
0.000000
0.000000
0.000000
0.000000
0.000000
0.000000
0.000000
0.000000
0.000000
0.000000
0.000000
0.000000
0.000000
0.000000
0.000000
0.000000
0.000000
0.000000
0.000000
0.000000
0.000000
0.000000
0.000000
0.000000
0.000000
0.000000
0.000000
0.000000
0.000000
0.000000
0.000000
0.000000
0.000000
0.000000
0.000000
0.000000
0.000000
0.000000
0.000000
0.000000
0.000000
0.000000
0.000000
0.000000
0.000000
0.000000
0.000000
0.000000
0.000000
0.000000
0.000000
0.000000
0.000000
0.000000
0.000000
0.000000
0.000000
0.000000
0.000000
0.000000
0.000000
0.000000
0.000000
0.000000
0.000000
0.000000
0.000000
0.000000
0.000000
0.000000
0.000000
0.000000
0.000000
0.000000
0.000000
0.000000
0.000000
0.000000
0.000000
0.000000
0.000000
0.000000
0.000000
0.000000
0.000000
0.000000
0.000000
0.000000
0.000000
0.000000
0.000000
0.000000
0.000000
0.000000
0.000000
0.000000
0.000000
0.000000
0.000000
0.000000
0.000000
0.000000
0.000000
0.000000
0.000000
0.000000
0.000000
0.000000
0.000000
0.000000
0.000000
0.000000
0.000000
0.000000
0.000000
0.000000
0.000000
0.000000
0.000000
0.000000
0.000000
0.000000
0.000000
0.000000
0.000000
0.000000
0.000000
0.000000
0.000000
0.000000
0.000000
0.000000
0.000000
0.000000
0.000000
0.000000
0.000000
0.000000
0.000000
0.000000
0.000000
0.000000
0.000000
0.000000
0.000000
0.000000
0.000000
0.000000
0.000000
0.000000
0.000000
0.000000
0.000000
0.000000
0.000000
0.000000
0.000000
0.000000
0.000000
0.000000
0.000000
0.000000
0.000000
0.000000
0.000000
0.000000
0.000000
0.000000
0.000000
0.000000
0.000000
0.000000
0.000000
0.000000
0.000000
0.000000
0.000000
0.000000
0.000000
0.000000
0.000000
0.000000
0.000000
0.000000
0.000000
0.000000
0.000000
0.000000
0.000000
0.000000
0.000000
0.000000
0.000000
0.000000
0.000000
0.000000
0.000000
0.000000
0.000000
0.000000
0.000000
0.000000
0.000000
0.000000
0.000000
0.000000
0.000000
0.000000
0.000000
0.000000
0.000000
0.000000
0.000000
0.000000
0.000000
0.000000
0.000000
0.000000
0.000000
0.000000
0.000000
0.000000
0.000000
0.000000
0.000000
0.000000
0.000000
0.000000
0.000000
0.000000
0.000000
0.000000
0.000000
0.000000
0.000000
0.000000
0.000000
0.000000
0.000000
0.000000
0.000000
0.000000
0.000000
0.000000
0.000000
0.000000
0.000000
0.000000
0.000000
0.000000
0.000000
0.000000
0.000000
0.000000
0.000000
0.000000
0.000000
0.000000
0.000000
0.000000
0.000000
0.000000
0.000000
0.000000
0.000000
0.000000
0.000000
0.000000
0.000000
0.000000
0.000000
0.000000
0.000000
0.000000
0.000000
0.000000
0.000000
0.000000
0.000000
0.000000
0.000000
0.000000
0.000000
0.000000
0.000000
0.000000
0.000000
0.000000
0.000000
0.000000
0.000000
0.000000
0.000000
0.000000
0.000000
0.000000
0.000000
0.000000
0.000000
0.000000
0.000000
0.000000
0.000000
0.000000
0.000000
0.000000
0.000000
0.000000
0.000000
0.000000
0.000000
0.000000
0.000000
0.000000
0.000000
0.000000
0.000000
0.000000
0.000000
0.000000
0.000000
0.000000
0.000000
0.000000
0.000000
0.000000
0.000000
0.000000
0.000000
0.000000
0.000000
0.000000
0.000000
0.000000
0.000000
0.000000
0.000000
0.000000
0.000000
0.000000
0.000000
0.000000
0.000000
0.000000
0.000000
0.000000
0.000000
0.000000
0.000000
0.000000
0.000000
0.000000
0.000000
0.000000
0.000000
0.000000
0.000000
0.000000
0.000000
0.000000
0.000000
0.000000
0.000000
0.000000
0.000000
0.000000
0.000000
0.000000
0.000000
0.000000
0.000000
0.000000
0.000000
0.000000
0.000000
0.000000
0.000000
0.000000
0.000000
0.000000
0.000000
0.000000
0.000000
0.000000
0.000000
0.000000
0.000000
0.000000
0.000000
0.000000
0.000000
0.000000
0.000000
0.000000
0.000000
0.000000
0.000000
0.000000
0.000000
0.000000
0.000000
0.000000
0.000000
0.000000
0.000000
0.000000
0.000000
0.000000
0.000000
0.000000
0.000000
0.000000
0.000000
0.000000
0.000000
0.000000
0.000000
0.000000
0.000000
0.000000
0.000000
0.000000
0.000000
0.000000
0.000000
0.000000
0.000000
0.000000
0.000000
0.000000
0.000000
0.000000
0.000000
0.000000
0.000000
0.000000
0.000000
0.000000
0.000000
0.000000
0.000000
0.000000
0.000000
0.000000
0.000000
0.000000
0.000000
0.000000
0.000000
0.000000
0.000000
0.000000
0.000000
0.000000
0.000000
0.000000
0.000000
0.000000
0.000000
0.000000
0.000000
0.000000
0.000000
0.000000
0.000000
0.000000
0.000000
0.000000
0.000000
0.000000
0.000000
0.000000
0.000000
0.000000
0.000000
0.000000
0.000000
0.000000
0.000000
0.000000
0.000000
0.000000
0.000000
0.000000
0.000000
0.000000
0.000000
0.000000
0.000000
0.000000
0.000000
0.000000
0.000000
0.000000
0.000000
0.000000
0.000000
0.000000
0.000000
0.000000
0.000000
0.000000
0.000000
0.000000
0.000000
0.000000
0.000000
0.000000
0.000000
0.000000
0.000000
0.000000
0.000000
0.000000
0.000000
0.000000
0.000000
0.000000
0.000000
0.000000
0.000000
0.000000
0.000000
0.000000
0.000000
0.000000
0.000000
0.000000
0.000000
0.000000
0.000000
0.000000
0.000000
0.000000
0.000000
0.000000
0.000000
0.000000
0.000000
0.000000
0.000000
0.000000
0.000000
0.000000
0.000000
0.000000
0.000000
0.000000
0.000000
0.000000
0.000000
0.000000
0.000000
0.000000
0.000000
0.000000
0.000000
0.000000
0.000000
0.000000
0.000000
0.000000
0.000000
0.000000
0.000000
0.000000
0.000000
0.000000
0.000000
0.000000
0.000000
0.000000
0.000000
0.000000
0.000000
0.000000
0.000000
0.000000
0.000000
0.000000
0.000000
0.000000
0.000000
0.000000
0.000000
0.000000
0.000000
0.000000
0.000000
0.000000
0.000000
0.000000
0.000000
0.000000
0.000000
0.000000
0.000000
0.000000
0.000000
0.000000
0.000000
0.000000
