0.000658
0.002573
0.001495
-0.000725
-0.000422
0.000189
0.000174
-0.000250
-0.000227
-0.000041
-0.000204
-0.000227
-0.000462
-0.000218
0.000213
0.000131
-0.000528
-0.000327
0.000250
0.000113
-0.000493
0.000203
0.000201
-0.000394
-0.001010
-0.000555
0.000126
0.000548
-0.000113
-0.000944
-0.000408
-0.000895
-0.001435
-0.001299
-0.000724
-0.000268
-0.000326
-0.000275
-0.000694
-0.000697
0.000132
0.000485
0.000132
-0.002617
-0.002840
-0.002205
-0.001317
-0.000948
-0.001080
-0.000556
0.003244
0.005484
0.003158
-0.005349
-0.008212
-0.000828
0.004122
0.001652
-0.001947
-0.000956
0.001412
0.001062
-0.000867
-0.001192
-0.000415
-0.000085
0.000515
-0.000063
-0.000427
-0.000008
-0.002234
-0.004401
-0.006150
-0.012522
-0.023828
-0.033164
-0.046168
-0.062217
-0.074567
-0.081433
-0.080783
-0.080556
-0.083813
-0.088286
-0.095532
-0.098656
-0.091620
-0.068506
-0.049195
-0.024663
-0.012839
-0.004856
0.006341
0.021797
0.038750
0.055243
0.068431
0.075590
0.078174
0.078872
0.080895
0.080340
0.074356
0.061620
0.050630
0.046718
0.044646
0.038572
0.028936
0.022821
0.021416
0.017626
0.015455
0.011986
0.008883
0.008880
0.008719
0.006781
0.005510
0.004999
0.004038
0.003208
0.002899
0.002425
0.002594
0.002801
0.001662
0.001060
0.001421
0.001423
0.001334
0.001533
0.000854
-0.000015
0.000159
0.001166
0.000890
0.000661
0.000316
0.001028
0.004127
0.012286
0.021759
0.029189
0.033752
0.036190
0.040610
0.046398
0.053134
0.057789
0.058315
0.058556
0.059561
0.062015
0.065377
0.068324
0.071083
0.072905
0.075327
0.074773
0.070011
0.062892
0.055823
0.048988
0.043141
0.037514
0.033104
0.030488
0.027056
0.022704
0.018515
0.016377
0.015309
0.012446
0.009233
0.007590
0.007189
0.007626
0.006709
0.005264
0.004166
0.003393
0.002439
0.002234
0.002751
0.002896
0.002471
0.001627
0.001837
0.001830
0.001014
0.001098
0.001211
-0.000371
-0.000108
-0.000242
0.000240
0.002550
0.000913
0.000099
0.000228
0.000492
0.000329
0.000724
0.004272
0.009403
0.013684
0.016388
0.018706
0.021528
0.025734
0.027496
0.027433
0.029708
0.033559
0.038107
0.039550
0.034966
0.026449
0.018429
0.012754
0.007586
0.000820
-0.006868
-0.013883
-0.018243
-0.022580
-0.026362
-0.030767
-0.035375
-0.038878
-0.040066
-0.039074
-0.032135
-0.023553
-0.018376
-0.012453
-0.004699
0.002451
0.008897
0.014273
0.019682
0.025273
0.030173
0.032348
0.032889
0.034740
0.041747
0.048378
0.049239
0.044960
0.041203
0.043384
0.047748
0.050841
0.052319
0.051883
0.051970
0.051309
0.048086
0.045022
0.042773
0.037468
0.027963
0.016170
0.010155
0.006434
-0.000410
-0.006807
-0.012375
-0.018197
-0.020698
-0.023563
-0.026780
-0.039030
-0.042434
-0.040234
-0.038150
-0.039329
-0.042614
-0.045662
-0.045792
-0.041801
-0.030911
-0.020917
-0.014016
-0.009123
-0.003302
0.004917
0.011065
0.014594
0.020059
0.026959
0.032432
0.036511
0.038821
0.041763
0.044414
0.044050
0.044464
0.046686
0.049311
0.051609
0.051890
0.051945
0.050632
0.050531
0.051039
0.049570
0.050543
0.050123
0.046776
0.034675
0.021305
0.013586
0.008717
0.005840
-0.001019
-0.008081
-0.012730
-0.017064
-0.019005
-0.025675
-0.031967
-0.036300
-0.037768
-0.034153
-0.035110
-0.040551
-0.047870
-0.048933
-0.046180
-0.040174
-0.033611
-0.021556
-0.010467
-0.002769
0.002316
0.008865
0.016920
0.025294
0.029395
0.030907
0.032311
0.035354
0.040997
0.044890
0.046974
0.049579
0.051073
0.051579
0.050198
0.048673
0.048129
0.049128
0.052270
0.054402
0.055220
0.056320
0.056406
0.053072
0.038552
0.024981
0.017842
0.013477
0.005990
-0.003077
-0.011385
-0.016755
-0.018857
-0.020948
-0.024404
-0.032392
-0.037588
-0.036462
-0.030184
-0.023201
-0.017381
-0.011100
-0.004801
0.001726
0.007902
0.013689
0.019168
0.024618
0.028984
0.031980
0.033076
0.034397
0.036359
0.034647
0.027984
0.017162
0.007695
0.001977
-0.000816
-0.005825
-0.014031
-0.019407
-0.024222
-0.027017
-0.028990
-0.033589
-0.038560
-0.043233
-0.038310
-0.024440
-0.013466
-0.009724
-0.005689
0.001789
0.009742
0.016789
0.020672
0.024057
0.030109
0.034955
0.039475
0.042044
0.042361
0.041946
0.042003
0.044773
0.049138
0.052863
0.055043
0.053478
0.052105
0.050109
0.050010
0.051637
0.052497
0.053536
0.051365
0.043223
0.031550
0.020787
0.013367
0.006803
-0.001049
-0.008712
-0.015398
-0.019697
-0.024516
-0.027951
-0.033437
-0.037507
-0.038986
-0.035292
-0.024665
-0.015218
-0.010100
-0.007016
0.000287
0.008396
0.013268
0.016753
0.021861
0.029461
0.035304
0.038988
0.040720
0.040755
0.039581
0.035808
0.031416
0.028339
0.023568
0.015645
0.007862
0.002010
-0.003117
-0.010392
-0.016017
-0.020821
-0.025350
-0.029598
-0.031404
-0.034217
-0.036985
-0.042418
-0.041290
-0.033376
-0.024063
-0.017086
-0.010956
-0.003463
0.003652
0.010741
0.016788
0.023216
0.028471
0.032099
0.034644
0.036401
0.040328
0.046095
0.052410
0.064198
0.067400
0.080841
0.090599
0.098149
0.098552
0.092882
0.088544
0.091232
0.099035
0.108559
0.113582
0.113047
0.112668
0.117839
0.122513
0.126106
0.126782
0.125964
0.127197
0.128908
0.131261
0.129730
0.119282
0.103458
0.086769
0.072400
0.061367
0.050708
0.042781
0.036666
0.030702
0.025900
0.022521
0.018701
0.016148
0.013425
0.011364
0.008266
0.007118
0.005478
0.003378
0.000588
-0.002324
-0.005432
-0.008185
-0.009941
-0.011467
-0.012463
-0.013228
-0.013927
-0.014834
-0.015763
-0.016166
-0.015925
-0.014185
-0.014145
-0.015032
-0.016067
-0.015197
-0.013949
-0.012721
-0.011991
-0.011300
-0.011199
-0.011813
-0.012230
-0.010360
-0.009573
-0.010282
-0.010911
-0.010688
-0.010233
-0.008399
-0.008201
-0.008626
-0.009616
-0.010112
-0.009785
-0.009012
-0.009207
-0.010135
-0.010953
-0.010800
-0.011230
-0.010651
-0.010768
-0.011575
-0.011872
-0.012901
-0.013581
-0.014298
-0.013498
-0.015235
-0.015915
-0.017051
-0.016157
-0.015031
-0.015446
-0.015727
-0.015066
-0.013831
-0.012198
-0.011101
-0.011603
-0.010637
-0.010862
-0.010635
-0.010248
-0.010241
-0.011454
-0.012693
-0.013688
-0.014515
-0.012885
-0.012743
-0.014462
-0.014583
-0.013733
-0.012932
-0.011602
-0.010668
-0.010990
-0.011876
-0.012316
-0.011940
-0.011547
-0.011557
-0.011968
-0.011992
-0.012673
-0.012487
-0.011379
-0.010960
-0.011389
-0.012026
-0.012278
-0.011543
-0.011614
-0.011956
-0.012712
-0.013911
-0.014584
-0.014633
-0.015038
-0.014887
-0.014336
-0.014940
-0.015538
-0.015745
-0.014268
-0.014351
-0.014052
-0.014962
-0.016115
-0.015813
-0.014236
-0.013520
-0.013413
-0.014833
-0.014959
-0.013675
-0.012416
-0.013609
-0.013974
-0.013766
-0.013774
-0.013309
-0.012548
-0.012546
-0.012272
-0.011734
-0.013173
-0.012253
-0.010692
-0.009559
-0.010547
-0.012099
-0.012246
-0.009943
-0.009156
-0.011427
-0.015717
-0.018532
-0.019324
-0.017524
-0.016336
-0.014948
-0.014585
-0.013329
-0.013632
-0.011412
-0.009783
-0.009091
-0.008876
-0.008469
-0.008242
-0.007061
-0.006645
-0.007052
-0.008433
-0.010668
-0.011526
-0.009911
-0.009950
-0.010778
-0.011850
-0.012769
-0.013423
-0.012690
-0.012273
-0.013141
-0.014225
-0.014928
-0.014669
-0.014618
-0.013664
-0.013292
-0.013336
-0.012546
-0.010580
-0.009471
-0.009220
-0.009950
-0.011706
-0.012387
-0.011581
-0.010421
-0.009819
-0.011028
-0.011774
-0.011913
-0.011325
-0.010417
-0.009078
-0.009056
-0.010573
-0.010717
-0.010326
-0.010160
-0.011411
-0.013636
-0.015304
-0.016641
-0.016724
-0.016052
-0.016783
-0.016708
-0.016048
-0.015173
-0.014217
-0.013129
-0.012062
-0.011194
-0.011940
-0.011902
-0.011184
-0.009503
-0.009692
-0.010119
-0.011090
-0.010817
-0.009989
-0.010206
-0.012262
-0.012944
-0.013502
-0.013476
-0.013340
-0.013255
-0.015008
-0.015706
-0.015533
-0.014426
-0.013242
-0.012811
-0.013182
-0.013011
-0.012523
-0.011349
-0.010007
-0.007783
-0.008354
-0.008215
-0.009274
-0.010109
-0.016438
-0.028072
-0.038712
-0.044538
-0.051727
-0.061735
-0.072495
-0.083874
-0.094038
-0.100991
-0.098585
-0.092480
-0.092434
-0.095223
-0.100468
-0.103666
-0.106344
-0.108898
-0.116737
-0.127243
-0.138022
-0.139056
-0.132836
-0.127567
-0.127244
-0.125720
-0.116183
-0.106158
-0.094069
-0.078614
-0.060766
-0.046397
-0.037145
-0.031313
-0.026244
-0.020714
-0.015401
-0.011654
-0.007826
-0.005088
-0.002791
0.000273
0.002879
0.005746
0.007686
0.008761
0.010527
0.012955
0.015237
0.016491
0.015987
0.014142
0.014009
0.014965
0.015900
0.016431
0.014717
0.013388
0.014190
0.015839
0.017742
0.019596
0.020250
0.020137
0.019805
0.018658
0.018803
0.019142
0.018744
0.017758
0.017282
0.016616
0.016340
0.015737
0.013993
0.012629
0.012514
0.013404
0.015336
0.016716
0.016888
0.016764
0.016511
0.017124
0.017789
0.017491
0.016232
0.014944
0.014720
0.016094
0.017792
0.017915
0.017914
0.017820
0.017501
0.017959
0.018624
0.018700
0.019053
0.019054
0.018237
0.017317
0.016570
0.016054
0.015137
0.015290
0.015747
0.017303
0.018601
0.019887
0.019350
0.018302
0.017613
0.016728
0.015858
0.014176
0.014647
0.015645
0.015793
0.014459
0.014415
0.018076
0.020938
0.019102
0.017074
0.015776
0.013647
0.014180
0.013959
0.012785
0.012882
0.013752
0.014693
0.015728
0.015902
0.016166
0.017387
0.018468
0.018867
0.019540
0.019400
0.019092
0.019242
0.018323
0.017020
0.015884
0.015999
0.017225
0.018854
0.020321
0.020435
0.019013
0.017481
0.017628
0.019169
0.019130
0.019075
0.017788
0.016946
0.017495
0.018331
0.016968
0.015919
0.015903
0.016830
0.018106
0.018600
0.018530
0.019082
0.020159
0.020966
0.020672
0.018314
0.016360
0.015101
0.014383
0.014552
0.014431
0.013712
0.012746
0.012453
0.012072
0.013205
0.014291
0.015118
0.016712
0.017799
0.018450
0.019977
0.021124
0.021243
0.020741
0.019511
0.018459
0.017799
0.016990
0.016974
0.015174
0.014982
0.015875
0.016517
0.015783
0.014014
0.012918
0.013166
0.015108
0.016629
0.017503
0.017618
0.017894
0.018208
0.019645
0.019435
0.018363
0.016594
0.014405
0.013720
0.014310
0.013746
0.012759
0.012798
0.015873
0.019874
0.025171
0.031505
0.041886
0.054457
0.065030
0.074103
0.080979
0.087293
0.094604
0.101932
0.107184
0.108572
0.106666
0.107128
0.108885
0.111837
0.118299
0.122257
0.121879
0.122587
0.125745
0.128782
0.131276
0.133470
0.126462
0.109911
0.092583
0.077756
0.065092
0.053296
0.042837
0.033273
0.025664
0.018625
0.012611
0.008464
0.004553
0.001012
-0.001579
-0.004465
-0.008344
-0.011011
-0.012502
-0.015324
-0.017202
-0.018967
-0.020587
-0.022431
-0.024176
-0.024616
-0.024763
-0.024815
-0.024649
-0.025601
-0.025838
-0.024021
-0.025038
-0.026497
-0.027466
-0.027768
-0.026089
-0.025559
-0.023941
-0.022839
-0.024742
-0.025235
-0.023687
-0.023124
-0.023291
-0.024668
-0.025859
-0.024817
-0.023157
-0.023167
-0.024189
-0.026658
-0.027835
-0.026740
-0.029438
-0.030244
-0.027302
-0.026891
-0.025498
-0.023473
-0.021513
-0.024152
-0.027437
-0.030480
-0.029292
-0.026700
-0.024915
-0.024786
-0.026782
-0.026597
-0.023865
-0.022978
-0.025936
-0.027488
-0.028194
-0.026815
-0.025085
-0.025111
-0.025229
-0.025404
-0.023755
-0.022816
-0.023087
-0.023763
-0.025654
-0.028999
-0.029026
-0.027288
-0.025737
-0.026774
-0.028022
-0.027441
-0.025003
-0.025353
-0.024855
-0.024677
-0.023757
-0.022810
-0.021914
-0.023277
-0.024978
-0.026622
-0.027016
-0.025847
-0.026169
-0.024486
-0.027259
-0.027673
-0.025217
-0.023704
-0.025156
-0.026806
-0.028297
-0.027043
-0.024600
-0.022566
-0.022578
-0.023441
-0.024151
-0.023532
-0.021615
-0.027239
-0.034126
-0.035438
-0.031474
-0.029181
-0.042419
-0.059150
-0.075208
-0.083201
-0.083584
-0.080464
-0.082487
-0.090349
-0.095282
-0.097818
-0.098768
-0.097706
-0.093859
-0.081173
-0.068384
-0.063153
-0.059795
-0.077861
-0.081589
-0.097262
-0.098590
-0.096922
-0.098082
-0.105504
-0.109607
-0.107850
-0.105303
-0.105839
-0.102688
-0.088805
-0.066304
-0.042852
-0.026352
-0.013173
0.001319
0.017498
0.034067
0.045494
0.055311
0.064212
0.072313
0.078125
0.085393
0.092890
0.100253
0.106320
0.109684
0.110771
0.112490
0.113530
0.114918
0.115197
0.115854
0.117400
0.119738
0.119991
0.111237
0.091423
0.074923
0.063224
0.056659
0.051663
0.045490
0.038031
0.030342
0.025321
0.022282
0.019687
0.017070
0.014696
0.012666
0.010693
0.009493
0.008071
0.007767
0.006789
0.005431
0.004011
0.003405
0.003088
0.002985
0.001746
0.000759
0.001117
0.007033
0.012265
0.003802
-0.014388
-0.017936
-0.006463
0.004173
0.003402
-0.001952
-0.001755
0.001914
0.002111
-0.000187
0.000293
0.001203
0.001647
0.000964
0.000484
0.000642
0.000312
0.000589
0.000750
0.000555
-0.000399
0.000009
0.000324
0.000169
-0.001302
-0.005896
-0.015113
-0.026573
-0.035562
-0.044540
-0.050769
-0.057638
-0.069301
-0.083819
-0.099608
-0.105609
-0.099541
-0.092872
-0.095178
-0.102997
-0.111848
-0.117468
-0.119283
-0.120888
-0.118421
-0.118888
-0.118927
-0.126055
-0.124934
-0.124555
-0.119531
-0.105801
-0.084286
-0.059256
-0.038102
-0.021389
-0.007208
0.006894
0.023687
0.036971
0.048242
0.057028
0.064528
0.071977
0.079644
0.084942
0.080353
0.071486
0.061149
0.052830
0.044996
0.037072
0.031661
0.027478
0.024472
0.021520
0.017406
0.014674
0.013452
0.011634
0.009873
0.009590
0.008751
0.007146
0.006472
0.005729
0.004590
0.003529
0.001346
0.000776
0.001151
0.001379
0.001006
0.001413
0.000655
0.000030
0.000067
0.000604
0.000410
0.000068
-0.000010
-0.003400
-0.006033
-0.011666
-0.019838
-0.029430
-0.041561
-0.051366
-0.059563
-0.067569
-0.071497
-0.077301
-0.074523
-0.053591
-0.030198
-0.009736
-0.002888
0.000814
0.013299
0.031015
0.045105
0.054973
0.060134
0.065923
0.075765
0.088102
0.097939
0.103439
0.106028
0.107236
0.109999
0.113198
0.116869
0.117186
0.109168
0.092229
0.065090
0.041753
0.028599
0.017214
0.001835
-0.015126
-0.031578
-0.044681
-0.053763
-0.062480
-0.065506
-0.059850
-0.037759
-0.014270
-0.002318
0.002750
0.011704
0.024954
0.039913
0.050336
0.057879
0.064221
0.071632
0.079658
0.081883
0.073916
0.055108
0.033780
0.015652
0.002880
-0.008546
-0.020543
-0.032214
-0.044071
-0.049095
-0.035802
-0.014699
0.000751
0.008358
0.017647
0.029096
0.043211
0.054888
0.060865
0.068352
0.077396
0.087957
0.096192
0.101709
0.102621
0.102536
0.110267
0.112616
0.112712
0.108457
0.098026
0.082073
0.068106
0.059495
0.053916
0.049783
0.041316
0.033647
0.031546
0.036522
0.046962
0.056810
0.062938
0.066496
0.072125
0.079856
0.089147
0.098167
0.102589
0.103464
0.104599
0.107036
0.108892
0.106616
0.106184
0.113253
0.120003
0.121658
0.102461
0.087188
0.056479
0.036855
0.026102
0.012573
-0.001700
-0.017933
-0.033256
-0.042381
-0.053290
-0.066115
-0.074902
-0.077804
-0.079028
-0.086450
-0.098788
-0.104634
-0.108263
-0.110851
-0.113639
-0.119425
-0.125429
-0.127918
-0.127102
-0.121455
-0.116101
-0.113782
-0.115946
-0.119642
-0.122322
-0.121579
-0.120279
-0.119509
-0.120425
-0.121387
-0.121040
-0.113422
-0.133599
-0.131720
-0.111495
-0.079184
-0.049952
-0.033564
-0.021269
-0.005417
0.014337
0.032808
0.044272
0.051858
0.059159
0.069267
0.078979
0.085519
0.093645
0.100334
0.106792
0.111311
0.114051
0.114259
0.112455
0.113278
0.115134
0.117286
0.118048
0.118897
0.121495
0.124578
0.124087
0.121919
0.121466
0.119362
0.120233
0.123723
0.125782
0.123860
0.121878
0.121654
0.117776
0.105804
0.082474
0.055550
0.035281
0.021313
0.008199
-0.006944
-0.023952
-0.035127
-0.047268
-0.060400
-0.067427
-0.073166
-0.081049
-0.091776
-0.102673
-0.107570
-0.112378
-0.114860
-0.114638
-0.107776
-0.097235
-0.085544
-0.072018
-0.060824
-0.051623
-0.044826
-0.038407
-0.034608
-0.035121
-0.043729
-0.055131
-0.062839
-0.066889
-0.071648
-0.078521
-0.086976
-0.091773
-0.095156
-0.098112
-0.099885
-0.101820
-0.100333
-0.094536
-0.082962
-0.069329
-0.057467
-0.048727
-0.041781
-0.033869
-0.027679
-0.023709
-0.022036
-0.019551
-0.016153
-0.013149
-0.011132
-0.009863
-0.008995
-0.007437
-0.006134
-0.006061
-0.005329
-0.004389
-0.003800
-0.003100
-0.002809
-0.002604
-0.003394
-0.000819
-0.000392
-0.000731
-0.000715
-0.000609
-0.000269
-0.000483
-0.000264
0.000460
0.000350
0.004157
0.004745
0.000628
-0.005404
-0.005578
-0.000824
0.002104
0.000455
-0.001628
-0.000962
-0.000013
0.000763
0.000500
0.000523
0.000387
0.000696
0.000513
0.000118
0.000534
0.001554
0.001016
0.000680
0.000887
0.000917
0.000317
0.000038
0.000171
-0.000328
0.000216
0.006732
0.008257
-0.001276
-0.010670
-0.006340
0.002495
0.004093
0.000195
-0.002713
-0.000318
0.001890
0.000320
-0.001051
0.000010
0.001163
0.000562
-0.000244
-0.001176
0.000398
0.007738
0.010116
-0.001186
-0.014863
-0.010589
0.002710
0.005586
-0.001410
-0.005564
-0.002037
0.002966
0.003579
-0.001157
-0.000992
0.000679
0.001134
0.000371
-0.001092
-0.000389
0.004088
0.007444
0.001589
-0.008986
-0.007206
0.001610
0.003635
0.000190
-0.002150
-0.000531
0.001279
0.000026
-0.001683
-0.001971
-0.000552
-0.000360
-0.000024
-0.000261
-0.001432
-0.000568
-0.000158
-0.000482
0.000287
0.000287
0.001316
0.001466
0.000431
0.001164
0.001441
0.001516
0.000364
0.000249
0.000443
0.000388
0.000253
-0.000071
-0.001905
-0.007934
-0.018674
-0.029290
-0.038959
-0.048451
-0.058612
-0.069774
-0.080177
-0.091735
-0.096359
-0.092603
-0.089275
-0.093020
-0.098403
-0.100198
-0.103344
-0.112325
-0.121092
-0.125538
-0.127893
-0.127495
-0.126190
-0.123450
-0.125325
-0.128594
-0.129549
-0.130383
-0.127358
-0.125706
-0.124859
-0.124836
-0.121877
-0.110221
-0.085216
-0.056380
-0.036984
-0.022411
-0.009549
0.006435
0.026229
0.043177
0.052765
0.059256
0.068159
0.081468
0.091891
0.095564
0.097492
0.103655
0.112195
0.120220
0.121767
0.113653
0.106760
0.107713
0.118820
0.127537
0.126522
0.115743
0.093563
0.068696
0.048436
0.033396
0.019294
-0.000390
-0.015428
-0.026546
-0.038259
-0.047428
-0.057010
-0.067527
-0.080036
-0.089083
-0.093877
-0.098319
-0.106143
-0.111677
-0.111629
-0.109247
-0.108581
-0.110105
-0.112272
-0.116897
-0.122050
-0.123832
-0.123289
-0.122052
-0.120783
-0.121846
-0.123800
-0.125324
-0.123581
-0.116520
-0.103038
-0.086518
-0.073367
-0.062804
-0.052921
-0.043555
-0.035843
-0.030808
-0.026223
-0.022743
-0.019425
-0.016277
-0.013764
-0.013336
-0.012248
-0.009229
-0.007498
-0.006954
-0.006118
-0.005533
-0.003780
-0.003728
-0.003346
-0.002963
-0.002251
-0.001797
-0.002300
-0.002954
-0.001388
-0.000649
-0.000555
-0.000367
-0.000567
-0.002139
0.001721
0.007855
0.002636
-0.010156
-0.012397
-0.003484
0.000465
-0.001551
-0.003674
-0.001572
0.001128
0.001276
-0.001035
-0.000798
0.001279
0.002227
0.001549
-0.000045
-0.000464
-0.000126
0.000567
0.000461
0.000099
0.000282
-0.000121
-0.000580
-0.000244
0.000440
0.001878
0.001895
0.002273
0.006901
0.016980
0.028796
0.038209
0.046108
0.052060
0.060049
0.071070
0.084876
0.095261
0.100116
0.101289
0.103611
0.105230
0.108020
0.111004
0.113286
0.113793
0.113522
0.115326
0.118641
0.122723
0.124590
0.124985
0.123270
0.120382
0.110366
0.095793
0.079775
0.067428
0.059476
0.056238
0.052035
0.041549
0.031195
0.026147
0.025145
0.024142
0.019371
0.013385
0.011125
0.010866
0.011098
0.009154
0.006231
0.004864
0.004901
0.004514
0.003810
0.003528
0.003129
0.002875
0.002047
0.001500
0.005623
0.013225
0.010112
-0.006593
-0.015285
-0.005389
0.006213
0.006431
-0.000595
-0.003304
0.000252
0.002117
0.000867
-0.000392
-0.000021
0.000974
0.001051
0.000716
0.000437
0.000992
0.002607
-0.001268
-0.010323
-0.020673
-0.028525
-0.040932
-0.051489
-0.062230
-0.072180
-0.081866
-0.089781
-0.093087
-0.092179
-0.092944
-0.095738
-0.097393
-0.100496
-0.107995
-0.113636
-0.116623
-0.120304
-0.126926
-0.132451
-0.132936
-0.129013
-0.123022
-0.120722
-0.119917
-0.114901
-0.100095
-0.081886
-0.064275
-0.053069
-0.046028
-0.039217
-0.032804
-0.028707
-0.025601
-0.022455
-0.018281
-0.015236
-0.011636
-0.010970
-0.010094
-0.011120
-0.013353
-0.005274
0.015086
0.019563
-0.000923
-0.025627
-0.026256
-0.008962
0.004553
0.002156
-0.004859
-0.003555
0.003804
0.005769
0.001518
-0.001838
-0.000435
0.001636
0.001563
0.000489
-0.000187
0.000553
0.000128
-0.000220
0.000245
0.000187
0.000293
0.000254
-0.000002
-0.000813
-0.000228
0.001054
0.005550
0.011694
0.017271
0.022313
0.028367
0.033849
0.039174
0.041987
0.044191
0.047782
0.053448
0.061135
0.066057
0.067073
0.066095
0.066045
0.067040
0.067360
0.068752
0.069941
0.072379
0.073862
0.075778
0.079314
0.080918
0.078080
0.074367
0.071388
0.071658
0.073338
0.075402
0.074587
0.074955
0.076952
0.078643
0.080121
0.079882
0.078877
0.075089
0.071347
0.069632
0.069024
0.066477
0.057501
0.049587
0.044582
0.042509
0.038676
0.030872
0.024100
0.021024
0.020054
0.018084
0.014253
0.010622
0.009271
0.008716
0.008016
0.007058
0.005407
0.003704
0.002804
0.003123
0.003269
0.002289
0.001664
0.001266
0.001560
0.001044
-0.000364
0.001057
0.008324
0.010179
-0.001144
-0.012984
-0.007840
0.003274
0.006478
0.001250
-0.002265
-0.000418
0.002221
0.001466
-0.000383
0.000542
0.003021
0.003306
0.005043
0.006715
0.007476
0.008320
0.008767
0.009155
0.009622
0.011115
0.011695
0.012890
0.013159
0.014071
0.015443
0.015794
0.015673
0.015530
0.014497
0.015581
0.017076
0.018024
0.019085
0.017672
0.015807
0.015870
0.016130
0.016173
0.016835
0.016696
0.015871
0.015521
0.015494
0.016082
0.016477
0.015472
0.016011
0.016386
0.015973
0.015661
0.015856
0.017261
0.019376
0.021501
0.022259
0.021885
0.021180
0.020518
0.020833
0.022046
0.021935
0.020811
0.018194
0.017919
0.018663
0.018744
0.020578
0.020578
0.018870
0.016769
0.016774
0.017444
0.017797
0.017709
0.016343
0.015513
0.015725
0.016371
0.016486
0.016754
0.016754
0.017534
0.017465
0.016821
0.016585
0.016969
0.016218
0.016287
0.016752
0.017860
0.018424
0.017109
0.015542
0.016155
0.017425
0.018841
0.019768
0.019756
0.015793
0.013078
0.013410
0.013601
0.012814
0.011966
0.013074
0.018085
0.022535
0.025981
0.029272
0.031657
0.034389
0.037318
0.041118
0.043836
0.044252
0.044039
0.043893
0.041931
0.035542
0.023418
0.009156
-0.002882
-0.012155
-0.019492
-0.033467
-0.047014
-0.059829
-0.071461
-0.077347
-0.083718
-0.091144
-0.097918
-0.102646
-0.104996
-0.106940
-0.110020
-0.112980
-0.114865
-0.109371
-0.087821
-0.059614
-0.035994
-0.021662
-0.009494
0.005069
0.021478
0.036317
0.049252
0.060178
0.069669
0.078874
0.085749
0.084406
0.070568
0.046604
0.027908
0.016749
0.006864
-0.008327
-0.025372
-0.038551
-0.047361
-0.057989
-0.067056
-0.076893
-0.084245
-0.087461
-0.090196
-0.095097
-0.104097
-0.111695
-0.115358
-0.116592
-0.116858
-0.116222
-0.116566
-0.119751
-0.122382
-0.122502
-0.119170
-0.109200
-0.093869
-0.077879
-0.064688
-0.053981
-0.043899
-0.037881
-0.033396
-0.029200
-0.024431
-0.020170
-0.016856
-0.014940
-0.014026
-0.010955
-0.008653
-0.007912
-0.007718
-0.007799
-0.007389
-0.006638
-0.005283
-0.003365
-0.001980
-0.002450
-0.002848
-0.002631
-0.001658
-0.001161
-0.000625
0.000254
-0.000233
-0.000780
-0.001162
-0.000997
-0.000007
0.000894
0.001450
0.000512
0.000578
0.001621
0.001839
0.000757
0.000804
0.000567
-0.000392
-0.000672
0.000250
0.001108
0.000987
0.000196
-0.000088
0.000116
0.000399
0.000891
0.000732
0.000748
0.000422
-0.000106
-0.000589
-0.000546
-0.000309
-0.000450
-0.001034
-0.001619
-0.001117
-0.000176
0.000471
0.000045
-0.000182
-0.000549
-0.000578
-0.000456
0.000119
-0.000615
-0.000127
0.000249
0.000085
-0.000554
0.000085
0.000029
-0.000111
0.000223
-0.001589
-0.000865
0.000252
0.000809
0.000577
-0.000068
0.000030
-0.000059
-0.000248
-0.000480
-0.000051
0.000092
-0.000338
-0.000606
-0.000532
0.000203
0.000086
-0.000704
-0.000296
0.000124
-0.000537
-0.000823
0.000067
0.000506
0.000683
0.000549
-0.000210
-0.000180
0.000451
0.000399
-0.001981
-0.002653
-0.002022
-0.001724
-0.001459
-0.001094
-0.000380
-0.000228
-0.000029
-0.000656
-0.000581
-0.000216
0.000006
-0.000028
-0.000019
-0.000343
-0.000200
-0.000363
-0.000180
-0.000925
-0.001071
-0.000577
-0.000156
-0.000351
-0.000025
0.001338
0.002484
0.001677
-0.000306
-0.001062
0.000317
0.001346
0.000610
-0.000692
-0.000722
0.000307
0.000377
-0.000090
-0.000668
-0.000623
0.000268
0.000563
0.000471
-0.000255
0.001156
0.001328
0.000191
-0.000082
-0.000207
0.000553
0.000881
0.000411
-0.000682
-0.000540
-0.000306
-0.000871
-0.001211
0.000080
0.000484
-0.000107
-0.000923
-0.000019
0.000959
0.001276
0.000825
0.000221
0.000056
-0.000160
-0.000086
0.000331
0.000086
-0.000246
0.000155
-0.000352
-0.000952
-0.000653
0.000066
-0.000475
-0.000837
-0.001310
-0.000719
-0.001382
-0.000524
-0.000743
-0.001780
-0.002033
-0.001666
-0.000864
-0.000106
-0.000129
-0.001831
-0.001710
-0.002007
-0.001666
-0.000550
-0.000265
-0.000333
-0.000751
-0.000153
-0.000306
-0.000077
-0.000075
-0.000012
-0.000029
0.000099
0.000477
0.000395
0.001229
0.001470
0.001066
0.001318
0.000752
-0.000947
-0.002273
-0.003625
-0.007481
-0.010563
-0.013476
-0.015736
-0.015255
-0.016146
-0.018268
-0.021838
-0.025308
-0.026640
-0.025494
-0.025353
-0.029713
-0.032686
-0.033403
-0.030919
-0.030824
-0.033239
-0.035756
-0.034862
-0.022484
-0.005747
0.007959
0.017489
0.026227
0.035439
0.044413
0.052850
0.064581
0.074584
0.083424
0.090625
0.094105
0.088453
0.071075
0.052765
0.039066
0.029902
0.021768
0.011645
0.002429
-0.004724
-0.010083
-0.015745
-0.021741
-0.025255
-0.028293
-0.031969
-0.035865
-0.039295
-0.040159
-0.041617
-0.046198
-0.051693
-0.053386
-0.050096
-0.049192
-0.055188
-0.057506
-0.058365
-0.055786
-0.057690
-0.054647
-0.055343
-0.054964
-0.053417
-0.051956
-0.051985
-0.054343
-0.054980
-0.055355
-0.055692
-0.057331
-0.058113
-0.054653
-0.052677
-0.051504
-0.057996
-0.058137
-0.055666
-0.054803
-0.055673
-0.059474
-0.060609
-0.057956
-0.051795
-0.052305
-0.054525
-0.054948
-0.054401
-0.053991
-0.054971
-0.056344
-0.055222
-0.052123
-0.052449
-0.052780
-0.053618
-0.051519
-0.049955
-0.051517
-0.056397
-0.059282
-0.056128
-0.053115
-0.052089
-0.053133
-0.054628
-0.054300
-0.054235
-0.056074
-0.059019
-0.057338
-0.055046
-0.057356
-0.056231
-0.055199
-0.051181
-0.046634
-0.041533
-0.036335
-0.030151
-0.023405
-0.017723
-0.014216
-0.011175
-0.007146
-0.003968
-0.000438
0.001629
0.003422
0.005996
0.007215
0.008323
0.010059
0.011372
0.011038
0.012011
0.013525
0.014328
0.015462
0.014711
0.014193
0.015797
0.017329
0.018306
0.018024
0.016859
0.016435
0.016733
0.017100
0.018036
0.018523
0.017683
0.017131
0.016847
0.016573
0.016492
0.016221
0.015788
0.016486
0.016155
0.015509
0.015841
0.015360
0.014414
0.012824
0.011516
0.009873
0.009246
0.008497
0.007570
0.006495
0.006794
0.006048
0.005185
0.003800
0.003047
0.002423
0.002555
0.001831
0.001440
0.001496
0.001124
0.001343
0.002440
0.002342
0.002709
0.002022
0.001807
0.001803
0.002733
0.008046
0.018356
0.029428
0.038069
0.045542
0.054754
0.058021
0.066944
0.081203
0.088663
0.093249
0.098334
0.101657
0.100588
0.091181
0.078333
0.065388
0.055462
0.048807
0.043059
0.037335
0.032284
0.027876
0.024687
0.021234
0.017470
0.014577
0.012278
0.010879
0.010065
0.009095
0.008043
0.007015
0.005933
0.005277
0.004699
0.003927
0.003387
0.003949
0.005421
0.003480
-0.001637
-0.001689
-0.001576
-0.000483
-0.000141
-0.000365
0.000191
0.001168
0.000804
0.000166
0.000115
-0.000050
-0.000151
0.000457
-0.000013
0.000275
0.001281
0.000759
-0.000109
-0.000758
-0.000683
-0.000231
0.002343
0.002639
-0.001933
-0.004145
0.000000
0.000000
0.000000
0.000000
0.000000
0.000000
0.000000
0.000000
0.000000
0.000000
0.000000
0.000000
0.000000
0.000000
0.000000
0.000000
0.000000
0.000000
0.000000
0.000000
0.000000
0.000000
0.000000
0.000000
0.000000
0.000000
0.000000
0.000000
0.000000
0.000000
0.000000
0.000000
0.000000
0.000000
0.000000
0.000000
0.000000
0.000000
0.000000
0.000000
0.000000
0.000000
0.000000
0.000000
0.000000
0.000000
0.000000
0.000000
0.000000
0.000000
0.000000
0.000000
0.000000
0.000000
0.000000
0.000000
0.000000
0.000000
0.000000
0.000000
0.000000
0.000000
0.000000
0.000000
0.000000
0.000000
0.000000
0.000000
0.000000
0.000000
0.000000
0.000000
0.000000
0.000000
0.000000
0.000000
0.000000
0.000000
0.000000
0.000000
0.000000
0.000000
0.000000
0.000000
0.000000
0.000000
0.000000
0.000000
0.000000
0.000000
0.000000
0.000000
0.000000
0.000000
0.000000
0.000000
0.000000
0.000000
0.000000
0.000000
0.000000
0.000000
0.000000
0.000000
0.000000
0.000000
0.000000
0.000000
0.000000
0.000000
0.000000
0.000000
0.000000
0.000000
0.000000
0.000000
0.000000
0.000000
0.000000
0.000000
0.000000
0.000000
0.000000
0.000000
0.000000
0.000000
0.000000
0.000000
0.000000
0.000000
0.000000
0.000000
0.000000
0.000000
0.000000
0.000000
0.000000
0.000000
0.000000
0.000000
0.000000
0.000000
0.000000
0.000000
0.000000
0.000000
0.000000
0.000000
0.000000
0.000000
0.000000
0.000000
0.000000
0.000000
0.000000
0.000000
0.000000
0.000000
0.000000
0.000000
0.000000
0.000000
0.000000
0.000000
0.000000
0.000000
0.000000
0.000000
0.000000
0.000000
0.000000
0.000000
0.000000
0.000000
0.000000
0.000000
0.000000
0.000000
0.000000
0.000000
0.000000
0.000000
0.000000
0.000000
0.000000
0.000000
0.000000
0.000000
0.000000
0.000000
0.000000
0.000000
0.000000
0.000000
0.000000
0.000000
0.000000
0.000000
0.000000
0.000000
0.000000
0.000000
0.000000
0.000000
0.000000
0.000000
0.000000
0.000000
0.000000
0.000000
0.000000
0.000000
0.000000
0.000000
0.000000
0.000000
0.000000
0.000000
0.000000
0.000000
0.000000
0.000000
0.000000
0.000000
0.000000
0.000000
0.000000
0.000000
0.000000
0.000000
0.000000
0.000000
0.000000
0.000000
0.000000
0.000000
0.000000
0.000000
0.000000
0.000000
0.000000
0.000000
0.000000
0.000000
0.000000
0.000000
0.000000
0.000000
0.000000
0.000000
0.000000
0.000000
0.000000
0.000000
0.000000
0.000000
0.000000
0.000000
0.000000
0.000000
0.000000
0.000000
0.000000
0.000000
0.000000
0.000000
0.000000
0.000000
0.000000
0.000000
0.000000
0.000000
0.000000
0.000000
0.000000
0.000000
0.000000
0.000000
0.000000
0.000000
0.000000
0.000000
0.000000
0.000000
0.000000
0.000000
0.000000
0.000000
0.000000
0.000000
0.000000
0.000000
0.000000
0.000000
0.000000
0.000000
0.000000
0.000000
0.000000
0.000000
0.000000
0.000000
0.000000
0.000000
0.000000
0.000000
0.000000
0.000000
0.000000
0.000000
0.000000
0.000000
0.000000
0.000000
0.000000
0.000000
0.000000
0.000000
0.000000
0.000000
0.000000
0.000000
0.000000
0.000000
0.000000
0.000000
0.000000
0.000000
0.000000
0.000000
0.000000
0.000000
0.000000
0.000000
0.000000
0.000000
0.000000
0.000000
0.000000
0.000000
0.000000
0.000000
0.000000
0.000000
0.000000
0.000000
0.000000
0.000000
0.000000
0.000000
0.000000
0.000000
0.000000
0.000000
0.000000
0.000000
0.000000
0.000000
0.000000
0.000000
0.000000
0.000000
0.000000
0.000000
0.000000
0.000000
0.000000
0.000000
0.000000
0.000000
0.000000
0.000000
0.000000
0.000000
0.000000
0.000000
0.000000
0.000000
0.000000
0.000000
0.000000
0.000000
0.000000
0.000000
0.000000
0.000000
0.000000
0.000000
0.000000
0.000000
0.000000
0.000000
0.000000
0.000000
0.000000
0.000000
0.000000
0.000000
0.000000
0.000000
0.000000
0.000000
0.000000
0.000000
0.000000
0.000000
0.000000
0.000000
0.000000
0.000000
0.000000
0.000000
0.000000
0.000000
0.000000
0.000000
0.000000
0.000000
0.000000
0.000000
0.000000
0.000000
0.000000
0.000000
0.000000
0.000000
0.000000
0.000000
0.000000
0.000000
0.000000
0.000000
0.000000
0.000000
0.000000
0.000000
0.000000
0.000000
0.000000
0.000000
0.000000
0.000000
0.000000
0.000000
0.000000
0.000000
0.000000
0.000000
0.000000
0.000000
0.000000
0.000000
0.000000
0.000000
0.000000
0.000000
0.000000
0.000000
0.000000
0.000000
0.000000
0.000000
0.000000
0.000000
0.000000
0.000000
0.000000
0.000000
0.000000
0.000000
0.000000
0.000000
0.000000
0.000000
0.000000
0.000000
0.000000
0.000000
0.000000
0.000000
0.000000
0.000000
0.000000
0.000000
0.000000
0.000000
0.000000
0.000000
0.000000
0.000000
0.000000
0.000000
0.000000
0.000000
0.000000
0.000000
0.000000
0.000000
0.000000
0.000000
0.000000
0.000000
0.000000
0.000000
0.000000
0.000000
0.000000
0.000000
0.000000
0.000000
0.000000
0.000000
0.000000
0.000000
0.000000
0.000000
0.000000
0.000000
0.000000
0.000000
0.000000
0.000000
0.000000
0.000000
0.000000
0.000000
0.000000
0.000000
0.000000
0.000000
0.000000
0.000000
0.000000
0.000000
0.000000
0.000000
0.000000
0.000000
0.000000
0.000000
0.000000
0.000000
0.000000
0.000000
0.000000
0.000000
0.000000
0.000000
0.000000
0.000000
0.000000
0.000000
0.000000
0.000000
0.000000
0.000000
0.000000
0.000000
0.000000
0.000000
0.000000
0.000000
0.000000
0.000000
0.000000
0.000000
0.000000
0.000000
0.000000
0.000000
0.000000
0.000000
0.000000
0.000000
0.000000
0.000000
0.000000
0.000000
0.000000
0.000000
0.000000
0.000000
0.000000
0.000000
0.000000
0.000000
0.000000
0.000000
0.000000
0.000000
0.000000
0.000000
0.000000
0.000000
0.000000
0.000000
0.000000
0.000000
0.000000
0.000000
0.000000
0.000000
0.000000
0.000000
0.000000
0.000000
0.000000
0.000000
0.000000
0.000000
0.000000
0.000000
0.000000
0.000000
0.000000
0.000000
0.000000
0.000000
0.000000
0.000000
0.000000
0.000000
0.000000
0.000000
0.000000
0.000000
0.000000
0.000000
0.000000
0.000000
0.000000
0.000000
0.000000
0.000000
0.000000
0.000000
0.000000
0.000000
0.000000
0.000000
0.000000
0.000000
0.000000
0.000000
0.000000
0.000000
0.000000
0.000000
0.000000
0.000000
0.000000
0.000000
0.000000
0.000000
0.000000
0.000000
0.000000
0.000000
0.000000
0.000000
0.000000
0.000000
0.000000
0.000000
0.000000
0.000000
0.000000
0.000000
0.000000
0.000000
0.000000
0.000000
0.000000
0.000000
0.000000
0.000000
0.000000
0.000000
0.000000
0.000000
0.000000
0.000000
0.000000
0.000000
0.000000
0.000000
0.000000
0.000000
0.000000
0.000000
0.000000
0.000000
0.000000
0.000000
0.000000
0.000000
0.000000
0.000000
0.000000
0.000000
0.000000
0.000000
0.000000
0.000000
0.000000
0.000000
0.000000
0.000000
0.000000
0.000000
0.000000
0.000000
0.000000
0.000000
0.000000
0.000000
0.000000
0.000000
0.000000
0.000000
0.000000
0.000000
0.000000
0.000000
0.000000
0.000000
0.000000
0.000000
0.000000
0.000000
0.000000
0.000000
0.000000
0.000000
0.000000
0.000000
0.000000
0.000000
0.000000
0.000000
0.000000
0.000000
0.000000
0.000000
0.000000
0.000000
0.000000
0.000000
0.000000
0.000000
0.000000
0.000000
0.000000
0.000000
0.000000
0.000000
0.000000
0.000000
0.000000
0.000000
0.000000
0.000000
0.000000
0.000000
0.000000
0.000000
0.000000
0.000000
0.000000
0.000000
0.000000
0.000000
0.000000
0.000000
0.000000
0.000000
0.000000
0.000000
0.000000
0.000000
0.000000
0.000000
0.000000
0.000000
0.000000
0.000000
0.000000
0.000000
0.000000
0.000000
0.000000
0.000000
0.000000
0.000000
0.000000
0.000000
0.000000
0.000000
0.000000
0.000000
0.000000
0.000000
0.000000
0.000000
0.000000
0.000000
0.000000
0.000000
0.000000
0.000000
0.000000
0.000000
0.000000
0.000000
0.000000
0.000000
0.000000
0.000000
0.000000
0.000000
0.000000
0.000000
0.000000
0.000000
0.000000
0.000000
0.000000
0.000000
0.000000
0.000000
0.000000
0.000000
0.000000
0.000000
0.000000
0.000000
0.000000
0.000000
0.000000
0.000000
0.000000
0.000000
0.000000
0.000000
0.000000
0.000000
0.000000
0.000000
0.000000
0.000000
0.000000
0.000000
0.000000
0.000000
0.000000
0.000000
0.000000
0.000000
0.000000
0.000000
0.000000
0.000000
0.000000
0.000000
0.000000
0.000000
0.000000
0.000000
0.000000
0.000000
0.000000
0.000000
0.000000
0.000000
0.000000
0.000000
0.000000
0.000000
0.000000
0.000000
0.000000
0.000000
0.000000
0.000000
0.000000
0.000000
0.000000
0.000000
0.000000
0.000000
0.000000
0.000000
0.000000
0.000000
0.000000
0.000000
0.000000
0.000000
0.000000
0.000000
0.000000
0.000000
0.000000
0.000000
0.000000
0.000000
0.000000
0.000000
0.000000
0.000000
0.000000
0.000000
0.000000
0.000000
0.000000
0.000000
0.000000
0.000000
0.000000
0.000000
0.000000
0.000000
0.000000
0.000000
0.000000
0.000000
0.000000
0.000000
0.000000
0.000000
0.000000
0.000000
0.000000
0.000000
0.000000
0.000000
0.000000
0.000000
0.000000
0.000000
0.000000
0.000000
0.000000
0.000000
0.000000
0.000000
0.000000
0.000000
0.000000
0.000000
0.000000
0.000000
0.000000
0.000000
0.000000
0.000000
0.000000
0.000000
0.000000
0.000000
0.000000
0.000000
0.000000
0.000000
0.000000
0.000000
0.000000
0.000000
0.000000
0.000000
0.000000
0.000000
0.000000
0.000000
0.000000
0.000000
0.000000
0.000000
0.000000
0.000000
0.000000
0.000000
0.000000
0.000000
0.000000
0.000000
0.000000
0.000000
0.000000
0.000000
0.000000
0.000000
0.000000
0.000000
0.000000
0.000000
0.000000
0.000000
0.000000
0.000000
0.000000
0.000000
0.000000
0.000000
0.000000
0.000000
0.000000
0.000000
0.000000
0.000000
0.000000
0.000000
0.000000
0.000000
0.000000
0.000000
0.000000
0.000000
0.000000
0.000000
0.000000
0.000000
0.000000
0.000000
0.000000
0.000000
0.000000
0.000000
0.000000
0.000000
0.000000
0.000000
0.000000
0.000000
0.000000
0.000000
0.000000
0.000000
0.000000
0.000000
0.000000
0.000000
0.000000
0.000000
0.000000
0.000000
0.000000
0.000000
0.000000
0.000000
0.000000
0.000000
0.000000
0.000000
0.000000
0.000000
0.000000
0.000000
0.000000
0.000000
0.000000
0.000000
0.000000
0.000000
0.000000
0.000000
0.000000
0.000000
0.000000
0.000000
0.000000
0.000000
0.000000
0.000000
0.000000
0.000000
0.000000
0.000000
0.000000
0.000000
0.000000
0.000000
0.000000
0.000000
0.000000
0.000000
0.000000
0.000000
0.000000
0.000000
0.000000
0.000000
0.000000
0.000000
0.000000
0.000000
0.000000
0.000000
0.000000
0.000000
0.000000
0.000000
0.000000
0.000000
0.000000
0.000000
0.000000
0.000000
0.000000
0.000000
0.000000
0.000000
0.000000
0.000000
0.000000
0.000000
0.000000
0.000000
0.000000
0.000000
0.000000
0.000000
0.000000
0.000000
0.000000
0.000000
0.000000
0.000000
0.000000
0.000000
0.000000
0.000000
0.000000
0.000000
0.000000
0.000000
0.000000
0.000000
0.000000
0.000000
0.000000
0.000000
0.000000
0.000000
0.000000
0.000000
0.000000
0.000000
0.000000
0.000000
0.000000
0.000000
0.000000
0.000000
0.000000
0.000000
0.000000
0.000000
0.000000
0.000000
0.000000
0.000000
0.000000
0.000000
0.000000
0.000000
0.000000
0.000000
0.000000
0.000000
0.000000
0.000000
0.000000
0.000000
0.000000
0.000000
0.000000
0.000000
0.000000
0.000000
0.000000
0.000000
0.000000
0.000000
0.000000
0.000000
0.000000
0.000000
0.000000
0.000000
0.000000
0.000000
0.000000
0.000000
0.000000
0.000000
0.000000
0.000000
0.000000
0.000000
0.000000
0.000000
0.000000
0.000000
0.000000
0.000000
0.000000
0.000000
0.000000
0.000000
0.000000
0.000000
0.000000
0.000000
0.000000
0.000000
0.000000
0.000000
0.000000
0.000000
0.000000
0.000000
0.000000
0.000000
0.000000
0.000000
0.000000
0.000000
0.000000
0.000000
0.000000
0.000000
0.000000
0.000000
0.000000
0.000000
0.000000
0.000000
0.000000
0.000000
0.000000
0.000000
0.000000
0.000000
0.000000
0.000000
0.000000
0.000000
0.000000
0.000000
0.000000
0.000000
0.000000
0.000000
0.000000
0.000000
0.000000
0.000000
0.000000
0.000000
0.000000
0.000000
0.000000
0.000000
0.000000
0.000000
0.000000
0.000000
0.000000
0.000000
0.000000
0.000000
0.000000
0.000000
0.000000
0.000000
0.000000
0.000000
0.000000
0.000000
0.000000
0.000000
0.000000
0.000000
0.000000
0.000000
0.000000
0.000000
0.000000
0.000000
0.000000
0.000000
0.000000
0.000000
0.000000
0.000000
0.000000
0.000000
0.000000
0.000000
0.000000
0.000000
0.000000
0.000000
0.000000
0.000000
0.000000
0.000000
0.000000
0.000000
0.000000
0.000000
0.000000
0.000000
0.000000
0.000000
0.000000
0.000000
0.000000
0.000000
0.000000
0.000000
0.000000
0.000000
0.000000
0.000000
0.000000
0.000000
0.000000
0.000000
0.000000
0.000000
0.000000
0.000000
0.000000
0.000000
0.000000
0.000000
0.000000
0.000000
0.000000
0.000000
0.000000
0.000000
0.000000
0.000000
0.000000
0.000000
0.000000
0.000000
0.000000
0.000000
0.000000
0.000000
0.000000
0.000000
0.000000
0.000000
0.000000
0.000000
0.000000
0.000000
0.000000
0.000000
0.000000
0.000000
0.000000
0.000000
0.000000
0.000000
0.000000
0.000000
0.000000
0.000000
0.000000
0.000000
0.000000
0.000000
0.000000
0.000000
0.000000
0.000000
0.000000
0.000000
0.000000
0.000000
0.000000
0.000000
0.000000
0.000000
0.000000
0.000000
0.000000
0.000000
0.000000
0.000000
0.000000
0.000000
0.000000
0.000000
0.000000
0.000000
0.000000
0.000000
0.000000
0.000000
0.000000
0.000000
0.000000
0.000000
0.000000
0.000000
0.000000
0.000000
0.000000
0.000000
0.000000
0.000000
0.000000
0.000000
0.000000
0.000000
0.000000
0.000000
0.000000
0.000000
0.000000
0.000000
0.000000
0.000000
0.000000
0.000000
0.000000
0.000000
0.000000
0.000000
0.000000
0.000000
0.000000
0.000000
0.000000
0.000000
0.000000
0.000000
0.000000
0.000000
0.000000
0.000000
0.000000
0.000000
0.000000
0.000000
0.000000
0.000000
0.000000
0.000000
0.000000
0.000000
0.000000
0.000000
0.000000
0.000000
0.000000
0.000000
0.000000
0.000000
0.000000
0.000000
0.000000
0.000000
0.000000
0.000000
0.000000
0.000000
0.000000
0.000000
0.000000
0.000000
0.000000
0.000000
0.000000
0.000000
0.000000
0.000000
0.000000
0.000000
0.000000
0.000000
0.000000
0.000000
0.000000
0.000000
0.000000
0.000000
0.000000
0.000000
0.000000
0.000000
0.000000
0.000000
0.000000
0.000000
0.000000
0.000000
0.000000
0.000000
0.000000
0.000000
0.000000
0.000000
0.000000
0.000000
0.000000
0.000000
0.000000
0.000000
0.000000
0.000000
0.000000
0.000000
0.000000
0.000000
0.000000
0.000000
0.000000
0.000000
0.000000
0.000000
0.000000
0.000000
0.000000
0.000000
0.000000
0.000000
0.000000
0.000000
0.000000
0.000000
0.000000
0.000000
0.000000
0.000000
0.000000
0.000000
0.000000
0.000000
0.000000
0.000000
0.000000
0.000000
0.000000
0.000000
0.000000
0.000000
0.000000
0.000000
0.000000
0.000000
0.000000
0.000000
0.000000
0.000000
0.000000
0.000000
0.000000
0.000000
0.000000
0.000000
0.000000
0.000000
0.000000
0.000000
0.000000
0.000000
0.000000
0.000000
0.000000
0.000000
0.000000
0.000000
0.000000
0.000000
0.000000
0.000000
0.000000
0.000000
0.000000
0.000000
0.000000
0.000000
0.000000
0.000000
0.000000
0.000000
0.000000
0.000000
0.000000
0.000000
0.000000
0.000000
0.000000
0.000000
0.000000
0.000000
0.000000
0.000000
0.000000
0.000000
0.000000
0.000000
0.000000
0.000000
0.000000
0.000000
0.000000
0.000000
0.000000
0.000000
0.000000
0.000000
0.000000
0.000000
0.000000
0.000000
0.000000
0.000000
0.000000
0.000000
0.000000
0.000000
0.000000
0.000000
0.000000
0.000000
0.000000
0.000000
0.000000
0.000000
0.000000
0.000000
0.000000
0.000000
0.000000
0.000000
0.000000
0.000000
0.000000
0.000000
0.000000
0.000000
0.000000
0.000000
0.000000
0.000000
0.000000
0.000000
0.000000
0.000000
0.000000
0.000000
0.000000
0.000000
0.000000
0.000000
0.000000
0.000000
0.000000
0.000000
0.000000
0.000000
0.000000
0.000000
0.000000
0.000000
0.000000
0.000000
0.000000
0.000000
0.000000
0.000000
0.000000
0.000000
0.000000
0.000000
0.000000
0.000000
0.000000
0.000000
0.000000
0.000000
0.000000
0.000000
0.000000
0.000000
0.000000
0.000000
0.000000
0.000000
0.000000
0.000000
0.000000
0.000000
0.000000
0.000000
0.000000
0.000000
0.000000
0.000000
0.000000
0.000000
0.000000
0.000000
0.000000
0.000000
0.000000
0.000000
0.000000
0.000000
0.000000
0.000000
0.000000
0.000000
0.000000
0.000000
0.000000
0.000000
0.000000
0.000000
0.000000
0.000000
0.000000
0.000000
0.000000
0.000000
0.000000
0.000000
0.000000
0.000000
0.000000
0.000000
0.000000
0.000000
0.000000
0.000000
0.000000
0.000000
0.000000
0.000000
0.000000
0.000000
0.000000
0.000000
0.000000
0.000000
0.000000
0.000000
0.000000
0.000000
0.000000
0.000000
0.000000
0.000000
0.000000
0.000000
0.000000
0.000000
0.000000
0.000000
0.000000
0.000000
0.000000
0.000000
0.000000
0.000000
0.000000
0.000000
0.000000
0.000000
0.000000
0.000000
0.000000
0.000000
0.000000
0.000000
0.000000
0.000000
0.000000
0.000000
0.000000
0.000000
0.000000
0.000000
0.000000
0.000000
0.000000
0.000000
0.000000
0.000000
0.000000
0.000000
0.000000
0.000000
0.000000
0.000000
0.000000
0.000000
0.000000
0.000000
0.000000
0.000000
0.000000
0.000000
0.000000
0.000000
0.000000
0.000000
0.000000
0.000000
0.000000
0.000000
0.000000
0.000000
0.000000
0.000000
0.000000
0.000000
0.000000
0.000000
0.000000
0.000000
0.000000
0.000000
0.000000
0.000000
0.000000
0.000000
0.000000
0.000000
0.000000
0.000000
0.000000
0.000000
0.000000
0.000000
0.000000
0.000000
0.000000
0.000000
0.000000
0.000000
0.000000
0.000000
0.000000
0.000000
0.000000
0.000000
0.000000
0.000000
0.000000
0.000000
0.000000
0.000000
0.000000
0.000000
0.000000
0.000000
0.000000
0.000000
0.000000
0.000000
0.000000
0.000000
0.000000
0.000000
0.000000
0.000000
0.000000
0.000000
0.000000
0.000000
0.000000
0.000000
0.000000
0.000000
0.000000
0.000000
0.000000
0.000000
0.000000
0.000000
0.000000
0.000000
0.000000
0.000000
0.000000
0.000000
0.000000
0.000000
0.000000
0.000000
0.000000
0.000000
0.000000
0.000000
0.000000
0.000000
0.000000
0.000000
0.000000
0.000000
0.000000
0.000000
0.000000
0.000000
0.000000
0.000000
0.000000
0.000000
0.000000
0.000000
0.000000
0.000000
0.000000
0.000000
0.000000
0.000000
0.000000
0.000000
0.000000
0.000000
0.000000
0.000000
0.000000
0.000000
0.000000
0.000000
0.000000
0.000000
0.000000
0.000000
0.000000
0.000000
0.000000
0.000000
0.000000
0.000000
0.000000
0.000000
0.000000
0.000000
0.000000
0.000000
0.000000
0.000000
0.000000
0.000000
0.000000
0.000000
0.000000
0.000000
0.000000
0.000000
0.000000
0.000000
0.000000
0.000000
0.000000
0.000000
0.000000
0.000000
0.000000
0.000000
0.000000
0.000000
0.000000
0.000000
0.000000
0.000000
0.000000
0.000000
0.000000
0.000000
0.000000
0.000000
0.000000
0.000000
0.000000
0.000000
0.000000
0.000000
0.000000
0.000000
0.000000
0.000000
0.000000
0.000000
0.000000
0.000000
0.000000
0.000000
0.000000
0.000000
0.000000
0.000000
0.000000
0.000000
0.000000
0.000000
0.000000
0.000000
0.000000
0.000000
0.000000
0.000000
0.000000
0.000000
0.000000
0.000000
0.000000
0.000000
0.000000
0.000000
0.000000
0.000000
0.000000
0.000000
0.000000
0.000000
0.000000
0.000000
0.000000
0.000000
0.000000
0.000000
0.000000
0.000000
0.000000
0.000000
0.000000
0.000000
0.000000
0.000000
0.000000
0.000000
0.000000
0.000000
0.000000
0.000000
0.000000
0.000000
0.000000
0.000000
0.000000
0.000000
0.000000
0.000000
0.000000
0.000000
0.000000
0.000000
0.000000
0.000000
0.000000
0.000000
0.000000
0.000000
0.000000
0.000000
0.000000
0.000000
0.000000
0.000000
0.000000
0.000000
0.000000
0.000000
0.000000
0.000000
0.000000
0.000000
0.000000
0.000000
0.000000
0.000000
0.000000
0.000000
0.000000
0.000000
0.000000
0.000000
0.000000
0.000000
0.000000
0.000000
0.000000
0.000000
0.000000
0.000000
0.000000
0.000000
0.000000
0.000000
0.000000
0.000000
0.000000
0.000000
0.000000
0.000000
0.000000
0.000000
0.000000
0.000000
0.000000
0.000000
0.000000
0.000000
0.000000
0.000000
0.000000
0.000000
0.000000
0.000000
0.000000
0.000000
0.000000
0.000000
0.000000
0.000000
0.000000
0.000000
0.000000
0.000000
0.000000
0.000000
0.000000
0.000000
0.000000
0.000000
0.000000
0.000000
0.000000
0.000000
0.000000
0.000000
0.000000
0.000000
0.000000
0.000000
0.000000
0.000000
0.000000
0.000000
0.000000
0.000000
0.000000
0.000000
0.000000
0.000000
0.000000
0.000000
0.000000
0.000000
0.000000
0.000000
0.000000
0.000000
0.000000
0.000000
0.000000
0.000000
0.000000
0.000000
0.000000
0.000000
0.000000
0.000000
0.000000
0.000000
0.000000
0.000000
0.000000
0.000000
0.000000
0.000000
0.000000
0.000000
0.000000
0.000000
0.000000
0.000000
0.000000
0.000000
0.000000
0.000000
0.000000
0.000000
0.000000
0.000000
0.000000
0.000000
0.000000
0.000000
0.000000
0.000000
0.000000
0.000000
0.000000
0.000000
0.000000
0.000000
0.000000
0.000000
0.000000
0.000000
0.000000
0.000000
0.000000
0.000000
0.000000
0.000000
0.000000
0.000000
0.000000
0.000000
0.000000
0.000000
0.000000
0.000000
0.000000
0.000000
0.000000
0.000000
0.000000
0.000000
0.000000
0.000000
0.000000
0.000000
0.000000
0.000000
0.000000
0.000000
0.000000
0.000000
0.000000
0.000000
0.000000
0.000000
0.000000
0.000000
0.000000
0.000000
0.000000
0.000000
0.000000
0.000000
0.000000
0.000000
0.000000
0.000000
0.000000
0.000000
0.000000
0.000000
0.000000
0.000000
0.000000
0.000000
0.000000
0.000000
0.000000
0.000000
0.000000
0.000000
0.000000
0.000000
0.000000
0.000000
0.000000
0.000000
0.000000
0.000000
0.000000
0.000000
0.000000
0.000000
0.000000
0.000000
0.000000
0.000000
0.000000
0.000000
0.000000
0.000000
0.000000
0.000000
0.000000
0.000000
0.000000
0.000000
0.000000
0.000000
0.000000
0.000000
0.000000
0.000000
0.000000
0.000000
0.000000
0.000000
0.000000
0.000000
0.000000
0.000000
0.000000
0.000000
0.000000
0.000000
0.000000
0.000000
0.000000
0.000000
0.000000
0.000000
0.000000
0.000000
0.000000
0.000000
0.000000
0.000000
0.000000
0.000000
0.000000
0.000000
0.000000
0.000000
0.000000
0.000000
0.000000
0.000000
0.000000
0.000000
0.000000
0.000000
0.000000
0.000000
0.000000
0.000000
0.000000
0.000000
0.000000
0.000000
0.000000
0.000000
0.000000
0.000000
0.000000
0.000000
0.000000
0.000000
0.000000
0.000000
0.000000
0.000000
0.000000
0.000000
0.000000
0.000000
0.000000
0.000000
0.000000
0.000000
0.000000
0.000000
0.000000
0.000000
0.000000
0.000000
0.000000
0.000000
0.000000
0.000000
0.000000
0.000000
0.000000
0.000000
0.000000
0.000000
0.000000
0.000000
0.000000
0.000000
0.000000
0.000000
0.000000
0.000000
0.000000
0.000000
0.000000
0.000000
0.000000
0.000000
0.000000
0.000000
0.000000
0.000000
0.000000
0.000000
0.000000
0.000000
0.000000
0.000000
0.000000
0.000000
0.000000
0.000000
0.000000
0.000000
0.000000
0.000000
0.000000
0.000000
0.000000
0.000000
0.000000
0.000000
0.000000
0.000000
0.000000
0.000000
0.000000
0.000000
0.000000
0.000000
0.000000
0.000000
0.000000
0.000000
0.000000
0.000000
0.000000
0.000000
0.000000
0.000000
0.000000
0.000000
0.000000
0.000000
0.000000
0.000000
0.000000
0.000000
0.000000
0.000000
0.000000
0.000000
0.000000
0.000000
0.000000
0.000000
0.000000
0.000000
0.000000
0.000000
0.000000
0.000000
0.000000
0.000000
0.000000
0.000000
0.000000
0.000000
0.000000
0.000000
0.000000
0.000000
0.000000
0.000000
0.000000
0.000000
0.000000
0.000000
0.000000
0.000000
0.000000
0.000000
0.000000
0.000000
0.000000
0.000000
0.000000
0.000000
0.000000
0.000000
0.000000
0.000000
0.000000
0.000000
0.000000
0.000000
0.000000
0.000000
0.000000
0.000000
0.000000
0.000000
0.000000
0.000000
0.000000
0.000000
0.000000
0.000000
0.000000
0.000000
0.000000
0.000000
0.000000
0.000000
0.000000
0.000000
0.000000
0.000000
0.000000
0.000000
0.000000
0.000000
0.000000
0.000000
0.000000
0.000000
0.000000
0.000000
0.000000
0.000000
0.000000
0.000000
0.000000
0.000000
0.000000
0.000000
0.000000
0.000000
0.000000
0.000000
0.000000
0.000000
0.000000
0.000000
0.000000
0.000000
0.000000
0.000000
0.000000
0.000000
0.000000
0.000000
0.000000
0.000000
0.000000
0.000000
0.000000
0.000000
0.000000
0.000000
0.000000
0.000000
0.000000
0.000000
0.000000
0.000000
0.000000
0.000000
0.000000
0.000000
0.000000
0.000000
0.000000
0.000000
0.000000
0.000000
0.000000
0.000000
0.000000
0.000000
0.000000
0.000000
0.000000
0.000000
0.000000
0.000000
0.000000
0.000000
0.000000
0.000000
0.000000
0.000000
0.000000
0.000000
0.000000
0.000000
0.000000
0.000000
0.000000
0.000000
0.000000
0.000000
0.000000
0.000000
0.000000
0.000000
0.000000
0.000000
0.000000
0.000000
0.000000
0.000000
0.000000
0.000000
0.000000
0.000000
0.000000
0.000000
0.000000
0.000000
0.000000
0.000000
0.000000
0.000000
0.000000
0.000000
0.000000
0.000000
0.000000
0.000000
0.000000
0.000000
0.000000
0.000000
0.000000
0.000000
0.000000
0.000000
0.000000
0.000000
0.000000
0.000000
0.000000
0.000000
0.000000
0.000000
0.000000
0.000000
0.000000
0.000000
0.000000
0.000000
0.000000
0.000000
0.000000
0.000000
0.000000
0.000000
0.000000
0.000000
0.000000
0.000000
0.000000
0.000000
0.000000
0.000000
0.000000
0.000000
0.000000
0.000000
0.000000
0.000000
0.000000
0.000000
0.000000
0.000000
0.000000
0.000000
0.000000
0.000000
0.000000
0.000000
0.000000
0.000000
0.000000
0.000000
0.000000
0.000000
0.000000
0.000000
0.000000
0.000000
0.000000
0.000000
0.000000
0.000000
0.000000
0.000000
0.000000
0.000000
0.000000
0.000000
0.000000
0.000000
0.000000
0.000000
0.000000
0.000000
0.000000
0.000000
0.000000
0.000000
0.000000
0.000000
0.000000
0.000000
0.000000
0.000000
0.000000
0.000000
0.000000
0.000000
0.000000
0.000000
0.000000
0.000000
0.000000
0.000000
0.000000
0.000000
0.000000
0.000000
0.000000
0.000000
0.000000
0.000000
0.000000
0.000000
0.000000
0.000000
0.000000
0.000000
0.000000
0.000000
0.000000
0.000000
0.000000
0.000000
0.000000
0.000000
0.000000
0.000000
0.000000
0.000000
0.000000
0.000000
0.000000
0.000000
0.000000
0.000000
0.000000
0.000000
0.000000
0.000000
0.000000
0.000000
0.000000
0.000000
0.000000
0.000000
0.000000
0.000000
0.000000
0.000000
0.000000
0.000000
0.000000
0.000000
0.000000
0.000000
0.000000
0.000000
0.000000
0.000000
0.000000
0.000000
0.000000
0.000000
0.000000
0.000000
0.000000
0.000000
0.000000
0.000000
0.000000
0.000000
0.000000
0.000000
0.000000
0.000000
0.000000
0.000000
0.000000
0.000000
0.000000
0.000000
0.000000
0.000000
0.000000
0.000000
0.000000
0.000000
0.000000
0.000000
0.000000
0.000000
0.000000
0.000000
0.000000
0.000000
0.000000
0.000000
0.000000
0.000000
0.000000
0.000000
0.000000
0.000000
0.000000
0.000000
0.000000
0.000000
0.000000
0.000000
0.000000
0.000000
0.000000
0.000000
0.000000
0.000000
0.000000
0.000000
0.000000
0.000000
0.000000
0.000000
0.000000
0.000000
0.000000
0.000000
0.000000
0.000000
0.000000
0.000000
0.000000
0.000000
0.000000
0.000000
0.000000
0.000000
0.000000
0.000000
0.000000
0.000000
0.000000
0.000000
0.000000
0.000000
0.000000
0.000000
0.000000
0.000000
0.000000
0.000000
0.000000
0.000000
0.000000
0.000000
0.000000
0.000000
0.000000
0.000000
0.000000
0.000000
0.000000
0.000000
0.000000
0.000000
0.000000
0.000000
0.000000
0.000000
0.000000
0.000000
0.000000
0.000000
0.000000
0.000000
0.000000
0.000000
0.000000
0.000000
0.000000
0.000000
0.000000
0.000000
0.000000
0.000000
0.000000
0.000000
0.000000
0.000000
0.000000
0.000000
0.000000
0.000000
0.000000
0.000000
0.000000
0.000000
0.000000
0.000000
0.000000
0.000000
0.000000
0.000000
0.000000
0.000000
0.000000
0.000000
0.000000
0.000000
0.000000
0.000000
0.000000
0.000000
0.000000
0.000000
0.000000
0.000000
0.000000
0.000000
0.000000
0.000000
0.000000
0.000000
0.000000
0.000000
0.000000
0.000000
0.000000
0.000000
0.000000
0.000000
0.000000
0.000000
0.000000
0.000000
0.000000
0.000000
0.000000
0.000000
0.000000
0.000000
0.000000
0.000000
0.000000
0.000000
0.000000
0.000000
0.000000
0.000000
0.000000
0.000000
0.000000
0.000000
0.000000
0.000000
0.000000
0.000000
0.000000
0.000000
0.000000
0.000000
0.000000
0.000000
0.000000
0.000000
0.000000
0.000000
0.000000
0.000000
0.000000
0.000000
0.000000
0.000000
0.000000
0.000000
0.000000
0.000000
0.000000
0.000000
0.000000
0.000000
0.000000
0.000000
0.000000
0.000000
0.000000
0.000000
0.000000
0.000000
0.000000
0.000000
0.000000
0.000000
0.000000
0.000000
0.000000
0.000000
0.000000
0.000000
0.000000
0.000000
0.000000
0.000000
0.000000
0.000000
0.000000
0.000000
0.000000
0.000000
0.000000
0.000000
0.000000
0.000000
0.000000
0.000000
0.000000
0.000000
0.000000
0.000000
0.000000
0.000000
0.000000
0.000000
0.000000
0.000000
0.000000
0.000000
0.000000
0.000000
0.000000
0.000000
0.000000
0.000000
0.000000
0.000000
0.000000
0.000000
0.000000
0.000000
0.000000
0.000000
0.000000
0.000000
0.000000
0.000000
0.000000
0.000000
0.000000
0.000000
0.000000
0.000000
0.000000
0.000000
0.000000
0.000000
0.000000
0.000000
0.000000
0.000000
0.000000
0.000000
0.000000
0.000000
0.000000
0.000000
0.000000
0.000000
0.000000
0.000000
0.000000
0.000000
0.000000
0.000000
0.000000
0.000000
0.000000
0.000000
0.000000
0.000000
0.000000
0.000000
0.000000
0.000000
0.000000
0.000000
0.000000
0.000000
0.000000
0.000000
0.000000
0.000000
0.000000
0.000000
0.000000
0.000000
0.000000
0.000000
0.000000
0.000000
0.000000
0.000000
0.000000
0.000000
0.000000
0.000000
0.000000
0.000000
0.000000
0.000000
0.000000
0.000000
0.000000
0.000000
0.000000
0.000000
0.000000
0.000000
0.000000
0.000000
0.000000
0.000000
0.000000
0.000000
0.000000
0.000000
0.000000
0.000000
0.000000
0.000000
0.000000
0.000000
0.000000
0.000000
0.000000
0.000000
0.000000
0.000000
0.000000
0.000000
0.000000
0.000000
0.000000
0.000000
0.000000
0.000000
0.000000
0.000000
0.000000
0.000000
0.000000
0.000000
0.000000
0.000000
0.000000
0.000000
0.000000
0.000000
0.000000
0.000000
0.000000
0.000000
0.000000
0.000000
0.000000
0.000000
0.000000
0.000000
0.000000
0.000000
0.000000
0.000000
0.000000
0.000000
0.000000
0.000000
0.000000
0.000000
0.000000
0.000000
0.000000
0.000000
0.000000
0.000000
0.000000
0.000000
0.000000
0.000000
0.000000
0.000000
0.000000
0.000000
0.000000
0.000000
0.000000
0.000000
0.000000
0.000000
