2.055952
1.992331
1.999028
1.975589
1.992331
1.965544
2.019119
2.082740
2.032513
2.045907
2.032513
2.059300
1.952150
2.129618
1.901923
1.935408
1.975589
2.025816
1.888529
2.132967
1.824908
1.992331
2.109527
2.049255
2.029164
2.129618
1.992331
1.932059
1.891878
2.022468
1.918665
1.868438
2.159754
2.039210
2.129618
2.069346
2.002377
2.059300
1.982286
1.985634
2.072694
2.032513
1.992331
1.992331
1.995680
2.022468
1.975589
2.022468
1.945453
1.995680
1.962195
2.042558
1.985634
1.945453
1.858393
2.052604
2.059300
2.062649
2.032513
2.065997
1.962195
1.965544
1.988983
2.055952
2.076043
2.009073
2.019119
2.029164
1.958847
2.035861
1.982286
2.119573
1.975589
2.019119
1.942104
1.945453
1.891878
1.938756
2.062649
1.968892
2.079391
2.019119
2.019119
2.106179
2.079391
2.039210
2.045907
1.985634
1.942104
1.911968
2.015770
1.999028
1.965544
2.109527
2.019119
1.962195
2.076043
2.055952
1.982286
2.002377
2.002377
1.999028
2.086088
1.955498
2.019119
1.948802
1.938756
2.089437
1.968892
1.985634
1.915317
2.062649
1.992331
1.992331
1.988983
2.009073
1.972241
1.901923
1.905272
1.942104
2.015770
1.978938
1.938756
1.978938
2.022468
2.039210
1.945453
2.012422
2.049255
1.999028
1.992331
2.109527
2.039210
1.975589
2.005725
2.012422
1.948802
1.855045
2.059300
2.109527
1.965544
2.039210
1.999028
1.952150
2.045907
2.062649
2.065997
2.042558
2.035861
2.096133
1.965544
2.015770
2.082740
2.062649
1.982286
1.881832
1.968892
1.885181
1.818211
1.915317
2.009073
1.958847
1.978938
1.985634
2.009073
1.935408
1.952150
2.002377
2.055952
2.072694
1.965544
2.072694
2.019119
2.005725
1.922014
2.015770
1.911968
2.025816
1.958847
2.022468
1.952150
1.958847
2.005725
1.962195
1.958847
1.878484
1.922014
1.992331
2.049255
1.982286
1.958847
1.999028
2.096133
1.988983
2.072694
2.052604
1.891878
1.968892
2.042558
1.985634
1.985634
2.059300
1.928711
2.065997
1.922014
1.965544
1.922014
2.052604
2.072694
2.029164
2.052604
2.183193
2.122921
1.982286
1.988983
2.129618
2.072694
2.079391
2.065997
1.972241
1.985634
2.069346
1.955498
2.015770
2.019119
1.965544
2.049255
2.029164
2.039210
2.042558
1.972241
2.002377
2.052604
1.962195
2.049255
1.992331
1.992331
1.932059
1.965544
2.156406
2.042558
1.988983
2.055952
2.009073
1.992331
1.928711
1.922014
1.978938
2.005725
1.942104
1.875135
1.958847
2.109527
1.985634
2.069346
2.076043
1.925362
1.865090
2.035861
2.086088
2.019119
1.982286
1.928711
2.025816
1.992331
2.045907
2.039210
2.045907
1.942104
2.086088
1.962195
1.911968
1.982286
2.059300
1.935408
1.999028
1.952150
2.092785
1.985634
1.972241
1.978938
1.898575
1.952150
1.932059
2.065997
2.005725
1.972241
2.055952
2.045907
1.938756
1.945453
1.851696
1.958847
1.992331
1.968892
2.002377
2.045907
2.025816
1.945453
2.055952
2.082740
1.988983
1.992331
1.982286
1.995680
1.962195
2.045907
2.096133
2.092785
2.019119
1.978938
1.992331
1.905272
1.988983
2.039210
2.035861
1.968892
1.935408
1.851696
2.019119
1.918665
1.918665
1.962195
2.035861
1.988983
1.945453
2.045907
2.002377
2.039210
2.062649
1.868438
1.988983
1.992331
2.022468
1.965544
2.049255
2.076043
2.029164
1.995680
1.798121
1.918665
2.029164
2.042558
2.022468
2.025816
2.002377
2.019119
2.266905
1.975589
1.925362
1.975589
2.092785
1.905271
1.925362
1.999028
1.952150
1.948802
1.905272
1.888529
1.938756
2.076043
2.005725
2.005725
2.122921
1.962195
2.035861
1.982286
1.928711
2.009074
1.968892
1.982286
1.968892
1.898575
1.945453
1.968892
1.948802
2.025816
1.888529
1.975589
1.958847
2.012422
2.015770
1.995680
2.092785
1.908620
1.985634
2.106179
2.005725
1.871787
2.049255
1.875135
2.015770
1.945453
2.032513
1.962195
1.978937
2.062649
1.948802
1.975589
2.065997
2.002377
1.952150
1.985634
1.932059
2.025816
1.965544
1.901923
1.911968
1.925362
1.895226
2.019119
1.999028
1.995680
1.905272
2.039210
2.019119
1.915317
2.065997
2.032513
1.982286
2.042558
2.059300
2.022468
2.002377
1.908620
1.942104
2.035861
1.948802
1.948802
2.022468
1.901923
1.992331
1.972241
1.942104
2.012422
1.925362
1.932059
2.035861
1.982286
2.059300
2.002377
2.039210
2.082740
2.069346
1.958847
2.019119
1.982286
2.025816
1.888529
1.925362
1.992331
2.045907
1.878484
1.958847
1.922014
2.029164
2.072694
1.995680
1.992331
2.005725
1.932059
1.955498
2.099482
1.948802
2.055952
2.022468
1.988983
2.079391
1.995680
2.025816
1.982286
2.045907
1.995680
2.009074
1.958847
1.965544
2.112876
2.019119
2.022468
2.035861
1.968892
1.911968
2.022468
1.948802
1.968892
1.985634
1.871787
1.988983
1.965544
2.022468
2.112876
1.995680
1.985634
2.005725
2.146360
2.025816
1.942104
2.055952
2.005725
1.972241
1.918665
2.042558
1.955498
2.005725
2.019119
1.985634
2.002377
1.908620
2.032513
2.032513
2.055952
1.922014
2.002377
2.039210
1.948802
2.019119
2.032513
1.968892
1.988983
1.975589
2.049255
2.052604
2.022468
2.092785
1.982286
2.220026
2.015770
1.851696
1.885181
1.891878
2.005725
1.985634
2.012422
1.972241
1.915317
2.022468
2.106179
1.958847
2.035861
2.086088
1.965544
2.042558
2.002377
1.975589
1.999028
1.982286
2.025816
1.999028
2.032513
2.039210
2.005725
2.029164
1.985634
2.009074
2.012422
2.005725
1.945453
1.975589
1.999028
1.965544
1.985634
2.039210
1.968892
1.972241
1.888529
1.958847
1.978938
2.059300
1.975589
2.069346
2.022468
2.106179
2.009073
1.945453
2.052604
2.069346
2.015770
1.858393
1.972241
1.988983
1.972241
2.089437
2.022468
2.019119
2.039210
1.952150
2.022468
1.952150
2.045907
1.928711
1.978938
1.858393
1.911968
1.871787
1.925362
1.955498
1.824908
1.972241
2.025816
1.935408
1.982286
2.029164
1.844999
1.995680
2.025816
1.972241
2.022468
2.069346
1.992331
1.848348
1.958847
1.992331
2.012422
2.005725
1.978938
2.045907
2.042558
2.065997
2.019119
2.032513
1.968892
2.025816
2.065997
2.065997
2.119573
2.019119
2.005725
2.129618
2.025816
1.982286
2.012422
2.005725
2.042558
1.952150
1.972241
1.834954
1.935408
1.935408
1.915317
1.965544
1.968892
1.901923
2.039210
2.019119
2.035861
2.022468
1.988983
2.089437
2.039210
1.988983
2.072694
2.173148
2.002377
2.042558
2.035861
1.988983
1.948802
2.012422
1.975589
1.955498
1.871787
1.952150
1.958847
1.808166
2.022468
1.922014
2.042558
1.955498
1.975589
1.972241
2.035861
1.918665
1.985634
2.015770
2.049255
2.096133
1.918665
1.972241
1.952150
1.938756
1.992331
1.945453
1.831605
1.988983
2.119573
2.015770
1.824908
1.952150
2.022468
2.019119
2.062649
2.045907
2.062649
2.015770
2.002377
2.059300
2.012422
2.032513
1.968892
2.012422
2.022468
2.132967
2.042558
1.982286
2.065997
2.009073
1.999028
1.992331
2.012422
1.948802
1.952150
1.955498
1.978938
2.019119
1.992331
1.955498
1.952150
1.985634
1.988983
1.992331
2.019119
1.945453
1.972241
1.962195
1.999028
1.978938
1.935408
1.885181
1.948802
2.019119
2.029164
1.992331
2.019119
1.878484
2.039210
1.992331
1.999028
2.022468
2.055952
1.918665
2.052604
2.089437
1.938756
2.059300
2.015770
2.022468
2.035861
2.002377
2.059300
1.935408
2.052604
2.005725
2.005725
2.009073
2.002377
2.052604
1.885181
2.079391
1.999028
2.052604
1.952150
1.988983
1.999028
1.975589
2.012422
2.015770
2.069346
2.025816
2.059300
2.022468
2.035861
1.962195
1.948802
1.922014
2.055952
2.035861
2.002377
1.891878
1.938756
1.999028
1.999028
1.988983
1.928711
1.982286
1.952150
2.086088
2.039210
2.049255
1.905271
1.928711
2.029164
2.022468
2.049255
1.938756
2.009074
2.025816
1.995680
1.911968
1.965544
1.995680
1.804818
1.988983
2.039210
1.968892
1.925362
1.972241
1.982286
1.965544
2.015770
2.019119
1.985634
1.965544
1.958847
1.908620
2.039210
2.005725
1.978938
1.965544
2.009074
1.988983
2.032513
1.905272
1.965544
1.838302
1.855044
1.885181
1.995680
1.955498
1.885181
2.042558
1.794772
2.012422
1.821560
2.032513
1.764636
2.039210
1.751243
1.932059
1.999028
1.968892
2.032513
2.002377
2.055952
2.032513
2.005725
2.062649
2.112876
2.086088
2.069346
2.102830
2.009074
2.069346
2.082740
2.055952
2.089437
1.988983
2.045907
1.982286
2.035861
2.005725
1.858393
2.076043
1.995680
2.186542
1.881832
1.945453
2.082740
1.958847
1.905272
2.019119
2.082740
2.012422
1.918665
1.958847
1.978938
1.968892
2.106179
1.915317
2.039210
2.032513
2.005725
2.002377
1.975589
2.065997
2.032513
1.968892
2.059300
2.019119
2.065997
2.009073
1.965544
1.992331
1.978938
2.089437
2.019119
2.035861
1.978938
2.012422
2.032513
2.062649
2.086088
2.049255
1.985634
1.968892
2.029164
2.035861
1.968892
2.079391
1.995680
2.039210
2.072694
1.992331
1.972241
1.992331
2.019119
2.035861
2.065997
2.062649
1.952150
2.039210
2.015770
2.059300
2.025816
1.985634
2.179845
1.942104
1.962195
1.965544
1.928711
1.942104
2.009073
1.975589
2.002377
1.871787
2.002377
1.938756
1.952150
1.978938
1.962195
2.035861
1.908620
2.009073
1.915317
1.985634
1.871787
2.049255
2.159754
1.988983
2.002377
1.995680
2.086088
2.002377
1.978938
1.935408
1.955498
2.112876
2.045907
1.992331
2.015770
1.881832
2.059300
2.002377
2.079391
1.928711
2.035861
1.948802
2.086088
2.005725
2.009073
1.988983
1.938756
2.149709
1.968892
1.968892
1.985634
1.955498
1.928711
1.955498
1.965544
1.932059
1.972241
1.975589
2.012422
1.955498
2.089437
1.798121
2.156406
1.985634
1.978938
1.905272
2.025816
2.009074
2.055952
1.992331
2.082740
2.019119
2.019119
1.942104
2.042558
2.002377
1.968892
1.972241
1.972241
2.019119
2.002377
1.948802
2.122921
2.015770
2.116224
2.039210
1.995680
2.009073
2.076043
2.076043
1.968892
2.022468
1.922014
2.216678
2.112876
1.878484
1.992331
2.126270
1.948802
2.039210
2.049255
2.022468
1.935408
1.972241
1.911968
2.035861
2.082740
1.982286
2.029164
2.045907
2.032513
2.002377
2.106179
1.915317
1.988983
1.999028
2.049255
2.062649
1.975589
1.965544
1.975589
1.945453
1.942104
2.025816
2.045907
2.012422
1.968892
1.995680
2.022468
1.948802
2.029165
2.015770
2.015770
2.019119
2.025816
2.009073
2.022468
2.042558
2.035861
2.092785
1.948802
1.958847
2.052604
1.881832
1.915317
1.992331
1.948802
1.932059
2.009073
2.076043
2.025816
2.059300
1.955498
1.985634
2.035861
2.012422
1.995680
2.045907
1.965544
1.995680
1.948802
1.945453
2.029164
2.015770
1.988983
2.059300
2.042558
1.932059
1.935408
2.102830
2.005725
1.888529
2.012422
1.965544
2.022468
1.982286
2.055952
1.905272
2.079391
1.968892
2.002377
1.988983
1.958847
1.962195
1.942104
1.848348
1.962195
1.975589
1.955498
1.955498
1.962195
1.975589
2.012422
2.015770
2.049255
1.965544
1.955498
2.005725
1.999028
2.065997
1.982286
2.005725
2.062649
2.079391
2.032513
2.009074
1.972241
1.952150
2.086088
2.065997
2.092785
2.035861
1.938756
2.015770
1.965544
2.049255
2.022468
1.982286
1.955498
1.891878
1.972241
1.958847
1.945453
2.002377
2.096133
1.975589
1.928711
1.982286
2.035861
1.975589
2.019119
2.029164
2.039210
2.015770
1.999028
1.978938
1.945453
1.948802
2.025816
1.945453
2.009074
1.942104
2.055952
2.025816
1.982286
1.988983
1.988983
2.015770
1.922014
1.928711
1.972241
2.062649
1.932059
1.955498
1.999028
2.005725
1.891878
2.059300
1.898575
2.065997
1.962195
1.878484
1.798121
1.868438
1.888529
1.881832
2.082740
1.778030
2.163102
1.818212
1.831606
1.814863
1.851696
1.985634
1.968892
1.972241
2.136315
1.975589
2.086088
2.146360
1.988983
2.039210
2.069346
2.055952
2.065997
1.962195
1.922014
2.039210
2.059300
2.086088
2.039210
2.042558
2.032513
2.062649
2.002377
2.032513
2.102830
2.082740
2.055952
2.022468
2.049255
2.082740
1.985634
2.009074
2.035861
1.945453
1.955498
1.962195
0.000000
0.000000
0.000000
0.000000
0.000000
0.000000
0.000000
0.000000
0.000000
0.000000
0.000000
0.000000
0.000000
0.000000
0.000000
0.000000
0.000000
0.000000
0.000000
0.000000
0.000000
0.000000
0.000000
0.000000
0.000000
0.000000
0.000000
0.000000
0.000000
0.000000
0.000000
0.000000
0.000000
0.000000
0.000000
0.000000
0.000000
0.000000
0.000000
0.000000
0.000000
0.000000
0.000000
0.000000
0.000000
0.000000
0.000000
0.000000
0.000000
0.000000
0.000000
0.000000
0.000000
0.000000
0.000000
0.000000
0.000000
0.000000
0.000000
0.000000
0.000000
0.000000
0.000000
0.000000
0.000000
0.000000
0.000000
0.000000
0.000000
0.000000
0.000000
0.000000
0.000000
0.000000
0.000000
0.000000
0.000000
0.000000
0.000000
0.000000
0.000000
0.000000
0.000000
0.000000
0.000000
0.000000
0.000000
0.000000
0.000000
0.000000
0.000000
0.000000
0.000000
0.000000
0.000000
0.000000
0.000000
0.000000
0.000000
0.000000
0.000000
0.000000
0.000000
0.000000
0.000000
0.000000
0.000000
0.000000
0.000000
0.000000
0.000000
0.000000
0.000000
0.000000
0.000000
0.000000
0.000000
0.000000
0.000000
0.000000
0.000000
0.000000
0.000000
0.000000
0.000000
0.000000
0.000000
0.000000
0.000000
0.000000
0.000000
0.000000
0.000000
0.000000
0.000000
0.000000
0.000000
0.000000
0.000000
0.000000
0.000000
0.000000
0.000000
0.000000
0.000000
0.000000
0.000000
0.000000
0.000000
0.000000
0.000000
0.000000
0.000000
0.000000
0.000000
0.000000
0.000000
0.000000
0.000000
0.000000
0.000000
0.000000
0.000000
0.000000
0.000000
0.000000
0.000000
0.000000
0.000000
0.000000
0.000000
0.000000
0.000000
0.000000
0.000000
0.000000
0.000000
0.000000
0.000000
0.000000
0.000000
0.000000
0.000000
0.000000
0.000000
0.000000
0.000000
0.000000
0.000000
0.000000
0.000000
0.000000
0.000000
0.000000
0.000000
0.000000
0.000000
0.000000
0.000000
0.000000
0.000000
0.000000
0.000000
0.000000
0.000000
0.000000
0.000000
0.000000
0.000000
0.000000
0.000000
0.000000
0.000000
0.000000
0.000000
0.000000
0.000000
0.000000
0.000000
0.000000
0.000000
0.000000
0.000000
0.000000
0.000000
0.000000
0.000000
0.000000
0.000000
0.000000
0.000000
0.000000
0.000000
0.000000
0.000000
0.000000
0.000000
0.000000
0.000000
0.000000
0.000000
0.000000
0.000000
0.000000
0.000000
0.000000
0.000000
0.000000
0.000000
0.000000
0.000000
0.000000
0.000000
0.000000
0.000000
0.000000
0.000000
0.000000
0.000000
0.000000
0.000000
0.000000
0.000000
0.000000
0.000000
0.000000
0.000000
0.000000
0.000000
0.000000
0.000000
0.000000
0.000000
0.000000
0.000000
0.000000
0.000000
0.000000
0.000000
0.000000
0.000000
0.000000
0.000000
0.000000
0.000000
0.000000
0.000000
0.000000
0.000000
0.000000
0.000000
0.000000
0.000000
0.000000
0.000000
0.000000
0.000000
0.000000
0.000000
0.000000
0.000000
0.000000
0.000000
0.000000
0.000000
0.000000
0.000000
0.000000
0.000000
0.000000
0.000000
0.000000
0.000000
0.000000
0.000000
0.000000
0.000000
0.000000
0.000000
0.000000
0.000000
0.000000
0.000000
0.000000
0.000000
0.000000
0.000000
0.000000
0.000000
0.000000
0.000000
0.000000
0.000000
0.000000
0.000000
0.000000
0.000000
0.000000
0.000000
0.000000
0.000000
0.000000
0.000000
0.000000
0.000000
0.000000
0.000000
0.000000
0.000000
0.000000
0.000000
0.000000
0.000000
0.000000
0.000000
0.000000
0.000000
0.000000
0.000000
0.000000
0.000000
0.000000
0.000000
0.000000
0.000000
0.000000
0.000000
0.000000
0.000000
0.000000
0.000000
0.000000
0.000000
0.000000
0.000000
0.000000
0.000000
0.000000
0.000000
0.000000
0.000000
0.000000
0.000000
0.000000
0.000000
0.000000
0.000000
0.000000
0.000000
0.000000
0.000000
0.000000
0.000000
0.000000
0.000000
0.000000
0.000000
0.000000
0.000000
0.000000
0.000000
0.000000
0.000000
0.000000
0.000000
0.000000
0.000000
0.000000
0.000000
0.000000
0.000000
0.000000
0.000000
0.000000
0.000000
0.000000
0.000000
0.000000
0.000000
0.000000
0.000000
0.000000
0.000000
0.000000
0.000000
0.000000
0.000000
0.000000
0.000000
0.000000
0.000000
0.000000
0.000000
0.000000
0.000000
0.000000
0.000000
0.000000
0.000000
0.000000
0.000000
0.000000
0.000000
0.000000
0.000000
0.000000
0.000000
0.000000
0.000000
0.000000
0.000000
0.000000
0.000000
0.000000
0.000000
0.000000
0.000000
0.000000
0.000000
0.000000
0.000000
0.000000
0.000000
0.000000
0.000000
0.000000
0.000000
0.000000
0.000000
0.000000
0.000000
0.000000
0.000000
0.000000
0.000000
0.000000
0.000000
0.000000
0.000000
0.000000
0.000000
0.000000
0.000000
0.000000
0.000000
0.000000
0.000000
0.000000
0.000000
0.000000
0.000000
0.000000
0.000000
0.000000
0.000000
0.000000
0.000000
0.000000
0.000000
0.000000
0.000000
0.000000
0.000000
0.000000
0.000000
0.000000
0.000000
0.000000
0.000000
0.000000
0.000000
0.000000
0.000000
0.000000
0.000000
0.000000
0.000000
0.000000
0.000000
0.000000
0.000000
0.000000
0.000000
0.000000
0.000000
0.000000
0.000000
0.000000
0.000000
0.000000
0.000000
0.000000
0.000000
0.000000
0.000000
0.000000
0.000000
0.000000
0.000000
0.000000
0.000000
0.000000
0.000000
0.000000
0.000000
0.000000
0.000000
0.000000
0.000000
0.000000
0.000000
0.000000
0.000000
0.000000
0.000000
0.000000
0.000000
0.000000
0.000000
0.000000
0.000000
0.000000
0.000000
0.000000
0.000000
0.000000
0.000000
0.000000
0.000000
0.000000
0.000000
0.000000
0.000000
0.000000
0.000000
0.000000
0.000000
0.000000
0.000000
0.000000
0.000000
0.000000
0.000000
0.000000
0.000000
0.000000
0.000000
0.000000
0.000000
0.000000
0.000000
0.000000
0.000000
0.000000
0.000000
0.000000
0.000000
0.000000
0.000000
0.000000
0.000000
0.000000
0.000000
0.000000
0.000000
0.000000
0.000000
0.000000
0.000000
0.000000
0.000000
0.000000
0.000000
0.000000
0.000000
0.000000
0.000000
0.000000
0.000000
0.000000
0.000000
0.000000
0.000000
0.000000
0.000000
0.000000
0.000000
0.000000
0.000000
0.000000
0.000000
0.000000
0.000000
0.000000
0.000000
0.000000
0.000000
0.000000
0.000000
0.000000
0.000000
0.000000
0.000000
0.000000
0.000000
0.000000
0.000000
0.000000
0.000000
0.000000
0.000000
0.000000
0.000000
0.000000
0.000000
0.000000
0.000000
0.000000
0.000000
0.000000
0.000000
0.000000
0.000000
0.000000
0.000000
0.000000
0.000000
0.000000
0.000000
0.000000
0.000000
0.000000
0.000000
0.000000
0.000000
0.000000
0.000000
0.000000
0.000000
0.000000
0.000000
0.000000
0.000000
0.000000
0.000000
0.000000
0.000000
0.000000
0.000000
0.000000
0.000000
0.000000
0.000000
0.000000
0.000000
0.000000
0.000000
0.000000
0.000000
0.000000
0.000000
0.000000
0.000000
0.000000
0.000000
0.000000
0.000000
0.000000
0.000000
0.000000
0.000000
0.000000
0.000000
0.000000
0.000000
0.000000
0.000000
0.000000
0.000000
0.000000
0.000000
0.000000
0.000000
0.000000
0.000000
0.000000
0.000000
0.000000
0.000000
0.000000
0.000000
0.000000
0.000000
0.000000
0.000000
0.000000
0.000000
0.000000
0.000000
0.000000
0.000000
0.000000
0.000000
0.000000
0.000000
0.000000
0.000000
0.000000
0.000000
0.000000
0.000000
0.000000
0.000000
0.000000
0.000000
0.000000
0.000000
0.000000
0.000000
0.000000
0.000000
0.000000
0.000000
0.000000
0.000000
0.000000
0.000000
0.000000
0.000000
0.000000
0.000000
0.000000
0.000000
0.000000
0.000000
0.000000
0.000000
0.000000
0.000000
0.000000
0.000000
0.000000
0.000000
0.000000
0.000000
0.000000
0.000000
0.000000
0.000000
0.000000
0.000000
0.000000
0.000000
0.000000
0.000000
0.000000
0.000000
0.000000
0.000000
0.000000
0.000000
0.000000
0.000000
0.000000
0.000000
0.000000
0.000000
0.000000
0.000000
0.000000
0.000000
0.000000
0.000000
0.000000
0.000000
0.000000
0.000000
0.000000
0.000000
0.000000
0.000000
0.000000
0.000000
0.000000
0.000000
0.000000
0.000000
0.000000
0.000000
0.000000
0.000000
0.000000
0.000000
0.000000
0.000000
0.000000
0.000000
0.000000
0.000000
0.000000
0.000000
0.000000
0.000000
0.000000
0.000000
0.000000
0.000000
0.000000
0.000000
0.000000
0.000000
0.000000
0.000000
0.000000
0.000000
0.000000
0.000000
0.000000
0.000000
0.000000
0.000000
0.000000
0.000000
0.000000
0.000000
0.000000
0.000000
0.000000
0.000000
0.000000
0.000000
0.000000
0.000000
0.000000
0.000000
0.000000
0.000000
0.000000
0.000000
0.000000
0.000000
0.000000
0.000000
0.000000
0.000000
0.000000
0.000000
0.000000
0.000000
0.000000
0.000000
0.000000
0.000000
0.000000
0.000000
0.000000
0.000000
0.000000
0.000000
0.000000
0.000000
0.000000
0.000000
0.000000
0.000000
0.000000
0.000000
0.000000
0.000000
0.000000
0.000000
0.000000
0.000000
0.000000
0.000000
0.000000
0.000000
0.000000
0.000000
0.000000
0.000000
0.000000
0.000000
0.000000
0.000000
0.000000
0.000000
0.000000
0.000000
0.000000
0.000000
0.000000
0.000000
0.000000
0.000000
0.000000
0.000000
0.000000
0.000000
0.000000
0.000000
0.000000
0.000000
0.000000
0.000000
0.000000
0.000000
0.000000
0.000000
0.000000
0.000000
0.000000
0.000000
0.000000
0.000000
0.000000
0.000000
0.000000
0.000000
0.000000
0.000000
0.000000
0.000000
0.000000
0.000000
0.000000
0.000000
0.000000
0.000000
0.000000
0.000000
0.000000
0.000000
0.000000
0.000000
0.000000
0.000000
0.000000
0.000000
0.000000
0.000000
0.000000
0.000000
0.000000
0.000000
0.000000
0.000000
0.000000
0.000000
0.000000
0.000000
0.000000
0.000000
0.000000
0.000000
0.000000
0.000000
0.000000
0.000000
0.000000
0.000000
0.000000
0.000000
0.000000
0.000000
0.000000
0.000000
0.000000
0.000000
0.000000
0.000000
0.000000
0.000000
0.000000
0.000000
0.000000
0.000000
0.000000
0.000000
0.000000
0.000000
0.000000
0.000000
0.000000
0.000000
0.000000
0.000000
0.000000
0.000000
0.000000
0.000000
0.000000
0.000000
0.000000
0.000000
0.000000
0.000000
0.000000
0.000000
0.000000
0.000000
0.000000
0.000000
0.000000
0.000000
0.000000
0.000000
0.000000
0.000000
0.000000
0.000000
0.000000
0.000000
0.000000
0.000000
0.000000
0.000000
0.000000
0.000000
0.000000
0.000000
0.000000
0.000000
0.000000
0.000000
0.000000
0.000000
0.000000
0.000000
0.000000
0.000000
0.000000
0.000000
0.000000
0.000000
0.000000
0.000000
0.000000
0.000000
0.000000
0.000000
0.000000
0.000000
0.000000
0.000000
0.000000
0.000000
0.000000
0.000000
0.000000
0.000000
0.000000
0.000000
0.000000
0.000000
0.000000
0.000000
0.000000
0.000000
0.000000
0.000000
0.000000
0.000000
0.000000
0.000000
0.000000
0.000000
0.000000
0.000000
0.000000
0.000000
0.000000
0.000000
0.000000
0.000000
0.000000
0.000000
0.000000
0.000000
0.000000
0.000000
0.000000
0.000000
0.000000
0.000000
0.000000
0.000000
0.000000
0.000000
0.000000
0.000000
0.000000
0.000000
0.000000
0.000000
0.000000
0.000000
0.000000
0.000000
0.000000
0.000000
0.000000
0.000000
0.000000
0.000000
0.000000
0.000000
0.000000
0.000000
0.000000
0.000000
0.000000
0.000000
0.000000
0.000000
0.000000
0.000000
0.000000
0.000000
0.000000
0.000000
0.000000
0.000000
0.000000
0.000000
0.000000
0.000000
0.000000
0.000000
0.000000
0.000000
0.000000
0.000000
0.000000
0.000000
0.000000
0.000000
0.000000
0.000000
0.000000
0.000000
0.000000
0.000000
0.000000
0.000000
0.000000
0.000000
0.000000
0.000000
0.000000
0.000000
0.000000
0.000000
0.000000
0.000000
0.000000
0.000000
0.000000
0.000000
0.000000
0.000000
0.000000
0.000000
0.000000
0.000000
0.000000
0.000000
0.000000
0.000000
0.000000
0.000000
0.000000
0.000000
0.000000
0.000000
0.000000
0.000000
0.000000
0.000000
0.000000
0.000000
0.000000
0.000000
0.000000
0.000000
0.000000
0.000000
0.000000
0.000000
0.000000
0.000000
0.000000
0.000000
0.000000
0.000000
0.000000
0.000000
0.000000
0.000000
0.000000
0.000000
0.000000
0.000000
0.000000
0.000000
0.000000
0.000000
0.000000
0.000000
0.000000
0.000000
0.000000
0.000000
0.000000
0.000000
0.000000
0.000000
0.000000
0.000000
0.000000
0.000000
0.000000
0.000000
0.000000
0.000000
0.000000
0.000000
0.000000
0.000000
0.000000
0.000000
0.000000
0.000000
0.000000
0.000000
0.000000
0.000000
0.000000
0.000000
0.000000
0.000000
0.000000
0.000000
0.000000
0.000000
0.000000
0.000000
0.000000
0.000000
0.000000
0.000000
0.000000
0.000000
0.000000
0.000000
0.000000
0.000000
0.000000
0.000000
0.000000
0.000000
0.000000
0.000000
0.000000
0.000000
0.000000
0.000000
0.000000
0.000000
0.000000
0.000000
0.000000
0.000000
0.000000
0.000000
0.000000
0.000000
0.000000
0.000000
0.000000
0.000000
0.000000
0.000000
0.000000
0.000000
0.000000
0.000000
0.000000
0.000000
0.000000
0.000000
0.000000
0.000000
0.000000
0.000000
0.000000
0.000000
0.000000
0.000000
0.000000
0.000000
0.000000
0.000000
0.000000
0.000000
0.000000
0.000000
0.000000
0.000000
0.000000
0.000000
0.000000
0.000000
0.000000
0.000000
0.000000
0.000000
0.000000
0.000000
0.000000
0.000000
0.000000
0.000000
0.000000
0.000000
0.000000
0.000000
0.000000
0.000000
0.000000
0.000000
0.000000
0.000000
0.000000
0.000000
0.000000
0.000000
0.000000
0.000000
0.000000
0.000000
0.000000
0.000000
0.000000
0.000000
0.000000
0.000000
0.000000
0.000000
0.000000
0.000000
0.000000
0.000000
0.000000
0.000000
0.000000
0.000000
0.000000
0.000000
0.000000
0.000000
0.000000
0.000000
0.000000
0.000000
0.000000
0.000000
0.000000
0.000000
0.000000
0.000000
0.000000
0.000000
0.000000
0.000000
0.000000
0.000000
0.000000
0.000000
0.000000
0.000000
0.000000
0.000000
0.000000
0.000000
0.000000
0.000000
0.000000
0.000000
0.000000
0.000000
0.000000
0.000000
0.000000
0.000000
0.000000
0.000000
0.000000
0.000000
0.000000
0.000000
0.000000
0.000000
0.000000
0.000000
0.000000
0.000000
0.000000
0.000000
0.000000
0.000000
0.000000
0.000000
0.000000
0.000000
0.000000
0.000000
0.000000
0.000000
0.000000
0.000000
0.000000
0.000000
0.000000
0.000000
0.000000
0.000000
0.000000
0.000000
0.000000
0.000000
0.000000
0.000000
0.000000
0.000000
0.000000
0.000000
0.000000
0.000000
0.000000
0.000000
0.000000
0.000000
0.000000
0.000000
0.000000
0.000000
0.000000
0.000000
0.000000
0.000000
0.000000
0.000000
0.000000
0.000000
0.000000
0.000000
0.000000
0.000000
0.000000
0.000000
0.000000
0.000000
0.000000
0.000000
0.000000
0.000000
0.000000
0.000000
0.000000
0.000000
0.000000
0.000000
0.000000
0.000000
0.000000
0.000000
0.000000
0.000000
0.000000
0.000000
0.000000
0.000000
0.000000
0.000000
0.000000
0.000000
0.000000
0.000000
0.000000
0.000000
0.000000
0.000000
0.000000
0.000000
0.000000
0.000000
0.000000
0.000000
0.000000
0.000000
0.000000
0.000000
0.000000
0.000000
0.000000
0.000000
0.000000
0.000000
0.000000
0.000000
0.000000
0.000000
0.000000
0.000000
0.000000
0.000000
0.000000
0.000000
0.000000
0.000000
0.000000
0.000000
0.000000
0.000000
0.000000
0.000000
0.000000
0.000000
0.000000
0.000000
0.000000
0.000000
0.000000
0.000000
0.000000
0.000000
0.000000
0.000000
0.000000
0.000000
0.000000
0.000000
0.000000
0.000000
0.000000
0.000000
0.000000
0.000000
0.000000
0.000000
0.000000
0.000000
0.000000
0.000000
0.000000
0.000000
0.000000
0.000000
0.000000
0.000000
0.000000
0.000000
0.000000
0.000000
0.000000
0.000000
0.000000
0.000000
0.000000
0.000000
0.000000
0.000000
0.000000
0.000000
0.000000
0.000000
0.000000
0.000000
0.000000
0.000000
0.000000
0.000000
0.000000
0.000000
0.000000
0.000000
0.000000
0.000000
0.000000
0.000000
0.000000
0.000000
0.000000
0.000000
0.000000
0.000000
0.000000
0.000000
0.000000
0.000000
0.000000
0.000000
0.000000
0.000000
0.000000
0.000000
0.000000
0.000000
0.000000
0.000000
0.000000
0.000000
0.000000
0.000000
0.000000
0.000000
0.000000
0.000000
0.000000
0.000000
0.000000
0.000000
0.000000
0.000000
0.000000
0.000000
0.000000
0.000000
0.000000
0.000000
0.000000
0.000000
0.000000
0.000000
0.000000
0.000000
0.000000
0.000000
0.000000
0.000000
0.000000
0.000000
0.000000
0.000000
0.000000
0.000000
0.000000
0.000000
0.000000
0.000000
0.000000
0.000000
0.000000
0.000000
0.000000
0.000000
0.000000
0.000000
0.000000
0.000000
0.000000
0.000000
0.000000
0.000000
0.000000
0.000000
0.000000
0.000000
0.000000
0.000000
0.000000
0.000000
0.000000
0.000000
0.000000
0.000000
0.000000
0.000000
0.000000
0.000000
0.000000
0.000000
0.000000
0.000000
0.000000
0.000000
0.000000
0.000000
0.000000
0.000000
0.000000
0.000000
0.000000
0.000000
0.000000
0.000000
0.000000
0.000000
0.000000
0.000000
0.000000
0.000000
0.000000
0.000000
0.000000
0.000000
0.000000
0.000000
0.000000
0.000000
0.000000
0.000000
0.000000
0.000000
0.000000
0.000000
0.000000
0.000000
0.000000
0.000000
0.000000
0.000000
0.000000
0.000000
0.000000
0.000000
0.000000
