3.573869
14.256708
24.904770
35.524929
46.155891
56.750446
67.370636
77.970436
88.550148
99.055077
109.519272
120.034721
130.565582
141.084869
151.525513
161.882889
172.258804
182.678879
193.069778
203.430710
213.758682
224.115616
234.455399
244.740524
254.991882
265.209778
275.495422
285.754364
295.989716
306.119141
316.215942
326.327271
336.482513
346.648529
356.736115
366.791656
376.814972
386.843597
396.903198
406.970947
417.043030
427.078156
437.085876
447.104248
457.124969
467.156036
477.208984
487.267181
497.310455
508.965271
518.976746
529.028198
539.855042
550.085510
560.119751
571.576416
583.042664
594.579773
606.090698
617.626099
629.195435
640.780396
652.378723
664.002869
675.604370
687.236450
697.249878
707.281738
717.289307
727.301331
737.305054
748.943848
759.029968
769.082520
780.682617
792.167786
803.198486
813.810669
824.190186
835.569275
846.856506
858.048889
868.221924
878.973999
889.864746
900.638977
911.376892
922.648865
933.366638
944.213562
955.192078
965.729431
976.503418
986.524963
997.206177
1008.230408
1018.475586
1029.395386
1040.497681
1051.560181
1062.081299
1072.441162
1083.266235
1094.005737
1104.523926
1115.093018
1125.784668
1136.451660
1147.205200
1158.085449
1169.277466
1180.414185
1191.642944
1201.661865
1211.911743
1222.733887
1233.729980
1244.627197
1255.869019
1265.971313
1276.344238
1286.590942
1298.154785
1309.753662
1319.959106
1330.409912
1340.560303
1350.624146
1360.757080
1370.770508
1380.825195
1390.951172
1401.126343
1411.235352
1421.406128
1431.761353
1442.054932
1452.259033
1462.423828
1472.552979
1482.662476
1492.802124
1502.971802
1513.136108
1523.338013
1533.423828
1544.848511
1555.968628
1566.595947
1577.023804
1587.305664
1597.417847
1607.470825
1618.748901
1629.942139
1641.084717
1652.075806
1662.994995
1673.823364
1684.596191
1695.355225
1706.215210
1717.024902
1727.883789
1738.874268
1749.760254
1760.589355
1771.455078
1782.199951
1792.873169
1803.607422
1814.492065
1825.879150
1836.283325
1846.976196
1857.947876
1869.086670
1880.394287
1891.997925
1903.624390
1915.226318
1926.781372
1936.869019
1947.101685
1957.276489
1967.369629
1977.473755
1987.678833
1997.798706
2007.870605
2017.920166
2027.962402
2038.016113
2048.132324
2058.203857
2068.218750
2078.288574
2088.397949
2098.495605
2108.576416
2118.724365
2128.840088
2138.891602
2148.952637
2159.026367
2169.072998
2179.103027
2189.116455
2200.748291
2212.368164
2222.393799
2232.432129
2242.467041
2253.982178
2265.085938
2275.952393
2286.568604
2296.929688
2307.102295
2318.500977
2329.629639
2340.635742
2351.536377
2362.545410
2373.907471
2384.087402
2394.606445
2405.457275
2416.467773
2427.663574
2438.715820
2449.260742
2459.722656
2470.184082
2480.247314
2491.560059
2501.560791
2512.414062
2523.806396
2534.260254
2544.876953
2555.679443
2566.641113
2577.726074
2589.053955
2600.485840
2611.985840
2622.833740
2633.402344
2643.950195
2654.130127
2665.339111
2675.378662
2686.662109
2697.772461
2708.752930
2719.587158
2730.556152
2741.344482
2752.145020
2763.045898
2774.043701
2784.947266
2795.779541
2806.644531
2817.551270
2828.299316
2839.595459
2849.773682
2860.372559
2871.369385
2882.675537
2894.103760
2905.400146
2916.764404
2927.739014
2938.312744
2948.738037
2958.970459
2969.015381
2979.110107
2990.024902
3001.305664
3012.343262
3023.398193
3034.394043
3045.328125
3056.367432
3066.673340
3077.270020
3087.954346
3098.768066
3110.013428
3121.206055
3132.391357
3143.266846
3153.866699
3164.232910
3174.449951
3184.463623
3194.591553
3204.608154
3215.833008
3226.918945
3237.914307
3248.835205
3259.737305
3270.589111
3281.527344
3292.453369
3303.425537
3314.421875
3325.360840
3336.262939
3347.141113
3358.064941
3368.993652
3380.254395
3390.525146
3401.051270
3411.975830
3423.146240
3434.467285
3445.846191
3457.129150
3468.058838
3478.778809
3489.370361
3499.804443
3509.989746
3520.047119
3531.309326
3542.568604
3553.611572
3564.545166
3575.539062
3586.815186
3597.313477
3607.784912
3618.693115
3629.987793
3641.235352
3652.167969
3662.686768
3672.948730
3683.030273
3693.145264
3703.171631
3714.503906
3725.783936
3735.854980
3746.835205
3758.004639
3769.129639
3780.066895
3790.903809
3801.572021
3812.511230
3823.534668
3834.478760
3845.484131
3856.625000
3867.594238
3878.327393
3888.969971
3899.837891
3911.016846
3921.259766
3931.910645
3942.863525
3954.122803
3965.442871
3976.877441
3988.118408
3999.038330
4009.716797
4020.241455
4030.609131
4040.684082
4050.907715
4061.708008
4072.535645
4083.803955
4095.054932
4106.246094
4117.460938
4128.407715
4138.947266
4149.143066
4159.342773
4170.730957
4182.056641
4193.469238
4204.779785
4214.890625
4225.831055
4236.757812
4247.701660
4258.833984
4270.289551
4281.634766
4292.551758
4303.191895
4313.648926
4323.834961
4333.969238
4344.042969
4355.427734
4366.877441
4377.257812
4387.948242
4398.815430
4409.854004
4420.986816
4432.229492
4443.750488
4454.999512
4465.961426
4476.606445
4486.703125
4498.108887
4509.476562
4520.647949
4532.059570
4542.129883
4553.306641
4564.404297
4575.409668
4586.252441
4596.969727
4607.623047
4618.340332
4629.080078
4639.851074
4650.686523
4661.557129
4672.447266
4683.474121
4693.513184
4703.804688
4714.361816
4725.188965
4736.291992
4747.437500
4758.314453
4768.987305
4779.480957
4789.840820
4800.026367
4810.055176
4821.398438
4832.685059
4842.929199
4853.490723
4864.127930
4875.136230
4886.202637
4897.368164
4908.621582
4919.615234
4930.445312
4940.979004
4951.029297
4961.062012
4972.470703
4983.769043
4995.094727
5006.421387
5017.509277
5028.831543
5038.987305
5049.233398
5059.779785
5070.803711
5081.928711
5093.224609
5104.427246
5115.355469
5126.059570
5136.460938
5146.684082
5156.796875
5168.130859
5179.243652
5190.420898
5200.700195
5211.188965
5221.807617
5232.805176
5243.880371
5255.151855
5266.336914
5277.194336
5287.858398
5298.348145
5308.687988
5318.889648
5328.940918
5340.298340
5351.414062
5362.416016
5373.660156
5384.821289
5395.717285
5406.590820
5417.552246
5428.379395
5439.051270
5449.701660
5460.577637
5471.406250
5482.245117
5493.129395
5504.015137
5514.888184
5525.725586
5536.554688
5547.668457
5558.615723
5569.706543
5580.667969
5591.396973
5602.334961
5613.329102
5624.290039
5634.857910
5645.163086
5655.414551
5665.646973
5675.936035
5686.647949
5697.294434
5708.089355
5719.446289
5730.031250
5740.710449
5751.470703
5762.515625
5773.803711
5785.124023
5796.263672
5807.647461
5819.123535
5830.514160
5841.984375
5852.133789
5862.357422
5873.764160
5883.811523
5894.094238
5904.281738
5915.804688
5927.024902
5938.187500
5949.568359
5960.912109
5972.366699
5983.989258
5994.012207
6004.081055
6014.207031
6024.340332
6034.524902
6044.792480
6055.048340
6065.319336
6075.652344
6085.942383
6096.243652
6106.545410
6116.845703
6127.141602
6137.451172
6147.737305
6158.016602
6168.320801
6178.570801
6188.823242
6199.056641
6209.234375
6219.379395
6229.561523
6239.755859
6249.911133
6260.053711
6270.205078
6280.296875
6290.381836
6300.479492
6310.575195
6320.649414
6330.680176
6340.702637
6350.782227
6360.854004
6370.895508
6380.965332
6391.074219
6401.113281
6412.749023
6424.375488
6435.953125
6447.582031
6459.229980
6470.811523
6482.439453
6494.097656
6505.713867
6517.316406
6528.922363
6540.530762
6552.117188
6563.682129
6575.343750
6586.979980
6598.559570
6608.632812
6618.650879
6630.308594
6640.333496
6650.379883
6662.009277
6673.614258
6685.211426
6696.804199
6708.379395
6719.943848
6731.578613
6743.212402
6754.872559
6764.888184
6774.890137
6786.517578
6798.181152
6809.839844
6821.496094
6833.153320
6844.758789
6856.395996
6866.396484
6876.406738
6888.065918
6899.726562
6911.385742
6921.388672
6933.053711
6943.074219
6953.128906
6963.132812
6974.754883
6984.761230
6994.770020
7006.427246
7018.090820
7028.108887
7039.720703
7051.317871
7062.925781
7074.549316
7086.170898
7097.789062
7109.395020
7121.013672
7131.028320
7141.100586
7151.126465
7162.779785
7172.795410
7184.450684
7196.067871
7207.723145
7219.350586
7230.963379
7242.584961
7254.212891
7265.812500
7277.411621
7289.021973
7300.670898
7312.318359
7323.976562
7333.990234
7345.619141
7357.234375
7367.254883
7378.916016
7390.546875
7402.211426
7413.791016
7425.354492
7436.929199
7448.544434
7460.159180
7471.799805
7483.447754
7495.056152
7506.661621
7518.310059
7528.373535
7540.018066
7551.611816
7563.150879
7574.648438
7586.295410
7597.913086
7609.468750
7621.042969
7632.607910
7644.149902
7655.710449
7667.239746
7678.817871
7690.448730
7702.095703
7712.100586
7723.750000
7735.376465
7745.394531
7757.058594
7768.719238
7778.732910
7790.351074
7801.970703
7811.983398
7823.647461
7835.296387
7845.306152
7856.959961
7868.582031
7880.174316
7890.175293
7900.188965
7911.830566
7923.450684
7935.114746
7946.746582
7958.413574
7968.434570
7980.083008
7991.715820
8001.734375
8013.369141
8024.937988
8036.502441
8048.055176
8059.620605
8071.208984
8082.799316
8094.399414
8106.042480
8117.708008
8127.721680
8137.731934
8147.748047
8157.759277
8169.417969
8181.058594
8192.717773
8204.379883
8214.386719
8226.008789
8237.583008
8249.189453
8260.804688
8272.454102
8282.456055
8292.482422
8304.139648
8315.797852
8327.448242
8337.481445
8347.489258
8359.134766
8370.766602
8382.405273
8393.992188
8405.604492
8417.236328
8428.834961
8439.977539
8450.708008
8461.327148
8471.677734
8481.787109
8491.800781
8503.132812
8514.340820
8525.379883
8536.291992
8547.087891
8557.825195
8568.622070
8579.378906
8590.080078
8600.869141
8611.626953
8622.246094
8632.898438
8643.564453
8654.254883
8664.981445
8675.726562
8686.416992
8697.165039
8707.943359
8718.828125
8729.624023
8740.428711
8751.254883
8762.127930
8773.030273
8783.867188
8794.751953
8805.659180
8815.730469
8826.156250
8836.965820
8847.904297
8858.949219
8869.929688
8881.022461
8892.253906
8903.531250
8914.799805
8926.086914
8937.557617
8949.071289
8960.560547
8971.900391
8983.290039
8994.681641
9006.091797
9017.499023
9028.970703
9040.424805
9051.999023
9062.175781
9072.210938
9083.800781
9093.880859
9103.932617
9115.372070
9126.949219
9138.454102
9149.783203
9161.161133
9172.686523
9184.275391
9195.950195
9206.104492
9216.289062
9226.497070
9236.733398
9247.084961
9257.486328
9267.808594
9278.139648
9288.486328
9298.802734
9309.119141
9319.391602
9329.625000
9339.820312
9349.995117
9360.170898
9370.334961
9380.479492
9390.599609
9400.752930
9410.930664
9421.097656
9431.330078
9441.584961
9451.738281
9461.840820
9471.920898
9482.003906
9492.090820
9502.130859
9512.171875
9522.184570
9532.214844
9542.256836
9552.316406
9562.469727
9572.646484
9582.747070
9592.803711
9602.842773
9612.852539
9624.478516
9636.070312
9647.659180
9659.201172
9670.780273
9680.781250
9690.788086
9700.792969
9710.825195
9720.872070
9730.896484
9740.916992
9750.958008
9762.613281
9774.208984
9785.790039
9797.417969
9809.036133
9820.653320
9832.317383
9842.333008
9853.988281
9863.991211
9874.022461
9885.635742
9897.208008
9908.811523
9920.412109
9932.038086
9943.652344
9955.262695
9966.810547
9978.360352
9990.006836
10001.641602
10013.260742
10024.875977
10036.480469
10048.137695
10058.187500
10068.235352
10078.270508
10089.933594
10101.583984
10113.241211
10124.813477
10136.415039
10146.425781
10156.439453
10168.098633
10179.753906
10191.366211
10202.963867
10214.597656
10226.245117
10236.248047
10247.870117
10259.465820
10271.034180
10282.579102
10294.238281
10304.267578
10315.916016
10327.560547
10337.561523
10349.203125
10360.864258
10370.866211
10382.480469
10394.064453
10405.662109
10417.310547
10428.925781
10440.530273
10452.178711
10463.837891
10475.460938
10485.462891
10495.467773
10507.067383
10518.641602
10530.244141
10541.848633
10553.443359
10565.047852
10576.671875
10588.275391
10598.304688
10608.396484
10618.420898
10630.071289
10641.739258
10651.743164
10663.361328
10675.002930
10686.635742
10698.221680
10709.796875
10721.406250
10732.996094
10744.551758
10756.217773
10766.234375
10777.862305
10787.900391
10797.975586
10809.615234
10821.204102
10832.578125
10843.670898
10854.459961
10864.834961
10874.975586
10885.004883
10896.288086
10907.338867
10918.262695
10929.068359
10939.788086
10950.544922
10961.289062
10971.979492
10982.685547
10993.410156
11004.077148
11014.708008
11025.375977
11036.134766
11046.891602
11057.642578
11068.439453
11079.278320
11090.117188
11100.960938
11111.766602
11122.518555
11133.248047
11144.035156
11154.879883
11165.770508
11176.913086
11187.093750
11197.677734
11208.405273
11219.775391
11231.296875
11242.769531
11254.202148
11265.654297
11277.193359
11288.699219
11300.183594
11311.848633
11321.901367
11333.460938
11344.892578
11355.781250
11366.296875
11376.469727
11387.788086
11399.015625
11410.118164
11420.876953
11431.472656
11442.163086
11452.964844
11463.597656
11474.083984
11484.841797
11496.129883
11506.612305
11516.879883
11527.007812
11537.073242
11547.183594
11558.543945
11569.893555
11581.176758
11592.034180
11602.804688
11613.596680
11624.332031
11635.258789
11646.341797
11657.368164
11668.456055
11679.550781
11690.593750
11701.696289
11712.809570
11723.889648
11734.967773
11746.060547
11757.156250
11768.275391
11779.384766
11790.526367
11801.695312
11812.835938
11823.938477
11835.006836
11846.055664
11857.127930
11868.213867
11879.313477
11890.400391
11901.442383
11911.514648
11921.797852
11931.927734
11942.035156
11952.170898
11962.292969
11972.345703
11983.745117
11995.026367
12006.218750
12017.291992
12028.372070
12039.436523
12050.463867
12061.432617
12072.356445
12083.273438
12094.208984
12105.147461
12116.121094
12127.072266
12137.991211
12148.939453
12159.882812
12170.795898
12181.703125
12192.606445
12203.552734
12214.545898
12225.524414
12236.516602
12247.514648
12258.449219
12269.387695
12280.331055
12291.275391
12302.206055
12313.125977
12324.057617
12334.991211
12345.919922
12356.887695
12367.887695
12379.130859
12390.314453
12401.545898
12412.794922
12423.989258
12435.143555
12446.305664
12457.457031
12468.557617
12479.530273
12490.487305
12501.485352
12512.457031
12523.393555
12534.327148
12545.219727
12556.165039
12567.112305
12578.051758
12588.961914
12599.874023
12610.791016
12621.759766
12632.739258
12643.706055
12654.679688
12665.573242
12676.461914
12687.391602
12698.337891
12709.293945
12720.217773
12731.133789
12742.080078
12753.006836
12763.961914
12774.964844
12786.266602
12796.675781
12807.332031
12817.821289
12828.051758
12838.220703
12848.448242
12858.500977
12869.888672
12881.055664
12892.092773
12903.120117
12913.933594
12925.026367
12935.914062
12946.806641
12957.642578
12968.505859
12979.386719
12990.234375
13001.053711
13011.841797
13022.552734
13033.526367
13044.433594
13055.167969
13065.892578
13076.803711
13087.626953
13098.512695
13109.485352
13120.449219
13131.275391
13142.274414
13152.653320
13163.166992
13173.829102
13185.082031
13196.388672
13207.663086
13218.944336
13230.283203
13240.778320
13252.272461
13263.902344
13274.184570
13284.409180
13295.668945
13306.996094
13318.620117
13330.052734
13341.373047
13352.916016
13364.539062
13375.952148
13387.315430
13397.318359
13407.584961
13419.194336
13430.614258
13442.130859
13452.139648
13462.147461
13473.272461
13484.090820
13495.251953
13506.534180
13517.832031
13529.216797
13540.624023
13551.863281
13563.213867
13574.676758
13586.232422
13597.808594
13609.347656
13620.935547
13631.012695
13641.390625
13652.945312
13664.142578
13674.934570
13685.601562
13695.823242
13705.984375
13716.140625
13726.262695
13737.607422
13748.869141
13760.004883
13771.093750
13782.250000
13793.436523
13804.568359
13815.709961
13826.821289
13837.869141
13848.947266
13860.055664
13871.115234
13882.182617
13893.246094
13314.416016
13325.499023
13336.707031
13347.724609
13358.672852
13369.813477
13380.817383
13391.707031
13402.554688
13413.492188
13424.437500
13435.340820
13446.283203
13457.191406
13468.057617
13478.940430
13489.892578
13500.855469
13511.802734
13522.829102
13533.765625
13544.678711
13555.613281
13566.578125
13577.487305
13588.458008
13599.388672
13610.277344
13621.228516
13632.198242
13643.142578
13654.038086
13664.767578
13675.708008
13686.618164
13697.628906
13708.639648
13719.533203
13730.408203
13741.313477
13752.269531
13763.304688
13774.200195
13785.060547
13795.926758
13806.676758
13817.473633
13828.250977
13838.995117
13849.747070
13860.464844
13871.057617
13881.783203
13892.433594
13903.089844
13913.786133
13924.636719
13935.589844
13946.723633
13957.282227
13967.973633
13978.437500
13988.696289
13998.853516
14008.952148
14019.065430
14030.290039
14041.700195
14053.055664
14064.375000
14075.631836
14086.998047
14098.194336
14109.343750
14120.566406
14131.543945
14142.255859
14152.831055
14163.484375
14174.333984
14185.455078
14195.636719
14206.543945
14217.879883
14229.225586
14240.639648
14252.162109
14262.233398
14272.392578
14282.520508
14292.615234
14302.791992
14312.987305
14323.145508
14333.344727
14343.553711
14353.688477
14363.816406
14374.033203
14384.242188
14394.431641
14404.595703
14414.764648
14424.916992
14435.064453
14445.229492
14455.372070
14465.513672
14475.685547
14485.707031
14497.074219
14508.068359
14518.750000
14529.226562
14539.416992
14550.767578
14561.972656
14572.994141
14584.011719
14595.142578
14605.250000
14615.899414
14626.506836
14637.956055
14648.259766
14659.179688
14670.014648
14680.892578
14691.756836
14702.623047
14713.592773
14724.554688
14735.420898
14746.221680
14757.063477
14767.896484
14778.665039
14789.401367
14800.288086
14811.124023
14821.913086
14832.685547
14843.496094
14854.579102
14864.711914
14874.818359
14886.125000
14897.321289
14908.712891
14919.849609
14931.225586
14942.438477
14953.538086
14964.880859
14975.131836
14985.659180
14996.047852
15006.442383
15016.729492
15026.804688
15037.929688
15048.550781
15059.501953
15070.763672
15081.916016
15093.066406
15104.284180
15115.511719
15125.524414
15135.836914
15146.604492
15157.127930
15167.361328
15177.421875
15188.590820
15199.568359
15209.899414
15221.002930
15232.038086
15242.890625
15253.660156
15264.209961
15274.416016
15285.728516
15296.807617
15307.980469
15318.259766
15328.960938
15340.141602
15350.877930
15361.996094
15373.092773
15384.005859
15394.981445
15406.090820
15417.053711
15428.014648
15439.143555
15450.328125
15461.204102
15472.399414
15483.458008
15494.254883
15504.677734
15515.277344
15525.953125
15536.776367
15547.716797
15558.307617
15568.958984
15579.798828
15590.451172
15601.016602
15611.772461
15622.713867
15633.660156
15644.554688
15655.797852
15665.816406
15677.105469
15687.135742
15698.431641
15709.634766
15720.840820
15732.125000
15743.442383
15753.491211
15763.875977
15774.523438
15785.253906
15795.711914
15805.960938
15816.051758
15826.054688
15837.392578
15848.517578
15859.567383
15870.459961
15881.245117
15891.989258
15902.700195
15913.762695
15924.900391
15935.740234
15946.899414
15957.888672
15968.888672
15979.790039
15990.723633
16001.542969
16012.444336
16023.288086
16034.394531
16045.380859
16056.387695
16067.401367
16078.370117
16089.301758
16100.272461
16111.172852
16122.097656
16133.209961
16144.291016
16155.277344
16166.201172
16177.206055
16188.625977
16199.227539
16209.723633
16219.923828
16231.332031
16242.747070
16254.103516
16265.341797
16276.404297
16287.460938
16298.422852
16309.404297
16320.400391
16331.543945
16341.599609
16352.554688
16363.541992
16374.658203
16386.125000
16397.375000
16408.357422
16419.697266
16430.583984
16441.113281
16451.443359
16461.984375
16472.589844
16483.341797
16494.203125
16505.224609
16516.355469
16527.380859
16538.351562
16549.394531
16560.529297
16571.460938
16582.289062
16593.205078
16604.248047
16614.320312
16624.451172
16634.507812
16645.849609
16657.095703
16668.375000
16679.675781
16690.789062
16701.873047
16712.917969
16723.796875
16734.652344
16745.556641
16756.380859
16767.171875
16777.933594
16788.728516
16799.603516
16810.537109
16821.628906
16832.763672
16844.000000
16855.177734
16866.373047
16877.701172
16887.750000
16899.076172
16910.453125
16921.640625
16932.541016
16943.253906
16953.976562
16964.812500
16975.640625
16986.533203
16997.488281
17008.484375
17019.453125
17030.425781
17041.466797
17052.509766
17063.507812
17074.484375
17085.548828
17096.675781
17108.056641
17118.730469
17129.572266
17140.123047
17150.761719
17161.738281
17172.677734
17183.675781
17194.728516
17205.912109
17217.296875
17228.769531
17239.017578
17250.662109
17260.929688
17271.193359
17281.363281
17291.507812
17301.771484
17311.957031
17322.148438
17332.312500
17342.414062
17354.037109
17365.650391
17375.710938
17385.919922
17396.291016
17406.373047
17416.490234
17426.751953
17437.072266
17447.216797
17458.431641
17469.595703
17481.052734
17492.435547
17504.101562
17515.583984
17527.074219
17538.720703
17548.964844
17559.347656
17569.472656
17581.083984
17591.171875
17601.505859
17611.714844
17623.248047
17634.726562
17646.308594
17656.468750
17668.126953
17679.732422
17689.777344
17700.177734
17710.664062
17720.927734
17731.128906
17741.289062
17751.570312
17761.839844
17771.966797
17781.980469
17792.050781
17802.367188
17812.628906
17822.701172
17834.365234
17844.378906
17402.199219
17413.767578
17425.390625
17437.027344
17448.675781
17458.728516
17468.810547
17478.929688
17489.050781
17499.154297
17509.238281
17519.330078
17529.431641
17539.503906
17549.595703
17559.718750
17569.798828
17579.833984
17589.863281
17599.896484
17611.546875
17621.562500
17631.582031
17643.230469
17654.859375
17666.519531
17678.146484
17689.816406
17698.308594
17708.322266
17718.388672
17728.517578
17738.554688
17750.185547
17760.330078
17770.496094
17780.503906
17792.093750
17803.671875
17815.220703
17826.761719
17838.300781
17849.802734
17861.310547
17872.884766
17884.501953
17896.134766
17904.412109
17916.046875
17926.123047
17936.208984
17946.222656
17957.890625
17968.052734
17978.113281
17989.732422
18001.308594
18012.843750
18024.343750
18035.886719
18047.414062
18058.933594
18070.498047
18082.107422
18093.697266
18105.044922
18116.664062
18128.328125
18138.357422
18149.996094
18161.621094
18171.714844
18181.744141
18193.349609
18204.947266
18216.548828
18228.095703
18239.693359
18251.265625
18262.824219
18274.406250
18286.000000
18297.589844
18309.212891
18320.833984
18332.437500
18344.060547
18355.669922
18367.261719
18378.902344
18390.531250
18402.148438
18413.783203
18425.390625
18437.001953
18448.648438
18460.277344
18471.923828
18481.941406
18491.957031
18503.607422
18515.224609
18526.837891
18538.207031
18548.804688
18559.363281
18569.623047
18579.779297
18591.160156
18602.398438
18613.455078
18624.466797
18635.402344
18646.115234
18656.605469
18667.248047
18677.761719
18688.187500
18698.625000
18709.078125
18719.591797
18730.160156
18740.732422
18751.607422
18762.417969
18773.220703
18784.062500
18794.912109
18805.720703
18816.541016
18827.339844
18838.126953
18848.791016
18859.505859
18870.177734
18880.896484
18891.707031
18902.798828
18913.064453
18923.402344
18934.138672
18944.375000
18955.492188
18966.509766
18977.343750
18988.333984
18999.324219
19010.384766
19021.394531
19032.341797
19043.281250
19054.232422
19065.160156
19076.074219
19086.986328
19097.851562
19108.804688
19119.769531
19130.671875
19141.568359
19152.457031
19163.320312
19174.292969
19185.316406
19196.515625
19206.912109
19217.865234
19228.792969
19239.134766
19249.304688
19259.458984
19270.683594
19281.945312
19293.103516
19304.048828
19314.908203
19325.802734
19336.658203
19347.591797
19358.492188
19369.605469
19380.611328
19391.625000
19402.630859
19413.632812
19424.570312
19435.425781
19446.322266
19457.179688
19467.927734
19478.750000
19489.595703
19500.357422
19511.150391
19521.970703
19532.769531
19543.503906
19554.320312
19565.205078
19576.162109
19587.003906
19597.845703
19608.787109
19620.123047
19630.564453
19641.472656
19652.876953
19662.935547
19674.363281
19685.539062
19696.914062
19708.457031
19719.914062
19731.291016
19742.755859
19752.771484
19762.779297
19774.449219
19784.542969
19794.857422
19805.216797
19815.486328
19825.767578
19836.072266
19846.373047
19856.636719
19866.802734
19876.982422
19887.152344
19897.398438
19907.623047
19917.820312
19928.015625
19938.214844
19948.435547
19958.615234
19968.800781
19978.923828
19989.039062
19999.177734
19870.464844
19880.644531
19890.794922
19900.941406
19911.035156
19921.125000
19931.218750
19941.322266
19951.388672
19961.445312
19971.501953
19981.560547
19991.601562
20001.644531
20011.740234
20021.828125
20031.880859
20041.888672
20053.519531
20065.175781
20075.175781
20085.201172
20096.865234
20108.513672
20120.125000
20131.753906
20143.414062
20153.449219
20163.466797
20173.476562
20185.105469
20196.742188
20206.751953
20218.326172
20229.757812
20240.832031
20251.099609
20261.132812
20271.136719
20282.519531
20293.880859
20305.201172
20316.292969
20327.298828
20338.097656
20348.716797
20359.386719
20370.033203
20380.605469
20391.142578
20401.664062
20412.222656
20422.748047
20433.429688
20444.164062
20455.007812
20465.832031
20476.628906
20487.357422
20498.064453
20508.755859
20519.505859
20530.191406
20540.968750
20551.697266
20562.410156
20573.187500
20584.039062
20594.980469
20605.935547
20617.125000
20627.353516
20637.796875
20648.527344
20659.660156
20670.949219
20682.396484
20694.023438
20704.082031
20714.205078
20724.398438
20734.617188
20744.845703
20755.119141
20765.414062
20775.707031
20785.978516
20796.267578
20806.517578
20794.167969
20804.447266
20814.714844
20824.943359
20835.029297
20846.589844
20856.611328
20866.773438
20877.080078
20887.175781
20897.298828
20907.425781
20917.554688
20927.785156
20939.414062
20951.044922
20961.082031
20971.328125
20981.587891
20991.693359
21001.740234
21011.781250
21021.906250
21033.294922
21043.882812
21054.509766
21064.812500
21075.132812
21085.146484
21096.404297
21107.494141
21118.564453
21129.511719
21140.236328
21150.800781
21161.433594
21171.892578
21182.380859
21193.091797
21203.734375
21214.199219
21224.703125
21235.431641
21246.013672
21256.603516
21267.292969
21278.089844
21288.824219
21299.501953
21310.220703
21321.037109
21331.843750
21342.718750
21353.673828
21364.527344
21375.365234
21386.212891
21397.023438
21407.685547
21418.539062
21428.546875
21438.761719
21449.394531
21460.460938
21471.628906
21482.970703
21494.529297
21506.183594
21516.269531
21526.476562
21536.656250
21503.148438
21513.363281
21523.660156
21533.957031
21544.236328
21555.828125
21567.457031
21577.464844
21587.544922
21597.648438
21607.734375
21617.804688
21627.851562
21637.898438
21647.994141
21658.121094
21668.255859
21678.431641
21688.675781
21698.878906
21709.003906
21719.115234
21729.230469
21739.314453
21749.380859
21759.466797
21769.527344
21779.580078
21789.650391
21799.732422
21809.798828
21819.851562
21829.917969
21839.937500
21849.978516
21860.093750
21871.337891
21882.240234
21892.740234
21902.986328
21913.136719
21924.529297
21935.658203
21946.667969
21957.648438
21968.525391
21979.398438
21990.179688
22000.888672
22011.578125
22022.277344
22033.005859
22043.658203
22054.388672
22065.164062
22076.017578
22086.822266
22097.576172
22108.300781
22119.023438
22129.728516
22140.392578
22151.083984
22161.851562
22172.693359
22183.511719
22194.341797
22205.201172
22216.095703
22226.949219
22237.753906
22248.558594
22259.384766
22270.228516
22281.064453
22291.941406
22302.849609
22313.703125
22324.707031
22335.730469
22346.693359
22357.595703
22368.505859
22379.550781
22390.927734
22401.480469
22412.453125
22423.519531
22434.730469
22446.226562
22457.732422
22469.257812
22480.902344
22490.947266
22501.023438
22511.158203
22521.298828
22531.404297
22541.566406
22551.763672
22561.953125
22572.128906
22582.302734
22592.447266
22590.683594
22600.917969
22611.123047
22621.277344
22631.427734
22641.554688
22651.605469
22661.636719
22671.697266
22681.781250
22691.855469
22701.919922
22711.972656
22723.628906
22733.656250
22743.714844
22753.763672
22763.787109
22773.904297
22784.033203
22794.095703
22804.107422
22814.128906
22824.150391
22835.802734
22847.441406
22857.498047
22867.544922
22877.570312
22887.667969
22897.773438
22907.800781
22919.443359
22929.470703
22939.468750
22951.044922
22962.634766
22974.234375
22985.804688
22997.386719
23008.972656
23020.560547
23032.125000
23043.746094
23055.392578
23067.056641
23077.125000
23087.197266
23097.240234
23107.248047
23117.257812
23127.265625
23138.906250
23150.500000
23160.509766
23170.597656
23180.617188
23190.646484
23200.748047
23210.787109
23222.394531
23233.951172
23245.541016
23257.097656
23268.640625
23280.228516
23291.843750
23303.431641
23315.085938
23326.619141
23337.908203
23349.179688
23360.486328
23371.783203
23383.117188
23394.496094
23405.917969
23417.349609
23428.843750
23440.460938
23452.093750
23463.705078
23475.361328
23487.027344
23498.683594
23508.728516
23518.734375
23530.341797
23541.927734
23553.572266
23565.222656
23576.847656
23588.494141
23598.501953
23610.162109
23620.173828
23630.253906
23640.326172
23651.986328
23663.621094
23675.269531
23686.904297
23698.541016
23710.166016
23721.785156
23733.410156
23743.425781
23753.482422
23765.128906
23776.580078
23787.609375
23798.136719
23808.607422
23818.912109
23829.011719
23840.396484
23851.654297
23862.726562
23873.652344
23884.490234
23895.312500
23906.107422
23916.832031
23927.898438
23937.996094
23948.488281
23959.156250
23969.382812
23979.404297
23990.634766
24001.751953
24012.705078
24023.583984
24034.353516
24045.248047
24055.955078
24066.710938
24077.421875
24088.169922
24098.927734
24109.720703
24120.449219
24131.126953
24141.683594
24152.382812
24163.208984
24173.978516
24184.570312
24195.498047
24206.662109
24217.152344
24227.246094
24238.423828
24249.396484
24260.214844
24271.107422
24282.042969
24292.851562
24303.568359
24314.652344
24324.984375
24335.849609
24346.644531
24357.171875
24367.218750
24378.244141
24389.583984
24400.554688
24411.607422
24422.615234
24433.658203
24444.630859
24455.638672
24466.662109
24477.761719
24488.748047
24499.705078
24510.681641
24521.556641
24532.414062
24543.289062
24554.279297
24565.312500
24576.103516
24586.761719
24597.511719
24608.441406
24619.673828
24630.560547
24641.166016
24651.873047
24662.539062
24673.082031
24683.691406
24693.912109
24704.673828
24715.673828
24726.431641
24737.621094
24749.078125
24760.378906
24771.517578
24782.929688
24794.380859
24805.820312
24817.400391
24828.945312
24838.964844
24849.201172
24859.382812
24869.521484
24879.792969
24890.140625
24900.402344
24910.638672
24920.875000
24931.082031
24941.292969
24951.544922
24961.787109
24971.998047
24982.226562
24992.478516
25002.705078
25012.921875
25023.128906
25033.318359
25043.486328
25053.667969
25063.855469
25074.015625
25084.207031
25094.400391
25104.556641
25114.667969
25124.791016
25134.908203
25144.992188
25155.115234
25165.228516
25175.292969
25185.347656
25195.416016
25205.484375
25215.533203
25225.619141
25235.693359
25245.716797
25255.724609
25265.744141
25275.761719
25285.777344
25295.835938
25305.861328
25317.513672
25329.158203
25340.804688
25352.425781
25364.095703
25374.095703
25385.722656
25397.363281
25409.005859
25420.617188
25432.263672
25443.892578
25455.507812
25467.152344
25478.785156
25490.386719
25502.031250
25513.669922
25525.281250
25536.912109
25548.550781
25560.181641
25570.199219
25580.212891
25591.855469
25601.861328
25611.875000
25623.513672
25633.513672
25643.535156
25655.189453
25666.802734
25678.439453
25690.054688
25701.697266
25713.357422
25724.980469
25736.599609
25748.244141
25759.871094
25771.529297
25781.544922
25793.177734
25804.794922
25816.433594
25828.035156
25839.658203
25851.302734
25862.919922
25874.542969
25886.183594
25897.781250
25909.445312
25919.488281
25931.140625
25942.750000
25954.382812
25965.990234
25977.632812
25989.291016
26000.908203
26012.531250
26024.175781
26035.806641
26047.457031
26059.107422
26070.728516
26082.347656
26093.976562
26105.576172
26117.207031
26128.859375
26140.468750
26152.082031
26163.726562
26175.347656
26187.005859
26198.632812
26210.246094
26221.855469
26233.476562
26245.076172
26256.720703
26268.357422
26279.974609
26291.613281
26303.273438
26313.298828
26323.328125
26334.988281
26344.998047
26355.070312
26365.126953
26376.722656
26388.298828
26399.863281
26411.423828
26422.927734
26434.408203
26445.900391
26457.435547
26468.966797
26480.519531
26492.173828
26502.189453
26513.804688
26525.416016
26537.048828
26548.634766
26560.214844
26571.816406
26583.390625
26595.007812
26606.648438
26618.275391
26629.900391
26641.560547
26653.185547
26664.847656
26676.505859
26688.128906
26699.765625
26711.427734
26723.064453
26733.070312
26743.078125
26754.720703
26766.357422
26778.015625
26789.662109
26799.673828
26809.685547
26821.322266
26832.939453
26844.574219
26856.193359
26867.849609
26877.867188
26889.517578
26901.148438
26911.148438
26922.777344
26934.390625
26946.035156
26957.648438
26969.236328
26980.855469
26992.449219
27004.052734
27015.689453
27027.304688
27038.923828
27050.587891
27062.222656
27073.871094
27083.878906
27095.519531
27107.150391
27118.675781
27129.916016
27140.804688
27151.298828
27161.625000
27171.742188
27183.011719
27194.119141
27205.074219
27215.955078
27226.771484
27237.554688
27248.410156
27259.691406
27270.050781
27280.580078
27291.425781
27302.240234
27312.751953
27323.080078
27333.339844
27343.470703
27354.867188
27366.167969
27377.376953
27388.599609
27399.664062
27410.636719
27421.601562
27432.517578
27443.470703
27454.646484
27464.806641
27475.511719
27486.193359
27497.074219
27508.255859
27519.160156
27529.591797
27539.779297
27549.976562
27560.158203
27571.343750
27582.646484
27593.408203
27603.861328
27614.332031
27624.867188
27635.550781
27646.107422
27656.792969
27667.785156
27678.726562
27689.652344
27700.644531
27711.589844
27722.349609
27733.230469
27744.156250
27755.125000
27766.189453
27777.267578
27788.308594
27799.333984
27810.451172
27821.423828
27832.417969
27843.421875
27854.441406
27865.505859
27876.546875
27887.603516
27898.642578
27909.755859
27920.798828
27931.777344
27942.810547
27953.781250
27964.820312
27975.789062
27986.720703
27997.656250
28008.585938
28019.498047
28030.355469
28041.275391
28052.218750
28063.257812
28074.298828
28085.277344
28096.269531
28107.261719
28118.271484
28129.169922
28140.052734
28150.974609
28161.869141
28172.839844
28183.792969
28194.742188
28205.675781
28216.628906
28227.539062
28238.382812
28249.320312
28260.257812
28271.224609
28282.226562
28293.199219
28304.197266
28315.226562
28326.273438
28337.175781
28348.093750
28359.029297
28370.246094
28380.486328
28391.058594
28401.955078
28412.970703
28424.320312
28435.710938
28447.234375
28458.808594
28470.394531
28482.033203
28492.103516
28502.232422
28512.376953
28522.480469
28532.597656
28542.685547
28552.734375
28562.798828
28572.935547
28583.083984
28593.193359
28603.251953
28613.369141
28623.541016
28633.660156
28643.791016
28653.990234
28664.207031
28674.396484
28684.521484
28694.619141
28704.701172
28714.792969
28724.912109
28734.988281
28745.031250
28755.072266
28765.130859
28775.177734
28785.185547
28796.849609
28806.921875
28817.000000
28827.042969
28837.113281
28847.226562
28857.292969
28868.937500
28880.560547
28892.195312
28903.812500
28915.406250
28927.054688
28938.697266
28950.324219
28960.373047
28970.423828
28982.056641
28993.669922
29003.679688
29015.298828
29026.873047
29038.458984
29050.019531
29061.574219
29073.156250
29084.742188
29096.333984
29107.953125
29119.386719
29130.441406
29141.093750
29151.607422
29161.894531
29171.929688
29183.216797
29194.343750
29205.345703
29216.248047
29227.033203
29237.775391
29248.464844
29259.082031
29269.705078
29280.371094
29291.052734
29301.914062
29312.759766
29323.601562
29334.363281
29345.164062
29356.113281
29367.511719
29377.849609
29388.501953
29399.427734
29410.636719
29421.943359
29433.367188
29444.871094
29456.533203
29466.755859
29478.138672
29489.773438
29499.791016
29511.183594
29522.492188
29533.902344
29545.167969
29556.660156
29568.244141
29579.722656
29591.224609
29602.691406
29614.218750
29624.464844
29634.726562
29644.910156
29655.041016
29665.070312
29675.240234
29685.517578
29695.701172
29705.777344
29715.904297
29726.156250
29736.345703
29746.511719
29756.603516
29766.654297
29776.687500
29786.740234
29796.808594
29806.888672
29818.445312
29829.337891
29840.000000
29850.574219
29861.013672
29871.281250
29881.376953
29892.714844
29903.902344
29914.908203
29925.810547
29936.654297
29947.451172
29958.224609
29968.980469
29979.742188
29990.494141
30001.230469
30011.986328
30022.845703
0.000000
0.000000
0.000000
0.000000
0.000000
0.000000
0.000000
0.000000
0.000000
0.000000
0.000000
0.000000
0.000000
0.000000
0.000000
0.000000
0.000000
0.000000
0.000000
0.000000
0.000000
0.000000
0.000000
0.000000
0.000000
0.000000
0.000000
0.000000
0.000000
0.000000
0.000000
0.000000
0.000000
0.000000
0.000000
0.000000
0.000000
0.000000
0.000000
0.000000
0.000000
0.000000
0.000000
0.000000
0.000000
0.000000
0.000000
0.000000
0.000000
0.000000
0.000000
0.000000
0.000000
0.000000
0.000000
0.000000
0.000000
0.000000
0.000000
0.000000
0.000000
0.000000
0.000000
0.000000
0.000000
0.000000
0.000000
0.000000
0.000000
0.000000
0.000000
0.000000
0.000000
0.000000
0.000000
0.000000
0.000000
0.000000
0.000000
0.000000
0.000000
0.000000
0.000000
0.000000
0.000000
0.000000
0.000000
0.000000
0.000000
0.000000
0.000000
0.000000
0.000000
0.000000
0.000000
0.000000
0.000000
0.000000
0.000000
0.000000
0.000000
0.000000
0.000000
0.000000
0.000000
0.000000
0.000000
0.000000
0.000000
0.000000
0.000000
0.000000
0.000000
0.000000
0.000000
0.000000
0.000000
0.000000
0.000000
0.000000
0.000000
0.000000
0.000000
0.000000
0.000000
0.000000
0.000000
0.000000
0.000000
0.000000
0.000000
0.000000
0.000000
0.000000
0.000000
0.000000
0.000000
0.000000
0.000000
0.000000
0.000000
0.000000
0.000000
0.000000
0.000000
0.000000
0.000000
0.000000
0.000000
0.000000
0.000000
0.000000
0.000000
0.000000
0.000000
0.000000
0.000000
0.000000
0.000000
0.000000
0.000000
0.000000
0.000000
0.000000
0.000000
0.000000
0.000000
0.000000
0.000000
0.000000
0.000000
0.000000
0.000000
0.000000
0.000000
0.000000
0.000000
0.000000
0.000000
0.000000
0.000000
0.000000
0.000000
0.000000
0.000000
0.000000
0.000000
0.000000
0.000000
0.000000
0.000000
0.000000
0.000000
0.000000
0.000000
0.000000
0.000000
0.000000
0.000000
0.000000
0.000000
0.000000
0.000000
0.000000
0.000000
0.000000
0.000000
0.000000
0.000000
0.000000
0.000000
0.000000
0.000000
0.000000
0.000000
0.000000
0.000000
0.000000
0.000000
0.000000
0.000000
0.000000
0.000000
0.000000
0.000000
0.000000
0.000000
0.000000
0.000000
0.000000
0.000000
0.000000
0.000000
0.000000
0.000000
0.000000
0.000000
0.000000
0.000000
0.000000
0.000000
0.000000
0.000000
0.000000
0.000000
0.000000
0.000000
0.000000
0.000000
0.000000
0.000000
0.000000
0.000000
0.000000
0.000000
0.000000
0.000000
0.000000
0.000000
0.000000
0.000000
0.000000
0.000000
0.000000
0.000000
0.000000
0.000000
0.000000
0.000000
0.000000
0.000000
0.000000
0.000000
0.000000
0.000000
0.000000
0.000000
0.000000
0.000000
0.000000
0.000000
0.000000
0.000000
0.000000
0.000000
0.000000
0.000000
0.000000
0.000000
0.000000
0.000000
0.000000
0.000000
0.000000
0.000000
0.000000
0.000000
0.000000
0.000000
0.000000
0.000000
0.000000
0.000000
0.000000
0.000000
0.000000
0.000000
0.000000
0.000000
0.000000
0.000000
0.000000
0.000000
0.000000
0.000000
0.000000
0.000000
0.000000
0.000000
0.000000
0.000000
0.000000
0.000000
0.000000
0.000000
0.000000
0.000000
0.000000
0.000000
0.000000
0.000000
0.000000
0.000000
0.000000
0.000000
0.000000
0.000000
0.000000
0.000000
0.000000
0.000000
0.000000
0.000000
0.000000
0.000000
0.000000
0.000000
0.000000
0.000000
0.000000
0.000000
0.000000
0.000000
0.000000
0.000000
0.000000
0.000000
0.000000
0.000000
0.000000
0.000000
0.000000
0.000000
0.000000
0.000000
0.000000
0.000000
0.000000
0.000000
0.000000
0.000000
0.000000
0.000000
0.000000
0.000000
0.000000
0.000000
0.000000
0.000000
0.000000
0.000000
0.000000
0.000000
0.000000
0.000000
0.000000
0.000000
0.000000
0.000000
0.000000
0.000000
0.000000
0.000000
0.000000
0.000000
0.000000
0.000000
0.000000
0.000000
0.000000
0.000000
0.000000
0.000000
0.000000
0.000000
0.000000
0.000000
0.000000
0.000000
0.000000
0.000000
0.000000
0.000000
0.000000
0.000000
0.000000
0.000000
0.000000
0.000000
0.000000
0.000000
0.000000
0.000000
0.000000
0.000000
0.000000
0.000000
0.000000
0.000000
0.000000
0.000000
0.000000
0.000000
0.000000
0.000000
0.000000
0.000000
0.000000
0.000000
0.000000
0.000000
0.000000
0.000000
0.000000
0.000000
0.000000
0.000000
0.000000
0.000000
0.000000
0.000000
0.000000
0.000000
0.000000
0.000000
0.000000
0.000000
0.000000
0.000000
0.000000
0.000000
0.000000
0.000000
0.000000
0.000000
0.000000
0.000000
0.000000
0.000000
0.000000
0.000000
0.000000
0.000000
0.000000
0.000000
0.000000
0.000000
0.000000
0.000000
0.000000
0.000000
0.000000
0.000000
0.000000
0.000000
0.000000
0.000000
0.000000
0.000000
0.000000
0.000000
0.000000
0.000000
0.000000
0.000000
0.000000
0.000000
0.000000
0.000000
0.000000
0.000000
0.000000
0.000000
0.000000
0.000000
0.000000
0.000000
0.000000
0.000000
0.000000
0.000000
0.000000
0.000000
0.000000
0.000000
0.000000
0.000000
0.000000
0.000000
0.000000
0.000000
0.000000
0.000000
0.000000
0.000000
0.000000
0.000000
0.000000
0.000000
0.000000
0.000000
0.000000
0.000000
0.000000
0.000000
0.000000
0.000000
0.000000
0.000000
0.000000
0.000000
0.000000
0.000000
0.000000
0.000000
0.000000
0.000000
0.000000
0.000000
0.000000
0.000000
0.000000
0.000000
0.000000
0.000000
0.000000
0.000000
0.000000
0.000000
0.000000
0.000000
0.000000
0.000000
0.000000
0.000000
0.000000
0.000000
0.000000
0.000000
0.000000
0.000000
0.000000
0.000000
0.000000
0.000000
0.000000
0.000000
0.000000
0.000000
0.000000
0.000000
0.000000
0.000000
0.000000
0.000000
0.000000
0.000000
0.000000
0.000000
0.000000
0.000000
0.000000
0.000000
0.000000
0.000000
0.000000
0.000000
0.000000
0.000000
0.000000
0.000000
0.000000
0.000000
0.000000
0.000000
0.000000
0.000000
0.000000
0.000000
0.000000
0.000000
0.000000
0.000000
0.000000
0.000000
0.000000
0.000000
0.000000
0.000000
0.000000
0.000000
0.000000
0.000000
0.000000
0.000000
0.000000
0.000000
0.000000
0.000000
0.000000
0.000000
0.000000
0.000000
0.000000
0.000000
0.000000
0.000000
0.000000
0.000000
0.000000
0.000000
0.000000
0.000000
0.000000
0.000000
0.000000
0.000000
0.000000
0.000000
0.000000
0.000000
0.000000
0.000000
0.000000
0.000000
0.000000
0.000000
0.000000
0.000000
0.000000
0.000000
0.000000
0.000000
0.000000
0.000000
0.000000
0.000000
0.000000
0.000000
0.000000
0.000000
0.000000
0.000000
0.000000
0.000000
0.000000
0.000000
0.000000
0.000000
0.000000
0.000000
0.000000
0.000000
0.000000
0.000000
0.000000
0.000000
0.000000
0.000000
0.000000
0.000000
0.000000
0.000000
0.000000
0.000000
0.000000
0.000000
0.000000
0.000000
0.000000
0.000000
0.000000
0.000000
0.000000
0.000000
0.000000
0.000000
0.000000
0.000000
0.000000
0.000000
0.000000
0.000000
0.000000
0.000000
0.000000
0.000000
0.000000
0.000000
0.000000
0.000000
0.000000
0.000000
0.000000
0.000000
0.000000
0.000000
0.000000
0.000000
0.000000
0.000000
0.000000
0.000000
0.000000
0.000000
0.000000
0.000000
0.000000
0.000000
0.000000
0.000000
0.000000
0.000000
0.000000
0.000000
0.000000
0.000000
0.000000
0.000000
0.000000
0.000000
0.000000
0.000000
0.000000
0.000000
0.000000
0.000000
0.000000
0.000000
0.000000
0.000000
0.000000
0.000000
0.000000
0.000000
0.000000
0.000000
0.000000
0.000000
0.000000
0.000000
0.000000
0.000000
0.000000
0.000000
0.000000
0.000000
0.000000
0.000000
0.000000
0.000000
0.000000
0.000000
0.000000
0.000000
0.000000
0.000000
0.000000
0.000000
0.000000
0.000000
0.000000
0.000000
0.000000
0.000000
0.000000
0.000000
0.000000
0.000000
0.000000
0.000000
0.000000
0.000000
0.000000
0.000000
0.000000
0.000000
0.000000
0.000000
0.000000
0.000000
0.000000
0.000000
0.000000
0.000000
0.000000
0.000000
0.000000
0.000000
0.000000
0.000000
0.000000
0.000000
0.000000
0.000000
0.000000
0.000000
0.000000
0.000000
0.000000
0.000000
0.000000
0.000000
0.000000
0.000000
0.000000
0.000000
0.000000
0.000000
0.000000
0.000000
0.000000
0.000000
0.000000
0.000000
0.000000
0.000000
0.000000
0.000000
0.000000
0.000000
0.000000
0.000000
0.000000
0.000000
0.000000
0.000000
0.000000
0.000000
0.000000
0.000000
0.000000
0.000000
0.000000
0.000000
0.000000
0.000000
0.000000
0.000000
0.000000
0.000000
0.000000
0.000000
0.000000
0.000000
0.000000
0.000000
0.000000
0.000000
0.000000
0.000000
0.000000
0.000000
0.000000
0.000000
0.000000
0.000000
0.000000
0.000000
0.000000
0.000000
0.000000
0.000000
0.000000
0.000000
0.000000
0.000000
0.000000
0.000000
0.000000
0.000000
0.000000
0.000000
0.000000
0.000000
0.000000
0.000000
0.000000
0.000000
0.000000
0.000000
0.000000
0.000000
0.000000
0.000000
0.000000
0.000000
0.000000
0.000000
0.000000
0.000000
0.000000
0.000000
0.000000
0.000000
0.000000
0.000000
0.000000
0.000000
0.000000
0.000000
0.000000
0.000000
0.000000
0.000000
0.000000
0.000000
0.000000
0.000000
0.000000
0.000000
0.000000
0.000000
0.000000
0.000000
0.000000
0.000000
0.000000
0.000000
0.000000
0.000000
0.000000
0.000000
0.000000
0.000000
0.000000
0.000000
0.000000
0.000000
0.000000
0.000000
0.000000
0.000000
0.000000
0.000000
0.000000
0.000000
0.000000
0.000000
0.000000
0.000000
0.000000
0.000000
0.000000
0.000000
0.000000
0.000000
0.000000
0.000000
0.000000
0.000000
0.000000
0.000000
0.000000
0.000000
0.000000
0.000000
0.000000
0.000000
0.000000
0.000000
0.000000
0.000000
0.000000
0.000000
0.000000
0.000000
0.000000
0.000000
0.000000
0.000000
0.000000
0.000000
0.000000
0.000000
0.000000
0.000000
0.000000
0.000000
0.000000
0.000000
0.000000
0.000000
0.000000
0.000000
0.000000
0.000000
0.000000
0.000000
0.000000
0.000000
0.000000
0.000000
0.000000
0.000000
0.000000
0.000000
0.000000
0.000000
0.000000
0.000000
0.000000
0.000000
0.000000
0.000000
0.000000
0.000000
0.000000
0.000000
0.000000
0.000000
0.000000
0.000000
0.000000
0.000000
0.000000
0.000000
0.000000
0.000000
0.000000
0.000000
0.000000
0.000000
0.000000
0.000000
0.000000
0.000000
0.000000
0.000000
0.000000
0.000000
0.000000
0.000000
0.000000
0.000000
0.000000
0.000000
0.000000
0.000000
0.000000
0.000000
0.000000
0.000000
0.000000
0.000000
0.000000
0.000000
0.000000
0.000000
0.000000
0.000000
0.000000
0.000000
0.000000
0.000000
0.000000
0.000000
0.000000
0.000000
0.000000
0.000000
0.000000
0.000000
0.000000
0.000000
0.000000
0.000000
0.000000
0.000000
0.000000
0.000000
0.000000
0.000000
0.000000
0.000000
0.000000
0.000000
0.000000
0.000000
0.000000
0.000000
0.000000
0.000000
0.000000
0.000000
0.000000
0.000000
0.000000
0.000000
0.000000
0.000000
0.000000
0.000000
0.000000
0.000000
0.000000
0.000000
0.000000
0.000000
0.000000
0.000000
0.000000
0.000000
0.000000
0.000000
0.000000
0.000000
0.000000
0.000000
0.000000
0.000000
0.000000
0.000000
0.000000
0.000000
0.000000
0.000000
0.000000
0.000000
0.000000
0.000000
0.000000
0.000000
0.000000
0.000000
0.000000
0.000000
0.000000
0.000000
0.000000
0.000000
0.000000
0.000000
0.000000
0.000000
0.000000
0.000000
0.000000
0.000000
0.000000
0.000000
0.000000
0.000000
0.000000
0.000000
0.000000
0.000000
0.000000
0.000000
0.000000
0.000000
0.000000
0.000000
0.000000
0.000000
0.000000
0.000000
0.000000
0.000000
0.000000
0.000000
0.000000
0.000000
0.000000
0.000000
0.000000
0.000000
0.000000
0.000000
0.000000
0.000000
0.000000
0.000000
0.000000
0.000000
0.000000
0.000000
0.000000
0.000000
0.000000
0.000000
0.000000
0.000000
0.000000
0.000000
0.000000
0.000000
0.000000
0.000000
0.000000
0.000000
0.000000
0.000000
0.000000
0.000000
0.000000
0.000000
0.000000
0.000000
0.000000
0.000000
0.000000
0.000000
0.000000
0.000000
0.000000
0.000000
0.000000
0.000000
0.000000
0.000000
0.000000
0.000000
0.000000
0.000000
0.000000
0.000000
0.000000
0.000000
0.000000
0.000000
0.000000
0.000000
0.000000
0.000000
0.000000
0.000000
0.000000
0.000000
0.000000
0.000000
0.000000
0.000000
0.000000
0.000000
0.000000
0.000000
0.000000
0.000000
0.000000
0.000000
0.000000
0.000000
0.000000
0.000000
0.000000
0.000000
0.000000
0.000000
0.000000
0.000000
0.000000
0.000000
0.000000
0.000000
0.000000
0.000000
0.000000
0.000000
0.000000
0.000000
0.000000
0.000000
0.000000
0.000000
0.000000
0.000000
0.000000
0.000000
0.000000
0.000000
0.000000
0.000000
0.000000
0.000000
0.000000
0.000000
0.000000
0.000000
0.000000
0.000000
0.000000
0.000000
0.000000
0.000000
0.000000
0.000000
0.000000
0.000000
0.000000
0.000000
0.000000
0.000000
0.000000
0.000000
0.000000
0.000000
0.000000
0.000000
0.000000
0.000000
0.000000
0.000000
0.000000
0.000000
0.000000
0.000000
0.000000
0.000000
0.000000
0.000000
0.000000
0.000000
0.000000
0.000000
0.000000
0.000000
0.000000
0.000000
0.000000
0.000000
0.000000
0.000000
0.000000
0.000000
0.000000
0.000000
0.000000
0.000000
0.000000
0.000000
0.000000
0.000000
0.000000
0.000000
0.000000
0.000000
0.000000
0.000000
0.000000
0.000000
0.000000
0.000000
0.000000
0.000000
0.000000
0.000000
0.000000
0.000000
0.000000
0.000000
0.000000
0.000000
0.000000
0.000000
0.000000
0.000000
0.000000
0.000000
0.000000
0.000000
0.000000
0.000000
0.000000
0.000000
0.000000
0.000000
0.000000
0.000000
0.000000
0.000000
0.000000
0.000000
0.000000
0.000000
0.000000
0.000000
0.000000
0.000000
0.000000
0.000000
0.000000
0.000000
0.000000
0.000000
0.000000
0.000000
0.000000
0.000000
0.000000
0.000000
0.000000
0.000000
0.000000
0.000000
0.000000
0.000000
0.000000
0.000000
0.000000
0.000000
0.000000
0.000000
0.000000
0.000000
0.000000
0.000000
0.000000
0.000000
0.000000
0.000000
0.000000
0.000000
0.000000
0.000000
0.000000
0.000000
0.000000
0.000000
0.000000
0.000000
0.000000
0.000000
0.000000
0.000000
0.000000
0.000000
0.000000
0.000000
0.000000
0.000000
0.000000
0.000000
0.000000
0.000000
0.000000
0.000000
0.000000
0.000000
0.000000
0.000000
0.000000
0.000000
0.000000
0.000000
0.000000
0.000000
0.000000
0.000000
0.000000
0.000000
0.000000
0.000000
0.000000
0.000000
0.000000
0.000000
0.000000
0.000000
0.000000
0.000000
0.000000
0.000000
0.000000
0.000000
0.000000
0.000000
0.000000
0.000000
0.000000
0.000000
0.000000
0.000000
0.000000
0.000000
0.000000
0.000000
0.000000
0.000000
0.000000
0.000000
0.000000
0.000000
0.000000
0.000000
0.000000
0.000000
0.000000
0.000000
0.000000
0.000000
0.000000
0.000000
0.000000
0.000000
0.000000
0.000000
0.000000
0.000000
0.000000
0.000000
0.000000
0.000000
0.000000
0.000000
0.000000
0.000000
0.000000
0.000000
0.000000
0.000000
0.000000
0.000000
0.000000
0.000000
0.000000
0.000000
0.000000
0.000000
0.000000
0.000000
0.000000
0.000000
0.000000
0.000000
0.000000
0.000000
0.000000
0.000000
0.000000
0.000000
0.000000
0.000000
0.000000
0.000000
0.000000
0.000000
0.000000
0.000000
0.000000
0.000000
0.000000
0.000000
0.000000
0.000000
0.000000
0.000000
0.000000
0.000000
0.000000
0.000000
0.000000
0.000000
0.000000
0.000000
0.000000
0.000000
0.000000
0.000000
0.000000
0.000000
0.000000
0.000000
0.000000
0.000000
0.000000
0.000000
0.000000
0.000000
0.000000
0.000000
0.000000
0.000000
0.000000
0.000000
0.000000
0.000000
0.000000
0.000000
0.000000
0.000000
0.000000
0.000000
0.000000
0.000000
0.000000
0.000000
0.000000
0.000000
0.000000
0.000000
0.000000
0.000000
0.000000
0.000000
0.000000
0.000000
0.000000
0.000000
0.000000
0.000000
0.000000
0.000000
0.000000
0.000000
0.000000
0.000000
0.000000
0.000000
0.000000
0.000000
0.000000
0.000000
0.000000
0.000000
0.000000
0.000000
0.000000
0.000000
0.000000
0.000000
0.000000
0.000000
0.000000
0.000000
0.000000
0.000000
0.000000
0.000000
0.000000
0.000000
0.000000
0.000000
0.000000
0.000000
0.000000
0.000000
0.000000
0.000000
0.000000
0.000000
0.000000
0.000000
0.000000
0.000000
0.000000
0.000000
0.000000
0.000000
0.000000
0.000000
0.000000
0.000000
0.000000
0.000000
0.000000
0.000000
0.000000
0.000000
0.000000
0.000000
0.000000
0.000000
0.000000
0.000000
0.000000
0.000000
0.000000
0.000000
0.000000
0.000000
0.000000
0.000000
0.000000
0.000000
0.000000
0.000000
0.000000
0.000000
0.000000
0.000000
0.000000
0.000000
0.000000
0.000000
0.000000
0.000000
0.000000
0.000000
0.000000
0.000000
0.000000
0.000000
0.000000
0.000000
0.000000
0.000000
0.000000
0.000000
0.000000
0.000000
0.000000
0.000000
0.000000
0.000000
0.000000
0.000000
0.000000
0.000000
0.000000
0.000000
0.000000
0.000000
0.000000
0.000000
0.000000
0.000000
0.000000
0.000000
0.000000
0.000000
0.000000
0.000000
0.000000
0.000000
0.000000
0.000000
0.000000
0.000000
0.000000
0.000000
0.000000
0.000000
0.000000
0.000000
0.000000
0.000000
0.000000
0.000000
0.000000
0.000000
0.000000
0.000000
0.000000
0.000000
0.000000
0.000000
0.000000
0.000000
0.000000
0.000000
0.000000
0.000000
0.000000
0.000000
0.000000
0.000000
0.000000
0.000000
0.000000
0.000000
0.000000
0.000000
0.000000
0.000000
0.000000
0.000000
0.000000
0.000000
0.000000
0.000000
0.000000
0.000000
0.000000
0.000000
0.000000
0.000000
0.000000
0.000000
0.000000
0.000000
0.000000
0.000000
0.000000
0.000000
0.000000
0.000000
0.000000
0.000000
0.000000
0.000000
0.000000
0.000000
0.000000
0.000000
0.000000
0.000000
0.000000
0.000000
0.000000
0.000000
0.000000
0.000000
0.000000
0.000000
0.000000
0.000000
0.000000
0.000000
0.000000
0.000000
0.000000
0.000000
0.000000
0.000000
0.000000
0.000000
0.000000
0.000000
0.000000
0.000000
0.000000
0.000000
0.000000
0.000000
0.000000
0.000000
0.000000
0.000000
0.000000
0.000000
0.000000
0.000000
0.000000
0.000000
0.000000
0.000000
0.000000
0.000000
0.000000
0.000000
0.000000
0.000000
0.000000
0.000000
0.000000
0.000000
0.000000
0.000000
0.000000
0.000000
0.000000
0.000000
0.000000
0.000000
0.000000
0.000000
0.000000
0.000000
0.000000
0.000000
0.000000
0.000000
0.000000
0.000000
0.000000
0.000000
0.000000
0.000000
0.000000
0.000000
0.000000
0.000000
0.000000
0.000000
0.000000
0.000000
0.000000
0.000000
0.000000
0.000000
0.000000
0.000000
0.000000
0.000000
0.000000
0.000000
0.000000
0.000000
0.000000
0.000000
0.000000
0.000000
0.000000
0.000000
0.000000
0.000000
0.000000
0.000000
0.000000
0.000000
0.000000
0.000000
0.000000
0.000000
0.000000
0.000000
0.000000
0.000000
0.000000
0.000000
0.000000
0.000000
0.000000
0.000000
0.000000
0.000000
0.000000
0.000000
0.000000
0.000000
0.000000
0.000000
0.000000
0.000000
0.000000
0.000000
0.000000
0.000000
0.000000
0.000000
0.000000
0.000000
0.000000
0.000000
0.000000
0.000000
0.000000
0.000000
0.000000
0.000000
0.000000
0.000000
0.000000
0.000000
0.000000
0.000000
0.000000
0.000000
0.000000
0.000000
0.000000
0.000000
0.000000
0.000000
0.000000
0.000000
0.000000
0.000000
0.000000
0.000000
0.000000
0.000000
0.000000
0.000000
0.000000
0.000000
0.000000
0.000000
0.000000
0.000000
0.000000
0.000000
0.000000
0.000000
0.000000
0.000000
0.000000
0.000000
0.000000
0.000000
0.000000
0.000000
0.000000
0.000000
0.000000
0.000000
0.000000
0.000000
0.000000
0.000000
0.000000
0.000000
0.000000
0.000000
0.000000
0.000000
0.000000
0.000000
0.000000
0.000000
0.000000
0.000000
0.000000
0.000000
0.000000
0.000000
0.000000
0.000000
0.000000
0.000000
0.000000
0.000000
0.000000
0.000000
0.000000
0.000000
0.000000
0.000000
0.000000
0.000000
0.000000
0.000000
0.000000
0.000000
0.000000
0.000000
0.000000
0.000000
0.000000
0.000000
0.000000
0.000000
0.000000
0.000000
0.000000
0.000000
0.000000
0.000000
0.000000
0.000000
0.000000
0.000000
0.000000
0.000000
0.000000
0.000000
0.000000
0.000000
0.000000
0.000000
0.000000
0.000000
0.000000
0.000000
0.000000
0.000000
0.000000
0.000000
0.000000
0.000000
0.000000
0.000000
0.000000
0.000000
0.000000
0.000000
0.000000
0.000000
0.000000
0.000000
0.000000
0.000000
0.000000
0.000000
0.000000
0.000000
0.000000
0.000000
0.000000
0.000000
0.000000
0.000000
0.000000
0.000000
0.000000
0.000000
0.000000
0.000000
0.000000
0.000000
0.000000
0.000000
0.000000
0.000000
0.000000
0.000000
0.000000
0.000000
0.000000
0.000000
0.000000
0.000000
0.000000
0.000000
0.000000
0.000000
0.000000
0.000000
0.000000
0.000000
0.000000
0.000000
0.000000
0.000000
0.000000
0.000000
0.000000
0.000000
0.000000
0.000000
0.000000
0.000000
0.000000
0.000000
0.000000
0.000000
0.000000
0.000000
0.000000
0.000000
0.000000
0.000000
0.000000
0.000000
0.000000
0.000000
0.000000
0.000000
0.000000
0.000000
0.000000
0.000000
0.000000
0.000000
0.000000
0.000000
0.000000
0.000000
0.000000
0.000000
0.000000
0.000000
0.000000
0.000000
0.000000
0.000000
0.000000
0.000000
0.000000
0.000000
0.000000
0.000000
0.000000
0.000000
0.000000
0.000000
0.000000
0.000000
0.000000
0.000000
0.000000
0.000000
0.000000
0.000000
0.000000
0.000000
0.000000
0.000000
0.000000
0.000000
0.000000
0.000000
0.000000
0.000000
0.000000
0.000000
0.000000
0.000000
0.000000
0.000000
0.000000
0.000000
0.000000
0.000000
0.000000
0.000000
0.000000
0.000000
0.000000
0.000000
0.000000
0.000000
0.000000
0.000000
0.000000
0.000000
0.000000
0.000000
0.000000
0.000000
0.000000
0.000000
0.000000
0.000000
0.000000
0.000000
0.000000
0.000000
0.000000
0.000000
0.000000
0.000000
0.000000
0.000000
0.000000
0.000000
0.000000
0.000000
0.000000
0.000000
0.000000
0.000000
0.000000
0.000000
0.000000
0.000000
0.000000
0.000000
0.000000
0.000000
0.000000
0.000000
0.000000
0.000000
0.000000
0.000000
0.000000
0.000000
0.000000
0.000000
0.000000
0.000000
0.000000
0.000000
0.000000
0.000000
0.000000
0.000000
0.000000
0.000000
0.000000
0.000000
0.000000
0.000000
0.000000
0.000000
0.000000
0.000000
0.000000
0.000000
0.000000
0.000000
0.000000
0.000000
0.000000
0.000000
0.000000
0.000000
0.000000
0.000000
0.000000
0.000000
0.000000
0.000000
0.000000
0.000000
0.000000
0.000000
0.000000
0.000000
0.000000
0.000000
0.000000
0.000000
0.000000
0.000000
0.000000
0.000000
0.000000
0.000000
0.000000
0.000000
0.000000
0.000000
0.000000
0.000000
0.000000
0.000000
0.000000
0.000000
0.000000
0.000000
0.000000
0.000000
0.000000
0.000000
0.000000
0.000000
0.000000
0.000000
0.000000
0.000000
0.000000
0.000000
0.000000
0.000000
0.000000
0.000000
0.000000
0.000000
0.000000
0.000000
0.000000
0.000000
0.000000
0.000000
0.000000
0.000000
0.000000
0.000000
0.000000
0.000000
0.000000
0.000000
0.000000
0.000000
0.000000
0.000000
0.000000
0.000000
0.000000
0.000000
0.000000
0.000000
0.000000
0.000000
0.000000
0.000000
0.000000
0.000000
0.000000
0.000000
0.000000
0.000000
0.000000
0.000000
0.000000
0.000000
0.000000
0.000000
0.000000
0.000000
0.000000
0.000000
0.000000
0.000000
0.000000
0.000000
0.000000
0.000000
0.000000
0.000000
0.000000
0.000000
0.000000
0.000000
0.000000
0.000000
0.000000
0.000000
0.000000
0.000000
0.000000
0.000000
0.000000
0.000000
0.000000
0.000000
0.000000
0.000000
0.000000
0.000000
0.000000
0.000000
0.000000
0.000000
0.000000
0.000000
0.000000
0.000000
0.000000
0.000000
0.000000
0.000000
0.000000
0.000000
0.000000
0.000000
0.000000
0.000000
0.000000
0.000000
0.000000
0.000000
0.000000
0.000000
0.000000
0.000000
0.000000
0.000000
0.000000
0.000000
0.000000
0.000000
0.000000
0.000000
0.000000
0.000000
0.000000
0.000000
0.000000
0.000000
0.000000
0.000000
0.000000
0.000000
0.000000
0.000000
0.000000
0.000000
0.000000
0.000000
0.000000
0.000000
0.000000
0.000000
0.000000
0.000000
0.000000
0.000000
0.000000
0.000000
0.000000
0.000000
0.000000
0.000000
0.000000
0.000000
0.000000
0.000000
0.000000
0.000000
0.000000
0.000000
0.000000
0.000000
0.000000
0.000000
0.000000
0.000000
0.000000
0.000000
0.000000
0.000000
0.000000
0.000000
0.000000
0.000000
0.000000
0.000000
0.000000
0.000000
0.000000
0.000000
0.000000
0.000000
0.000000
0.000000
0.000000
0.000000
0.000000
0.000000
0.000000
0.000000
0.000000
0.000000
0.000000
0.000000
0.000000
0.000000
0.000000
0.000000
0.000000
0.000000
0.000000
0.000000
0.000000
0.000000
0.000000
0.000000
0.000000
0.000000
0.000000
0.000000
0.000000
0.000000
0.000000
0.000000
0.000000
0.000000
0.000000
0.000000
0.000000
0.000000
0.000000
0.000000
0.000000
0.000000
0.000000
0.000000
0.000000
0.000000
0.000000
0.000000
0.000000
0.000000
0.000000
0.000000
0.000000
0.000000
0.000000
0.000000
0.000000
0.000000
0.000000
0.000000
0.000000
0.000000
0.000000
0.000000
0.000000
0.000000
0.000000
0.000000
0.000000
0.000000
0.000000
0.000000
0.000000
0.000000
0.000000
0.000000
0.000000
0.000000
0.000000
0.000000
0.000000
0.000000
0.000000
0.000000
0.000000
0.000000
0.000000
0.000000
0.000000
0.000000
0.000000
0.000000
0.000000
0.000000
0.000000
0.000000
0.000000
0.000000
0.000000
0.000000
0.000000
0.000000
0.000000
0.000000
0.000000
0.000000
0.000000
0.000000
0.000000
0.000000
0.000000
0.000000
0.000000
0.000000
0.000000
0.000000
0.000000
0.000000
0.000000
0.000000
0.000000
0.000000
0.000000
0.000000
0.000000
0.000000
0.000000
0.000000
0.000000
0.000000
0.000000
0.000000
0.000000
0.000000
0.000000
0.000000
0.000000
0.000000
0.000000
0.000000
0.000000
0.000000
0.000000
0.000000
0.000000
0.000000
0.000000
0.000000
0.000000
0.000000
0.000000
0.000000
0.000000
0.000000
0.000000
0.000000
0.000000
0.000000
0.000000
0.000000
0.000000
0.000000
0.000000
0.000000
0.000000
0.000000
0.000000
0.000000
0.000000
0.000000
0.000000
0.000000
0.000000
0.000000
0.000000
0.000000
0.000000
0.000000
0.000000
0.000000
0.000000
0.000000
0.000000
0.000000
0.000000
0.000000
0.000000
0.000000
0.000000
0.000000
0.000000
0.000000
0.000000
0.000000
0.000000
0.000000
0.000000
0.000000
0.000000
0.000000
0.000000
0.000000
0.000000
0.000000
0.000000
0.000000
0.000000
0.000000
0.000000
0.000000
0.000000
0.000000
0.000000
0.000000
0.000000
0.000000
0.000000
0.000000
0.000000
0.000000
0.000000
0.000000
0.000000
0.000000
0.000000
0.000000
0.000000
0.000000
0.000000
0.000000
0.000000
0.000000
0.000000
0.000000
0.000000
0.000000
0.000000
0.000000
0.000000
0.000000
0.000000
0.000000
0.000000
0.000000
0.000000
0.000000
0.000000
0.000000
0.000000
0.000000
0.000000
0.000000
0.000000
0.000000
0.000000
0.000000
0.000000
0.000000
0.000000
0.000000
0.000000
0.000000
0.000000
0.000000
0.000000
0.000000
0.000000
0.000000
0.000000
0.000000
0.000000
0.000000
0.000000
0.000000
0.000000
0.000000
0.000000
0.000000
0.000000
0.000000
0.000000
0.000000
0.000000
0.000000
0.000000
0.000000
0.000000
0.000000
0.000000
0.000000
0.000000
0.000000
0.000000
0.000000
0.000000
0.000000
0.000000
0.000000
0.000000
0.000000
0.000000
0.000000
0.000000
0.000000
0.000000
0.000000
0.000000
0.000000
0.000000
0.000000
0.000000
0.000000
0.000000
0.000000
0.000000
0.000000
0.000000
0.000000
0.000000
0.000000
0.000000
0.000000
0.000000
0.000000
0.000000
0.000000
0.000000
0.000000
0.000000
0.000000
0.000000
0.000000
0.000000
0.000000
0.000000
0.000000
0.000000
0.000000
0.000000
0.000000
0.000000
0.000000
0.000000
0.000000
0.000000
0.000000
0.000000
0.000000
0.000000
0.000000
0.000000
0.000000
0.000000
0.000000
0.000000
0.000000
0.000000
0.000000
0.000000
0.000000
0.000000
0.000000
0.000000
0.000000
0.000000
0.000000
0.000000
0.000000
0.000000
0.000000
0.000000
0.000000
0.000000
0.000000
0.000000
0.000000
0.000000
0.000000
0.000000
0.000000
0.000000
0.000000
0.000000
0.000000
0.000000
0.000000
0.000000
0.000000
0.000000
0.000000
0.000000
0.000000
0.000000
0.000000
0.000000
0.000000
0.000000
0.000000
0.000000
0.000000
0.000000
0.000000
0.000000
0.000000
0.000000
0.000000
0.000000
0.000000
0.000000
0.000000
0.000000
0.000000
0.000000
0.000000
0.000000
0.000000
0.000000
0.000000
0.000000
0.000000
0.000000
0.000000
0.000000
0.000000
0.000000
0.000000
0.000000
0.000000
0.000000
0.000000
0.000000
0.000000
0.000000
0.000000
0.000000
0.000000
0.000000
0.000000
0.000000
0.000000
0.000000
0.000000
0.000000
0.000000
0.000000
0.000000
0.000000
0.000000
0.000000
0.000000
0.000000
0.000000
0.000000
0.000000
0.000000
0.000000
0.000000
0.000000
0.000000
0.000000
0.000000
0.000000
0.000000
0.000000
0.000000
0.000000
0.000000
0.000000
0.000000
0.000000
0.000000
0.000000
0.000000
0.000000
0.000000
0.000000
0.000000
0.000000
0.000000
0.000000
0.000000
0.000000
0.000000
0.000000
0.000000
0.000000
0.000000
0.000000
0.000000
0.000000
0.000000
0.000000
0.000000
0.000000
0.000000
0.000000
0.000000
0.000000
0.000000
0.000000
0.000000
0.000000
0.000000
0.000000
0.000000
0.000000
0.000000
0.000000
0.000000
0.000000
0.000000
0.000000
0.000000
0.000000
0.000000
0.000000
0.000000
0.000000
0.000000
0.000000
0.000000
0.000000
0.000000
0.000000
0.000000
0.000000
0.000000
0.000000
0.000000
0.000000
0.000000
0.000000
0.000000
0.000000
0.000000
0.000000
0.000000
0.000000
0.000000
0.000000
0.000000
0.000000
0.000000
0.000000
0.000000
0.000000
0.000000
0.000000
0.000000
0.000000
0.000000
0.000000
0.000000
0.000000
0.000000
0.000000
0.000000
0.000000
0.000000
0.000000
0.000000
0.000000
0.000000
0.000000
0.000000
0.000000
0.000000
0.000000
0.000000
0.000000
0.000000
0.000000
0.000000
0.000000
0.000000
0.000000
0.000000
0.000000
0.000000
0.000000
0.000000
0.000000
0.000000
0.000000
0.000000
0.000000
0.000000
0.000000
