10.886783
10.779469
10.745157
10.846483
10.860540
10.804020
10.789639
10.756403
10.694997
10.766822
10.839485
10.811338
10.786576
10.779260
10.703097
10.701944
10.797075
10.793036
10.753303
10.751264
10.753008
10.713265
10.795808
10.834307
10.762815
10.745590
10.763703
10.728104
10.739094
10.800480
10.749814
10.747305
10.728059
10.676555
10.647774
10.738570
10.764118
10.721870
10.713003
10.717322
10.660434
10.722146
10.780511
10.750357
10.746244
10.762712
10.729992
10.750830
10.818809
10.830436
10.855955
10.834826
10.805822
10.757802
10.995008
10.926091
10.769336
10.692645
10.686506
10.663579
10.674658
10.740434
10.698545
10.678572
10.680992
10.656155
10.627443
10.721761
10.757044
10.725550
10.710072
10.670071
10.556033
10.728032
10.794988
10.806995
10.770689
10.748822
10.843109
10.763982
10.546373
10.525389
10.514594
10.766075
10.210347
10.911344
10.528667
10.242279
10.650549
10.496873
10.653804
10.422834
10.927584
10.973886
10.744338
10.778011
10.628258
10.649382
10.701955
10.825247
10.821093
10.944685
10.893738
10.757937
10.791897
10.780784
10.774520
10.733713
10.738026
10.751565
10.650125
10.593463
10.677232
10.690525
10.689441
10.689411
10.714920
10.692080
10.752134
10.853470
10.817975
10.766197
10.740779
10.729088
10.732763
10.815296
10.823292
10.773797
10.773436
10.776978
10.745234
10.775985
10.813192
10.774384
10.729584
10.717989
10.730581
10.737949
10.804749
10.801703
10.780773
10.806167
10.895352
10.903667
10.845781
10.840478
10.827574
10.805442
10.811296
10.776125
10.832012
10.822718
10.856001
10.833282
10.790780
10.737040
10.674941
10.705292
10.694945
10.683645
10.640587
10.703659
10.753389
10.730898
10.696320
10.732547
10.816014
10.812113
10.773313
10.815436
10.773990
10.712803
10.721304
10.787247
10.770570
10.729834
10.685304
10.663586
10.690605
10.743307
10.775071
10.747195
10.732928
10.702616
10.703995
10.719415
10.754844
10.777602
10.768948
10.716467
10.697987
10.711579
10.726063
10.762628
10.762818
10.715763
10.697551
10.721652
10.730580
10.767144
10.770363
10.745617
10.703005
10.714806
10.720799
10.796530
10.855954
10.832425
10.756814
10.750136
10.799397
10.793797
10.755642
10.732547
10.717244
10.750245
10.732283
10.730538
10.733363
10.675801
10.751287
10.804857
10.741495
10.702690
10.716441
10.719195
10.776011
10.815585
10.813035
10.821969
10.735353
10.746912
10.763686
10.774861
10.764598
10.743300
10.722848
10.709894
10.752871
10.799579
10.781772
10.742557
10.813953
10.866709
10.879654
10.798171
10.829151
10.833451
10.766747
10.691685
10.654047
10.761500
10.849272
10.819976
10.782653
10.698477
10.687827
10.695847
10.666484
10.709740
10.676908
10.761944
10.698755
10.658871
10.654158
10.603715
10.600897
10.679523
10.690816
10.748902
10.800238
10.764547
10.846473
10.774810
10.679282
10.691856
10.723546
10.747068
10.716425
10.741442
10.769081
10.809835
10.799345
10.762664
10.801666
10.867225
10.809741
10.778224
10.802566
10.790898
10.770692
10.831518
10.912740
10.872627
10.782375
10.755004
10.775425
10.814266
10.795456
10.728570
10.744038
10.751066
10.781208
10.743699
10.654846
10.670756
10.695799
10.743516
10.714663
10.726043
10.749040
10.718212
10.751578
10.655849
10.582103
10.585913
10.636980
10.747847
10.782634
10.756771
10.754345
10.733050
10.751005
10.726197
10.723960
10.862630
10.794394
10.761142
10.742848
10.760634
10.845966
10.695841
10.705979
10.742371
10.682820
10.612444
10.652022
10.676293
10.758108
10.887395
10.937325
10.873625
10.780041
10.753800
10.838096
10.836328
10.818230
10.740144
10.764443
10.777274
10.730998
10.687458
10.651442
10.694174
10.770130
10.772368
10.765249
10.745170
10.772676
10.742743
10.793012
10.709888
10.650300
10.665082
10.679404
10.747769
10.797539
10.745307
10.725731
10.721248
10.753454
10.821548
10.838806
10.816065
10.777950
10.719355
10.803780
10.733918
10.692097
10.725888
10.757644
10.751713
10.741900
10.730875
10.749240
10.761752
10.753728
10.785228
10.767796
10.775242
10.776282
10.800163
10.795256
10.741325
10.693458
10.726477
10.731042
10.807383
10.760163
10.713700
10.739326
10.758381
10.784569
10.776796
10.858768
10.821423
10.758009
10.673245
10.651941
10.613004
10.821990
10.797603
10.705490
10.715130
10.677081
10.755109
10.812017
10.781260
10.751356
10.703069
10.715758
10.797718
10.825558
10.831140
10.767767
10.750219
10.748399
10.686122
10.700167
10.693152
10.720876
10.761786
10.734597
10.734471
10.691503
10.741234
10.765346
10.727215
10.744289
10.684393
10.849595
10.780571
10.738721
10.727692
10.712027
10.859830
10.783565
10.802068
10.962369
10.745161
10.626307
10.618522
10.629114
10.651473
10.693505
10.693186
10.745507
10.782497
10.834358
10.885656
10.791945
10.765212
10.744849
10.742360
10.754519
10.703222
10.670866
10.737920
10.761917
10.687134
10.648662
10.715235
10.710448
10.814549
10.854305
10.831859
10.799136
10.739536
10.823461
10.807514
10.859210
10.816555
10.705841
10.785317
10.805828
10.714052
10.701128
10.724945
10.787238
10.747190
10.784153
10.845783
10.770226
10.728390
10.726912
10.741155
10.831098
10.866807
10.974425
10.016081
10.987948
10.829163
10.543329
10.476829
10.524409
10.414103
10.695784
10.726582
10.764120
10.689424
10.577475
10.628878
10.733474
10.774180
10.860422
10.893052
10.856984
10.836479
10.751788
10.672737
10.499797
10.479275
10.448234
10.523491
10.563195
10.642759
10.737112
10.782663
10.853741
10.809540
10.775816
10.814860
10.817739
10.766687
10.742434
10.732501
10.672743
10.715369
10.790704
10.767122
10.745786
10.747581
10.702496
10.710942
10.811743
10.835379
10.790432
10.791962
10.736142
10.725332
10.758168
10.786024
10.801355
10.784601
10.727339
10.731393
10.766289
10.716749
10.754279
10.808136
10.771124
10.816829
10.793110
10.713251
10.689846
10.731518
10.702957
10.743867
10.784199
10.745838
10.680925
10.678041
10.652727
10.716537
10.750860
10.685967
10.718493
10.680108
10.577053
10.767665
10.738551
10.766448
10.929109
10.684977
10.665125
10.649835
10.632879
10.652840
10.691331
10.707439
10.721416
10.809394
10.851369
10.883344
10.896779
10.835108
10.816037
10.848896
10.815944
10.762414
10.792772
10.764479
10.764512
10.817397
10.783895
10.718883
10.737417
10.731944
10.741032
10.807308
10.809620
10.772617
10.766376
10.732755
10.773986
10.838260
10.781558
10.731759
10.729253
10.658125
10.730966
10.814204
10.760489
10.722291
10.720476
10.669278
10.687042
10.775042
10.791934
10.808654
10.796357
10.724740
10.739808
10.762012
10.755341
10.766825
10.777299
10.728218
10.764165
10.792199
10.745932
10.748892
10.771029
10.730706
10.766655
10.793224
10.750239
10.700127
10.700425
10.732618
10.764425
10.799238
10.756911
10.747803
10.710847
10.712686
10.791708
10.796447
10.731304
10.738658
10.719858
10.698665
10.779103
10.825004
10.835106
10.852510
10.784095
10.741301
10.670814
10.733822
10.670441
10.618510
10.587953
10.762568
10.764740
10.688862
10.649225
10.631659
10.622217
10.693916
10.795887
10.824402
10.778984
10.795404
10.768487
10.832600
10.838774
10.777567
10.752026
10.732053
10.699866
10.778942
10.815237
10.762609
10.776676
10.830323
10.778232
10.834965
10.842072
10.805447
10.769319
10.747978
10.677280
10.702878
10.776939
10.775917
10.763558
10.773292
10.701915
10.758729
10.754366
10.742469
10.775827
10.744474
10.730996
10.786429
10.783685
10.716692
10.734653
10.761604
10.720054
10.760753
10.762946
10.726897
10.698213
10.702796
10.704077
10.772200
10.796537
10.747658
10.708863
10.690639
10.737206
10.804470
10.792797
10.737725
10.711479
10.711022
10.707286
10.786825
10.795132
10.740285
10.735919
10.690246
10.697515
10.751491
10.765764
10.764489
10.769921
10.726879
10.725040
10.753672
10.767356
10.794738
10.832590
10.775836
10.788218
10.816399
10.762394
10.712055
10.753463
10.700360
10.731159
10.768001
10.754423
10.698084
10.691035
10.683623
10.775754
10.816253
10.786413
10.756773
10.745510
10.705484
10.790764
10.827773
10.767095
10.733730
10.723972
10.671732
10.749822
10.787270
10.769607
10.758973
10.750920
10.873092
10.863861
10.814067
10.727489
10.685484
10.784644
10.848894
10.847983
10.676867
10.828283
10.610564
10.555620
10.681524
10.768289
10.834876
10.717435
10.677295
10.684211
10.783719
10.668867
10.732592
10.634084
10.555058
10.528440
10.666693
10.698183
10.691803
10.637820
10.749223
10.823696
10.786388
10.819295
10.798189
10.820436
10.850400
10.845031
10.818225
10.811561
10.756493
10.707882
10.772744
10.822259
10.785462
10.806285
10.823233
10.730123
10.731741
10.804333
10.803360
10.774754
10.751245
10.785710
10.753257
10.779650
10.821928
10.787348
10.734428
10.721456
10.781627
10.770780
10.766480
10.830953
10.778715
10.729213
10.714226
10.762486
10.788068
10.772660
10.713075
10.709802
10.728179
10.703109
10.733154
10.734732
10.666855
10.721126
10.778055
10.773849
10.769098
10.789096
10.746326
10.711776
10.799677
10.821070
10.786802
10.711399
10.679429
10.713906
10.746222
10.780911
10.794959
10.751896
10.716666
10.748956
10.780412
10.715806
10.733349
10.737345
10.718481
10.758008
10.756433
10.781727
10.723554
10.688357
10.733377
10.760212
10.749445
10.799750
10.812793
10.697302
10.639462
10.657008
10.647622
10.664109
10.628822
10.703764
10.881908
10.836761
10.756132
10.680936
10.667206
10.665664
10.687337
10.742611
10.707405
10.790837
10.786876
10.773951
10.789829
10.841369
10.840973
10.791245
10.796234
10.790244
10.777396
10.767652
10.803396
10.791168
10.694909
10.723702
10.789767
10.775962
10.758603
10.758537
10.767183
10.726065
10.794331
10.850365
10.818674
10.746449
10.716529
10.774345
10.713915
10.732810
10.787210
10.752847
10.727974
10.766852
10.777425
10.736271
10.695486
10.718551
10.742352
10.753834
10.746787
10.783101
10.737948
10.682803
10.751581
10.778417
10.746266
10.718783
10.728001
10.750490
10.734369
10.790753
10.816575
10.772154
10.715693
10.724888
10.774408
10.730090
10.795558
10.796541
10.747568
10.732495
10.787663
10.786302
10.728948
10.755459
10.723612
10.726023
10.737596
10.730373
10.748611
10.685999
10.682316
10.785016
10.805251
10.788449
10.782645
10.766570
10.700919
10.734977
10.799032
10.790160
10.759626
10.698779
10.726326
10.733654
10.700121
10.778811
10.768566
10.703403
10.663173
10.748360
10.734263
10.696777
10.715501
10.698954
10.694922
10.754889
10.845495
10.920099
10.900191
10.922845
10.793578
10.776590
10.729373
10.791433
10.743814
10.750853
10.663421
10.581559
10.613400
10.673696
10.665140
10.692765
10.835036
10.872523
10.879683
10.880813
10.917830
10.809588
10.780849
10.711845
10.636326
10.524761
10.523121
10.587229
10.637888
10.661798
10.668125
10.765495
10.764745
10.698279
10.749026
10.759783
10.690274
10.672812
10.748262
10.719906
10.780102
10.807458
10.757100
10.723863
10.741642
10.762815
10.852033
10.863893
10.811623
10.777715
10.755297
10.769734
10.818095
10.831449
10.781232
10.773207
10.731803
10.773615
10.756731
10.750522
10.763997
10.730018
10.713156
10.752709
10.759753
10.736434
10.706711
10.723347
10.777233
10.776909
10.759344
10.730820
10.717758
10.708664
10.778798
10.815816
10.832314
10.785066
10.715465
10.734527
10.773154
10.748226
10.736660
10.770975
10.738993
10.779505
10.798340
10.788335
10.710462
10.687984
10.778815
10.763496
10.723149
10.708993
10.689409
10.749704
10.743893
10.766608
10.762181
10.741961
10.687382
10.724795
10.775000
10.782968
10.732629
10.731591
10.747514
10.800537
10.824200
10.821559
10.776720
10.728824
10.772168
10.801800
10.790198
10.754055
10.681361
10.667125
10.769523
10.760469
10.732867
10.746837
10.716063
10.770942
10.799327
10.768286
10.735397
10.728516
10.727558
10.796063
10.796625
10.750466
10.753113
10.712920
10.730246
10.777466
10.763085
10.799316
10.726071
10.717381
10.746495
10.752757
10.733038
10.768946
10.819160
10.845522
10.787403
10.829005
10.842274
10.789516
10.875075
10.775620
10.855675
10.638095
10.628069
10.667498
10.687933
10.650805
10.814533
10.750768
10.811577
10.643109
10.690600
10.669354
10.718811
10.732697
10.801865
10.788430
10.721926
10.633195
10.755064
10.693797
10.739912
10.755013
10.641869
10.649908
10.725362
10.636523
10.685287
10.755675
10.659805
10.760487
10.839156
10.833965
10.874375
10.907248
10.973665
10.863954
10.739386
10.650179
10.693230
10.808525
10.915648
10.839725
10.804296
10.830890
10.836249
10.837211
10.851739
10.871591
10.786777
10.833329
10.760907
10.657735
10.472306
10.405780
10.470746
10.573492
10.635445
10.652017
10.705456
10.759376
10.723097
10.769759
10.783189
10.752788
10.733025
10.748889
10.774890
10.719512
10.690025
10.722705
10.745215
10.772026
10.765605
10.761481
10.674420
10.695327
10.754532
10.775719
10.765834
10.767963
10.773120
10.787241
10.849514
10.862442
10.854848
10.949928
10.902687
10.805454
10.790076
10.788694
10.762786
10.750164
10.733966
10.647821
10.662810
10.733850
10.739513
10.668343
10.726937
10.702014
10.609730
10.658245
10.709628
10.715533
10.716331
10.735728
10.666262
10.677715
10.787060
10.845240
10.820794
10.788654
10.825397
10.831421
10.969068
10.805047
10.670493
10.661733
10.680737
10.699906
10.721270
10.774850
10.808647
10.727790
10.775615
10.826590
10.859602
10.630205
10.625890
10.571261
10.482018
10.502893
10.529340
10.778743
10.609654
11.027974
10.008205
10.691459
10.577305
10.625125
10.791968
10.934762
10.860928
10.872576
10.851091
10.826571
10.799509
10.772478
10.916492
10.908927
10.948169
10.793174
10.811220
10.816754
10.796547
10.707207
10.618649
10.626411
10.719788
10.695116
10.655570
10.694736
10.681518
10.691276
10.721038
10.724048
10.689462
10.665781
10.683018
10.705065
10.707591
10.744261
10.716508
10.678593
10.706553
10.746066
10.748060
10.774618
10.764084
10.696560
10.688761
10.716348
10.741894
10.743348
10.757544
10.741065
10.723540
10.781525
10.880592
10.903611
10.908943
10.927293
10.919920
10.874043
10.722314
10.667926
10.928872
10.819885
10.770079
10.753343
10.788763
10.901236
10.884041
10.787393
10.793450
10.784069
10.812651
10.765648
10.856062
10.835663
10.781612
10.666359
10.670922
10.773190
10.855388
10.802708
10.790271
10.669997
10.644951
10.561323
10.580217
10.568854
10.562404
10.665405
10.732279
10.867415
10.901963
10.890174
10.667369
10.843482
10.918913
10.713564
10.631494
10.561914
10.646600
10.827695
10.811176
10.825583
10.786698
10.733762
10.781494
10.836282
10.928218
10.706203
10.582848
10.673870
10.756372
10.709272
10.664179
10.706329
10.758624
10.810119
10.919232
10.764286
10.009451
10.562515
10.718326
10.827393
10.806526
10.927772
10.886193
10.800945
10.790625
10.757952
10.845179
10.788453
10.807541
10.723146
10.698950
10.709032
10.780341
10.697908
10.588198
10.491911
10.504913
10.518548
10.574821
10.592695
10.661339
10.746252
10.754602
10.767220
10.740015
10.925170
10.932702
10.883706
10.801868
10.657975
10.669797
10.738360
10.877338
10.853796
10.803359
10.851701
10.859411
10.812892
10.756104
10.658533
10.622360
10.723296
10.679955
10.634830
10.619389
10.582422
10.537894
10.538460
10.591904
10.649330
10.869188
10.859095
10.842299
10.795369
10.797221
10.812534
10.930827
10.811201
10.692309
10.684361
10.691215
10.812472
10.756280
10.766409
10.617914
10.526850
10.810631
10.666298
10.792811
10.641363
10.571727
10.677945
10.750653
10.714938
10.747767
10.822757
10.756031
10.788350
10.788934
10.835029
10.789766
10.851031
10.726133
10.904902
10.789804
10.786205
10.725319
10.719539
10.801787
10.881059
10.963952
10.899252
10.913022
10.892728
10.854740
10.731134
10.624776
10.644495
10.739452
10.815232
10.788548
10.816529
10.803259
10.708920
10.709194
10.767205
10.779461
10.664395
10.672173
10.739404
10.713251
10.599736
10.545852
10.677862
10.625047
10.735920
10.620849
10.652787
10.527877
10.515795
10.659011
10.732170
10.767177
10.027861
10.794010
10.644981
10.644370
10.712482
10.816706
10.856563
10.872434
10.859295
10.808517
10.784513
10.004670
10.806529
10.911511
11.000512
10.854792
10.821635
10.775172
10.642117
10.555178
10.374690
10.581399
10.579075
10.687386
10.673539
10.677904
10.760205
10.762177
10.796109
10.830804
10.859377
10.913736
10.947463
10.851679
10.739387
10.702811
10.747653
10.680412
10.608497
10.694684
10.854414
10.843946
10.620458
10.762558
10.714634
10.663819
10.643436
10.641438
10.728744
10.762357
10.756217
10.703597
10.682924
10.710977
10.790283
10.793041
10.748395
10.752789
10.716352
10.697636
10.767227
10.792544
10.759521
10.745663
10.740238
10.687765
10.743843
10.799824
10.764061
10.761224
10.768008
10.713363
10.729362
10.796980
10.788435
10.758903
10.766993
10.717674
10.663208
10.809527
10.899159
10.856651
10.860388
10.880798
10.827896
10.913574
10.818571
10.742922
10.741521
10.677016
10.608669
10.607789
10.706072
10.744143
10.724365
10.733863
10.725145
10.677993
10.737031
10.800466
10.750561
10.758991
10.773487
10.724826
10.741059
10.820697
10.768768
10.770721
10.798141
10.758132
10.758348
10.855841
10.861910
10.774240
10.744434
10.758593
10.698092
10.729718
10.792629
10.739285
10.719952
10.779081
10.708862
10.694079
10.757078
10.763725
10.788169
10.820103
10.768701
10.754513
10.884921
10.844849
10.748173
10.676314
10.658321
10.598064
10.626058
10.720798
10.704402
10.704116
10.749535
10.709168
10.677939
10.738312
10.776147
10.745937
10.774890
10.741293
10.697683
10.749668
10.848999
10.804724
10.737322
10.758093
10.697532
10.671675
10.735361
10.753682
10.718479
10.789524
10.753799
10.689422
10.751191
10.797972
10.750415
10.731484
10.703030
10.610381
10.627861
10.707740
10.720299
10.698140
10.698915
10.673800
10.661530
10.755881
10.824757
10.778838
10.818839
10.806412
10.724669
10.749446
10.845362
10.874582
10.852631
10.842136
10.864746
10.902451
10.025301
10.819212
10.614733
10.669240
10.721196
10.743464
10.784267
10.861812
10.942023
10.741963
10.707421
10.697689
10.689687
10.554384
10.660007
10.679592
10.653298
10.604876
10.671999
10.960380
10.673898
10.774864
10.645142
10.563167
10.647689
10.708763
10.652212
10.219173
10.908841
10.636316
10.479504
10.509080
10.600176
10.732227
10.880100
10.977216
10.017570
10.977547
10.057232
10.949941
10.853753
10.725922
10.575936
10.620073
10.725595
10.729799
10.782629
10.800194
10.741546
10.724330
10.777709
10.870973
10.837687
10.816157
10.775254
10.705411
10.759070
10.695942
10.743129
10.733891
10.660340
10.618425
10.672658
10.796762
10.871084
10.792002
10.808573
10.834729
10.799812
10.666756
10.708670
10.659394
10.604835
10.601238
10.652094
10.733144
10.673521
10.717312
10.745332
10.757114
10.652908
10.667430
10.733891
10.626604
10.613756
10.602255
10.668332
10.665549
10.872881
10.813505
10.730970
10.769653
10.767445
10.832471
10.891214
10.866823
10.791487
10.781940
10.736279
10.785251
10.805389
10.752997
10.678556
10.703277
10.681814
10.699912
10.778202
10.765316
10.734505
10.808181
10.751246
10.693859
10.774967
10.817583
10.770235
10.785900
10.762568
10.690828
10.733985
10.791427
10.757633
10.724365
10.819754
10.809061
10.793207
10.885612
10.847586
10.909269
10.853595
10.807081
10.734310
10.761835
10.784051
10.734608
10.699804
10.723083
10.640703
10.660915
10.715730
10.737242
10.719438
10.743660
10.698913
10.665510
10.745674
10.784945
10.759367
10.770164
10.756923
10.680168
10.736557
10.791332
10.766214
10.840664
10.924274
10.914394
10.967722
10.920517
10.955228
10.839292
10.779905
10.812949
10.872687
10.836317
10.746238
10.750699
10.742421
10.675191
10.705473
10.785370
10.792772
10.774107
10.823876
10.742355
10.599568
10.495007
10.563319
10.651006
10.538213
10.460799
10.534678
10.606211
10.654348
10.696145
10.795557
10.832637
10.764007
10.779542
10.759333
10.765003
10.786901
10.754225
10.777640
10.808223
10.737511
10.720453
10.747181
10.751180
10.754562
10.777558
10.732533
10.733130
10.768994
10.772760
10.760206
10.784044
10.745014
10.759364
10.858885
10.872761
10.802267
10.885014
10.958537
10.943839
10.786262
10.741571
10.709062
10.746620
10.751082
10.663159
10.662092
10.719242
10.730474
10.685492
10.718102
10.679717
10.630423
10.675866
10.762726
10.790317
10.789153
10.769325
10.821485
10.874018
10.007470
10.803702
10.828819
10.734778
10.724813
10.647884
10.756056
10.766809
10.782856
10.694439
10.615550
10.659086
10.635161
10.705558
10.772918
10.674403
10.497021
10.625844
10.630808
10.783470
10.504031
10.911173
10.715024
10.549817
10.518945
10.573726
10.736522
10.775711
10.758557
10.754791
10.726327
10.765588
10.829286
10.834520
10.768716
10.754473
10.736230
10.702064
10.813078
10.730299
10.905170
10.780105
10.572222
10.701012
10.950399
10.800028
10.920668
10.764259
10.806395
10.901457
10.926940
10.893216
10.832429
10.819330
10.839968
10.733778
10.674026
10.671607
10.671374
10.723514
10.761869
10.736590
10.690409
10.699116
10.711125
10.715323
10.753305
10.744381
10.698876
10.710323
10.727451
10.811049
10.850862
10.893161
10.875580
10.816938
10.840589
10.848766
10.854513
10.800230
10.701115
10.682944
10.708820
10.725926
10.745103
10.885353
10.879989
10.831374
10.716112
10.584027
10.589838
10.613304
10.624175
10.614710
10.690864
10.803752
10.833297
10.797880
10.836547
10.834654
10.780596
10.668240
10.611629
10.642633
10.683178
10.767963
10.757160
10.818372
10.839731
10.885472
10.785754
10.731304
10.700294
10.689334
10.625651
10.594660
10.701690
10.776808
10.747748
10.729283
10.781727
10.755814
10.745163
10.766379
10.773933
10.737263
10.713901
10.712465
10.718987
10.714231
10.742355
10.737271
10.688747
10.703843
10.731004
10.741990
10.753841
10.735121
10.699511
10.660603
10.704803
10.733065
10.752815
10.773307
10.757974
10.840352
10.847194
10.785236
10.754640
10.752736
10.782164
10.688997
10.669814
10.709408
10.713193
10.766305
10.745903
10.744226
10.726864
10.745849
10.768995
10.765073
10.773633
10.824339
10.759016
10.689482
10.776398
10.819083
10.780323
10.814599
10.774946
10.704198
10.676255
10.737659
10.743080
10.697442
10.619788
10.676135
10.673858
10.661726
10.739354
10.791823
10.799278
10.788146
10.815731
10.803381
10.818344
10.830331
10.786145
10.755431
10.748503
10.812162
10.828691
10.741403
10.743489
10.774609
10.796418
10.800180
10.825499
10.808448
10.718894
10.730873
10.796894
10.793246
10.746742
10.696945
10.720525
10.728196
10.758310
10.818053
10.792988
10.721951
10.687729
10.796758
10.777950
10.730978
10.755478
10.716717
10.716932
10.735062
10.769947
10.761266
10.701229
10.735918
10.769091
10.783531
10.739938
10.796510
10.769172
10.704009
10.755295
10.816532
10.803182
10.742944
10.756917
10.793987
10.795960
10.812641
10.840375
10.810911
10.741040
10.732232
10.803963
10.729667
10.729240
10.760317
10.722908
10.717401
10.708520
10.758003
10.796140
10.775499
10.798862
10.789111
10.777915
10.752109
10.765941
10.803965
10.822097
10.818368
10.818821
10.749521
10.703046
10.728159
10.729837
10.730215
10.670990
10.761406
10.797870
10.814799
10.733030
10.717961
10.691038
10.851283
10.740386
10.707068
10.681016
10.622082
10.499441
10.548535
10.640525
10.745689
10.611017
10.004463
10.888795
10.733561
10.614887
10.586332
10.722821
10.857517
10.829216
10.811657
10.808301
10.824432
10.864314
10.879365
10.890019
10.857699
10.685328
10.676572
10.725637
10.746552
10.793035
10.784728
10.738699
10.742257
10.797723
10.805009
10.685659
10.734355
10.759539
10.734276
10.608304
10.694431
10.750447
10.897510
10.988129
10.865558
10.452382
10.475148
10.534668
10.570141
10.626477
10.546065
10.776318
10.600822
10.572850
10.571230
10.212339
10.546529
10.629392
10.650384
10.744226
10.777867
10.845901
10.904272
10.873042
10.850721
10.882796
10.857573
10.840298
10.854976
10.822496
10.774315
10.815838
10.821054
10.798628
10.817776
10.811267
10.731918
10.743650
10.758108
10.718635
10.762321
10.789927
10.728452
10.707724
10.756734
10.725509
10.744484
10.783921
10.758886
10.706533
10.752195
10.755068
10.736588
10.800564
10.804194
10.748104
10.743197
10.790641
10.735416
10.788414
10.804054
10.765407
10.712740
10.756717
10.734680
10.751235
10.797516
10.789190
10.723740
10.735799
10.756284
10.733267
10.779277
10.765997
10.715224
10.703917
10.735076
10.700788
10.719288
10.762299
10.760360
10.717836
10.753355
10.741948
10.721898
10.764498
10.758259
10.701914
10.705850
10.760639
10.732345
10.788239
10.805722
10.778148
10.728893
10.779343
10.753822
10.765727
10.804923
10.775110
10.718705
10.730034
10.754026
10.739418
10.803766
10.807478
10.754949
10.737878
10.768801
10.718945
10.764129
10.788794
10.752411
10.703689
10.721560
10.698803
10.719005
10.774343
10.773685
10.762940
10.768421
10.783728
10.756569
10.814569
10.793940
10.750235
10.704601
10.745804
10.738241
10.770937
10.830641
10.790292
10.729280
10.740268
10.755586
10.739331
10.784133
10.775142
10.717194
10.690270
10.715571
10.712998
10.757059
10.784712
10.741664
10.692959
10.749736
10.743799
10.748178
10.783099
10.780858
10.718065
10.690631
10.691689
10.693654
10.755388
10.778156
10.765465
10.730429
10.773746
10.790792
10.808954
10.793326
10.741747
10.756636
10.812678
10.701430
10.880239
10.867813
10.554659
10.407371
10.397933
10.556401
10.620482
10.728065
10.837197
10.805182
10.757702
10.794129
10.783785
10.783442
10.847355
10.814245
10.778962
10.755650
10.755836
10.733959
10.795794
10.811637
10.748123
10.696319
10.740625
10.719076
10.750214
10.783017
10.754842
10.706532
10.718943
10.743264
10.764413
10.841703
10.837802
10.792487
10.766768
10.784979
10.757567
10.799112
10.812564
10.768512
10.716642
10.736851
10.746597
10.778707
10.826837
10.780113
10.724970
10.703630
10.705791
10.716915
10.772551
10.752023
10.699118
10.666834
10.689888
10.696732
10.753438
10.781375
10.746360
10.717222
10.740337
10.753820
10.792482
10.828986
10.810064
10.768981
10.739415
10.745073
10.757590
10.812644
10.830731
10.772341
10.740788
10.753039
10.765247
10.845301
10.820937
10.776327
10.746576
10.723475
10.745570
10.796762
10.802244
10.787855
10.704407
10.706576
10.735265
10.756130
10.706545
10.701125
10.737245
10.846788
10.871059
10.920000
10.793132
10.749666
10.790421
10.893211
10.950155
10.866528
10.806337
10.754590
10.774330
10.693105
10.709888
10.694318
10.795312
10.713077
10.592948
10.606825
10.656195
10.673485
10.637742
10.649565
10.686097
10.741226
10.829699
10.817381
10.789443
10.734727
10.758028
10.805807
10.792547
10.726873
10.650491
10.669322
10.720443
10.811903
10.828265
10.765691
10.724846
10.741427
10.813028
10.836350
10.714530
10.683979
10.768128
10.841628
10.834761
10.778261
10.810584
10.837268
10.789540
10.692606
10.675183
10.730282
10.776927
10.778284
10.728603
10.744315
10.755231
10.864956
10.781204
10.650042
10.765156
10.827128
10.829384
10.761667
10.701133
10.752068
10.841810
10.810112
10.638780
10.672026
10.626810
10.622350
10.665035
10.625217
10.669683
10.688850
10.749608
10.781065
10.717957
10.792702
10.805692
10.798837
10.796438
10.773705
10.787058
10.799391
10.767211
10.713769
10.807083
10.814937
10.852074
10.765182
10.685348
10.772161
10.753666
10.721793
10.707984
10.691604
10.723577
10.768103
10.734124
10.729485
10.774731
10.703165
10.687012
10.693041
10.673111
10.741902
10.788019
10.739521
10.692156
10.704786
10.741023
10.772229
10.755303
10.799556
10.751848
10.695891
10.783469
10.814296
10.785740
10.783081
10.782927
10.715245
10.723654
10.798997
10.801954
10.753987
10.718644
10.746675
10.787781
10.759109
10.811598
10.794672
10.714285
10.707012
10.751331
10.718303
10.687525
10.712315
10.679392
10.686868
10.699387
10.718095
10.756237
10.723304
10.690793
10.731088
10.731711
10.733136
10.771038
10.703609
10.687853
10.742059
10.771264
10.742527
10.751522
10.742665
10.667951
10.698793
10.744823
10.723989
10.710248
10.724993
10.680308
10.668963
10.747738
10.792825
10.738780
10.790174
10.824251
10.860136
10.955702
10.967237
10.912120
10.890533
10.865905
10.934963
10.961023
10.877504
10.815756
10.833243
10.800178
10.726018
10.578584
10.558306
10.599154
10.642222
10.628118
10.634136
10.705507
10.715192
10.675323
10.698741
10.705276
10.719892
10.707348
10.717713
10.737909
10.669651
10.656546
10.710850
10.763699
10.750368
10.751554
10.752649
10.676736
10.716249
10.771130
10.764018
10.759366
10.776434
10.707209
10.701886
10.773056
10.802680
10.766190
10.791747
10.765018
10.695367
10.744370
10.807458
10.780710
10.753840
10.769056
10.664881
10.677241
10.765060
10.784987
10.760829
10.806700
10.781040
10.768275
10.801986
10.808362
10.751324
10.775577
0.000000
0.000000
0.000000
0.000000
0.000000
0.000000
0.000000
0.000000
0.000000
0.000000
0.000000
0.000000
0.000000
0.000000
0.000000
0.000000
0.000000
0.000000
0.000000
0.000000
0.000000
0.000000
0.000000
0.000000
0.000000
0.000000
0.000000
0.000000
0.000000
0.000000
0.000000
0.000000
0.000000
0.000000
0.000000
0.000000
0.000000
0.000000
0.000000
0.000000
0.000000
0.000000
0.000000
0.000000
0.000000
0.000000
0.000000
0.000000
0.000000
0.000000
0.000000
0.000000
0.000000
0.000000
0.000000
0.000000
0.000000
0.000000
0.000000
0.000000
0.000000
0.000000
0.000000
0.000000
0.000000
0.000000
0.000000
0.000000
0.000000
0.000000
0.000000
0.000000
0.000000
0.000000
0.000000
0.000000
0.000000
0.000000
0.000000
0.000000
0.000000
0.000000
0.000000
0.000000
0.000000
0.000000
0.000000
0.000000
0.000000
0.000000
0.000000
0.000000
0.000000
0.000000
0.000000
0.000000
0.000000
0.000000
0.000000
0.000000
0.000000
0.000000
0.000000
0.000000
0.000000
0.000000
0.000000
0.000000
0.000000
0.000000
0.000000
0.000000
0.000000
0.000000
0.000000
0.000000
0.000000
0.000000
0.000000
0.000000
0.000000
0.000000
0.000000
0.000000
0.000000
0.000000
0.000000
0.000000
0.000000
0.000000
0.000000
0.000000
0.000000
0.000000
0.000000
0.000000
0.000000
0.000000
0.000000
0.000000
0.000000
0.000000
0.000000
0.000000
0.000000
0.000000
0.000000
0.000000
0.000000
0.000000
0.000000
0.000000
0.000000
0.000000
0.000000
0.000000
0.000000
0.000000
0.000000
0.000000
0.000000
0.000000
0.000000
0.000000
0.000000
0.000000
0.000000
0.000000
0.000000
0.000000
0.000000
0.000000
0.000000
0.000000
0.000000
0.000000
0.000000
0.000000
0.000000
0.000000
0.000000
0.000000
0.000000
0.000000
0.000000
0.000000
0.000000
0.000000
0.000000
0.000000
0.000000
0.000000
0.000000
0.000000
0.000000
0.000000
0.000000
0.000000
0.000000
0.000000
0.000000
0.000000
0.000000
0.000000
0.000000
0.000000
0.000000
0.000000
0.000000
0.000000
0.000000
0.000000
0.000000
0.000000
0.000000
0.000000
0.000000
0.000000
0.000000
0.000000
0.000000
0.000000
0.000000
0.000000
0.000000
0.000000
0.000000
0.000000
0.000000
0.000000
0.000000
0.000000
0.000000
0.000000
0.000000
0.000000
0.000000
0.000000
0.000000
0.000000
0.000000
0.000000
0.000000
0.000000
0.000000
0.000000
0.000000
0.000000
0.000000
0.000000
0.000000
0.000000
0.000000
0.000000
0.000000
0.000000
0.000000
0.000000
0.000000
0.000000
0.000000
0.000000
0.000000
0.000000
0.000000
0.000000
0.000000
0.000000
0.000000
0.000000
0.000000
0.000000
0.000000
0.000000
0.000000
0.000000
0.000000
0.000000
0.000000
0.000000
0.000000
0.000000
0.000000
0.000000
0.000000
0.000000
0.000000
0.000000
0.000000
0.000000
0.000000
0.000000
0.000000
0.000000
0.000000
0.000000
0.000000
0.000000
0.000000
0.000000
0.000000
0.000000
0.000000
0.000000
0.000000
0.000000
0.000000
0.000000
0.000000
0.000000
0.000000
0.000000
0.000000
0.000000
0.000000
0.000000
0.000000
0.000000
0.000000
0.000000
0.000000
0.000000
0.000000
0.000000
0.000000
0.000000
0.000000
0.000000
0.000000
0.000000
0.000000
0.000000
0.000000
0.000000
0.000000
0.000000
0.000000
0.000000
0.000000
0.000000
0.000000
0.000000
0.000000
0.000000
0.000000
0.000000
0.000000
0.000000
0.000000
0.000000
0.000000
0.000000
0.000000
0.000000
0.000000
0.000000
0.000000
0.000000
0.000000
0.000000
0.000000
0.000000
0.000000
0.000000
0.000000
0.000000
0.000000
0.000000
0.000000
0.000000
0.000000
0.000000
0.000000
0.000000
0.000000
0.000000
0.000000
0.000000
0.000000
0.000000
0.000000
0.000000
0.000000
0.000000
0.000000
0.000000
0.000000
0.000000
0.000000
0.000000
0.000000
0.000000
0.000000
0.000000
0.000000
0.000000
0.000000
0.000000
0.000000
0.000000
0.000000
0.000000
0.000000
0.000000
0.000000
0.000000
0.000000
0.000000
0.000000
0.000000
0.000000
0.000000
0.000000
0.000000
0.000000
0.000000
0.000000
0.000000
0.000000
0.000000
0.000000
0.000000
0.000000
0.000000
0.000000
0.000000
0.000000
0.000000
0.000000
0.000000
0.000000
0.000000
0.000000
0.000000
0.000000
0.000000
0.000000
0.000000
0.000000
0.000000
0.000000
0.000000
0.000000
0.000000
0.000000
0.000000
0.000000
0.000000
0.000000
0.000000
0.000000
0.000000
0.000000
0.000000
0.000000
0.000000
0.000000
0.000000
0.000000
0.000000
0.000000
0.000000
0.000000
0.000000
0.000000
0.000000
0.000000
0.000000
0.000000
0.000000
0.000000
0.000000
0.000000
0.000000
0.000000
0.000000
0.000000
0.000000
0.000000
0.000000
0.000000
0.000000
0.000000
0.000000
0.000000
0.000000
0.000000
0.000000
0.000000
0.000000
0.000000
0.000000
0.000000
0.000000
0.000000
0.000000
0.000000
0.000000
0.000000
0.000000
0.000000
0.000000
0.000000
0.000000
0.000000
0.000000
0.000000
0.000000
0.000000
0.000000
0.000000
0.000000
0.000000
0.000000
0.000000
0.000000
0.000000
0.000000
0.000000
0.000000
0.000000
0.000000
0.000000
0.000000
0.000000
0.000000
0.000000
0.000000
0.000000
0.000000
0.000000
0.000000
0.000000
0.000000
0.000000
0.000000
0.000000
0.000000
0.000000
0.000000
0.000000
0.000000
0.000000
0.000000
0.000000
0.000000
0.000000
0.000000
0.000000
0.000000
0.000000
0.000000
0.000000
0.000000
0.000000
0.000000
0.000000
0.000000
0.000000
0.000000
0.000000
0.000000
0.000000
0.000000
0.000000
0.000000
0.000000
0.000000
0.000000
0.000000
0.000000
0.000000
0.000000
0.000000
0.000000
0.000000
0.000000
0.000000
0.000000
0.000000
0.000000
0.000000
0.000000
0.000000
0.000000
0.000000
0.000000
0.000000
0.000000
0.000000
0.000000
0.000000
0.000000
0.000000
0.000000
0.000000
0.000000
0.000000
0.000000
0.000000
0.000000
0.000000
0.000000
0.000000
0.000000
0.000000
0.000000
0.000000
0.000000
0.000000
0.000000
0.000000
0.000000
0.000000
0.000000
0.000000
0.000000
0.000000
0.000000
0.000000
0.000000
0.000000
0.000000
0.000000
0.000000
0.000000
0.000000
0.000000
0.000000
0.000000
0.000000
0.000000
0.000000
0.000000
0.000000
0.000000
0.000000
0.000000
0.000000
0.000000
0.000000
0.000000
0.000000
0.000000
0.000000
0.000000
0.000000
0.000000
0.000000
0.000000
0.000000
0.000000
0.000000
0.000000
0.000000
0.000000
0.000000
0.000000
0.000000
0.000000
0.000000
0.000000
0.000000
0.000000
0.000000
0.000000
0.000000
0.000000
0.000000
0.000000
0.000000
0.000000
0.000000
0.000000
0.000000
0.000000
0.000000
0.000000
0.000000
0.000000
0.000000
0.000000
0.000000
0.000000
0.000000
0.000000
0.000000
0.000000
0.000000
0.000000
0.000000
0.000000
0.000000
0.000000
0.000000
0.000000
0.000000
0.000000
0.000000
0.000000
0.000000
0.000000
0.000000
0.000000
0.000000
0.000000
0.000000
0.000000
0.000000
0.000000
0.000000
0.000000
0.000000
0.000000
0.000000
0.000000
0.000000
0.000000
0.000000
0.000000
0.000000
0.000000
0.000000
0.000000
0.000000
0.000000
0.000000
0.000000
0.000000
0.000000
0.000000
0.000000
0.000000
0.000000
0.000000
0.000000
0.000000
0.000000
0.000000
0.000000
0.000000
0.000000
0.000000
0.000000
0.000000
0.000000
0.000000
0.000000
0.000000
0.000000
0.000000
0.000000
0.000000
0.000000
0.000000
0.000000
0.000000
0.000000
0.000000
0.000000
0.000000
0.000000
0.000000
0.000000
0.000000
0.000000
0.000000
0.000000
0.000000
0.000000
0.000000
0.000000
0.000000
0.000000
0.000000
0.000000
0.000000
0.000000
0.000000
0.000000
0.000000
0.000000
0.000000
0.000000
0.000000
0.000000
0.000000
0.000000
0.000000
0.000000
0.000000
0.000000
0.000000
0.000000
0.000000
0.000000
0.000000
0.000000
0.000000
0.000000
0.000000
0.000000
0.000000
0.000000
0.000000
0.000000
0.000000
0.000000
0.000000
0.000000
0.000000
0.000000
0.000000
0.000000
0.000000
0.000000
0.000000
0.000000
0.000000
0.000000
0.000000
0.000000
0.000000
0.000000
0.000000
0.000000
0.000000
0.000000
0.000000
0.000000
0.000000
0.000000
0.000000
0.000000
0.000000
0.000000
0.000000
0.000000
0.000000
0.000000
0.000000
0.000000
0.000000
0.000000
0.000000
0.000000
0.000000
0.000000
0.000000
0.000000
0.000000
0.000000
0.000000
0.000000
0.000000
0.000000
0.000000
0.000000
0.000000
0.000000
0.000000
0.000000
0.000000
0.000000
0.000000
0.000000
0.000000
0.000000
0.000000
0.000000
0.000000
0.000000
0.000000
0.000000
0.000000
0.000000
0.000000
0.000000
0.000000
0.000000
0.000000
0.000000
0.000000
0.000000
0.000000
0.000000
0.000000
0.000000
0.000000
0.000000
0.000000
0.000000
0.000000
0.000000
0.000000
0.000000
0.000000
0.000000
0.000000
0.000000
0.000000
0.000000
0.000000
0.000000
0.000000
0.000000
0.000000
0.000000
0.000000
0.000000
0.000000
0.000000
0.000000
0.000000
0.000000
0.000000
0.000000
0.000000
0.000000
0.000000
0.000000
0.000000
0.000000
0.000000
0.000000
0.000000
0.000000
0.000000
0.000000
0.000000
0.000000
0.000000
0.000000
0.000000
0.000000
0.000000
0.000000
0.000000
0.000000
0.000000
0.000000
0.000000
0.000000
0.000000
0.000000
0.000000
0.000000
0.000000
0.000000
0.000000
0.000000
0.000000
0.000000
0.000000
0.000000
0.000000
0.000000
0.000000
0.000000
0.000000
0.000000
0.000000
0.000000
0.000000
0.000000
0.000000
0.000000
0.000000
0.000000
0.000000
0.000000
0.000000
0.000000
0.000000
0.000000
0.000000
0.000000
0.000000
0.000000
0.000000
0.000000
0.000000
0.000000
0.000000
0.000000
0.000000
0.000000
0.000000
0.000000
0.000000
0.000000
0.000000
0.000000
0.000000
0.000000
0.000000
0.000000
0.000000
0.000000
0.000000
0.000000
0.000000
0.000000
0.000000
0.000000
0.000000
0.000000
0.000000
0.000000
0.000000
0.000000
0.000000
0.000000
0.000000
0.000000
0.000000
0.000000
0.000000
0.000000
0.000000
0.000000
0.000000
0.000000
0.000000
0.000000
0.000000
0.000000
0.000000
0.000000
0.000000
0.000000
0.000000
0.000000
0.000000
0.000000
0.000000
0.000000
0.000000
0.000000
0.000000
0.000000
0.000000
0.000000
0.000000
0.000000
0.000000
0.000000
0.000000
0.000000
0.000000
0.000000
0.000000
0.000000
0.000000
0.000000
0.000000
0.000000
0.000000
0.000000
0.000000
0.000000
0.000000
0.000000
0.000000
0.000000
0.000000
0.000000
0.000000
0.000000
0.000000
0.000000
0.000000
0.000000
0.000000
0.000000
0.000000
0.000000
0.000000
0.000000
0.000000
0.000000
0.000000
0.000000
0.000000
0.000000
0.000000
0.000000
0.000000
0.000000
0.000000
0.000000
0.000000
0.000000
0.000000
0.000000
0.000000
0.000000
0.000000
0.000000
0.000000
0.000000
0.000000
0.000000
0.000000
0.000000
0.000000
0.000000
0.000000
0.000000
0.000000
0.000000
0.000000
0.000000
0.000000
0.000000
0.000000
0.000000
0.000000
0.000000
0.000000
0.000000
0.000000
0.000000
0.000000
0.000000
0.000000
0.000000
0.000000
0.000000
0.000000
0.000000
0.000000
0.000000
0.000000
0.000000
0.000000
0.000000
0.000000
0.000000
0.000000
0.000000
0.000000
0.000000
0.000000
0.000000
0.000000
0.000000
0.000000
0.000000
0.000000
0.000000
0.000000
0.000000
0.000000
0.000000
0.000000
0.000000
0.000000
0.000000
0.000000
0.000000
0.000000
0.000000
0.000000
0.000000
0.000000
0.000000
0.000000
0.000000
0.000000
0.000000
0.000000
0.000000
0.000000
0.000000
0.000000
0.000000
0.000000
0.000000
0.000000
0.000000
0.000000
0.000000
0.000000
0.000000
0.000000
0.000000
0.000000
0.000000
0.000000
0.000000
0.000000
0.000000
0.000000
0.000000
0.000000
0.000000
0.000000
0.000000
0.000000
0.000000
0.000000
0.000000
0.000000
0.000000
0.000000
0.000000
0.000000
0.000000
0.000000
0.000000
0.000000
0.000000
0.000000
0.000000
0.000000
0.000000
0.000000
0.000000
0.000000
0.000000
0.000000
0.000000
0.000000
0.000000
0.000000
0.000000
0.000000
0.000000
0.000000
0.000000
0.000000
0.000000
0.000000
0.000000
0.000000
0.000000
0.000000
0.000000
0.000000
0.000000
0.000000
0.000000
0.000000
0.000000
0.000000
0.000000
0.000000
0.000000
0.000000
0.000000
0.000000
0.000000
0.000000
0.000000
0.000000
0.000000
0.000000
0.000000
0.000000
0.000000
0.000000
0.000000
0.000000
0.000000
0.000000
0.000000
0.000000
0.000000
0.000000
0.000000
0.000000
0.000000
0.000000
0.000000
0.000000
0.000000
0.000000
0.000000
0.000000
0.000000
0.000000
0.000000
0.000000
0.000000
0.000000
0.000000
0.000000
0.000000
0.000000
0.000000
0.000000
0.000000
0.000000
0.000000
0.000000
0.000000
0.000000
0.000000
0.000000
0.000000
0.000000
0.000000
0.000000
0.000000
0.000000
0.000000
0.000000
0.000000
0.000000
0.000000
0.000000
0.000000
0.000000
0.000000
0.000000
0.000000
0.000000
0.000000
0.000000
0.000000
0.000000
0.000000
0.000000
0.000000
0.000000
0.000000
0.000000
0.000000
0.000000
0.000000
0.000000
0.000000
0.000000
0.000000
0.000000
0.000000
0.000000
0.000000
0.000000
0.000000
0.000000
0.000000
0.000000
0.000000
0.000000
0.000000
0.000000
0.000000
0.000000
0.000000
0.000000
0.000000
0.000000
0.000000
0.000000
0.000000
0.000000
0.000000
0.000000
0.000000
0.000000
0.000000
0.000000
0.000000
0.000000
0.000000
0.000000
0.000000
0.000000
0.000000
0.000000
0.000000
0.000000
0.000000
0.000000
0.000000
0.000000
0.000000
0.000000
0.000000
0.000000
0.000000
0.000000
0.000000
0.000000
0.000000
0.000000
0.000000
0.000000
0.000000
0.000000
0.000000
0.000000
0.000000
0.000000
0.000000
0.000000
0.000000
0.000000
0.000000
0.000000
0.000000
0.000000
0.000000
0.000000
0.000000
0.000000
0.000000
0.000000
0.000000
0.000000
0.000000
0.000000
0.000000
0.000000
0.000000
0.000000
0.000000
0.000000
0.000000
0.000000
0.000000
0.000000
0.000000
0.000000
0.000000
0.000000
0.000000
0.000000
0.000000
0.000000
0.000000
0.000000
0.000000
0.000000
0.000000
0.000000
0.000000
0.000000
0.000000
0.000000
0.000000
0.000000
0.000000
0.000000
0.000000
0.000000
0.000000
0.000000
0.000000
0.000000
0.000000
0.000000
0.000000
0.000000
0.000000
0.000000
0.000000
0.000000
0.000000
0.000000
0.000000
0.000000
0.000000
0.000000
0.000000
0.000000
0.000000
0.000000
0.000000
0.000000
0.000000
0.000000
0.000000
0.000000
0.000000
0.000000
0.000000
0.000000
0.000000
0.000000
0.000000
0.000000
0.000000
0.000000
0.000000
0.000000
0.000000
0.000000
0.000000
0.000000
0.000000
0.000000
0.000000
0.000000
0.000000
0.000000
0.000000
0.000000
0.000000
0.000000
0.000000
0.000000
0.000000
0.000000
0.000000
0.000000
0.000000
0.000000
0.000000
0.000000
0.000000
0.000000
0.000000
0.000000
0.000000
0.000000
0.000000
0.000000
0.000000
0.000000
0.000000
0.000000
0.000000
0.000000
0.000000
0.000000
0.000000
0.000000
0.000000
0.000000
0.000000
0.000000
0.000000
0.000000
0.000000
0.000000
0.000000
0.000000
0.000000
0.000000
0.000000
0.000000
0.000000
0.000000
0.000000
0.000000
0.000000
0.000000
0.000000
0.000000
0.000000
0.000000
0.000000
0.000000
0.000000
0.000000
0.000000
0.000000
0.000000
0.000000
0.000000
0.000000
0.000000
0.000000
0.000000
0.000000
0.000000
0.000000
0.000000
0.000000
0.000000
0.000000
0.000000
0.000000
0.000000
0.000000
0.000000
0.000000
0.000000
0.000000
0.000000
0.000000
0.000000
0.000000
0.000000
0.000000
0.000000
0.000000
0.000000
0.000000
0.000000
0.000000
0.000000
0.000000
0.000000
0.000000
0.000000
0.000000
0.000000
0.000000
0.000000
0.000000
0.000000
0.000000
0.000000
0.000000
0.000000
0.000000
0.000000
0.000000
0.000000
0.000000
0.000000
0.000000
0.000000
0.000000
0.000000
0.000000
0.000000
0.000000
0.000000
0.000000
0.000000
0.000000
0.000000
0.000000
0.000000
0.000000
0.000000
0.000000
0.000000
0.000000
0.000000
0.000000
0.000000
0.000000
0.000000
0.000000
0.000000
0.000000
0.000000
0.000000
0.000000
0.000000
0.000000
0.000000
0.000000
0.000000
0.000000
0.000000
0.000000
0.000000
0.000000
0.000000
0.000000
0.000000
0.000000
0.000000
0.000000
0.000000
0.000000
0.000000
0.000000
0.000000
0.000000
0.000000
0.000000
0.000000
0.000000
0.000000
0.000000
0.000000
0.000000
0.000000
0.000000
0.000000
0.000000
0.000000
0.000000
0.000000
0.000000
0.000000
0.000000
0.000000
0.000000
0.000000
0.000000
0.000000
0.000000
0.000000
0.000000
0.000000
0.000000
0.000000
0.000000
0.000000
0.000000
0.000000
0.000000
0.000000
0.000000
0.000000
0.000000
0.000000
0.000000
0.000000
0.000000
0.000000
0.000000
0.000000
0.000000
0.000000
0.000000
0.000000
0.000000
0.000000
0.000000
0.000000
0.000000
0.000000
0.000000
0.000000
0.000000
0.000000
0.000000
0.000000
0.000000
0.000000
0.000000
0.000000
0.000000
0.000000
0.000000
0.000000
0.000000
0.000000
0.000000
0.000000
0.000000
0.000000
0.000000
0.000000
0.000000
0.000000
0.000000
0.000000
0.000000
0.000000
0.000000
0.000000
0.000000
0.000000
0.000000
0.000000
0.000000
0.000000
0.000000
0.000000
0.000000
0.000000
0.000000
0.000000
0.000000
0.000000
0.000000
0.000000
0.000000
0.000000
0.000000
0.000000
0.000000
0.000000
0.000000
0.000000
0.000000
0.000000
0.000000
0.000000
0.000000
0.000000
0.000000
0.000000
0.000000
0.000000
0.000000
0.000000
0.000000
0.000000
0.000000
0.000000
0.000000
0.000000
0.000000
0.000000
0.000000
0.000000
0.000000
0.000000
0.000000
0.000000
0.000000
0.000000
0.000000
0.000000
0.000000
0.000000
0.000000
0.000000
0.000000
0.000000
0.000000
0.000000
0.000000
0.000000
0.000000
0.000000
0.000000
0.000000
0.000000
0.000000
0.000000
0.000000
0.000000
0.000000
0.000000
0.000000
0.000000
0.000000
0.000000
0.000000
0.000000
0.000000
0.000000
0.000000
0.000000
0.000000
0.000000
0.000000
0.000000
0.000000
0.000000
0.000000
0.000000
0.000000
0.000000
0.000000
0.000000
0.000000
0.000000
0.000000
0.000000
0.000000
0.000000
0.000000
0.000000
0.000000
0.000000
0.000000
0.000000
0.000000
0.000000
0.000000
0.000000
0.000000
0.000000
0.000000
0.000000
0.000000
0.000000
0.000000
0.000000
0.000000
0.000000
0.000000
0.000000
0.000000
0.000000
0.000000
0.000000
0.000000
0.000000
0.000000
0.000000
0.000000
0.000000
0.000000
0.000000
0.000000
0.000000
0.000000
0.000000
0.000000
0.000000
0.000000
0.000000
0.000000
0.000000
0.000000
0.000000
0.000000
0.000000
0.000000
0.000000
0.000000
0.000000
0.000000
0.000000
0.000000
0.000000
0.000000
0.000000
0.000000
0.000000
0.000000
0.000000
0.000000
0.000000
0.000000
0.000000
0.000000
0.000000
0.000000
0.000000
0.000000
0.000000
0.000000
0.000000
0.000000
0.000000
0.000000
0.000000
0.000000
0.000000
0.000000
0.000000
0.000000
0.000000
0.000000
0.000000
0.000000
0.000000
0.000000
0.000000
0.000000
0.000000
0.000000
0.000000
0.000000
0.000000
0.000000
0.000000
0.000000
0.000000
0.000000
0.000000
0.000000
0.000000
0.000000
0.000000
0.000000
0.000000
0.000000
0.000000
0.000000
0.000000
0.000000
0.000000
0.000000
0.000000
0.000000
0.000000
0.000000
0.000000
0.000000
0.000000
0.000000
0.000000
0.000000
0.000000
0.000000
0.000000
0.000000
0.000000
0.000000
0.000000
0.000000
0.000000
0.000000
0.000000
0.000000
0.000000
0.000000
0.000000
0.000000
0.000000
0.000000
0.000000
0.000000
0.000000
0.000000
0.000000
0.000000
0.000000
0.000000
0.000000
0.000000
0.000000
0.000000
0.000000
0.000000
0.000000
0.000000
0.000000
0.000000
0.000000
0.000000
0.000000
0.000000
0.000000
0.000000
0.000000
0.000000
0.000000
0.000000
0.000000
0.000000
0.000000
0.000000
0.000000
0.000000
0.000000
0.000000
0.000000
0.000000
0.000000
0.000000
0.000000
0.000000
0.000000
0.000000
0.000000
0.000000
0.000000
0.000000
0.000000
0.000000
0.000000
0.000000
0.000000
0.000000
0.000000
0.000000
0.000000
0.000000
0.000000
0.000000
0.000000
0.000000
0.000000
0.000000
0.000000
0.000000
0.000000
0.000000
0.000000
0.000000
0.000000
0.000000
0.000000
0.000000
0.000000
0.000000
0.000000
0.000000
0.000000
0.000000
0.000000
0.000000
0.000000
0.000000
0.000000
0.000000
0.000000
0.000000
0.000000
0.000000
0.000000
0.000000
0.000000
0.000000
0.000000
0.000000
0.000000
0.000000
0.000000
0.000000
0.000000
0.000000
0.000000
0.000000
0.000000
0.000000
0.000000
0.000000
0.000000
0.000000
0.000000
0.000000
0.000000
0.000000
0.000000
0.000000
0.000000
0.000000
0.000000
0.000000
0.000000
0.000000
0.000000
0.000000
0.000000
0.000000
0.000000
0.000000
0.000000
0.000000
0.000000
0.000000
0.000000
0.000000
0.000000
0.000000
0.000000
0.000000
0.000000
0.000000
0.000000
0.000000
0.000000
0.000000
0.000000
0.000000
0.000000
0.000000
0.000000
0.000000
0.000000
0.000000
0.000000
0.000000
0.000000
0.000000
0.000000
0.000000
0.000000
0.000000
0.000000
0.000000
0.000000
0.000000
0.000000
0.000000
0.000000
0.000000
0.000000
0.000000
0.000000
0.000000
0.000000
0.000000
0.000000
0.000000
0.000000
0.000000
0.000000
0.000000
0.000000
0.000000
0.000000
0.000000
0.000000
0.000000
0.000000
0.000000
0.000000
0.000000
0.000000
0.000000
0.000000
0.000000
0.000000
0.000000
0.000000
0.000000
0.000000
0.000000
0.000000
0.000000
0.000000
0.000000
0.000000
0.000000
0.000000
0.000000
0.000000
0.000000
0.000000
0.000000
0.000000
0.000000
0.000000
0.000000
0.000000
0.000000
0.000000
0.000000
0.000000
0.000000
0.000000
0.000000
0.000000
0.000000
0.000000
0.000000
0.000000
0.000000
0.000000
0.000000
0.000000
0.000000
0.000000
0.000000
0.000000
0.000000
0.000000
0.000000
0.000000
0.000000
0.000000
0.000000
0.000000
0.000000
0.000000
0.000000
0.000000
0.000000
0.000000
0.000000
0.000000
0.000000
0.000000
0.000000
0.000000
0.000000
0.000000
0.000000
0.000000
0.000000
0.000000
0.000000
0.000000
0.000000
0.000000
0.000000
0.000000
0.000000
0.000000
0.000000
0.000000
0.000000
0.000000
0.000000
0.000000
0.000000
0.000000
0.000000
0.000000
0.000000
0.000000
0.000000
0.000000
0.000000
0.000000
0.000000
0.000000
0.000000
0.000000
0.000000
0.000000
0.000000
0.000000
0.000000
0.000000
0.000000
0.000000
0.000000
0.000000
0.000000
0.000000
0.000000
0.000000
0.000000
0.000000
0.000000
0.000000
0.000000
0.000000
0.000000
0.000000
0.000000
0.000000
0.000000
0.000000
0.000000
0.000000
0.000000
0.000000
0.000000
0.000000
0.000000
0.000000
0.000000
0.000000
0.000000
0.000000
0.000000
0.000000
0.000000
0.000000
0.000000
0.000000
0.000000
0.000000
0.000000
0.000000
0.000000
0.000000
0.000000
0.000000
0.000000
0.000000
0.000000
0.000000
0.000000
0.000000
0.000000
0.000000
0.000000
0.000000
0.000000
0.000000
0.000000
0.000000
0.000000
0.000000
0.000000
0.000000
0.000000
0.000000
0.000000
0.000000
0.000000
0.000000
0.000000
0.000000
0.000000
0.000000
0.000000
0.000000
0.000000
0.000000
0.000000
0.000000
0.000000
0.000000
0.000000
0.000000
0.000000
0.000000
0.000000
0.000000
0.000000
0.000000
0.000000
0.000000
0.000000
0.000000
0.000000
0.000000
0.000000
0.000000
0.000000
0.000000
0.000000
0.000000
0.000000
0.000000
0.000000
0.000000
0.000000
0.000000
0.000000
0.000000
0.000000
0.000000
0.000000
0.000000
0.000000
0.000000
0.000000
0.000000
0.000000
0.000000
0.000000
0.000000
0.000000
0.000000
0.000000
0.000000
0.000000
0.000000
0.000000
0.000000
0.000000
0.000000
0.000000
0.000000
0.000000
0.000000
0.000000
0.000000
0.000000
0.000000
0.000000
0.000000
0.000000
0.000000
0.000000
0.000000
0.000000
0.000000
0.000000
0.000000
0.000000
0.000000
0.000000
0.000000
0.000000
0.000000
0.000000
0.000000
0.000000
0.000000
0.000000
0.000000
0.000000
0.000000
0.000000
0.000000
0.000000
0.000000
0.000000
0.000000
0.000000
0.000000
0.000000
0.000000
0.000000
0.000000
0.000000
0.000000
0.000000
0.000000
0.000000
0.000000
0.000000
0.000000
0.000000
0.000000
0.000000
0.000000
0.000000
0.000000
0.000000
0.000000
0.000000
0.000000
0.000000
0.000000
0.000000
0.000000
0.000000
0.000000
0.000000
0.000000
0.000000
0.000000
0.000000
0.000000
0.000000
0.000000
0.000000
0.000000
0.000000
0.000000
0.000000
0.000000
0.000000
0.000000
0.000000
0.000000
0.000000
0.000000
0.000000
0.000000
0.000000
0.000000
0.000000
0.000000
0.000000
0.000000
0.000000
0.000000
0.000000
0.000000
0.000000
0.000000
0.000000
0.000000
0.000000
0.000000
0.000000
0.000000
0.000000
0.000000
0.000000
0.000000
0.000000
0.000000
0.000000
0.000000
0.000000
0.000000
0.000000
0.000000
0.000000
0.000000
0.000000
0.000000
0.000000
0.000000
0.000000
0.000000
0.000000
0.000000
0.000000
0.000000
0.000000
0.000000
0.000000
0.000000
0.000000
0.000000
0.000000
0.000000
0.000000
0.000000
0.000000
0.000000
0.000000
0.000000
0.000000
0.000000
0.000000
0.000000
0.000000
0.000000
0.000000
0.000000
0.000000
0.000000
0.000000
0.000000
0.000000
0.000000
0.000000
0.000000
0.000000
0.000000
0.000000
0.000000
0.000000
0.000000
0.000000
0.000000
0.000000
0.000000
0.000000
0.000000
0.000000
0.000000
0.000000
0.000000
0.000000
0.000000
0.000000
0.000000
0.000000
0.000000
0.000000
0.000000
0.000000
0.000000
0.000000
0.000000
0.000000
0.000000
0.000000
0.000000
0.000000
0.000000
0.000000
0.000000
0.000000
0.000000
0.000000
0.000000
0.000000
0.000000
0.000000
0.000000
0.000000
0.000000
0.000000
0.000000
0.000000
0.000000
0.000000
0.000000
0.000000
0.000000
0.000000
0.000000
0.000000
0.000000
0.000000
0.000000
0.000000
0.000000
0.000000
0.000000
0.000000
0.000000
0.000000
0.000000
0.000000
0.000000
0.000000
0.000000
0.000000
0.000000
0.000000
0.000000
0.000000
0.000000
0.000000
0.000000
0.000000
0.000000
0.000000
0.000000
0.000000
0.000000
0.000000
0.000000
0.000000
0.000000
0.000000
0.000000
0.000000
0.000000
0.000000
0.000000
0.000000
0.000000
0.000000
0.000000
0.000000
0.000000
0.000000
0.000000
0.000000
0.000000
0.000000
0.000000
0.000000
0.000000
0.000000
0.000000
0.000000
0.000000
0.000000
0.000000
0.000000
0.000000
0.000000
0.000000
0.000000
0.000000
0.000000
0.000000
0.000000
0.000000
0.000000
0.000000
0.000000
0.000000
0.000000
0.000000
0.000000
0.000000
0.000000
0.000000
0.000000
0.000000
0.000000
0.000000
0.000000
0.000000
0.000000
0.000000
0.000000
0.000000
0.000000
0.000000
0.000000
0.000000
0.000000
0.000000
0.000000
0.000000
0.000000
0.000000
0.000000
0.000000
0.000000
0.000000
0.000000
0.000000
0.000000
0.000000
0.000000
0.000000
0.000000
0.000000
0.000000
0.000000
0.000000
0.000000
0.000000
0.000000
0.000000
0.000000
0.000000
0.000000
0.000000
0.000000
0.000000
0.000000
0.000000
0.000000
0.000000
0.000000
0.000000
0.000000
0.000000
0.000000
0.000000
0.000000
0.000000
0.000000
0.000000
0.000000
0.000000
0.000000
0.000000
0.000000
0.000000
0.000000
0.000000
0.000000
0.000000
0.000000
0.000000
0.000000
0.000000
0.000000
0.000000
0.000000
0.000000
0.000000
0.000000
0.000000
0.000000
0.000000
0.000000
0.000000
0.000000
0.000000
0.000000
0.000000
0.000000
0.000000
0.000000
0.000000
0.000000
0.000000
0.000000
0.000000
0.000000
0.000000
0.000000
0.000000
0.000000
0.000000
0.000000
0.000000
0.000000
0.000000
0.000000
0.000000
0.000000
0.000000
0.000000
0.000000
0.000000
0.000000
0.000000
0.000000
0.000000
0.000000
0.000000
0.000000
0.000000
0.000000
0.000000
0.000000
0.000000
0.000000
0.000000
0.000000
0.000000
0.000000
0.000000
0.000000
0.000000
0.000000
0.000000
0.000000
0.000000
0.000000
0.000000
0.000000
0.000000
0.000000
0.000000
0.000000
0.000000
0.000000
0.000000
0.000000
0.000000
0.000000
0.000000
0.000000
0.000000
0.000000
0.000000
0.000000
0.000000
0.000000
0.000000
0.000000
0.000000
0.000000
0.000000
0.000000
0.000000
0.000000
0.000000
0.000000
0.000000
0.000000
0.000000
0.000000
0.000000
0.000000
0.000000
0.000000
0.000000
0.000000
0.000000
0.000000
0.000000
0.000000
0.000000
0.000000
0.000000
0.000000
0.000000
0.000000
0.000000
0.000000
0.000000
0.000000
0.000000
0.000000
0.000000
0.000000
0.000000
0.000000
0.000000
0.000000
0.000000
0.000000
0.000000
0.000000
0.000000
0.000000
0.000000
0.000000
0.000000
0.000000
0.000000
0.000000
0.000000
0.000000
0.000000
0.000000
0.000000
0.000000
0.000000
0.000000
0.000000
0.000000
0.000000
0.000000
0.000000
0.000000
0.000000
0.000000
0.000000
0.000000
0.000000
0.000000
0.000000
0.000000
0.000000
0.000000
0.000000
0.000000
0.000000
0.000000
0.000000
0.000000
0.000000
0.000000
0.000000
0.000000
0.000000
0.000000
0.000000
0.000000
0.000000
0.000000
0.000000
0.000000
0.000000
0.000000
0.000000
0.000000
0.000000
0.000000
0.000000
0.000000
0.000000
0.000000
0.000000
0.000000
0.000000
0.000000
0.000000
0.000000
0.000000
0.000000
0.000000
0.000000
0.000000
0.000000
0.000000
0.000000
0.000000
0.000000
0.000000
0.000000
0.000000
0.000000
0.000000
0.000000
0.000000
0.000000
0.000000
0.000000
0.000000
0.000000
0.000000
0.000000
0.000000
0.000000
0.000000
0.000000
0.000000
0.000000
0.000000
0.000000
0.000000
0.000000
0.000000
0.000000
0.000000
0.000000
0.000000
0.000000
0.000000
0.000000
0.000000
0.000000
0.000000
0.000000
0.000000
0.000000
0.000000
0.000000
0.000000
0.000000
0.000000
0.000000
0.000000
0.000000
0.000000
0.000000
0.000000
0.000000
0.000000
0.000000
0.000000
0.000000
0.000000
0.000000
0.000000
0.000000
0.000000
0.000000
0.000000
0.000000
0.000000
0.000000
0.000000
0.000000
0.000000
0.000000
0.000000
0.000000
0.000000
0.000000
0.000000
0.000000
0.000000
0.000000
0.000000
0.000000
0.000000
0.000000
0.000000
0.000000
0.000000
0.000000
0.000000
0.000000
0.000000
0.000000
0.000000
0.000000
0.000000
0.000000
0.000000
0.000000
0.000000
0.000000
0.000000
0.000000
0.000000
0.000000
0.000000
0.000000
0.000000
0.000000
0.000000
0.000000
0.000000
0.000000
0.000000
0.000000
0.000000
0.000000
0.000000
0.000000
0.000000
0.000000
0.000000
0.000000
0.000000
0.000000
0.000000
0.000000
0.000000
0.000000
0.000000
0.000000
0.000000
0.000000
0.000000
0.000000
0.000000
0.000000
0.000000
0.000000
0.000000
0.000000
0.000000
0.000000
0.000000
0.000000
0.000000
0.000000
0.000000
0.000000
0.000000
0.000000
0.000000
0.000000
0.000000
0.000000
0.000000
0.000000
0.000000
0.000000
0.000000
0.000000
0.000000
0.000000
0.000000
0.000000
0.000000
0.000000
0.000000
0.000000
0.000000
0.000000
0.000000
0.000000
0.000000
0.000000
0.000000
0.000000
0.000000
0.000000
0.000000
0.000000
0.000000
0.000000
0.000000
0.000000
0.000000
0.000000
0.000000
0.000000
0.000000
0.000000
0.000000
0.000000
0.000000
0.000000
0.000000
0.000000
0.000000
0.000000
0.000000
0.000000
0.000000
0.000000
0.000000
0.000000
0.000000
0.000000
0.000000
0.000000
0.000000
0.000000
0.000000
0.000000
0.000000
0.000000
0.000000
0.000000
0.000000
0.000000
0.000000
0.000000
0.000000
0.000000
0.000000
0.000000
