1.492223
1.504514
1.578714
1.756826
1.832489
2.096428
2.171880
2.217487
2.697896
2.722205
2.758033
2.810807
2.825356
3.243128
3.906783
4.380686
4.189406
3.867897
3.743599
3.871841
4.095319
3.880681
3.780464
3.705711
3.543972
3.314981
3.389463
3.390755
3.188126
3.075820
2.749584
2.773645
2.773409
2.573917
2.517540
2.432780
2.248608
2.257626
2.129018
2.031524
1.918261
1.917472
1.724404
1.491911
1.427666
1.625967
1.551635
1.465441
1.537199
1.349308
1.400525
1.500578
1.493578
1.345265
1.518256
1.431892
1.418193
1.400638
1.428739
1.446274
1.475627
1.514194
1.554507
1.615904
1.692994
1.717776
1.763341
1.869387
1.950525
2.036739
2.279638
2.454136
2.457854
2.485932
2.513812
2.569075
2.624930
2.743195
2.863804
2.911236
3.314757
3.374950
3.914626
4.369345
4.259591
4.051008
4.033427
4.120808
4.414753
4.665322
4.561271
4.459369
4.640987
4.634401
4.508760
4.473190
4.485515
4.452135
4.476219
4.558753
4.739326
4.698613
4.619261
4.679757
4.654817
4.633476
4.702857
4.645472
4.546750
4.506981
4.493404
4.546332
4.514455
4.506922
4.619214
4.577497
4.520727
4.484651
4.502298
4.499007
4.316784
4.224722
4.090856
3.851186
3.652892
3.690127
3.602555
3.480377
3.443004
3.228989
2.869032
2.603521
2.789774
2.676688
2.627909
2.508196
2.305705
2.285264
2.351059
2.894514
2.815108
2.918032
2.370351
2.207924
2.136883
2.154545
2.531460
2.790550
2.537442
2.094631
2.198413
2.350530
2.051155
2.043035
2.955130
3.320276
3.201289
2.733109
2.875118
2.884373
3.000794
3.953180
4.399107
4.326634
2.516913
2.199654
2.714825
2.601021
2.658170
2.670095
2.648390
2.616742
2.444133
2.369970
2.386276
2.589027
2.530536
2.480320
2.470374
2.493063
2.408381
2.487597
2.635895
2.742327
2.996797
2.781411
2.325411
2.921891
3.063201
3.419523
3.771863
3.693864
3.196619
2.487923
2.568656
3.072032
3.474040
3.800052
3.733067
3.418876
3.430117
3.226959
3.428121
3.527103
3.711089
3.717288
3.502625
3.577651
3.821414
3.619144
3.443302
3.478462
3.551337
3.495625
3.479073
3.490515
3.452816
3.529618
3.522330
3.618803
3.753396
3.593503
3.469684
3.501458
3.545069
3.580545
3.562846
3.537030
3.675367
3.650101
3.628972
3.608324
3.613610
3.566996
3.543202
3.530964
3.401270
3.417491
3.374200
3.236283
3.132836
3.178810
3.148071
3.087883
3.015045
2.935354
2.839742
2.754637
2.663897
2.542322
2.512050
2.455996
2.418627
2.378731
2.311878
2.296021
2.241026
2.204110
2.244689
2.250792
2.236967
2.220338
2.171609
2.097327
2.051106
1.997764
1.989510
2.012982
2.023680
2.005582
2.003429
2.000288
1.982392
1.987782
1.982906
2.003185
2.008018
2.016384
1.949923
1.879173
1.838370
1.724495
1.732714
1.715071
1.697517
1.644278
1.615496
1.591081
1.550301
1.482125
1.470589
1.466242
1.484012
1.475907
1.428832
1.471089
1.472588
1.484769
1.482517
1.489362
1.509810
1.508259
1.490488
1.482137
1.504242
1.475654
1.491693
1.500821
1.513160
1.508989
1.499357
1.495870
1.459797
1.409719
1.344018
1.332614
1.352030
1.394261
1.447421
1.455886
1.478225
1.504169
1.508806
1.499104
1.506835
1.525735
1.496225
1.452681
1.412015
1.353482
1.257083
1.272767
1.280654
1.307578
1.317272
1.339461
1.377097
1.408390
1.302398
1.337225
1.389776
1.297413
1.212463
1.313077
1.336223
1.329730
1.266894
1.220958
1.173180
1.220834
1.382981
1.346966
1.294189
1.289731
1.260774
1.260244
1.268202
1.276959
1.312469
1.331191
1.341409
1.344941
1.353463
1.334188
1.265604
1.354726
1.453555
1.753543
1.739117
1.700451
1.987314
1.974536
1.874237
1.923202
1.874234
1.823185
1.802944
1.797861
1.802629
1.776867
1.739702
1.710232
1.659500
1.490726
1.493075
1.433820
1.526834
1.583327
1.552588
1.505915
1.478784
1.548589
1.556940
1.522578
1.538688
1.545205
1.533046
1.471949
1.476381
1.500772
1.517859
1.530672
1.506375
1.492588
1.493577
1.480058
1.486230
1.489488
1.494422
1.493910
1.476264
1.510666
1.495067
1.491400
1.505780
1.515336
1.505879
1.509569
1.534182
1.487098
1.425306
1.367995
1.335865
1.310069
1.303674
1.295400
1.313663
1.356851
1.407633
1.458351
1.496735
1.521546
1.513340
1.516005
1.520060
1.522656
1.520609
1.515743
1.499263
1.494395
1.501478
1.421820
1.365355
1.359094
1.339872
1.334205
1.322607
1.317558
1.310785
1.294268
1.268406
1.311748
1.364956
1.412406
1.461958
1.514010
1.522774
1.527644
1.529199
1.488773
1.382365
1.378092
1.339804
1.290352
1.344106
1.359932
1.303252
1.318367
1.352548
1.392047
1.423370
1.451068
1.455943
1.492679
1.495183
1.451714
1.419527
1.381347
1.372629
1.451313
1.462515
1.425406
1.462404
1.480323
1.494342
1.507418
1.496250
1.498978
1.491906
1.521988
1.571254
1.614722
1.717427
2.079929
2.094169
2.102639
2.483325
2.497598
2.431619
2.523040
2.595951
2.649886
2.692131
2.709385
2.633500
2.684652
2.645637
2.595711
2.556834
2.453552
2.381715
2.367300
2.272096
2.240053
2.203576
2.103765
2.103111
2.050696
1.927390
1.883680
1.848954
1.802024
1.728780
1.684104
1.677325
1.635478
1.598446
1.529525
1.497419
1.416438
1.358282
1.343313
1.289638
1.262625
1.245063
1.265478
1.231948
1.223049
1.233772
1.241757
1.291653
1.306693
1.327451
1.271558
1.288280
1.318335
1.339577
1.319857
1.281916
1.279750
1.286949
1.288134
1.293528
1.296263
1.317873
1.316579
1.297139
1.291193
1.294102
1.310177
1.281566
1.300895
1.285391
1.312055
1.282850
1.262305
1.261483
1.300848
1.321582
1.284676
1.303660
1.328027
1.352548
1.295081
1.295241
1.315116
1.334779
1.327083
1.314736
1.301848
1.294786
1.281099
1.273115
1.279192
1.306356
1.348068
1.420876
1.469216
1.516489
1.582518
1.662145
1.764611
1.905166
1.988708
2.063833
2.167731
2.314867
2.517351
2.707012
2.734766
2.816800
2.975843
3.093644
3.240920
3.347294
3.406150
3.495446
3.493603
3.508832
3.529826
3.541270
3.518640
3.531619
3.549072
3.539286
3.575601
3.569699
3.586554
3.584544
3.580176
3.585164
3.607214
3.602854
3.546465
3.556795
3.579402
3.563390
3.515482
3.470425
3.480527
3.484628
3.466229
3.463948
3.421327
3.455437
3.505183
3.500685
3.520010
3.529067
3.536578
3.533805
3.531849
3.568934
3.554814
3.557914
3.519608
3.482671
3.480723
3.434292
3.461025
3.507145
3.436701
3.434479
3.442974
3.473328
3.456837
3.430774
3.446496
3.479074
3.485513
3.431300
3.449365
3.412407
3.404986
3.510968
3.485895
3.467682
3.505605
3.509842
3.487973
3.384538
3.345816
3.273249
3.202372
3.039782
3.029248
2.976454
2.739988
2.715266
2.793483
2.776016
2.716635
2.670526
2.617714
2.484925
2.434927
2.263565
2.188292
2.189275
2.141582
2.063233
1.978014
1.894287
1.839962
1.774940
1.730444
1.714275
1.671714
1.637114
1.607848
1.567923
1.541324
1.509643
1.479033
1.459876
1.404674
1.412094
1.413763
1.405894
1.330767
1.254076
1.285892
1.332948
1.195513
1.107892
1.249138
1.349177
1.369727
1.363887
1.347335
1.328052
1.313137
1.286507
1.284298
1.267134
1.257710
1.265738
1.274529
1.279342
1.296204
1.354681
1.405090
1.455057
1.534256
1.620595
1.705359
1.793527
1.909829
2.008183
2.107848
2.270453
2.371371
2.693298
2.809232
2.780354
2.923356
3.002487
3.189558
3.449630
3.396998
3.335783
3.398240
3.407955
3.456992
3.524825
3.554762
3.549399
3.609893
3.619326
3.559505
3.580098
3.563962
3.511799
3.429563
3.347914
3.316092
3.239664
3.192565
3.091169
3.046340
3.009909
2.915925
2.869615
2.776030
2.713945
2.634987
2.577558
2.497551
2.430312
2.381565
2.315236
2.247839
2.226386
2.138726
2.133024
2.104468
2.010183
1.940153
1.926798
1.887053
1.878402
1.838414
1.783864
1.770352
1.759899
1.744100
1.685846
1.616672
1.581066
1.553268
1.476248
1.461760
1.459231
1.461513
1.465020
1.461038
1.469142
1.476261
1.476553
1.462915
1.473719
1.485736
1.486588
1.442546
1.418019
1.462496
1.504481
1.504056
1.466249
1.400775
1.387861
1.357884
1.363545
1.398221
1.431845
1.443841
1.457273
1.487254
1.527459
1.602833
1.676286
1.787056
1.894437
2.057256
2.125685
2.233338
2.357416
2.437885
2.499852
2.578965
2.640494
2.710642
2.832123
3.295520
3.313113
3.368099
3.312467
3.309944
3.383515
3.463536
3.472089
3.544514
3.562624
3.471525
3.573457
3.551990
3.543926
3.556913
3.553465
3.569901
3.568875
3.498650
3.530406
3.507908
3.498049
3.500877
3.503540
3.491162
3.487090
3.518788
3.511266
3.456742
3.422920
3.443278
3.466500
3.453007
3.459483
3.489201
3.506314
3.510655
3.438026
3.514624
3.505342
3.529235
3.507560
3.536555
3.560755
3.522643
3.506033
3.513230
3.528743
3.464642
3.488749
3.492691
3.451205
3.449836
3.460805
3.527216
3.534299
3.638655
3.510679
3.559085
3.502453
3.500053
3.474205
3.589542
3.518148
3.612216
3.540205
3.567384
3.510623
3.498111
3.465560
3.484089
3.499606
3.494286
3.487351
3.501243
3.508675
3.524143
3.500806
3.488588
3.513489
3.474186
3.487281
3.513599
3.506613
3.387136
3.374232
3.362860
3.287820
3.137183
3.112859
3.072130
2.941795
2.926934
2.841541
2.811675
2.739128
2.643355
2.581090
2.521584
2.472639
2.412833
2.334948
2.286401
2.241230
2.188102
2.128651
2.083358
2.037583
1.987273
1.937866
1.893918
1.853039
1.816191
1.785960
1.762101
1.744078
1.703252
1.665460
1.631576
1.603377
1.564778
1.528839
1.495020
1.451174
1.434612
1.394455
1.381369
1.376684
1.312271
1.340178
1.317918
1.298119
1.296497
1.277876
1.264323
1.267483
1.263590
1.255754
1.275614
1.283066
1.274268
1.249383
1.250253
1.238150
1.174198
1.207348
1.456233
1.303107
1.260916
1.238922
1.238649
1.243818
1.253420
1.277444
1.300249
1.335041
1.351264
1.351116
1.343815
1.334380
1.320389
1.310063
1.306787
1.304130
1.300006
1.317128
1.386658
1.447714
1.529571
1.678416
1.701958
1.736226
1.943062
2.098701
1.960554
1.846597
1.873937
2.222247
2.049776
1.879006
1.868421
1.816568
1.814217
1.794740
1.704853
1.709964
1.709988
1.715906
1.619317
1.517573
1.477968
1.416333
1.480635
1.469686
1.523368
1.410683
1.449941
1.513756
1.665129
1.662275
1.721858
1.672170
1.536716
1.504129
1.574792
1.542110
1.541781
1.519289
1.443574
1.338162
1.351029
1.346979
1.394374
1.388767
1.302385
1.339076
1.316844
1.288629
1.309481
1.316223
1.316373
1.325804
1.401833
1.447610
1.572237
1.778696
1.728218
1.719458
1.691989
1.750493
1.800144
1.686268
1.588223
1.462758
1.492333
1.552358
1.515824
1.499703
1.382314
1.285918
1.287862
1.330715
1.363922
1.407764
1.474898
1.579071
1.661644
1.746243
1.730106
1.709828
1.649816
1.552491
1.574473
1.548171
1.499177
1.429438
1.395527
1.373179
1.372509
1.354864
1.294962
1.257727
1.209624
1.296729
1.342469
1.364243
1.366797
1.346134
1.311405
1.378681
1.419832
1.451333
1.582010
1.709183
1.739937
1.735254
1.669083
1.651517
1.668294
1.616262
1.621794
1.589127
1.673425
1.558364
1.528227
1.436677
1.386921
1.333641
1.225836
1.201495
1.325942
1.476241
1.553370
1.590825
1.683124
1.731173
1.651394
1.704466
1.715387
1.684373
1.667563
1.635263
1.508757
1.483946
1.462733
1.448016
1.399152
1.291262
1.183371
1.263838
1.312299
1.333118
1.289404
1.301946
1.310674
1.322393
1.369005
1.461363
1.623531
1.683032
1.765510
1.786483
1.755579
1.783663
1.692240
1.660545
1.656338
1.592162
1.542663
1.512934
1.487919
1.412129
1.273628
1.270189
1.269331
1.265519
1.302272
1.348726
1.389955
1.481110
1.627934
1.739656
1.707233
1.723814
1.736521
1.689022
1.581101
1.598222
1.628877
1.564747
1.549755
1.293981
1.225189
1.382507
1.459708
1.486564
1.473461
1.393095
1.268574
1.281690
1.301600
1.323672
1.329499
1.300740
1.310215
1.334656
1.451259
1.686364
1.671264
1.644714
1.605008
1.584020
1.559264
1.527684
1.530855
1.482255
1.467533
1.346919
1.361062
1.402094
1.429977
1.394799
1.324941
1.309043
1.276776
1.263862
1.264824
1.269661
1.289176
1.402619
1.435750
1.501927
1.569379
1.714161
1.791914
1.788027
1.757833
1.728619
1.712780
1.691726
1.681147
1.635935
1.561583
1.431543
1.446364
1.408741
1.385447
1.356319
1.330675
1.293101
1.229022
1.241365
1.281349
1.307581
1.318172
1.309106
1.298772
1.309653
1.302998
1.290367
1.274143
1.269328
1.257531
1.266043
1.275320
1.284677
1.289336
1.290674
1.295089
1.335790
1.394521
1.450852
1.537410
1.581609
1.665922
1.788984
2.298625
2.335997
2.257710
2.536986
2.470870
2.437860
2.508329
2.709564
2.810773
2.880719
3.036713
3.405979
3.375027
3.342577
3.319342
3.436380
3.417834
3.529664
3.537351
3.482415
3.503689
3.672045
3.629208
3.613210
3.597714
3.601609
3.588704
3.554658
3.501972
3.487449
3.452307
3.548972
3.517730
3.397756
3.396318
3.373116
3.333878
3.204599
3.159195
3.089659
3.021703
2.966222
2.804883
2.811910
2.751584
2.738124
2.665069
2.559459
2.550059
2.489618
2.421839
2.362930
2.298504
2.255783
2.198221
2.126766
2.065664
2.028651
1.962816
1.926884
1.891359
1.861030
1.810156
1.759745
1.756724
1.714627
1.660120
1.608066
1.595288
1.580072
1.567638
1.540746
1.513702
1.486749
1.377675
1.403728
1.325716
1.266473
1.356575
1.350411
1.347180
1.259848
1.138255
1.137782
1.306468
1.300985
1.268130
1.263316
1.177634
1.174024
1.230630
1.321440
1.224943
1.223994
1.230786
1.262474
1.291505
1.335526
1.298686
1.290777
1.329940
1.328843
1.323374
1.339818
1.330293
1.335829
1.341017
1.349480
1.351755
1.347291
1.344994
1.338913
1.340390
1.317294
1.326794
1.413965
1.456907
1.511581
1.555347
1.625546
1.698424
1.820575
1.853001
1.869824
1.854664
1.838808
1.833163
1.778572
1.755930
1.717141
1.639861
1.572140
1.521110
1.495968
1.495702
1.479990
1.421720
1.397090
1.342436
1.291674
1.284663
1.278807
1.275393
1.234944
1.238000
1.247799
1.277616
1.313785
1.325952
1.314207
1.260358
1.255372
1.241972
1.284319
1.287257
1.206594
1.181809
1.198408
1.225115
1.261691
1.298228
1.325218
1.333175
1.348574
1.353754
1.357275
1.361944
1.351590
1.343391
1.346196
1.339470
1.323555
1.326743
1.367683
1.417272
1.827107
1.650200
1.660828
1.942268
1.793803
1.724718
1.694397
1.743847
1.755713
1.776272
1.758724
1.750056
1.764760
1.745318
1.705316
1.679389
1.641106
1.590505
1.494424
1.465669
1.422298
1.395556
1.337529
1.318964
1.320065
1.324483
1.243098
1.273327
1.302357
1.302964
1.256237
1.277625
1.308763
1.308138
1.283481
1.288616
1.297609
1.293590
1.295652
1.295773
1.275751
1.293762
1.309781
1.308556
1.306995
1.301665
1.315882
1.334069
1.380610
1.570774
1.678055
1.662852
1.738389
1.930037
1.980133
2.098032
2.130080
1.838998
1.836103
1.934089
1.909169
1.850831
1.793679
1.758513
1.756204
1.688303
1.716200
1.658157
1.634425
1.615699
1.597823
1.556366
1.509024
1.464176
1.404265
1.359691
1.324055
1.283266
1.281212
1.268247
1.229803
1.219000
1.270618
1.272423
1.310596
1.316935
1.333411
1.310872
1.259719
1.278779
1.270808
1.303140
1.280084
1.315234
1.324229
1.346237
1.227376
1.266130
1.259898
1.271902
1.305174
1.276677
1.272003
1.333268
1.242441
1.295729
1.232853
1.219750
1.222928
1.233551
1.253060
1.270206
1.298128
1.295158
1.325099
1.335933
1.348812
1.345050
1.341563
1.331736
1.333322
1.332492
1.358163
1.396679
1.437095
1.487314
1.559448
1.651209
1.716915
1.811748
1.890130
2.069955
2.143040
2.247986
2.583280
2.641575
2.663347
2.886256
2.911319
3.244147
3.329167
3.317565
3.296301
3.506556
3.500946
3.508046
3.528816
3.458723
3.504383
3.671001
3.584983
3.647717
3.569279
3.572422
3.556358
3.494229
3.493958
3.521675
3.477176
3.503483
3.522642
3.499328
3.482780
3.505267
3.518390
3.504264
3.521584
3.497581
3.501970
3.568538
3.552318
3.474154
3.494611
3.491972
3.470674
3.497839
3.533002
3.536256
3.636732
3.566029
3.525800
3.582017
3.502162
3.405104
3.253750
3.220859
3.184062
3.134835
3.048356
3.009467
2.835270
2.810457
2.764955
2.674025
2.643680
2.541730
2.552877
2.483752
2.413028
2.327764
2.261405
2.244885
2.209972
2.145228
2.082258
2.018652
1.991637
1.966448
1.911203
1.955185
1.954537
1.954982
1.958613
1.949939
1.978331
1.988585
2.017165
1.990216
1.950157
1.897824
1.830402
1.784224
1.737200
1.682951
1.646387
1.612498
1.593803
1.574559
1.551238
1.510429
1.478618
1.462755
1.454317
1.245713
1.347165
1.364831
1.268900
1.344671
1.378883
1.344321
1.293613
1.268679
1.220002
1.311224
1.397132
1.310374
1.213990
1.212668
1.215469
1.221898
1.235127
1.246560
1.253998
1.271309
1.301770
1.317498
1.311298
1.305943
1.280267
1.321976
1.407768
1.599146
1.793146
1.593263
1.565362
1.535359
1.521280
1.500830
1.481912
1.457638
1.449968
1.403690
1.401088
1.343010
1.296158
1.324258
1.293540
1.301285
1.317646
1.319212
1.312534
1.310960
1.328530
1.314955
1.311889
1.308346
1.304388
1.301252
1.283522
1.284832
1.298017
1.356757
1.404286
1.458954
1.538155
1.604220
1.680485
1.770235
1.869803
1.986334
2.087671
2.227537
2.407214
2.544826
2.720847
2.916246
3.050524
3.134026
3.196576
3.474698
3.492427
3.574027
3.603465
3.566362
3.582555
3.644615
3.621495
3.564860
3.562072
3.558707
3.572677
3.537343
3.553025
3.541536
3.554280
3.553064
3.566437
3.585208
3.542773
3.458934
3.423262
3.334006
3.307817
3.222335
3.167692
3.096543
3.029325
2.975936
2.900820
2.848704
2.770333
2.685645
2.611721
2.542020
2.456797
2.388146
2.327444
2.278164
2.230836
2.184166
2.148209
2.099282
2.063674
2.009113
1.933701
1.906868
1.824561
1.791925
1.770103
1.745977
1.708687
1.672427
1.634437
1.597545
1.529161
1.507997
1.484471
1.476422
1.462151
1.454539
1.445958
1.452414
1.468092
1.467444
1.453607
1.420819
1.389013
1.347342
1.312587
1.287406
1.257939
1.261049
1.254676
1.262490
1.263142
1.334118
1.384393
1.423786
1.453243
1.488159
1.467264
1.358576
1.384505
1.346062
1.322182
1.327916
1.310735
1.291696
1.296580
1.288512
1.257489
1.233375
1.296120
1.263904
1.238121
1.305080
1.265242
1.249128
1.240799
1.238610
1.222848
1.238818
1.291000
1.277873
1.288249
1.284270
1.309542
1.299191
1.367252
1.293231
1.265444
1.304176
1.301670
1.281001
1.297405
1.334886
1.331757
1.406400
1.431762
1.381501
1.465907
1.332918
1.345950
1.305480
1.349794
1.314488
1.286669
1.269282
1.236665
1.242512
1.240764
1.279187
1.305183
1.278891
1.326667
1.321779
1.330460
1.348389
1.339302
1.180308
1.206918
1.242996
1.576369
1.371130
1.199509
1.149217
1.186139
1.162145
1.380447
1.629968
1.236425
1.094378
0.959735
0.984781
1.538969
1.327866
1.425467
1.452308
1.209855
1.167625
1.196788
1.228737
1.529556
1.469724
1.327345
1.334260
1.480380
1.421875
1.394257
1.439931
1.444311
1.406138
1.381005
1.387460
1.306446
1.328263
1.313089
1.320254
1.376956
1.345621
1.333617
1.318415
1.303513
1.284981
1.290005
1.294826
1.341967
1.340359
1.350814
1.333445
1.329567
1.341930
1.340428
1.201516
1.215660
1.225303
1.288445
1.346545
1.507219
1.474759
1.433677
1.386927
1.358176
1.336246
1.336614
1.311430
1.293064
1.286664
1.302457
1.286363
1.314930
1.306251
1.334747
1.273043
1.288527
1.478235
1.592037
1.369316
1.270657
1.426305
1.297602
1.302498
1.459308
1.325835
1.314268
1.131582
1.207200
1.242550
1.334729
1.318775
1.316128
1.212179
1.178572
1.252716
1.318893
1.295243
1.283542
1.246267
1.284896
1.292885
1.314351
1.350634
1.335238
1.127236
1.407514
1.272866
1.227288
1.238997
1.347353
1.391631
1.350641
1.392433
1.332439
1.237145
1.290473
1.352845
1.277409
1.258955
1.356567
1.338096
1.262480
1.354451
1.362369
1.231963
1.224852
1.230179
1.239533
1.256897
1.306062
1.335046
1.266322
1.355452
1.389026
1.395497
1.402205
1.375308
1.387670
1.396246
1.394918
1.377168
1.359076
1.351581
1.334669
1.344535
1.382828
1.420865
1.512986
1.607548
1.641533
1.663278
1.681051
1.680316
1.656454
1.619682
1.579552
1.530592
1.481802
1.429614
1.389601
1.337249
1.317060
1.296628
1.273546
1.217982
1.255173
1.265542
1.282067
1.268929
1.355031
1.293291
1.320428
1.281062
1.257493
1.247986
1.254354
1.261023
1.291407
1.305824
1.310964
1.323997
1.332501
1.377034
1.412195
1.427500
1.490233
1.542279
1.632735
1.715412
1.822524
1.942805
2.019182
2.113917
2.250336
2.377351
2.592371
2.803114
2.807990
2.939834
2.961145
2.983683
2.996217
2.986416
2.975654
2.916943
2.834706
2.813432
2.754301
2.715565
2.648094
2.565523
2.505763
2.410152
2.291577
2.291413
2.251632
2.201604
2.152242
2.099496
2.044047
2.004618
1.925583
1.848698
1.827642
1.800781
1.775845
1.729066
1.701395
1.669424
1.630648
1.591369
1.533533
1.500075
1.474105
1.439534
1.395149
1.385783
1.367478
1.346557
1.324087
1.300363
1.277245
1.262649
1.256966
1.412025
1.392954
1.388188
1.380545
1.392215
1.391196
1.384845
1.385001
1.380544
1.374314
1.375119
1.371094
1.389598
1.369779
1.390411
1.370940
1.353118
1.351290
1.365112
1.389285
1.408114
1.410704
1.422675
1.425245
1.431610
1.436079
1.427208
1.418161
1.410250
1.407841
1.412035
1.408551
1.400835
1.404512
1.411610
1.416073
1.418225
1.416927
1.404531
1.391133
1.377585
1.368989
1.368602
1.386962
1.388718
1.396110
1.405847
1.411703
1.408114
1.410423
1.408613
1.407513
1.405467
1.399679
1.400581
1.410535
1.421089
1.419301
1.422451
1.438382
1.419056
1.411655
1.416334
1.409525
1.396838
1.398889
1.417555
1.403329
1.399711
1.391114
1.405147
1.384250
1.398260
1.403374
1.394952
1.382713
1.418267
1.414511
1.408500
1.390124
1.379627
1.380073
1.379490
1.382220
1.383536
1.382999
1.393273
1.405422
1.420905
1.425453
1.418342
1.411623
1.408196
1.404406
1.412557
1.408570
1.401650
1.383423
1.372688
1.381063
1.394229
1.399017
1.399225
1.396751
1.415568
1.420256
1.412383
1.401713
1.404755
1.408134
1.404557
1.410887
1.418439
1.413298
1.399736
1.397347
1.403512
1.411183
1.402027
1.398825
1.407854
1.409695
1.402144
1.398786
1.403662
1.415862
1.406021
1.396599
1.398888
1.409602
1.401256
1.386657
1.382516
1.397031
1.395413
1.418319
1.404887
1.399499
1.388836
1.427683
1.388376
1.382039
1.350659
1.346511
1.316407
1.396386
1.382173
1.376549
1.365750
1.360762
1.363921
1.380692
1.391886
1.392303
1.405837
1.417917
1.429319
1.424586
1.414259
1.413016
1.413130
1.402018
1.392202
1.378206
1.380736
1.389417
1.393422
1.388767
1.391037
1.397537
1.402693
1.412181
1.408087
1.397221
1.396027
1.400762
1.408997
1.400415
1.392357
1.390166
1.397338
1.407369
1.404705
1.400213
1.396045
1.401792
1.411777
1.405118
1.404029
1.401339
1.401786
1.412023
1.404858
1.397529
1.398484
1.399084
1.410985
1.412349
1.404659
1.400121
1.404726
1.416555
1.423629
1.419022
1.407081
1.410345
1.408240
1.398091
1.382784
1.375019
1.377817
1.394344
1.404299
1.408322
1.408330
1.407150
1.419082
1.414644
1.404566
1.392242
1.390330
1.393700
1.393857
1.383067
1.373434
1.379568
1.392402
1.399131
1.396604
1.399762
1.404851
1.416444
1.418529
1.401274
1.393973
1.386790
1.383717
1.377984
1.367004
1.362198
1.370013
1.386838
1.406252
1.404745
1.409541
1.402677
1.406917
1.412397
1.401489
1.401070
1.391900
1.392155
1.398886
1.392159
1.386938
1.387183
1.391458
1.408973
1.407497
1.405446
1.396972
1.398651
1.408940
1.404459
1.402545
1.398027
1.401981
1.414275
1.414812
1.407195
1.401449
1.396490
1.406829
1.405383
1.394983
1.392349
1.388718
1.400009
1.401130
1.395120
1.390579
1.388908
1.400393
1.406729
1.410424
1.408114
1.406075
1.414634
1.413978
1.408911
1.398496
1.394389
1.404127
1.409251
1.409834
1.403888
1.404047
1.413785
1.418995
1.410584
1.399726
1.389658
1.390894
1.398209
1.391846
1.397587
1.395683
1.408860
1.415085
1.412556
1.407791
1.397586
1.401751
1.409830
1.403820
1.398961
1.401591
1.400821
1.405465
1.398556
1.385725
1.383677
1.393992
1.406628
1.418357
1.414418
1.403233
1.409060
1.409677
1.412565
1.407420
1.399669
1.393868
1.394151
1.395117
1.400429
1.398440
1.397121
1.394051
1.398643
1.406409
1.415845
1.413049
1.402666
1.396848
1.404646
1.406428
1.407357
1.392503
1.388102
1.390354
1.398019
1.402977
1.406251
1.405913
1.399444
1.400587
1.402281
1.408421
1.411359
1.402752
1.379822
1.377083
1.384762
1.395414
1.399971
1.392984
1.387534
1.406848
1.417799
1.423376
1.415438
1.409701
1.400083
1.395383
1.395513
1.438901
1.428952
1.433706
1.430416
1.411788
1.389697
1.384295
1.370509
1.360371
1.375178
1.384896
1.390750
1.394230
1.394611
1.396119
1.397578
1.403132
1.406073
1.401910
1.385993
1.375003
1.373968
1.392094
1.407539
1.412174
1.413664
1.440754
1.431527
1.425776
1.420837
1.419311
1.411415
1.397000
1.402124
1.403153
1.401616
1.397990
1.401554
1.410760
1.408092
1.401659
1.401069
1.413739
1.412218
1.402181
1.409714
1.407477
1.408481
1.385777
1.376863
1.368710
1.366418
1.368030
1.357478
1.359083
1.368677
1.389273
1.392017
1.387906
1.384174
1.385257
1.391541
1.386401
1.375776
1.372990
1.381794
1.395358
1.399340
1.393813
1.387555
1.391720
1.402715
1.413760
1.413641
1.405810
1.406703
1.410534
1.411224
1.401918
1.390109
1.385389
1.393492
1.396120
1.398759
1.394879
1.393436
1.404073
1.411839
1.399819
1.390725
1.383883
1.392451
1.406358
1.404674
1.411098
1.408410
1.418788
1.423389
1.410427
1.397465
1.388801
1.389915
1.397781
1.397085
1.393157
1.392590
1.394898
1.404364
1.399742
1.395976
1.392703
1.391104
1.400434
1.389446
1.382137
1.380615
1.382206
1.395632
1.394528
1.395349
1.394497
1.399116
1.411663
1.408521
1.406184
1.397895
1.401891
1.416520
1.422622
1.406434
1.400970
1.394379
1.400856
1.400589
1.394221
1.387878
1.392979
1.408142
1.409147
1.407033
1.401292
1.398089
1.405450
1.411090
1.408798
1.402964
1.403201
1.408942
1.412380
1.406025
1.400648
1.399853
1.407173
1.411349
1.399298
1.392587
1.395211
1.399324
1.402775
1.392384
1.393797
1.389737
1.391549
1.394051
1.381926
1.379710
1.380244
1.391539
1.406850
1.406299
1.403800
1.400554
1.406753
1.414287
1.404698
1.402111
1.397303
1.402014
1.411439
1.406778
1.400965
1.404686
1.406426
1.411759
1.410490
1.411293
1.408415
1.415273
1.420220
1.424684
1.424141
1.428519
1.425965
1.410150
1.417274
1.416227
1.417964
1.408494
1.408535
1.407775
1.407150
1.406488
1.404929
1.401952
1.415296
1.405229
1.398867
1.402593
1.413820
1.411701
1.405999
1.408408
1.404277
1.409827
1.404918
1.394872
1.398693
1.400734
1.399075
1.394741
1.395498
1.399026
1.411764
1.408991
1.399340
1.416261
1.391653
1.403466
1.426589
1.401263
1.399946
1.384704
1.361292
1.363929
1.365369
1.358135
1.354897
1.361476
1.362663
1.375449
1.393211
1.375465
1.382710
1.378293
1.366910
1.376800
1.380950
1.374609
1.503066
1.435070
1.376213
1.385527
1.358739
1.357587
1.394656
1.501420
1.461963
1.409476
1.401651
1.379094
1.368062
1.394686
1.386872
1.384132
1.395590
1.394353
1.393031
1.418085
1.404462
1.390453
1.392506
1.379975
1.381167
1.378701
1.357956
1.381153
1.504662
1.426758
1.445207
1.339344
1.326396
1.339149
1.366784
1.396101
1.467144
1.477219
1.441108
1.428799
1.416667
1.390062
1.401874
1.391479
1.378133
1.385621
1.401935
1.391460
1.493153
1.423497
1.389830
1.392524
1.404583
1.406778
1.417240
1.419122
1.402859
1.406937
1.408609
1.407667
1.397414
1.369693
1.410715
1.381953
1.398694
1.383289
1.375010
1.377201
1.372183
1.369263
1.378847
1.396762
1.394369
1.389624
1.411793
1.500278
1.441774
1.389373
1.333463
1.355276
1.359923
1.422158
1.408031
1.484346
1.453001
1.417106
1.408141
1.404663
1.378989
1.397793
1.386987
1.375215
1.388105
1.391151
1.481180
1.449120
1.404011
1.407338
1.382810
1.391123
1.435435
1.425480
1.416330
1.409871
1.395658
1.383046
1.379870
1.388528
1.382914
1.455433
1.401109
1.401292
1.398809
1.362193
1.360659
1.366996
1.340230
1.342639
1.353909
1.383832
1.383199
1.391543
1.416490
1.507532
1.459334
1.419783
1.358584
1.357401
1.371830
1.397546
1.422364
1.438371
1.448567
1.422791
1.415765
1.403791
1.377649
1.375441
1.386914
1.361266
1.372431
1.378633
1.365649
1.378926
1.399006
1.377900
1.414013
1.398683
1.392490
1.402486
1.460820
1.409428
1.379131
1.364444
1.369355
1.387415
1.409260
1.416025
1.414315
1.422149
1.427284
1.433780
1.420145
1.415180
1.407916
1.407921
1.412627
1.403121
1.396319
1.390971
1.393422
1.407225
1.408439
1.405821
1.400667
1.396289
1.403891
1.399576
1.406355
1.416043
1.420331
1.417250
1.416286
1.434010
1.417815
1.407526
1.399298
1.387682
1.379342
1.389953
1.385178
1.378013
1.381464
1.397106
1.397577
1.404947
1.394782
1.399980
1.401515
1.408148
1.406054
1.399674
1.406399
1.408735
1.419447
1.408807
1.399834
1.394225
1.393805
1.399744
1.393721
1.384190
1.382700
1.391935
1.402293
1.399206
1.393975
1.389802
1.391848
1.402709
1.399223
1.396371
1.392708
1.394653
1.406407
1.408010
1.402888
1.395114
1.390705
1.402738
1.406231
1.393401
1.392648
1.389726
1.407892
1.418975
1.412855
1.401807
1.396884
1.403013
1.405321
1.392229
1.389168
1.382522
1.392788
1.402414
1.394056
1.398921
1.392005
1.402316
1.411829
1.405618
1.399031
1.398718
1.402568
1.413639
1.408713
1.405563
1.396320
1.401240
1.411373
1.404989
1.400409
1.396743
1.399244
1.407177
1.405692
1.404053
1.400210
1.398389
1.402525
1.398146
1.397329
1.390513
1.387648
1.398897
1.395160
1.394339
1.395479
1.395778
1.407367
1.406366
1.401764
1.394921
1.392283
1.398057
1.401716
1.401572
1.391594
0.000000
0.000000
0.000000
0.000000
0.000000
0.000000
0.000000
0.000000
0.000000
0.000000
0.000000
0.000000
0.000000
0.000000
0.000000
0.000000
0.000000
0.000000
0.000000
0.000000
0.000000
0.000000
0.000000
0.000000
0.000000
0.000000
0.000000
0.000000
0.000000
0.000000
0.000000
0.000000
0.000000
0.000000
0.000000
0.000000
0.000000
0.000000
0.000000
0.000000
0.000000
0.000000
0.000000
0.000000
0.000000
0.000000
0.000000
0.000000
0.000000
0.000000
0.000000
0.000000
0.000000
0.000000
0.000000
0.000000
0.000000
0.000000
0.000000
0.000000
0.000000
0.000000
0.000000
0.000000
0.000000
0.000000
0.000000
0.000000
0.000000
0.000000
0.000000
0.000000
0.000000
0.000000
0.000000
0.000000
0.000000
0.000000
0.000000
0.000000
0.000000
0.000000
0.000000
0.000000
0.000000
0.000000
0.000000
0.000000
0.000000
0.000000
0.000000
0.000000
0.000000
0.000000
0.000000
0.000000
0.000000
0.000000
0.000000
0.000000
0.000000
0.000000
0.000000
0.000000
0.000000
0.000000
0.000000
0.000000
0.000000
0.000000
0.000000
0.000000
0.000000
0.000000
0.000000
0.000000
0.000000
0.000000
0.000000
0.000000
0.000000
0.000000
0.000000
0.000000
0.000000
0.000000
0.000000
0.000000
0.000000
0.000000
0.000000
0.000000
0.000000
0.000000
0.000000
0.000000
0.000000
0.000000
0.000000
0.000000
0.000000
0.000000
0.000000
0.000000
0.000000
0.000000
0.000000
0.000000
0.000000
0.000000
0.000000
0.000000
0.000000
0.000000
0.000000
0.000000
0.000000
0.000000
0.000000
0.000000
0.000000
0.000000
0.000000
0.000000
0.000000
0.000000
0.000000
0.000000
0.000000
0.000000
0.000000
0.000000
0.000000
0.000000
0.000000
0.000000
0.000000
0.000000
0.000000
0.000000
0.000000
0.000000
0.000000
0.000000
0.000000
0.000000
0.000000
0.000000
0.000000
0.000000
0.000000
0.000000
0.000000
0.000000
0.000000
0.000000
0.000000
0.000000
0.000000
0.000000
0.000000
0.000000
0.000000
0.000000
0.000000
0.000000
0.000000
0.000000
0.000000
0.000000
0.000000
0.000000
0.000000
0.000000
0.000000
0.000000
0.000000
0.000000
0.000000
0.000000
0.000000
0.000000
0.000000
0.000000
0.000000
0.000000
0.000000
0.000000
0.000000
0.000000
0.000000
0.000000
0.000000
0.000000
0.000000
0.000000
0.000000
0.000000
0.000000
0.000000
0.000000
0.000000
0.000000
0.000000
0.000000
0.000000
0.000000
0.000000
0.000000
0.000000
0.000000
0.000000
0.000000
0.000000
0.000000
0.000000
0.000000
0.000000
0.000000
0.000000
0.000000
0.000000
0.000000
0.000000
0.000000
0.000000
0.000000
0.000000
0.000000
0.000000
0.000000
0.000000
0.000000
0.000000
0.000000
0.000000
0.000000
0.000000
0.000000
0.000000
0.000000
0.000000
0.000000
0.000000
0.000000
0.000000
0.000000
0.000000
0.000000
0.000000
0.000000
0.000000
0.000000
0.000000
0.000000
0.000000
0.000000
0.000000
0.000000
0.000000
0.000000
0.000000
0.000000
0.000000
0.000000
0.000000
0.000000
0.000000
0.000000
0.000000
0.000000
0.000000
0.000000
0.000000
0.000000
0.000000
0.000000
0.000000
0.000000
0.000000
0.000000
0.000000
0.000000
0.000000
0.000000
0.000000
0.000000
0.000000
0.000000
0.000000
0.000000
0.000000
0.000000
0.000000
0.000000
0.000000
0.000000
0.000000
0.000000
0.000000
0.000000
0.000000
0.000000
0.000000
0.000000
0.000000
0.000000
0.000000
0.000000
0.000000
0.000000
0.000000
0.000000
0.000000
0.000000
0.000000
0.000000
0.000000
0.000000
0.000000
0.000000
0.000000
0.000000
0.000000
0.000000
0.000000
0.000000
0.000000
0.000000
0.000000
0.000000
0.000000
0.000000
0.000000
0.000000
0.000000
0.000000
0.000000
0.000000
0.000000
0.000000
0.000000
0.000000
0.000000
0.000000
0.000000
0.000000
0.000000
0.000000
0.000000
0.000000
0.000000
0.000000
0.000000
0.000000
0.000000
0.000000
0.000000
0.000000
0.000000
0.000000
0.000000
0.000000
0.000000
0.000000
0.000000
0.000000
0.000000
0.000000
0.000000
0.000000
0.000000
0.000000
0.000000
0.000000
0.000000
0.000000
0.000000
0.000000
0.000000
0.000000
0.000000
0.000000
0.000000
0.000000
0.000000
0.000000
0.000000
0.000000
0.000000
0.000000
0.000000
0.000000
0.000000
0.000000
0.000000
0.000000
0.000000
0.000000
0.000000
0.000000
0.000000
0.000000
0.000000
0.000000
0.000000
0.000000
0.000000
0.000000
0.000000
0.000000
0.000000
0.000000
0.000000
0.000000
0.000000
0.000000
0.000000
0.000000
0.000000
0.000000
0.000000
0.000000
0.000000
0.000000
0.000000
0.000000
0.000000
0.000000
0.000000
0.000000
0.000000
0.000000
0.000000
0.000000
0.000000
0.000000
0.000000
0.000000
0.000000
0.000000
0.000000
0.000000
0.000000
0.000000
0.000000
0.000000
0.000000
0.000000
0.000000
0.000000
0.000000
0.000000
0.000000
0.000000
0.000000
0.000000
0.000000
0.000000
0.000000
0.000000
0.000000
0.000000
0.000000
0.000000
0.000000
0.000000
0.000000
0.000000
0.000000
0.000000
0.000000
0.000000
0.000000
0.000000
0.000000
0.000000
0.000000
0.000000
0.000000
0.000000
0.000000
0.000000
0.000000
0.000000
0.000000
0.000000
0.000000
0.000000
0.000000
0.000000
0.000000
0.000000
0.000000
0.000000
0.000000
0.000000
0.000000
0.000000
0.000000
0.000000
0.000000
0.000000
0.000000
0.000000
0.000000
0.000000
0.000000
0.000000
0.000000
0.000000
0.000000
0.000000
0.000000
0.000000
0.000000
0.000000
0.000000
0.000000
0.000000
0.000000
0.000000
0.000000
0.000000
0.000000
0.000000
0.000000
0.000000
0.000000
0.000000
0.000000
0.000000
0.000000
0.000000
0.000000
0.000000
0.000000
0.000000
0.000000
0.000000
0.000000
0.000000
0.000000
0.000000
0.000000
0.000000
0.000000
0.000000
0.000000
0.000000
0.000000
0.000000
0.000000
0.000000
0.000000
0.000000
0.000000
0.000000
0.000000
0.000000
0.000000
0.000000
0.000000
0.000000
0.000000
0.000000
0.000000
0.000000
0.000000
0.000000
0.000000
0.000000
0.000000
0.000000
0.000000
0.000000
0.000000
0.000000
0.000000
0.000000
0.000000
0.000000
0.000000
0.000000
0.000000
0.000000
0.000000
0.000000
0.000000
0.000000
0.000000
0.000000
0.000000
0.000000
0.000000
0.000000
0.000000
0.000000
0.000000
0.000000
0.000000
0.000000
0.000000
0.000000
0.000000
0.000000
0.000000
0.000000
0.000000
0.000000
0.000000
0.000000
0.000000
0.000000
0.000000
0.000000
0.000000
0.000000
0.000000
0.000000
0.000000
0.000000
0.000000
0.000000
0.000000
0.000000
0.000000
0.000000
0.000000
0.000000
0.000000
0.000000
0.000000
0.000000
0.000000
0.000000
0.000000
0.000000
0.000000
0.000000
0.000000
0.000000
0.000000
0.000000
0.000000
0.000000
0.000000
0.000000
0.000000
0.000000
0.000000
0.000000
0.000000
0.000000
0.000000
0.000000
0.000000
0.000000
0.000000
0.000000
0.000000
0.000000
0.000000
0.000000
0.000000
0.000000
0.000000
0.000000
0.000000
0.000000
0.000000
0.000000
0.000000
0.000000
0.000000
0.000000
0.000000
0.000000
0.000000
0.000000
0.000000
0.000000
0.000000
0.000000
0.000000
0.000000
0.000000
0.000000
0.000000
0.000000
0.000000
0.000000
0.000000
0.000000
0.000000
0.000000
0.000000
0.000000
0.000000
0.000000
0.000000
0.000000
0.000000
0.000000
0.000000
0.000000
0.000000
0.000000
0.000000
0.000000
0.000000
0.000000
0.000000
0.000000
0.000000
0.000000
0.000000
0.000000
0.000000
0.000000
0.000000
0.000000
0.000000
0.000000
0.000000
0.000000
0.000000
0.000000
0.000000
0.000000
0.000000
0.000000
0.000000
0.000000
0.000000
0.000000
0.000000
0.000000
0.000000
0.000000
0.000000
0.000000
0.000000
0.000000
0.000000
0.000000
0.000000
0.000000
0.000000
0.000000
0.000000
0.000000
0.000000
0.000000
0.000000
0.000000
0.000000
0.000000
0.000000
0.000000
0.000000
0.000000
0.000000
0.000000
0.000000
0.000000
0.000000
0.000000
0.000000
0.000000
0.000000
0.000000
0.000000
0.000000
0.000000
0.000000
0.000000
0.000000
0.000000
0.000000
0.000000
0.000000
0.000000
0.000000
0.000000
0.000000
0.000000
0.000000
0.000000
0.000000
0.000000
0.000000
0.000000
0.000000
0.000000
0.000000
0.000000
0.000000
0.000000
0.000000
0.000000
0.000000
0.000000
0.000000
0.000000
0.000000
0.000000
0.000000
0.000000
0.000000
0.000000
0.000000
0.000000
0.000000
0.000000
0.000000
0.000000
0.000000
0.000000
0.000000
0.000000
0.000000
0.000000
0.000000
0.000000
0.000000
0.000000
0.000000
0.000000
0.000000
0.000000
0.000000
0.000000
0.000000
0.000000
0.000000
0.000000
0.000000
0.000000
0.000000
0.000000
0.000000
0.000000
0.000000
0.000000
0.000000
0.000000
0.000000
0.000000
0.000000
0.000000
0.000000
0.000000
0.000000
0.000000
0.000000
0.000000
0.000000
0.000000
0.000000
0.000000
0.000000
0.000000
0.000000
0.000000
0.000000
0.000000
0.000000
0.000000
0.000000
0.000000
0.000000
0.000000
0.000000
0.000000
0.000000
0.000000
0.000000
0.000000
0.000000
0.000000
0.000000
0.000000
0.000000
0.000000
0.000000
0.000000
0.000000
0.000000
0.000000
0.000000
0.000000
0.000000
0.000000
0.000000
0.000000
0.000000
0.000000
0.000000
0.000000
