14538.055664
14737.964844
14941.647461
15145.018555
15351.549805
15554.229492
15762.208008
16165.380859
17336.009766
17533.318359
17737.660156
17945.218750
18147.865234
18353.613281
18760.556641
18962.947266
31689.091797
31842.597656
32652.974609
32813.195312
33987.003906
34138.343750
34958.835938
35110.218750
36240.675781
36392.242188
37208.234375
37362.820312
38500.195312
38649.105469
39487.757812
39643.410156
40772.289062
40926.566406
0.000000
0.000000
0.000000
0.000000
0.000000
0.000000
0.000000
0.000000
0.000000
0.000000
0.000000
0.000000
0.000000
0.000000
0.000000
0.000000
0.000000
0.000000
0.000000
0.000000
0.000000
0.000000
0.000000
0.000000
0.000000
0.000000
0.000000
0.000000
0.000000
0.000000
0.000000
0.000000
0.000000
0.000000
0.000000
0.000000
0.000000
0.000000
0.000000
0.000000
0.000000
0.000000
0.000000
0.000000
0.000000
0.000000
0.000000
0.000000
0.000000
0.000000
0.000000
0.000000
0.000000
0.000000
0.000000
0.000000
0.000000
0.000000
0.000000
0.000000
0.000000
0.000000
0.000000
0.000000
0.000000
0.000000
