1.400000
1.654659
1.908362
2.161818
2.416340
2.670590
2.923660
3.176591
3.429585
3.683376
4.000000
4.000000
4.000000
4.000000
4.000000
4.000000
4.000000
4.000000
4.000000
4.000000
4.000000
4.000000
4.000000
4.000000
4.000000
4.000000
4.000000
4.000000
4.000000
4.000000
4.000000
4.000000
4.000000
4.000000
4.000000
4.000000
4.000000
4.000000
4.000000
4.000000
4.000000
4.000000
4.000000
4.000000
4.000000
4.000000
4.000000
4.000000
4.000000
4.000000
4.000000
4.000000
4.000000
4.000000
4.000000
4.000000
4.000000
4.000000
4.000000
3.727005
3.625542
3.524539
3.423540
3.322301
3.220990
3.119767
3.017102
2.916065
2.814829
2.713102
2.612451
2.511003
2.409458
2.307758
2.206082
2.104594
2.003543
1.902212
1.800396
1.700000
1.400000
1.400000
1.400000
1.400000
1.400000
1.400000
1.400000
1.700000
1.951559
2.205421
2.458311
2.709150
2.965342
3.220716
3.475577
3.730680
4.000000
4.000000
4.000000
4.000000
4.000000
4.000000
4.000000
4.000000
4.000000
4.000000
4.000000
4.000000
4.000000
4.000000
4.000000
4.000000
4.000000
4.000000
4.000000
4.000000
4.000000
4.000000
4.000000
4.000000
4.000000
4.000000
4.000000
4.000000
4.000000
4.000000
4.000000
4.000000
4.000000
4.000000
4.000000
4.000000
4.000000
4.000000
4.000000
4.000000
4.000000
3.724030
3.623145
3.521691
3.420241
3.318652
3.217113
3.116357
3.015180
2.913624
2.812156
2.711196
2.610074
2.508799
2.407029
2.306090
2.204943
2.104151
2.003746
1.903380
1.802251
1.700000
1.400000
1.502629
1.400000
1.400000
1.654693
1.700000
1.700000
2.000000
2.253287
2.506633
2.760194
3.013646
3.266864
3.520251
4.000000
3.721205
3.620617
3.519094
3.417388
3.316390
3.215099
3.113992
3.012672
2.911584
2.810121
2.708907
2.607865
2.506823
2.405863
2.304915
2.203589
2.101943
2.000000
1.700000
1.700000
1.700000
1.700000
1.700000
1.700000
1.700000
1.700000
1.700000
1.700000
1.700000
1.700000
1.700000
1.700000
1.700000
1.700000
1.700000
1.700000
1.700000
1.700000
1.700000
1.700000
1.700000
1.700000
1.700000
1.700000
1.700000
1.700000
1.700000
1.700000
1.700000
1.700000
1.700000
2.000000
2.253383
2.506240
2.756249
3.009105
3.262520
3.514987
4.000000
4.000000
4.000000
4.000000
4.000000
4.000000
4.000000
4.000000
4.000000
4.000000
4.000000
4.000000
4.000000
4.000000
4.000000
4.000000
4.000000
4.000000
4.000000
4.000000
4.000000
4.000000
4.000000
4.000000
4.000000
3.723196
3.621633
3.520330
3.419149
3.317794
3.217318
3.115245
3.014279
2.912253
2.810578
2.709383
2.607829
2.506484
2.405133
2.303645
2.202216
2.101215
2.000000
1.700000
1.400000
1.400000
1.700000
1.801401
1.700000
1.700000
1.700000
1.700000
1.950966
2.204607
2.458831
2.712753
2.967335
3.221996
3.475665
3.727953
4.000000
4.000000
4.000000
4.000000
4.000000
4.000000
4.000000
4.000000
4.000000
4.000000
4.000000
4.000000
4.000000
4.000000
4.000000
4.000000
4.000000
3.726255
3.624876
3.524100
3.422185
3.321182
3.220437
3.119710
3.018386
2.918082
2.816939
2.715223
2.613988
2.512263
2.410723
2.309448
2.208206
2.106807
2.005390
1.903772
1.802130
1.700000
1.400000
1.400000
1.400000
1.400000
1.400000
1.400000
1.400000
1.400000
1.801792
1.700000
1.700000
2.000000
2.250662
2.500956
2.757816
3.013917
3.268472
3.522732
4.000000
4.000000
4.000000
4.000000
4.000000
4.000000
4.000000
4.000000
4.000000
4.000000
4.000000
4.000000
4.000000
4.000000
4.000000
4.000000
4.000000
4.000000
4.000000
4.000000
4.000000
4.000000
4.000000
4.000000
4.000000
4.000000
4.000000
4.000000
4.000000
4.000000
4.000000
4.000000
3.732484
3.631082
3.529563
3.428384
3.327757
3.226176
3.124485
3.021786
2.919628
2.818497
2.716227
2.616216
2.513863
2.411280
2.309465
2.208069
2.106702
2.005062
1.903617
1.801960
1.700000
1.700000
1.801247
1.700000
1.400000
1.400000
1.700000
1.700000
1.700000
1.400000
1.700000
1.700000
1.700000
1.400000
1.700000
2.000000
1.700000
1.400000
1.700000
2.000000
1.700000
1.400000
1.700000
1.802260
1.700000
1.400000
1.700000
1.801693
1.700000
1.400000
1.400000
1.801326
1.700000
1.400000
1.400000
1.653459
1.700000
1.400000
1.400000
1.700000
2.000000
1.700000
1.700000
1.700000
1.700000
1.700000
1.700000
1.700000
1.700000
1.700000
1.700000
1.700000
1.400000
1.400000
1.400000
1.400000
1.400000
1.400000
1.700000
2.011753
1.910603
1.809217
1.706749
1.605141
1.502453
1.400000
1.400000
1.400000
1.400000
1.400000
1.400000
1.400000
1.700000
1.501759
1.400000
1.400000
1.400000
1.400000
1.400000
1.400000
1.400000
1.700000
1.953411
2.208767
2.460411
2.711476
2.967716
3.422141
3.320254
3.218732
3.117237
3.015754
2.914092
2.812034
2.709555
2.608193
2.507758
2.405981
2.304336
2.203189
2.101629
2.000000
2.101146
2.000000
2.252864
2.710000
2.608727
2.507354
2.405811
2.304361
2.202987
2.102154
2.000000
1.700000
1.400000
1.400000
1.400000
1.654810
1.700000
1.400000
1.400000
1.400000
1.400000
1.400000
1.400000
1.501106
1.400000
1.400000
1.400000
1.400000
1.400000
1.400000
1.400000
1.400000
1.501177
1.400000
1.400000
1.400000
1.400000
1.400000
1.400000
1.400000
1.400000
1.700000
1.400000
1.400000
1.400000
1.400000
1.400000
1.400000
1.400000
1.400000
1.655240
1.700000
1.700000
1.400000
1.400000
1.400000
1.400000
1.400000
1.700000
1.700000
2.000000
2.255137
2.510358
2.765357
3.019962
3.273786
3.528002
4.000000
4.000000
4.000000
4.000000
4.000000
4.000000
4.000000
4.000000
4.000000
4.000000
4.000000
4.000000
4.000000
3.734453
3.633226
3.532193
3.430937
3.329563
3.228252
3.127185
3.025914
2.924488
2.823082
2.721783
2.621337
2.518623
2.417976
2.316037
2.214484
2.112908
2.010937
1.909392
1.807914
1.706632
1.605172
1.502409
1.400000
1.400000
1.400000
1.400000
1.700000
1.400000
1.400000
1.400000
1.400000
1.700000
2.000000
2.005107
1.904965
1.802233
1.700000
1.400000
1.400000
1.400000
1.700000
2.000000
2.255857
2.614267
2.511571
2.410246
2.308527
2.206469
2.104738
2.003409
1.902323
1.800146
1.700000
1.400000
1.400000
1.400000
1.400000
1.400000
1.400000
1.700000
2.000000
2.253157
2.506856
2.817653
2.715370
2.613668
2.511667
2.410038
2.308709
2.207705
2.106091
2.004895
1.904370
1.802739
1.700000
1.400000
1.400000
1.400000
1.400000
1.400000
1.400000
1.400000
1.400000
1.700000
2.000000
2.254701
2.506116
2.713720
2.611512
2.511199
2.410203
2.309013
2.207333
2.105516
2.005126
1.904169
1.802717
1.700000
1.400000
1.400000
1.400000
1.400000
1.400000
1.400000
1.400000
1.700000
2.000000
2.252767
2.619309
2.516777
2.415096
2.312769
2.210777
2.109394
2.008168
1.906476
1.804976
1.703667
1.602621
1.500962
1.400000
1.400000
1.400000
1.400000
1.400000
1.400000
1.400000
1.700000
2.000000
2.254320
2.616908
2.516831
2.414654
2.312679
2.210452
2.108733
2.006545
1.905450
1.804711
1.703748
1.602312
1.500120
1.400000
1.400000
1.400000
1.400000
1.400000
1.400000
1.400000
1.700000
1.700000
1.950900
2.203844
2.518785
2.416796
2.315374
2.213259
2.111581
2.010004
1.908644
1.806825
1.705216
1.603871
1.501914
1.400000
1.400000
1.400000
1.400000
1.400000
1.400000
1.400000
1.700000
1.700000
1.954021
2.206855
2.458536
2.717359
2.614982
2.512634
2.410807
2.309338
2.207218
2.105939
2.004635
1.903304
1.801429
1.700000
1.400000
1.400000
1.400000
1.400000
1.400000
1.400000
1.400000
1.700000
1.700000
2.000000
2.253004
2.517158
2.415354
2.313251
2.211415
2.109862
2.008471
1.906976
1.805708
1.704514
1.603071
1.501058
1.400000
1.400000
1.400000
1.400000
1.400000
1.400000
1.400000
1.700000
1.700000
2.000000
2.254077
2.507203
2.715946
2.613569
2.511003
2.409703
2.308072
2.206153
2.105663
2.004395
1.902851
1.800894
1.700000
1.400000
1.400000
1.400000
1.400000
1.654378
2.000000
2.250549
2.506605
2.760883
3.015327
3.268724
3.518803
4.000000
4.000000
4.000000
4.000000
4.000000
4.000000
4.000000
4.000000
4.000000
4.000000
4.000000
4.000000
4.000000
4.000000
4.000000
4.000000
4.000000
4.000000
4.000000
4.000000
4.000000
4.000000
4.000000
4.000000
4.000000
4.000000
4.000000
4.000000
4.000000
4.000000
4.000000
4.000000
4.000000
4.000000
4.000000
4.000000
4.000000
3.721774
3.620180
3.519037
3.417703
3.316156
3.215077
3.114043
3.012438
2.910909
2.809763
2.708582
2.607241
2.505857
2.404529
2.303128
2.201308
2.100577
2.000000
1.700000
2.000000
2.000000
2.000000
2.000000
2.000000
2.000000
1.700000
1.700000
1.700000
2.000000
1.700000
1.700000
1.700000
1.700000
1.700000
1.700000
1.700000
1.700000
1.700000
1.700000
2.000000
1.700000
1.700000
2.000000
1.700000
1.700000
1.700000
1.700000
1.700000
1.700000
1.700000
2.000000
2.000000
1.700000
1.700000
1.700000
1.700000
1.700000
1.700000
2.000000
1.700000
2.000000
2.000000
1.704831
1.603100
1.501570
1.400000
1.400000
1.400000
1.400000
1.400000
1.400000
1.400000
1.400000
1.400000
1.400000
1.400000
1.400000
1.400000
1.400000
1.400000
1.400000
1.400000
1.400000
1.400000
1.400000
1.400000
1.400000
1.400000
1.400000
1.400000
1.400000
1.400000
1.400000
1.400000
1.400000
1.400000
1.400000
1.400000
1.400000
1.400000
1.400000
1.400000
1.400000
1.400000
1.400000
1.400000
1.400000
1.400000
1.400000
1.400000
1.400000
1.400000
1.400000
1.400000
1.400000
1.400000
1.400000
1.400000
1.400000
1.400000
1.400000
1.400000
1.400000
1.400000
1.400000
1.400000
1.400000
1.400000
1.400000
1.400000
1.400000
1.400000
1.400000
1.400000
1.400000
1.400000
1.400000
1.400000
1.400000
1.400000
1.400000
1.400000
1.400000
1.400000
1.400000
1.400000
1.400000
1.400000
1.400000
1.400000
1.400000
1.400000
1.400000
1.400000
1.400000
1.400000
1.400000
1.400000
1.400000
1.400000
1.400000
1.400000
1.400000
1.400000
1.400000
1.400000
1.400000
1.400000
1.400000
1.400000
1.400000
1.400000
1.400000
1.400000
1.400000
1.400000
1.400000
1.400000
1.400000
1.400000
1.400000
1.400000
1.400000
1.400000
1.400000
1.400000
1.400000
1.400000
1.400000
1.400000
1.400000
1.400000
1.400000
1.400000
1.400000
1.400000
1.400000
1.400000
1.400000
1.400000
1.400000
1.400000
1.400000
1.400000
1.400000
1.400000
1.400000
1.400000
1.400000
1.400000
1.400000
1.400000
1.400000
1.400000
1.400000
1.400000
1.400000
1.400000
1.400000
1.400000
1.400000
1.400000
1.400000
1.400000
1.400000
1.400000
1.400000
1.400000
1.400000
1.400000
1.400000
1.400000
1.400000
1.400000
1.400000
1.400000
1.400000
1.400000
1.400000
1.400000
1.400000
1.400000
1.400000
1.400000
1.400000
1.400000
1.400000
1.400000
1.400000
1.400000
1.400000
1.400000
1.400000
1.400000
1.400000
1.400000
1.400000
1.400000
1.400000
1.400000
1.400000
1.400000
1.400000
1.400000
1.400000
1.400000
1.400000
1.400000
1.400000
1.400000
1.400000
1.400000
1.400000
1.400000
1.400000
1.400000
1.400000
1.400000
1.400000
1.400000
1.400000
1.400000
1.400000
1.400000
1.400000
1.400000
1.400000
1.400000
1.400000
1.400000
1.400000
1.400000
1.400000
1.400000
1.400000
1.400000
1.400000
1.400000
1.400000
1.400000
1.400000
1.400000
1.400000
1.400000
1.400000
1.400000
1.400000
1.400000
1.400000
1.400000
1.400000
1.400000
1.400000
1.400000
1.400000
1.400000
1.400000
1.400000
1.400000
1.400000
1.400000
1.400000
1.400000
1.400000
1.400000
1.400000
1.400000
1.400000
1.400000
1.400000
1.400000
1.400000
1.400000
1.400000
1.400000
1.400000
1.400000
1.400000
1.400000
1.400000
1.400000
1.400000
1.400000
1.400000
1.400000
1.400000
1.400000
1.400000
1.400000
1.400000
1.400000
1.400000
1.400000
1.400000
1.400000
1.400000
1.400000
1.400000
1.400000
1.400000
1.400000
1.400000
1.400000
1.400000
1.400000
1.400000
1.400000
1.400000
1.400000
1.400000
1.400000
1.400000
1.400000
1.400000
1.400000
1.400000
1.400000
1.400000
1.400000
1.400000
1.400000
1.400000
1.400000
1.400000
1.400000
1.400000
1.400000
1.400000
1.400000
1.400000
1.400000
1.400000
1.400000
1.400000
1.400000
1.400000
1.400000
1.400000
1.400000
1.400000
1.400000
1.400000
1.400000
1.400000
1.400000
1.400000
1.400000
1.400000
1.400000
1.400000
1.400000
1.400000
1.400000
1.400000
1.400000
1.400000
1.400000
1.400000
1.400000
1.400000
1.400000
1.400000
1.400000
1.400000
1.400000
1.400000
1.400000
1.400000
1.400000
1.400000
1.400000
1.400000
1.400000
1.400000
1.400000
1.400000
1.400000
1.400000
1.400000
1.400000
1.400000
1.400000
1.400000
1.400000
1.400000
1.400000
1.400000
1.400000
1.400000
1.400000
1.400000
1.400000
1.400000
1.400000
1.400000
1.400000
1.400000
1.400000
1.400000
1.400000
1.400000
1.400000
1.400000
1.400000
1.400000
1.400000
1.400000
1.400000
1.400000
1.400000
1.400000
1.400000
1.400000
1.400000
1.400000
1.400000
1.400000
1.400000
1.400000
1.400000
1.400000
1.400000
1.400000
1.400000
1.400000
1.400000
1.400000
1.400000
1.400000
1.400000
1.400000
1.400000
1.400000
1.400000
1.400000
1.400000
1.400000
1.400000
1.400000
1.400000
1.400000
1.400000
1.400000
1.400000
1.400000
1.400000
1.400000
1.400000
1.400000
1.400000
1.400000
1.400000
1.400000
1.400000
1.400000
1.400000
1.400000
1.400000
1.400000
1.400000
1.400000
1.400000
1.400000
1.400000
1.400000
1.400000
1.400000
1.400000
1.400000
1.400000
1.400000
1.400000
1.400000
1.400000
1.400000
1.400000
1.400000
1.400000
1.400000
1.400000
1.400000
1.400000
1.400000
1.400000
1.400000
1.400000
1.400000
1.400000
1.400000
1.400000
1.400000
1.400000
1.400000
1.400000
1.400000
1.400000
1.400000
1.400000
1.400000
1.400000
1.400000
1.400000
1.400000
1.400000
1.400000
1.400000
1.400000
1.400000
1.400000
1.400000
1.400000
1.400000
1.400000
1.400000
1.400000
1.400000
1.400000
1.400000
1.400000
1.400000
1.400000
1.400000
1.400000
1.400000
1.400000
1.400000
1.400000
1.400000
1.400000
1.400000
1.400000
1.400000
1.400000
1.400000
1.400000
1.400000
1.400000
1.400000
1.400000
1.400000
1.400000
1.400000
1.400000
1.400000
1.400000
1.400000
1.400000
1.400000
1.400000
1.400000
1.400000
1.400000
1.400000
1.400000
1.400000
1.400000
1.400000
1.400000
1.400000
1.400000
1.400000
1.400000
1.400000
1.400000
1.400000
1.400000
1.400000
1.400000
1.400000
1.400000
1.400000
1.400000
1.400000
1.400000
1.400000
1.400000
1.400000
1.400000
1.400000
1.400000
1.400000
1.400000
1.400000
1.400000
1.400000
1.400000
1.400000
1.400000
1.400000
1.400000
1.400000
1.400000
1.400000
1.400000
1.400000
1.400000
1.400000
1.400000
1.400000
1.400000
1.400000
1.400000
1.400000
1.400000
1.400000
1.400000
1.400000
1.400000
1.400000
1.400000
1.400000
1.400000
1.400000
1.400000
1.400000
1.400000
1.400000
1.400000
1.400000
1.400000
1.400000
1.400000
1.400000
1.400000
1.400000
1.400000
1.400000
1.400000
1.400000
1.400000
1.400000
1.400000
1.400000
1.400000
1.400000
1.400000
1.400000
1.400000
1.400000
1.400000
1.400000
1.400000
1.400000
1.400000
1.400000
1.400000
1.400000
1.400000
1.400000
1.400000
1.400000
1.400000
1.400000
1.400000
1.400000
1.400000
1.400000
1.400000
1.400000
1.400000
1.400000
1.400000
1.400000
1.400000
1.400000
1.400000
1.400000
1.400000
1.400000
1.400000
1.400000
1.400000
1.400000
1.400000
1.400000
1.400000
1.400000
1.400000
1.400000
1.400000
1.400000
1.400000
1.400000
1.400000
1.400000
1.400000
1.400000
1.400000
1.400000
1.400000
1.400000
1.400000
1.400000
1.400000
1.400000
1.400000
1.400000
1.400000
1.400000
1.400000
1.400000
1.400000
1.400000
1.400000
1.400000
1.400000
1.400000
1.400000
1.400000
1.400000
1.400000
1.400000
1.400000
1.400000
1.400000
1.400000
1.400000
1.400000
1.400000
1.400000
1.400000
1.400000
1.400000
1.400000
1.400000
1.400000
1.400000
1.400000
1.400000
1.400000
1.400000
1.400000
1.400000
1.400000
1.400000
1.400000
1.400000
1.400000
1.400000
1.400000
1.400000
1.400000
1.400000
1.400000
1.400000
1.400000
1.400000
1.400000
1.400000
1.400000
1.400000
1.400000
1.400000
1.400000
1.400000
1.400000
1.400000
1.400000
1.400000
1.400000
1.400000
1.400000
1.400000
1.400000
1.400000
1.400000
1.400000
1.400000
1.400000
1.400000
1.400000
1.400000
1.400000
1.400000
1.400000
1.400000
1.400000
1.400000
1.400000
1.400000
1.400000
1.400000
1.400000
1.400000
1.400000
1.400000
1.400000
1.400000
1.400000
1.400000
1.400000
1.400000
1.400000
1.400000
1.400000
1.400000
1.400000
1.400000
1.400000
1.400000
1.400000
1.400000
1.400000
1.400000
1.400000
1.400000
1.400000
1.400000
1.400000
1.400000
1.400000
1.400000
1.400000
1.400000
1.400000
1.400000
1.400000
1.400000
1.400000
1.400000
1.400000
1.400000
1.400000
1.400000
1.400000
1.400000
1.400000
1.400000
1.400000
1.400000
1.400000
1.400000
1.400000
1.400000
1.400000
1.400000
1.400000
1.400000
1.400000
1.400000
1.400000
1.400000
1.400000
1.400000
1.400000
1.400000
1.400000
1.400000
1.400000
1.400000
1.400000
1.400000
1.400000
1.400000
1.400000
1.400000
1.400000
1.400000
1.400000
1.400000
1.400000
1.400000
1.400000
1.400000
1.400000
1.400000
1.400000
1.400000
1.400000
1.400000
1.400000
1.400000
1.400000
1.400000
1.400000
1.400000
1.400000
1.400000
1.400000
1.400000
1.400000
1.400000
1.400000
1.400000
1.400000
1.400000
1.400000
1.400000
1.400000
1.400000
1.400000
1.400000
1.400000
1.400000
1.400000
1.400000
1.400000
1.400000
1.400000
1.400000
1.400000
1.400000
1.400000
1.400000
1.400000
1.400000
1.400000
1.400000
1.400000
1.400000
1.400000
1.400000
1.400000
1.400000
1.400000
1.400000
1.400000
1.400000
1.400000
1.400000
1.400000
1.400000
1.400000
1.400000
1.400000
1.400000
1.400000
1.400000
1.400000
1.400000
1.400000
1.400000
1.400000
1.400000
1.400000
1.400000
1.400000
1.400000
1.400000
1.400000
1.400000
1.400000
1.400000
1.400000
1.400000
1.400000
1.400000
1.400000
1.400000
1.400000
1.400000
1.400000
1.400000
1.400000
1.400000
1.400000
1.400000
1.400000
1.400000
1.400000
1.400000
1.400000
1.400000
1.400000
1.400000
1.400000
1.400000
1.400000
1.400000
1.400000
1.400000
1.400000
1.400000
1.400000
1.400000
1.400000
1.400000
1.400000
1.400000
1.400000
1.400000
1.400000
1.400000
1.400000
1.400000
1.400000
1.400000
1.400000
1.400000
1.400000
1.400000
1.400000
1.400000
1.400000
1.400000
1.400000
1.400000
1.400000
1.400000
1.400000
1.400000
1.400000
1.400000
1.400000
1.400000
1.400000
1.400000
1.400000
1.400000
1.400000
1.400000
1.400000
1.400000
1.400000
1.400000
1.400000
1.400000
1.400000
1.400000
1.400000
1.400000
1.400000
1.400000
1.400000
1.400000
1.400000
1.400000
1.400000
1.400000
1.400000
1.400000
1.400000
1.400000
1.400000
1.400000
1.400000
1.400000
1.400000
1.400000
1.400000
1.400000
1.400000
1.400000
1.400000
1.400000
1.400000
1.400000
1.400000
1.400000
1.400000
1.400000
1.400000
1.400000
1.400000
1.400000
1.400000
1.400000
1.400000
1.400000
1.400000
1.400000
1.400000
1.400000
1.400000
1.400000
1.400000
1.400000
1.400000
1.400000
1.400000
1.400000
1.400000
1.400000
1.400000
1.400000
1.400000
1.400000
1.400000
1.400000
1.400000
1.400000
1.400000
1.400000
1.400000
1.400000
1.400000
1.400000
1.400000
1.400000
1.400000
1.400000
1.400000
1.400000
1.400000
1.400000
1.400000
1.400000
1.400000
1.400000
1.400000
1.400000
1.400000
1.400000
1.400000
1.400000
1.400000
1.400000
1.400000
1.400000
1.400000
1.400000
1.400000
1.400000
1.400000
1.400000
1.400000
1.400000
1.400000
1.400000
1.400000
1.400000
1.400000
1.400000
1.400000
1.400000
1.400000
1.400000
1.400000
1.400000
1.400000
1.400000
1.400000
1.400000
1.400000
1.400000
1.400000
1.400000
1.400000
1.400000
1.400000
1.400000
1.400000
1.400000
1.400000
1.400000
1.400000
1.400000
1.400000
1.400000
1.400000
1.400000
1.400000
1.400000
1.400000
1.400000
1.400000
1.400000
1.400000
1.400000
1.400000
1.400000
1.400000
1.400000
1.400000
1.400000
1.400000
1.400000
1.400000
1.400000
1.400000
1.400000
1.400000
1.400000
1.400000
1.400000
1.400000
1.400000
1.400000
1.400000
1.400000
1.400000
1.400000
1.400000
1.400000
1.400000
1.400000
1.400000
1.400000
1.400000
1.400000
1.400000
1.400000
1.400000
1.400000
1.400000
1.400000
1.400000
1.400000
1.400000
1.400000
1.400000
1.400000
1.400000
1.400000
1.400000
1.400000
1.400000
1.400000
1.400000
1.400000
1.400000
1.400000
1.400000
1.400000
1.400000
1.400000
1.400000
1.400000
1.400000
1.400000
1.400000
1.400000
1.400000
1.400000
1.400000
1.400000
1.400000
1.400000
1.400000
1.400000
1.400000
1.400000
1.400000
1.400000
1.400000
1.400000
1.400000
1.400000
1.400000
1.400000
1.400000
1.400000
1.400000
1.400000
1.400000
1.400000
1.400000
1.400000
1.400000
1.400000
1.400000
1.400000
1.400000
1.400000
1.400000
1.400000
1.400000
1.400000
1.400000
1.400000
1.400000
1.400000
1.400000
1.400000
1.400000
1.400000
1.400000
1.400000
1.400000
1.400000
1.400000
1.400000
1.400000
1.400000
1.400000
1.400000
1.400000
1.400000
1.400000
1.400000
1.400000
1.400000
1.400000
1.400000
1.400000
1.400000
1.400000
1.400000
1.400000
1.400000
1.400000
1.400000
1.400000
1.400000
1.400000
1.400000
1.400000
1.400000
1.400000
1.400000
1.400000
1.400000
1.400000
1.400000
1.400000
1.400000
1.400000
1.400000
1.400000
1.400000
1.400000
1.400000
1.400000
1.400000
1.400000
1.400000
1.400000
1.400000
1.400000
1.400000
1.400000
1.400000
1.400000
1.400000
1.400000
1.400000
1.400000
1.400000
1.400000
1.400000
1.400000
1.400000
1.400000
1.400000
1.400000
1.400000
1.400000
1.400000
1.400000
1.400000
1.400000
1.400000
1.400000
1.400000
1.400000
1.400000
1.400000
1.400000
1.400000
1.400000
1.400000
1.400000
1.400000
1.400000
1.400000
1.400000
1.400000
1.400000
1.400000
1.400000
1.400000
1.400000
1.400000
1.400000
1.400000
1.400000
1.400000
1.400000
1.400000
1.400000
1.400000
1.400000
1.400000
1.400000
1.400000
1.400000
1.400000
1.400000
1.400000
1.400000
1.400000
1.400000
1.400000
1.400000
1.400000
1.400000
1.400000
1.400000
1.400000
1.400000
1.400000
1.400000
1.400000
1.400000
1.400000
1.400000
1.400000
1.400000
1.400000
1.400000
1.400000
1.400000
1.400000
1.400000
1.400000
1.400000
1.400000
1.400000
1.400000
1.400000
1.400000
1.400000
1.400000
1.400000
1.400000
1.400000
1.400000
1.400000
1.400000
1.400000
1.400000
1.400000
1.400000
1.400000
1.400000
1.400000
1.400000
1.400000
1.400000
1.400000
1.400000
1.400000
1.400000
1.400000
1.400000
1.400000
1.400000
1.400000
1.400000
1.400000
1.400000
1.400000
1.400000
1.400000
1.400000
1.400000
1.400000
1.400000
1.400000
1.400000
1.400000
1.400000
1.400000
1.400000
1.400000
1.400000
1.400000
1.400000
1.400000
1.400000
1.400000
1.400000
1.400000
1.400000
1.400000
1.400000
1.400000
1.400000
1.400000
1.400000
1.400000
1.400000
1.400000
1.400000
1.400000
1.400000
1.400000
1.400000
1.400000
1.400000
1.400000
1.400000
1.400000
1.400000
1.400000
1.400000
1.400000
1.400000
1.400000
1.400000
1.400000
1.400000
1.400000
1.400000
1.400000
1.400000
1.400000
1.400000
1.400000
1.400000
1.400000
1.400000
1.400000
1.400000
1.400000
1.400000
1.400000
1.400000
1.400000
1.400000
1.400000
1.400000
1.400000
1.400000
1.400000
1.400000
1.400000
1.400000
1.400000
1.400000
1.400000
1.400000
1.400000
1.400000
1.400000
1.400000
1.400000
1.400000
1.400000
1.400000
1.400000
1.400000
1.400000
1.400000
1.400000
1.400000
1.400000
1.400000
1.400000
1.400000
1.400000
1.400000
1.400000
1.400000
1.400000
1.400000
1.400000
1.400000
1.400000
1.400000
1.400000
1.400000
1.400000
1.400000
1.400000
1.400000
1.400000
1.400000
1.400000
1.400000
1.400000
1.400000
1.400000
1.400000
1.400000
1.400000
1.400000
1.400000
1.400000
1.400000
1.400000
1.400000
1.400000
1.400000
1.400000
1.400000
1.400000
1.400000
1.400000
1.400000
1.400000
1.400000
1.400000
1.400000
1.400000
1.400000
1.400000
1.400000
1.400000
1.400000
1.400000
1.400000
1.400000
1.400000
1.400000
1.400000
1.400000
1.400000
1.400000
1.400000
1.400000
1.400000
1.400000
1.400000
1.400000
1.400000
1.400000
1.400000
1.400000
1.400000
1.400000
1.400000
1.400000
1.400000
1.400000
1.400000
1.400000
1.400000
1.400000
1.400000
1.400000
1.400000
1.400000
1.400000
1.400000
1.400000
1.400000
1.400000
1.400000
1.400000
1.400000
1.400000
1.400000
1.400000
1.400000
1.400000
1.400000
1.400000
1.400000
1.400000
1.400000
1.400000
1.400000
1.400000
1.400000
1.400000
1.400000
1.400000
1.400000
1.400000
1.400000
1.400000
1.400000
1.400000
1.400000
1.400000
1.400000
1.400000
1.400000
1.400000
1.400000
1.400000
1.400000
1.400000
1.400000
1.400000
1.400000
1.400000
1.400000
1.400000
1.400000
1.400000
1.400000
1.400000
1.400000
1.400000
1.400000
1.400000
1.400000
1.400000
1.400000
1.400000
1.400000
1.400000
1.400000
1.400000
1.400000
1.400000
1.400000
1.400000
1.400000
1.400000
1.400000
1.400000
1.400000
1.400000
1.400000
1.400000
1.400000
1.400000
1.400000
1.400000
1.400000
1.400000
1.400000
1.400000
1.400000
1.400000
1.400000
1.400000
1.400000
1.400000
1.400000
1.400000
1.400000
1.400000
1.400000
1.400000
1.400000
1.400000
1.400000
1.400000
1.400000
1.400000
1.400000
1.400000
1.400000
1.400000
1.400000
1.400000
1.400000
1.400000
1.400000
1.400000
1.400000
1.400000
1.400000
1.400000
1.400000
1.400000
1.400000
1.400000
1.400000
1.400000
1.400000
1.400000
1.400000
1.400000
1.400000
1.400000
1.400000
1.400000
1.400000
1.400000
1.400000
1.400000
1.400000
1.400000
1.400000
1.400000
1.400000
1.400000
1.400000
1.400000
1.400000
1.400000
1.400000
1.400000
1.400000
1.400000
1.400000
1.400000
1.400000
1.400000
1.400000
1.400000
1.400000
1.400000
1.400000
1.400000
1.400000
1.400000
1.400000
1.400000
1.400000
1.400000
1.400000
1.400000
1.400000
1.400000
1.400000
1.400000
1.400000
1.400000
1.400000
1.400000
1.400000
1.400000
1.400000
1.400000
1.400000
1.400000
1.400000
1.400000
1.400000
1.400000
1.400000
1.400000
1.400000
1.400000
1.400000
1.400000
1.400000
1.400000
1.400000
1.400000
1.400000
1.400000
1.400000
1.400000
1.400000
1.400000
1.400000
1.400000
1.400000
1.400000
1.400000
1.400000
1.400000
1.400000
1.400000
1.400000
1.400000
1.400000
1.400000
1.400000
1.400000
1.400000
1.400000
1.400000
1.400000
1.400000
1.400000
1.400000
1.400000
1.400000
1.400000
1.400000
1.400000
1.400000
1.400000
1.400000
1.400000
1.400000
1.400000
1.400000
1.400000
1.400000
1.400000
1.400000
1.400000
1.400000
1.400000
1.400000
1.400000
1.400000
1.400000
1.400000
1.400000
1.400000
1.400000
1.400000
1.400000
1.400000
1.400000
1.400000
1.400000
1.400000
1.400000
1.400000
1.400000
1.400000
1.400000
1.400000
1.400000
1.400000
1.400000
1.400000
1.400000
1.400000
1.400000
1.400000
1.400000
1.400000
1.400000
1.400000
1.400000
1.400000
1.400000
1.400000
1.400000
1.400000
1.400000
1.400000
1.400000
1.400000
1.400000
1.400000
1.400000
1.400000
1.400000
1.400000
1.400000
1.400000
1.400000
1.400000
1.400000
1.400000
1.400000
1.400000
1.400000
1.400000
1.400000
1.400000
1.400000
1.400000
1.400000
1.400000
1.400000
1.400000
1.400000
1.400000
1.400000
1.400000
1.400000
1.400000
1.400000
1.400000
1.400000
1.400000
1.400000
1.400000
1.400000
1.400000
1.400000
1.400000
1.400000
1.400000
1.400000
1.400000
1.400000
1.400000
1.400000
1.400000
1.400000
1.400000
1.400000
1.400000
1.400000
1.400000
1.400000
1.400000
1.400000
1.400000
1.400000
1.400000
1.400000
1.400000
1.400000
1.400000
1.400000
1.400000
1.400000
1.400000
1.400000
1.400000
1.400000
1.400000
1.400000
1.400000
1.400000
1.400000
1.400000
1.400000
1.400000
1.400000
1.400000
1.400000
1.400000
1.400000
1.400000
1.400000
1.400000
1.400000
1.400000
1.400000
1.400000
1.400000
1.400000
1.400000
1.400000
1.400000
1.400000
1.400000
1.400000
1.400000
1.400000
1.400000
1.400000
1.400000
1.400000
1.400000
1.400000
1.400000
1.400000
1.400000
1.400000
1.400000
1.400000
1.400000
1.400000
1.400000
1.400000
1.400000
1.400000
1.400000
1.400000
1.400000
1.400000
1.400000
1.400000
1.400000
1.400000
1.400000
1.400000
1.400000
1.400000
1.400000
1.400000
1.400000
1.400000
1.400000
1.400000
1.400000
1.400000
1.400000
1.400000
1.400000
1.400000
1.400000
1.400000
1.400000
1.400000
1.400000
1.400000
1.400000
1.400000
1.400000
1.400000
1.400000
1.400000
1.400000
1.400000
1.400000
1.400000
1.400000
1.400000
1.400000
1.400000
1.400000
1.400000
1.400000
1.400000
1.400000
1.400000
1.400000
1.400000
1.400000
1.400000
1.400000
1.400000
1.400000
1.400000
1.400000
1.400000
1.400000
1.400000
1.400000
1.400000
1.400000
1.400000
1.400000
1.400000
1.400000
1.400000
1.400000
1.400000
1.400000
1.400000
1.400000
1.400000
1.400000
1.400000
1.400000
1.400000
1.400000
1.400000
1.400000
1.400000
1.400000
1.400000
1.400000
1.400000
1.400000
1.400000
1.400000
1.400000
1.400000
1.400000
1.400000
1.400000
1.400000
1.400000
1.400000
1.400000
1.400000
1.400000
1.400000
1.400000
1.400000
1.400000
1.400000
1.400000
1.400000
1.400000
1.400000
1.400000
1.400000
1.400000
1.400000
1.400000
1.400000
1.400000
1.400000
1.400000
1.400000
1.400000
1.400000
1.400000
1.400000
1.400000
1.400000
1.400000
1.400000
1.400000
1.400000
1.400000
1.400000
1.400000
1.400000
1.400000
1.400000
1.400000
1.400000
1.400000
1.400000
1.400000
1.400000
1.400000
1.400000
1.400000
1.400000
1.400000
1.400000
1.400000
1.400000
1.400000
1.400000
1.400000
1.400000
1.400000
1.400000
1.400000
1.400000
1.400000
1.400000
1.400000
1.400000
1.400000
1.400000
1.400000
1.400000
1.400000
1.400000
1.400000
1.400000
1.400000
1.400000
1.400000
1.400000
1.400000
1.400000
1.400000
1.400000
1.400000
1.400000
1.400000
1.400000
1.400000
1.400000
1.400000
1.400000
1.400000
1.400000
1.400000
1.400000
1.400000
1.400000
1.400000
1.400000
1.400000
1.400000
1.400000
1.400000
1.400000
1.400000
1.400000
1.400000
1.400000
1.400000
1.400000
1.400000
1.400000
1.400000
1.400000
1.400000
1.400000
1.400000
1.400000
1.400000
1.400000
1.400000
1.400000
1.400000
1.400000
1.400000
1.400000
1.400000
1.400000
1.400000
1.400000
1.400000
1.400000
1.400000
1.400000
1.400000
1.400000
1.400000
1.400000
1.400000
1.400000
1.400000
1.400000
1.400000
1.400000
1.400000
1.400000
1.400000
1.400000
1.400000
1.400000
1.400000
1.400000
1.400000
1.400000
1.400000
1.400000
1.400000
1.400000
1.400000
1.400000
1.400000
1.400000
1.400000
1.400000
1.400000
1.400000
1.400000
1.400000
1.400000
1.400000
1.400000
1.400000
1.400000
1.400000
1.400000
1.400000
1.400000
1.400000
1.400000
1.400000
1.400000
1.400000
1.400000
1.400000
1.400000
1.400000
1.400000
1.400000
1.400000
1.400000
1.400000
1.400000
1.400000
1.400000
1.400000
1.400000
1.400000
1.400000
1.400000
1.400000
1.400000
1.400000
1.400000
1.400000
1.400000
1.400000
1.400000
1.400000
1.400000
1.400000
1.400000
1.400000
1.400000
1.400000
1.400000
1.400000
1.400000
1.400000
1.400000
1.400000
1.400000
1.400000
1.400000
1.400000
1.400000
1.400000
1.400000
1.400000
1.400000
1.400000
1.400000
1.400000
1.400000
1.400000
1.400000
1.400000
1.400000
1.400000
1.400000
1.400000
1.400000
1.400000
1.400000
1.400000
1.400000
1.400000
1.400000
1.400000
1.400000
1.400000
1.400000
1.400000
1.400000
1.400000
1.400000
1.400000
1.400000
1.400000
1.400000
1.400000
1.400000
1.400000
1.400000
1.400000
1.400000
1.400000
1.400000
1.400000
1.400000
1.400000
1.400000
1.400000
1.400000
1.400000
1.400000
1.400000
1.400000
1.400000
1.400000
1.400000
1.400000
1.400000
1.400000
1.400000
1.400000
1.400000
1.400000
1.400000
1.400000
1.400000
1.400000
1.400000
1.400000
1.400000
1.400000
1.400000
1.400000
1.400000
1.400000
1.400000
1.400000
1.400000
1.400000
1.400000
1.400000
1.400000
1.400000
1.400000
1.400000
1.400000
1.400000
1.400000
1.400000
1.400000
1.400000
1.400000
1.400000
1.400000
1.400000
1.400000
1.400000
1.400000
1.400000
1.400000
1.400000
1.400000
1.400000
1.400000
1.400000
1.400000
1.400000
1.400000
1.400000
1.400000
1.400000
1.400000
1.400000
1.400000
1.400000
1.400000
1.400000
1.400000
1.400000
1.400000
1.400000
1.400000
1.400000
1.400000
1.400000
1.400000
1.400000
1.400000
1.400000
1.400000
1.400000
1.400000
1.400000
1.400000
1.400000
1.400000
1.400000
1.400000
1.400000
1.400000
1.400000
1.400000
1.400000
1.400000
1.400000
1.400000
1.400000
1.400000
1.400000
1.400000
1.400000
1.400000
1.400000
1.400000
1.400000
1.400000
1.400000
1.400000
1.400000
1.400000
1.400000
1.400000
1.400000
1.400000
1.400000
1.400000
1.400000
1.400000
1.400000
1.400000
1.400000
1.400000
1.400000
1.400000
1.400000
1.400000
1.400000
1.400000
1.400000
1.400000
1.400000
1.400000
1.400000
1.400000
1.400000
1.400000
1.400000
1.400000
1.400000
1.400000
1.400000
1.400000
1.400000
1.400000
1.400000
1.400000
1.400000
1.400000
1.400000
1.400000
1.400000
1.400000
1.400000
1.400000
1.400000
1.400000
1.400000
1.400000
1.400000
1.400000
1.400000
1.400000
1.400000
1.400000
1.400000
1.400000
1.400000
1.400000
1.400000
1.400000
1.400000
1.400000
1.400000
1.400000
1.400000
1.400000
1.400000
1.400000
1.400000
1.400000
1.400000
1.400000
1.400000
1.400000
1.400000
1.400000
1.400000
1.400000
1.400000
1.400000
1.400000
1.400000
1.400000
1.400000
1.400000
1.400000
1.400000
1.400000
1.400000
1.400000
1.400000
1.400000
1.400000
1.400000
1.400000
1.400000
1.400000
1.400000
1.400000
1.400000
1.400000
1.400000
1.400000
1.400000
1.400000
1.400000
1.400000
1.400000
1.400000
1.400000
1.400000
1.400000
1.400000
1.400000
1.400000
1.400000
1.400000
1.400000
1.400000
1.400000
1.400000
1.400000
1.400000
1.400000
1.400000
1.400000
1.400000
1.400000
1.400000
1.400000
1.400000
1.400000
1.400000
1.400000
1.400000
1.400000
1.400000
1.400000
1.400000
1.400000
1.400000
1.400000
1.400000
1.400000
1.400000
1.400000
1.400000
1.400000
1.400000
1.400000
1.400000
1.400000
1.400000
1.400000
1.400000
1.400000
1.400000
1.400000
1.400000
1.400000
1.400000
1.400000
1.400000
1.400000
1.400000
1.400000
1.400000
1.400000
1.400000
1.400000
1.400000
1.400000
1.400000
1.400000
1.400000
1.400000
1.400000
1.400000
1.400000
1.400000
1.400000
1.400000
1.400000
1.400000
1.400000
1.400000
1.400000
1.400000
1.400000
1.400000
1.400000
1.400000
1.400000
1.400000
1.400000
1.400000
1.400000
1.400000
1.400000
1.400000
1.400000
1.400000
1.400000
1.400000
1.400000
1.400000
1.400000
1.400000
1.400000
1.400000
1.400000
1.400000
1.400000
1.400000
1.400000
1.400000
1.400000
1.400000
1.400000
1.400000
1.400000
1.400000
1.400000
1.400000
1.400000
1.400000
1.400000
1.400000
1.400000
1.400000
1.400000
1.400000
1.400000
1.400000
1.400000
1.400000
1.400000
1.400000
1.400000
1.400000
1.400000
1.400000
1.400000
1.400000
1.400000
1.400000
1.400000
1.400000
1.400000
1.400000
1.400000
1.400000
1.400000
1.400000
1.400000
1.400000
1.400000
1.400000
1.400000
1.400000
1.400000
1.400000
1.400000
1.400000
1.400000
1.400000
1.400000
1.400000
1.400000
1.400000
1.400000
1.400000
1.400000
1.400000
1.400000
1.400000
1.400000
1.400000
1.400000
1.400000
1.400000
1.400000
1.400000
1.400000
1.400000
1.400000
1.400000
1.400000
1.400000
1.400000
1.400000
1.400000
1.400000
1.400000
1.400000
1.400000
1.400000
1.400000
1.400000
1.400000
1.400000
1.400000
1.400000
1.400000
1.400000
1.400000
1.400000
1.400000
1.400000
1.400000
1.400000
1.400000
1.400000
1.400000
1.400000
1.400000
1.400000
1.400000
1.400000
1.400000
1.400000
1.400000
1.400000
1.400000
1.400000
1.400000
1.400000
1.400000
1.400000
1.400000
1.400000
1.400000
1.400000
1.400000
1.400000
1.400000
1.400000
1.400000
1.400000
1.400000
1.400000
1.400000
1.400000
1.400000
1.400000
1.400000
1.400000
1.400000
1.400000
1.400000
1.400000
1.400000
1.400000
1.400000
1.400000
1.400000
1.400000
1.400000
1.400000
1.400000
1.400000
1.400000
1.400000
1.400000
1.400000
1.400000
1.400000
1.400000
1.400000
1.400000
1.400000
1.400000
1.400000
1.400000
1.400000
1.400000
1.400000
1.400000
1.400000
1.400000
1.400000
1.400000
1.400000
1.400000
1.400000
1.400000
1.400000
1.400000
1.400000
1.400000
1.400000
1.400000
1.400000
1.400000
1.400000
1.400000
1.400000
1.400000
1.400000
1.400000
1.400000
1.400000
1.400000
1.400000
1.400000
1.400000
1.400000
1.400000
1.400000
1.400000
1.400000
1.400000
1.400000
1.400000
1.400000
1.400000
1.400000
1.400000
1.400000
1.400000
1.400000
1.400000
1.400000
1.400000
1.400000
1.400000
1.400000
1.400000
1.400000
1.400000
1.400000
1.400000
1.400000
1.400000
1.400000
1.400000
1.400000
1.400000
1.400000
1.400000
1.400000
1.400000
1.400000
1.400000
1.400000
1.400000
1.400000
1.400000
1.400000
1.400000
1.400000
1.400000
1.400000
1.400000
1.400000
1.400000
1.400000
1.400000
1.400000
1.400000
1.400000
1.400000
1.400000
1.400000
1.400000
1.400000
1.400000
1.400000
1.400000
1.400000
1.400000
1.400000
1.400000
1.400000
1.400000
1.400000
1.400000
1.400000
1.400000
1.400000
1.400000
1.400000
1.400000
1.400000
1.400000
1.400000
1.400000
1.400000
1.400000
1.400000
1.400000
1.400000
1.400000
1.400000
1.400000
1.400000
1.400000
1.400000
1.400000
1.400000
1.400000
1.400000
1.400000
1.400000
1.400000
1.400000
1.400000
1.400000
1.400000
1.400000
1.400000
1.400000
1.400000
1.400000
1.400000
1.400000
1.400000
1.400000
1.400000
1.400000
1.400000
1.400000
1.400000
1.400000
1.400000
1.400000
1.400000
1.400000
1.400000
1.400000
1.400000
1.400000
1.400000
1.400000
1.400000
1.400000
1.400000
1.400000
1.400000
1.400000
1.400000
1.400000
1.400000
1.400000
1.400000
1.400000
1.400000
1.400000
1.400000
1.400000
1.400000
1.400000
1.400000
1.400000
1.400000
1.400000
1.400000
1.400000
1.400000
1.400000
1.400000
1.400000
1.400000
1.400000
1.400000
1.400000
1.400000
1.400000
1.400000
1.400000
1.400000
1.400000
1.400000
1.400000
1.400000
1.400000
1.400000
1.400000
1.400000
1.400000
1.400000
1.400000
1.400000
1.400000
1.400000
1.400000
1.400000
1.400000
1.400000
1.400000
1.400000
1.400000
1.400000
1.400000
1.400000
1.400000
1.400000
1.400000
1.400000
1.400000
1.400000
1.400000
1.400000
1.400000
1.400000
1.400000
1.400000
1.400000
1.400000
1.400000
1.400000
1.400000
1.400000
1.400000
1.400000
1.400000
1.400000
1.400000
1.400000
1.400000
1.400000
1.400000
1.400000
1.400000
1.400000
1.400000
1.400000
1.400000
1.400000
1.400000
1.400000
1.400000
1.400000
1.400000
1.400000
1.400000
1.400000
1.400000
1.400000
1.400000
1.400000
1.400000
1.400000
1.400000
1.400000
1.400000
1.400000
1.400000
1.400000
1.400000
1.400000
1.400000
1.400000
1.400000
1.400000
1.400000
1.400000
1.400000
1.400000
1.400000
1.400000
1.400000
1.400000
1.400000
1.400000
1.400000
1.400000
1.400000
1.400000
1.400000
1.400000
1.400000
1.400000
1.400000
1.400000
1.400000
1.400000
1.400000
1.400000
1.400000
1.400000
1.400000
1.400000
1.400000
1.400000
1.400000
1.400000
1.400000
1.400000
1.400000
1.400000
1.400000
1.400000
1.400000
1.400000
1.400000
1.400000
1.400000
1.400000
1.400000
1.400000
1.400000
1.400000
1.400000
1.400000
1.400000
1.400000
1.400000
1.400000
1.400000
1.400000
1.400000
1.400000
1.400000
1.400000
1.400000
1.400000
1.400000
1.400000
1.400000
1.400000
1.400000
1.400000
1.400000
1.400000
1.400000
1.400000
1.400000
1.400000
1.400000
1.400000
1.400000
1.400000
1.400000
1.400000
1.400000
1.400000
1.400000
1.400000
1.400000
1.400000
1.400000
1.400000
1.400000
1.400000
1.400000
1.400000
1.400000
1.400000
1.400000
1.400000
1.400000
1.400000
1.400000
1.400000
1.400000
1.400000
1.400000
1.400000
1.400000
1.400000
1.400000
1.400000
1.400000
1.400000
1.400000
1.400000
1.400000
1.400000
1.400000
1.400000
1.400000
1.400000
1.400000
1.400000
1.400000
1.400000
1.400000
1.400000
1.400000
1.400000
1.400000
1.400000
1.400000
1.400000
1.400000
1.400000
1.400000
1.400000
1.400000
1.400000
1.400000
1.400000
1.400000
1.400000
1.400000
1.400000
1.400000
1.400000
1.400000
1.400000
1.400000
1.400000
1.400000
1.400000
1.400000
1.400000
1.400000
1.400000
1.400000
1.400000
1.400000
1.400000
1.400000
1.400000
1.400000
1.400000
1.400000
1.400000
1.400000
1.400000
1.400000
1.400000
1.400000
1.400000
1.400000
1.400000
1.400000
1.400000
1.400000
1.400000
1.400000
1.400000
1.400000
1.400000
1.400000
1.400000
1.400000
1.400000
1.400000
1.400000
1.400000
1.400000
1.400000
1.400000
1.400000
1.400000
1.400000
1.400000
1.400000
1.400000
1.400000
1.400000
1.400000
1.400000
1.400000
1.400000
1.400000
1.400000
1.400000
1.400000
1.400000
1.400000
1.400000
1.400000
1.400000
1.400000
1.400000
1.400000
1.400000
1.400000
1.400000
1.400000
1.400000
1.400000
1.400000
1.400000
1.400000
1.400000
1.400000
1.400000
1.400000
1.400000
1.400000
1.400000
1.400000
1.400000
1.400000
1.400000
1.400000
1.400000
1.400000
1.400000
1.400000
1.400000
1.400000
1.400000
1.400000
1.400000
1.400000
1.400000
1.400000
1.400000
1.400000
1.400000
1.400000
1.400000
1.400000
1.400000
1.400000
1.400000
1.400000
1.400000
1.400000
1.400000
1.400000
1.400000
1.400000
1.400000
1.400000
1.400000
1.400000
1.400000
1.400000
1.400000
1.400000
1.400000
1.400000
1.400000
1.400000
1.400000
1.400000
1.400000
1.400000
1.400000
1.400000
1.400000
1.400000
1.400000
1.400000
1.400000
1.400000
1.400000
1.400000
1.400000
1.400000
1.400000
1.400000
1.400000
1.400000
1.400000
1.400000
1.400000
1.400000
1.400000
1.400000
1.400000
1.400000
1.400000
1.400000
1.400000
1.400000
1.400000
1.400000
1.400000
1.400000
1.400000
1.400000
1.400000
1.400000
1.400000
1.400000
1.400000
1.400000
1.400000
1.400000
1.400000
1.400000
1.400000
1.400000
1.400000
1.400000
1.400000
1.400000
1.400000
1.400000
1.400000
1.400000
1.400000
1.400000
1.400000
1.400000
1.400000
1.400000
1.400000
1.400000
1.400000
1.400000
1.400000
1.400000
1.400000
1.400000
1.400000
1.400000
1.400000
1.400000
1.400000
1.400000
1.400000
1.400000
1.400000
1.400000
1.400000
1.400000
1.400000
1.400000
1.400000
1.400000
1.400000
1.400000
1.400000
1.400000
1.400000
1.400000
1.400000
1.400000
1.400000
1.400000
1.400000
1.400000
1.400000
1.400000
1.400000
1.400000
1.400000
1.400000
1.400000
1.400000
1.400000
1.400000
1.400000
1.400000
1.400000
1.400000
1.400000
1.400000
1.400000
1.400000
1.400000
1.400000
1.400000
1.400000
1.400000
1.400000
1.400000
1.400000
1.400000
1.400000
1.400000
1.400000
1.400000
1.400000
1.400000
1.400000
1.400000
1.400000
1.400000
1.400000
1.400000
1.400000
1.400000
1.400000
1.400000
1.400000
1.400000
1.400000
1.400000
1.400000
1.400000
1.400000
1.400000
1.400000
1.400000
1.400000
1.400000
1.400000
1.400000
1.400000
1.400000
1.400000
1.400000
1.400000
1.400000
1.400000
1.400000
1.400000
1.400000
1.400000
1.400000
1.400000
1.400000
1.400000
1.400000
1.400000
1.400000
1.400000
1.400000
1.400000
1.400000
1.400000
1.400000
1.400000
1.400000
1.400000
1.400000
1.400000
1.400000
1.400000
1.400000
1.400000
1.400000
1.400000
1.400000
1.400000
1.400000
1.400000
1.400000
1.400000
1.400000
1.400000
1.400000
1.400000
1.400000
1.400000
1.400000
1.400000
1.400000
1.400000
1.400000
1.400000
1.400000
1.400000
1.400000
1.400000
1.400000
1.400000
1.400000
1.400000
1.400000
1.400000
1.400000
1.400000
1.400000
1.400000
1.400000
1.400000
1.400000
1.400000
1.400000
1.400000
1.400000
1.400000
1.400000
1.400000
1.400000
1.400000
1.400000
1.400000
1.400000
1.400000
1.400000
1.400000
1.400000
1.400000
1.400000
1.400000
1.400000
1.400000
1.400000
1.400000
1.400000
1.400000
1.400000
1.400000
1.400000
1.400000
1.400000
1.400000
1.400000
1.400000
1.400000
1.400000
1.400000
1.400000
1.400000
1.400000
1.400000
1.400000
1.400000
1.400000
1.400000
1.400000
1.400000
1.400000
1.400000
1.400000
1.400000
1.400000
1.400000
1.400000
1.400000
1.400000
1.400000
1.400000
1.400000
1.400000
1.400000
1.400000
1.400000
1.400000
1.400000
1.400000
1.400000
1.400000
1.400000
1.400000
1.400000
1.400000
1.400000
1.400000
1.400000
1.400000
1.400000
1.400000
1.400000
1.400000
1.400000
1.400000
1.400000
1.400000
1.400000
1.400000
1.400000
1.400000
1.400000
1.400000
1.400000
1.400000
1.400000
1.400000
1.400000
1.400000
1.400000
1.400000
1.400000
1.400000
1.400000
1.400000
1.400000
1.400000
1.400000
1.400000
1.400000
1.400000
1.400000
1.400000
1.400000
1.400000
1.400000
1.400000
1.400000
1.400000
1.400000
1.400000
1.400000
1.400000
1.400000
1.400000
1.400000
1.400000
1.400000
1.400000
1.400000
1.400000
1.400000
1.400000
1.400000
1.400000
1.400000
1.400000
1.400000
1.400000
1.400000
1.400000
1.400000
1.400000
1.400000
1.400000
1.400000
1.400000
1.400000
1.400000
1.400000
1.400000
1.400000
1.400000
1.400000
1.400000
1.400000
1.400000
1.400000
1.400000
1.400000
1.400000
1.400000
1.400000
1.400000
1.400000
1.400000
1.400000
1.400000
1.400000
1.400000
1.400000
1.400000
1.400000
1.400000
1.400000
1.400000
1.400000
1.400000
1.400000
1.400000
1.400000
1.400000
1.400000
1.400000
1.400000
1.400000
1.400000
1.400000
1.400000
1.400000
1.400000
1.400000
1.400000
1.400000
1.400000
1.400000
1.400000
1.400000
1.400000
1.400000
1.400000
1.400000
1.400000
1.400000
1.400000
1.400000
1.400000
1.400000
1.400000
1.400000
1.400000
1.400000
1.400000
1.400000
1.400000
1.400000
1.400000
1.400000
1.400000
1.400000
1.400000
1.400000
1.400000
1.400000
1.400000
1.400000
1.400000
1.400000
1.400000
1.400000
1.400000
1.400000
1.400000
1.400000
1.400000
1.400000
1.400000
1.400000
1.400000
1.400000
1.400000
1.400000
1.400000
1.400000
1.400000
1.400000
1.400000
1.400000
1.400000
1.400000
1.400000
1.400000
1.400000
1.400000
1.400000
1.400000
1.400000
1.400000
1.400000
1.400000
1.400000
1.400000
1.400000
1.400000
1.400000
1.400000
1.400000
1.400000
1.400000
1.400000
1.400000
1.400000
1.400000
1.400000
1.400000
1.400000
1.400000
1.400000
1.400000
1.400000
1.400000
1.400000
1.400000
1.400000
1.400000
1.400000
1.400000
1.400000
1.400000
1.400000
1.400000
1.400000
1.400000
1.400000
1.400000
1.400000
1.400000
1.400000
1.400000
1.400000
1.400000
1.400000
1.400000
1.400000
1.400000
1.400000
1.400000
1.400000
1.400000
1.400000
1.400000
1.400000
1.400000
1.400000
1.400000
1.400000
1.400000
1.400000
1.400000
1.400000
1.400000
1.400000
1.400000
1.400000
1.400000
1.400000
1.400000
1.400000
1.400000
1.400000
1.400000
1.400000
1.400000
1.400000
1.400000
1.400000
1.400000
1.400000
1.400000
1.400000
1.400000
1.400000
1.400000
1.400000
1.400000
1.400000
1.400000
1.400000
1.400000
1.400000
1.400000
1.400000
1.400000
1.400000
1.400000
1.400000
1.400000
1.400000
1.400000
1.400000
1.400000
1.400000
1.400000
1.400000
1.400000
1.400000
1.400000
1.400000
1.400000
1.400000
1.400000
1.400000
1.400000
1.400000
1.400000
1.400000
1.400000
1.400000
1.400000
1.400000
1.400000
1.400000
1.400000
1.400000
1.400000
1.400000
1.400000
1.400000
1.400000
1.400000
1.400000
1.400000
1.400000
1.400000
1.400000
1.400000
1.400000
1.400000
1.400000
1.400000
1.400000
1.400000
1.400000
1.400000
1.400000
1.400000
1.400000
1.400000
1.400000
1.400000
1.400000
1.400000
1.400000
1.400000
1.400000
1.400000
1.400000
1.400000
1.400000
1.400000
1.400000
1.400000
1.400000
1.400000
1.400000
1.400000
1.400000
1.400000
1.400000
1.400000
1.400000
1.400000
1.400000
1.400000
1.400000
1.400000
1.400000
1.400000
1.400000
1.400000
1.400000
1.400000
1.400000
1.400000
1.400000
1.400000
1.400000
1.400000
1.400000
1.400000
1.400000
1.400000
1.400000
1.400000
1.400000
1.400000
1.400000
1.400000
1.400000
1.400000
1.400000
1.400000
1.400000
1.400000
1.400000
1.400000
1.400000
1.400000
1.400000
1.400000
1.400000
1.400000
1.400000
1.400000
1.400000
1.400000
1.400000
1.400000
1.400000
1.400000
1.400000
1.400000
1.400000
1.400000
1.400000
1.400000
1.400000
1.400000
1.400000
1.400000
1.400000
1.400000
1.400000
1.400000
1.400000
1.400000
1.400000
1.400000
1.400000
1.400000
1.400000
1.400000
1.400000
1.400000
1.400000
1.400000
1.400000
1.400000
1.400000
1.400000
1.400000
1.400000
1.400000
1.400000
1.400000
1.400000
1.400000
1.400000
1.400000
1.400000
1.400000
1.400000
1.400000
1.400000
1.400000
1.400000
1.400000
1.400000
1.400000
1.400000
1.400000
1.400000
1.400000
1.400000
1.400000
1.400000
1.400000
1.400000
1.400000
1.400000
1.400000
1.400000
1.400000
1.400000
1.400000
1.400000
1.400000
1.400000
1.400000
1.400000
1.400000
1.400000
1.400000
1.400000
1.400000
1.400000
1.400000
1.400000
1.400000
1.400000
1.400000
1.400000
1.400000
1.400000
1.400000
1.400000
1.400000
1.400000
1.400000
1.400000
1.400000
1.400000
1.400000
1.400000
1.400000
1.400000
1.400000
1.400000
1.400000
1.400000
1.400000
1.400000
1.400000
1.400000
1.400000
1.400000
1.400000
1.400000
1.400000
1.400000
1.400000
1.400000
1.400000
1.400000
1.400000
1.400000
1.400000
1.400000
1.400000
1.400000
1.400000
1.400000
1.400000
1.400000
1.400000
1.400000
1.400000
1.400000
1.400000
1.400000
1.400000
1.400000
1.400000
1.400000
1.400000
1.400000
1.400000
1.400000
1.400000
1.400000
1.400000
1.400000
1.400000
1.400000
1.400000
1.400000
1.400000
1.400000
1.400000
1.400000
1.400000
1.400000
1.400000
1.400000
1.400000
1.400000
1.400000
1.400000
1.400000
1.400000
1.400000
1.400000
1.400000
1.400000
1.400000
1.400000
1.400000
1.400000
1.400000
1.400000
1.400000
1.400000
1.400000
1.400000
1.400000
1.400000
1.400000
1.400000
1.400000
1.400000
1.400000
1.400000
1.400000
1.400000
1.400000
1.400000
1.400000
1.400000
1.400000
1.400000
1.400000
1.400000
1.400000
1.400000
1.400000
1.400000
1.400000
1.400000
1.400000
1.400000
1.400000
1.400000
1.400000
1.400000
1.400000
1.400000
1.400000
1.400000
1.400000
1.400000
1.400000
1.400000
1.400000
1.400000
1.400000
1.400000
1.400000
1.400000
1.400000
1.400000
1.400000
1.400000
1.400000
1.400000
1.400000
1.400000
1.400000
1.400000
1.400000
1.400000
1.400000
1.400000
1.400000
1.400000
1.400000
1.400000
1.400000
1.400000
1.400000
1.400000
1.400000
1.400000
1.400000
1.400000
1.400000
1.400000
1.400000
1.400000
1.400000
1.400000
1.400000
1.400000
1.400000
1.400000
1.400000
1.400000
1.400000
1.400000
1.400000
1.400000
1.400000
1.400000
1.400000
1.400000
1.400000
1.400000
1.400000
1.400000
1.400000
1.400000
1.400000
1.400000
1.400000
1.400000
1.400000
1.400000
1.400000
1.400000
1.400000
1.400000
1.400000
1.400000
1.400000
1.400000
1.400000
1.400000
1.400000
1.400000
1.400000
1.400000
1.400000
1.400000
1.400000
1.400000
1.400000
1.400000
1.400000
1.400000
1.400000
1.400000
1.400000
1.400000
1.400000
1.400000
1.400000
1.400000
1.400000
1.400000
1.400000
1.400000
1.400000
1.400000
1.400000
1.400000
1.400000
1.400000
1.400000
1.400000
1.400000
1.400000
1.400000
1.400000
1.400000
1.400000
1.400000
1.400000
1.400000
1.400000
1.400000
1.400000
1.400000
1.400000
1.400000
1.400000
1.400000
1.400000
1.400000
1.400000
1.400000
1.400000
1.400000
1.400000
1.400000
1.400000
1.400000
1.400000
1.400000
1.400000
1.400000
1.400000
1.400000
1.400000
1.400000
1.400000
1.400000
1.400000
1.400000
1.400000
1.400000
1.400000
1.400000
1.400000
1.400000
1.400000
1.400000
1.400000
1.400000
1.400000
1.400000
1.400000
1.400000
1.400000
1.400000
1.400000
1.400000
1.400000
1.400000
1.400000
1.400000
1.400000
1.400000
1.400000
1.400000
1.400000
1.400000
1.400000
1.400000
1.400000
1.400000
1.400000
1.400000
1.400000
1.400000
1.400000
1.400000
1.400000
1.400000
1.400000
1.400000
1.400000
1.400000
1.400000
1.400000
1.400000
1.400000
1.400000
1.400000
1.400000
1.400000
1.400000
1.400000
1.400000
1.400000
1.400000
1.400000
1.400000
1.400000
1.400000
1.400000
1.400000
1.400000
1.400000
1.400000
1.400000
1.400000
1.400000
1.400000
1.400000
1.400000
1.400000
1.400000
1.400000
1.400000
1.400000
1.400000
1.400000
1.400000
1.400000
1.400000
1.400000
1.400000
1.400000
1.400000
1.400000
1.400000
1.400000
1.400000
1.400000
1.400000
1.400000
1.400000
1.400000
1.400000
1.400000
1.400000
1.400000
1.400000
1.400000
1.400000
1.400000
1.400000
1.400000
1.400000
1.400000
1.400000
1.400000
1.400000
1.400000
1.400000
1.400000
1.400000
1.400000
1.400000
1.400000
1.400000
1.400000
1.400000
1.400000
1.400000
1.400000
1.400000
1.400000
1.400000
1.400000
1.400000
1.400000
1.400000
1.400000
1.400000
1.400000
1.400000
1.400000
1.400000
1.400000
1.400000
1.400000
1.400000
1.400000
1.400000
1.400000
1.400000
1.400000
1.400000
1.400000
1.400000
1.400000
1.400000
1.400000
1.400000
1.400000
1.400000
1.400000
1.400000
1.400000
1.400000
1.400000
1.400000
1.400000
1.400000
1.400000
1.400000
1.400000
1.400000
1.400000
1.400000
1.400000
1.400000
1.400000
1.400000
1.400000
1.400000
1.400000
1.400000
1.400000
1.400000
1.400000
1.400000
1.400000
1.400000
1.400000
1.400000
1.400000
1.400000
1.400000
1.400000
1.400000
1.400000
1.400000
1.400000
1.400000
1.400000
1.400000
1.400000
1.400000
1.400000
1.400000
1.400000
1.400000
1.400000
1.400000
1.400000
1.400000
1.400000
1.400000
1.400000
1.400000
1.400000
1.400000
1.400000
1.400000
1.400000
1.400000
1.400000
1.400000
1.400000
1.400000
1.400000
1.400000
1.400000
1.400000
1.400000
1.400000
1.400000
1.400000
1.400000
1.400000
1.400000
1.400000
1.400000
1.400000
1.400000
1.400000
1.400000
1.400000
1.400000
1.400000
1.400000
1.400000
1.400000
1.400000
1.400000
1.400000
1.400000
1.400000
1.400000
1.400000
1.400000
1.400000
1.400000
1.400000
1.400000
1.400000
1.400000
1.400000
1.400000
1.400000
1.400000
1.400000
1.400000
1.400000
1.400000
1.400000
1.400000
1.400000
1.400000
1.400000
1.400000
1.400000
1.400000
1.400000
1.400000
1.400000
1.400000
1.400000
1.400000
1.400000
1.400000
1.400000
1.400000
1.400000
1.400000
1.400000
1.400000
1.400000
1.400000
1.400000
1.400000
1.400000
1.400000
1.400000
1.400000
1.400000
1.400000
1.400000
1.400000
1.400000
1.400000
1.400000
1.400000
1.400000
1.400000
1.400000
1.400000
1.400000
1.400000
1.400000
1.400000
1.400000
1.400000
1.400000
1.400000
1.400000
1.400000
1.400000
1.400000
1.400000
1.400000
1.400000
1.400000
1.400000
1.400000
1.400000
1.400000
1.400000
1.400000
1.400000
1.400000
1.400000
1.400000
1.400000
1.400000
1.400000
1.400000
1.400000
1.400000
1.400000
1.400000
1.400000
1.400000
1.400000
1.400000
1.400000
1.400000
1.400000
1.400000
1.400000
1.400000
1.400000
1.400000
1.400000
1.400000
1.400000
1.400000
1.400000
1.400000
1.400000
1.400000
1.400000
1.400000
1.400000
1.400000
1.400000
1.400000
1.400000
1.400000
1.400000
1.400000
1.400000
1.400000
1.400000
1.400000
1.400000
1.400000
1.400000
1.400000
1.400000
1.400000
1.400000
1.400000
1.400000
1.400000
1.400000
1.400000
1.400000
1.400000
1.400000
1.400000
1.400000
1.400000
1.400000
1.400000
1.400000
1.400000
1.400000
1.400000
1.400000
1.400000
1.400000
1.400000
1.400000
1.400000
1.400000
1.400000
1.400000
1.400000
1.400000
1.400000
1.400000
1.400000
1.400000
1.400000
1.400000
1.400000
1.400000
1.400000
1.400000
1.400000
1.400000
1.400000
1.400000
1.400000
1.400000
1.400000
1.400000
1.400000
1.400000
1.400000
1.400000
1.400000
1.400000
1.400000
1.400000
1.400000
1.400000
1.400000
1.400000
1.400000
1.400000
1.400000
1.400000
1.400000
1.400000
1.400000
1.400000
1.400000
1.400000
1.400000
1.400000
1.400000
1.400000
1.400000
1.400000
1.400000
1.400000
1.400000
1.400000
1.400000
1.400000
1.400000
1.400000
1.400000
1.400000
1.400000
1.400000
1.400000
1.400000
1.400000
1.400000
1.400000
1.400000
1.400000
1.400000
1.400000
1.400000
1.400000
1.400000
1.400000
1.400000
1.400000
1.400000
1.400000
1.400000
1.400000
1.400000
1.400000
1.400000
1.400000
1.400000
1.400000
1.400000
1.400000
1.400000
1.400000
1.400000
1.400000
1.400000
1.400000
1.400000
1.400000
1.400000
1.400000
1.400000
1.400000
1.400000
1.400000
1.400000
1.400000
1.400000
1.400000
1.400000
1.400000
1.400000
1.400000
1.400000
1.400000
1.400000
1.400000
1.400000
1.400000
1.400000
1.400000
1.400000
1.400000
1.400000
1.400000
1.400000
1.400000
1.400000
1.400000
1.400000
1.400000
1.400000
1.400000
1.400000
1.400000
1.400000
1.400000
1.400000
1.400000
1.400000
1.400000
1.400000
1.400000
1.400000
1.400000
1.400000
1.400000
1.400000
1.400000
1.400000
1.400000
1.400000
1.400000
1.400000
1.400000
1.400000
1.400000
1.400000
1.400000
1.400000
1.400000
1.400000
1.400000
1.400000
1.400000
1.400000
1.400000
1.400000
1.400000
1.400000
1.400000
1.400000
1.400000
1.400000
1.400000
1.400000
1.400000
1.400000
1.400000
