160.330795
0.280289
-1.641692
165.196793
0.276434
-1.640337
170.036606
0.278501
-1.639838
174.902603
0.281494
-1.638977
179.873306
0.285139
-1.637946
184.873459
0.289474
-1.637460
189.628189
0.295765
-1.636930
194.543259
0.303787
-1.635720
199.337250
0.316138
-1.636712
204.203201
0.328597
-1.637134
209.023376
0.338816
-1.636889
213.925354
0.349888
-1.636200
218.833878
0.365494
-1.634806
223.542755
0.384165
-1.633412
228.228745
0.400684
-1.634274
233.048889
0.417760
-1.632263
237.869034
0.437530
-1.633184
242.816788
0.459082
-1.630557
247.666397
0.479172
-1.630441
252.623993
0.496788
-1.630854
257.532501
0.511696
-1.630397
262.369019
0.528861
-1.629438
267.234985
0.546364
-1.629640
272.038757
0.561780
-1.628511
276.980042
0.573908
-1.629602
281.931091
0.583521
-1.628621
286.924683
0.599132
-1.626706
291.865906
0.615744
-1.625438
296.666443
0.630632
-1.625108
301.470215
0.645422
-1.624316
306.362396
0.665179
-1.622651
311.221771
0.688815
-1.621971
316.169525
0.712401
-1.621131
321.146729
0.738277
-1.620029
326.084656
0.763623
-1.619196
331.088013
0.788431
-1.618761
335.960449
0.812278
-1.618984
340.836212
0.836915
-1.620367
345.911591
0.857838
-1.620645
351.019684
0.878506
-1.621693
355.960907
0.899144
-1.621346
360.918427
0.928039
-1.620559
365.682892
0.957003
-1.619942
370.552063
0.985822
-1.620420
375.359070
1.014489
-1.621040
380.179138
1.046394
-1.620754
385.077728
1.084116
-1.620400
390.025330
1.123485
-1.620815
394.838806
1.161454
-1.620898
399.681763
1.196196
-1.620941
404.557495
1.228068
-1.621171
409.269592
1.259597
-1.620662
414.259827
1.292118
-1.619408
419.040619
1.327571
-1.617868
424.017700
1.366056
-1.616003
428.791931
1.406694
-1.615444
433.677368
1.449191
-1.614598
438.402466
1.489682
-1.614854
443.081787
1.529315
-1.614576
447.855957
1.571453
-1.614068
452.721771
1.613557
-1.613629
457.512329
1.653362
-1.613610
462.332336
1.694089
-1.613197
467.198151
1.733485
-1.614295
471.988739
1.771100
-1.613900
476.831696
1.806744
-1.614464
481.612457
1.844241
-1.613616
486.635345
1.886460
-1.613413
491.510925
1.934604
-1.613232
496.419159
1.987314
-1.613563
501.242310
2.040358
-1.612352
506.193054
2.095309
-1.611578
511.042358
2.151459
-1.611443
515.885071
2.214163
-1.611964
520.884766
2.278797
-1.613842
525.855286
2.327760
-1.615345
530.789917
2.352736
-1.618252
535.737793
2.339461
-1.622109
540.642700
2.277363
-1.627571
545.497375
2.157219
-1.633798
550.405762
1.970976
-1.639814
555.339722
1.702791
-1.645826
560.229370
1.354435
-1.652620
565.225769
0.904679
-1.659614
570.201843
0.351667
-1.667528
575.193481
-0.317065
-1.674925
580.180969
-1.104630
-1.683150
585.109924
-2.019746
-1.692922
590.064026
-3.092356
-1.702601
595.016235
-4.331450
-1.713348
599.843384
-5.720620
-1.724166
604.541199
-7.262630
-1.735747
609.185669
-8.987110
-1.747396
613.871765
-10.927969
-1.756868
618.510254
-13.059443
-1.767092
622.997314
-15.331511
-1.777266
627.378357
-17.781775
-1.790477
631.634766
-20.430090
-1.804953
635.770813
-23.308653
-1.820017
639.670898
-26.315632
-1.830377
643.433655
-29.507830
-1.843806
647.000305
-32.879551
-1.862991
650.305908
-36.382744
-1.877995
653.370972
-40.000290
-1.888662
656.236206
-43.699924
-1.893306
658.971436
-47.508801
-1.895917
661.639709
-51.475868
-1.897368
664.264709
-55.615807
-1.899280
666.792297
-59.838825
-1.901236
669.219910
-64.131409
-1.904045
671.537170
-68.473366
-1.907055
673.767639
-72.904579
-1.910294
675.880310
-77.353348
-1.913568
677.897461
-81.860542
-1.915128
679.807312
-86.329018
-1.915592
681.681030
-91.000053
-1.924180
683.395691
-95.651695
-1.928907
685.031982
-100.397324
-1.930444
686.585144
-105.112297
-1.928559
688.083557
-109.865532
-1.929018
689.501526
-114.575081
-1.930777
690.849243
-119.277985
-1.933498
692.152832
-124.057755
-1.937235
693.365356
-128.743225
-1.939335
694.522705
-133.476334
-1.943361
695.628357
-138.265427
-1.946699
696.667114
-143.002533
-1.948486
697.669556
-147.794235
-1.950027
698.638367
-152.662964
-1.951507
699.547913
-157.449890
-1.951791
700.413330
-162.215042
-1.952543
701.246338
-167.082275
-1.953037
702.039856
-171.956116
-1.952314
702.775024
-176.703369
-1.953320
703.495850
-181.581863
-1.952669
704.171387
-186.400757
-1.953786
704.822876
-191.282394
-1.954690
705.432007
-196.087021
-1.956702
706.018677
-200.943909
-1.958302
706.574036
-205.787979
-1.959536
707.107605
-210.677322
-1.959919
707.591064
-215.381088
-1.961326
708.078491
-220.390335
-1.963353
708.538940
-225.385681
-1.963968
708.967651
-230.282028
-1.965626
709.370789
-235.062332
-1.965865
709.768127
-239.918640
-1.966490
710.155884
-244.890610
-1.968026
710.507507
-249.671707
-1.969290
710.848022
-254.558578
-1.970320
711.170105
-259.420471
-1.971214
711.473206
-264.290100
-1.973403
711.758850
-269.141144
-1.973793
712.024170
-273.891785
-1.975044
712.281189
-278.744446
-1.975260
712.527161
-283.666443
-1.975467
712.757690
-288.454926
-1.975755
712.981995
-293.417267
-1.975814
713.190002
-298.321442
-1.976037
713.388000
-303.196503
-1.975133
713.574463
-308.081818
-1.974661
713.755737
-313.111481
-1.974037
713.920227
-317.955048
-1.974285
714.082581
-322.949280
-1.973962
714.234436
-327.822723
-1.973612
714.376953
-332.660461
-1.974872
714.511780
-337.567169
-1.975090
714.639221
-342.402008
-1.975348
714.757690
-347.351685
-1.975590
714.862244
-352.170715
-1.976347
714.959045
-356.973572
-1.975332
715.053345
-361.985931
-1.975289
715.144226
-367.024567
-1.972978
715.234924
-371.945374
-1.972010
715.323853
-376.803986
-1.971591
715.410095
-381.665955
-1.971148
715.494751
-386.662109
-1.970344
715.571472
-391.442413
-1.970636
715.647766
-396.330719
-1.971068
715.721436
-401.166718
-1.970192
715.793945
-405.953644
-1.969131
715.861511
-410.756989
-1.969551
715.922363
-415.635681
-1.969913
715.975281
-420.530823
-1.968963
716.018127
-425.301758
-1.969162
716.059753
-430.327911
-1.967454
716.095215
-435.350861
-1.965595
716.126282
-440.170959
-1.964299
716.157043
-445.213562
-1.963255
716.187317
-450.076233
-1.962073
716.218994
-455.043549
-1.959620
716.244690
-459.880035
-1.960588
716.255920
-464.811493
-1.962059
716.241821
-469.628357
-1.964946
716.193604
-474.441772
-1.968237
716.100159
-479.342834
-1.972880
715.946899
-484.301361
-1.977819
715.725281
-489.250732
-1.984096
715.419739
-494.251312
-1.991559
715.025391
-499.193146
-1.998924
714.523010
-504.171234
-2.007878
713.892151
-509.193970
-2.017972
713.118103
-514.223083
-2.028132
712.204407
-519.202087
-2.038023
711.141968
-524.134827
-2.048185
709.926331
-529.025208
-2.057847
708.514893
-533.951233
-2.070547
707.004028
-538.562683
-2.081085
705.266663
-543.243958
-2.093680
703.369751
-547.792114
-2.105345
701.281250
-552.251831
-2.118027
698.968140
-556.665833
-2.130428
696.462402
-560.981018
-2.141448
693.793457
-565.131165
-2.153789
690.923706
-569.169128
-2.166252
687.852356
-573.072571
-2.180681
684.563232
-576.824707
-2.196748
681.097656
-580.345764
-2.214427
677.460938
-583.621704
-2.232186
673.638977
-586.653076
-2.250896
669.661194
-589.396790
-2.270027
665.511902
-591.847351
-2.291891
661.196716
-593.984863
-2.313755
656.678406
-595.796143
-2.336418
652.061401
-597.243164
-2.356843
647.391174
-598.304077
-2.378302
642.692017
-598.972595
-2.400793
637.864807
-599.240417
-2.424881
633.062439
-599.078735
-2.447632
628.310913
-598.482910
-2.471275
623.496277
-597.412476
-2.496458
618.764832
-595.854797
-2.521635
614.165894
-593.840271
-2.542000
609.818054
-591.449280
-2.560336
605.737915
-588.723877
-2.576028
601.963135
-585.755310
-2.585216
598.397095
-582.528870
-2.594130
595.003296
-579.052429
-2.597597
591.776733
-575.406799
-2.595794
588.741089
-571.684570
-2.593931
585.868408
-567.912781
-2.591578
583.105591
-564.043823
-2.591900
580.457214
-560.103271
-2.590786
577.886292
-556.045776
-2.592487
575.397156
-551.872742
-2.593600
573.028442
-547.648865
-2.597519
570.768555
-543.332581
-2.603773
568.621521
-538.926270
-2.609005
566.584229
-534.435791
-2.613800
564.666504
-529.896423
-2.617665
562.858032
-525.336975
-2.620201
561.147766
-520.760803
-2.622469
559.519409
-516.120117
-2.626451
557.987854
-511.474091
-2.629982
556.547852
-506.836548
-2.632317
555.178772
-502.218445
-2.632284
553.872253
-497.629883
-2.632545
552.608276
-492.948029
-2.635678
551.424072
-488.306122
-2.638376
550.280945
-483.563019
-2.641774
549.204102
-478.821167
-2.643068
548.211243
-474.208221
-2.644997
547.262634
-469.565887
-2.645602
546.362366
-464.903961
-2.647457
545.492798
-460.069885
-2.650307
544.685791
-455.258148
-2.651412
543.937134
-450.453552
-2.652921
543.228394
-445.596527
-2.654098
542.570557
-440.880981
-2.653904
541.906250
-436.004486
-2.652269
541.275513
-431.281891
-2.650479
540.628662
-426.449188
-2.647604
539.966858
-421.559052
-2.645790
539.305969
-416.741425
-2.644157
538.636902
-411.981110
-2.641427
537.939819
-407.198334
-2.639434
537.216980
-402.435913
-2.636183
536.444031
-397.615082
-2.633536
535.632751
-392.840393
-2.629621
534.747131
-388.002350
-2.624174
533.789185
-383.151428
-2.619695
532.775269
-378.358704
-2.615838
531.711853
-373.613617
-2.612363
530.572205
-368.835785
-2.607408
529.376526
-364.142548
-2.601955
528.052856
-359.334320
-2.593359
526.631775
-354.570984
-2.586465
525.132080
-349.897064
-2.580803
523.532654
-345.218292
-2.575452
521.856018
-340.604889
-2.569366
520.065186
-335.999512
-2.560842
518.151550
-331.433136
-2.551470
516.126099
-326.947540
-2.543194
514.005188
-322.568054
-2.535086
511.798187
-318.301117
-2.527844
509.448517
-314.036224
-2.519885
506.963623
-309.806854
-2.512570
504.356750
-305.628418
-2.504787
501.605743
-301.468719
-2.497698
498.767822
-297.427643
-2.488610
495.778748
-293.431488
-2.479933
492.641205
-289.500458
-2.471128
489.410400
-285.701385
-2.462860
486.038666
-281.991425
-2.452209
482.514221
-278.375763
-2.441961
478.933868
-274.941864
-2.433572
475.253845
-271.644379
-2.425002
471.471588
-268.479980
-2.416272
467.560394
-265.428284
-2.407521
463.579254
-262.545929
-2.396209
459.459534
-259.799988
-2.385001
455.266876
-257.235046
-2.374269
450.924164
-254.796585
-2.365111
446.609924
-252.588928
-2.354582
442.226196
-250.553528
-2.344962
437.750610
-248.677628
-2.335117
433.190521
-246.961090
-2.326436
428.600372
-245.426895
-2.316761
423.888580
-244.051620
-2.306458
419.127869
-242.870041
-2.295794
414.261658
-241.873032
-2.284712
409.375458
-241.074875
-2.275314
404.451141
-240.475006
-2.263961
399.580597
-240.093689
-2.252665
394.671875
-239.925674
-2.241274
389.763702
-239.969971
-2.231073
384.926697
-240.209564
-2.222882
380.076233
-240.635727
-2.214896
375.230072
-241.254211
-2.205333
370.371674
-242.079254
-2.195006
365.504822
-243.120865
-2.184516
360.715027
-244.360245
-2.172981
355.976715
-245.806396
-2.162233
351.404175
-247.421448
-2.151178
346.812012
-249.271561
-2.140454
342.355896
-251.290024
-2.130853
338.024780
-253.471375
-2.120748
333.747070
-255.864578
-2.108382
329.533997
-258.483124
-2.095074
325.477234
-261.269196
-2.084054
321.580994
-264.210846
-2.071519
317.816101
-267.334259
-2.060378
314.206818
-270.611969
-2.048914
310.702423
-274.094940
-2.037372
307.375458
-277.707977
-2.027390
304.213318
-281.457520
-2.017589
301.248413
-285.303131
-2.007051
298.419586
-289.318146
-1.998000
295.742004
-293.451263
-1.992173
293.268829
-297.561676
-1.988723
290.883148
-301.787537
-1.986975
288.674530
-305.931458
-1.985674
286.534180
-310.177094
-1.984921
284.464996
-314.497833
-1.984335
282.488953
-318.815277
-1.984265
280.577148
-323.154358
-1.984342
278.723602
-327.522217
-1.983480
276.896423
-332.007355
-1.981094
275.130951
-336.527679
-1.978816
273.406097
-341.133636
-1.977569
271.756470
-345.673157
-1.977494
270.132202
-350.235748
-1.978250
268.546814
-354.787720
-1.978139
267.015961
-359.278870
-1.977282
265.537415
-363.704834
-1.975924
264.043182
-368.266876
-1.976359
262.580414
-372.784119
-1.977263
261.100922
-377.381927
-1.978751
259.668701
-381.864349
-1.979288
258.197571
-386.492310
-1.979804
256.767242
-391.016510
-1.981142
255.299011
-395.655701
-1.982051
253.839508
-400.263336
-1.982177
252.315430
-405.056488
-1.982976
250.864120
-409.587738
-1.984542
249.324677
-414.355316
-1.984900
247.817429
-418.971680
-1.986479
246.304703
-423.548309
-1.987588
244.785995
-428.088501
-1.989082
243.241592
-432.626923
-1.991194
241.652649
-437.208862
-1.992905
239.996155
-441.895416
-1.994058
238.337204
-446.494232
-1.996280
236.681046
-450.993073
-1.999081
234.960846
-455.555328
-2.001341
233.183136
-460.141174
-2.004148
231.341705
-464.761719
-2.006664
229.497849
-469.261261
-2.009268
227.573151
-473.840668
-2.010724
225.713348
-478.145325
-2.012642
223.678940
-482.723633
-2.014352
221.707596
-487.043243
-2.016308
219.593857
-491.556549
-2.017844
217.483856
-495.948486
-2.021534
215.309723
-500.356567
-2.024338
213.088669
-504.733795
-2.027531
210.794510
-509.113831
-2.031831
208.465149
-513.427002
-2.035878
206.103760
-517.655334
-2.040423
203.687775
-521.845154
-2.043594
201.207916
-526.012756
-2.045600
198.570312
-530.302917
-2.048943
195.951950
-534.435364
-2.052529
193.262405
-538.568787
-2.056648
190.506760
-542.685974
-2.061015
187.711884
-546.736938
-2.065785
184.836945
-550.771729
-2.070793
181.927933
-554.717224
-2.075904
179.009827
-558.545410
-2.079480
175.984314
-562.398071
-2.083029
172.889038
-566.232910
-2.084369
169.775482
-569.989319
-2.087050
166.579910
-573.736633
-2.090530
163.362183
-577.404175
-2.094945
160.141403
-580.963867
-2.099868
156.836731
-584.499695
-2.105559
153.477661
-587.970215
-2.111211
150.053787
-591.386108
-2.114299
146.667496
-594.658203
-2.119293
143.100800
-597.992126
-2.124852
139.493622
-601.257996
-2.129351
135.830872
-604.481140
-2.134327
132.121506
-607.640503
-2.139239
128.365616
-610.734131
-2.143022
124.553482
-613.773926
-2.145534
120.716850
-616.729370
-2.149384
116.836189
-619.621338
-2.152403
112.888412
-622.477234
-2.154285
108.976250
-625.219482
-2.157260
105.011658
-627.914551
-2.160907
100.938499
-630.588562
-2.164994
96.919304
-633.128723
-2.169296
92.788017
-635.643433
-2.172260
88.667282
-638.060913
-2.176734
84.425789
-640.452271
-2.179054
80.203148
-642.742493
-2.183344
75.855904
-645.007324
-2.187502
71.515511
-647.177795
-2.191085
67.112785
-649.295410
-2.194084
62.679214
-651.339966
-2.197130
58.402985
-653.231934
-2.201170
53.893326
-655.144897
-2.203318
49.479095
-656.946533
-2.205435
45.019379
-658.705139
-2.206521
40.457890
-660.445679
-2.207118
35.989044
-662.097839
-2.207691
31.457809
-663.722168
-2.208769
26.955830
-665.291748
-2.209399
22.341213
-666.845703
-2.211829
17.832941
-668.314697
-2.215329
13.293717
-669.751648
-2.217762
8.634834
-671.178528
-2.219396
3.995725
-672.557617
-2.221395
-0.560167
-673.871643
-2.223116
-5.238533
-675.185730
-2.225244
-9.926227
-676.466125
-2.225669
-14.581959
-677.701538
-2.226872
-19.280003
-678.917603
-2.228621
-24.096912
-680.103699
-2.228550
-28.855610
-681.133606
-2.251598
-33.730633
-682.051880
-2.258601
-38.553200
-682.930786
-2.248294
-43.218433
-683.957581
-2.209082
-48.205784
-685.344543
-2.181480
-53.162857
-686.802063
-2.192058
-58.027962
-688.076050
-2.221611
-62.855373
-689.174927
-2.236166
-67.669144
-690.183594
-2.238670
-72.565323
-691.181763
-2.236928
-77.322952
-692.155212
-2.233856
-82.110847
-693.143799
-2.232444
-86.822617
-694.112671
-2.233283
-91.624054
-695.084045
-2.233805
-96.341438
-696.025146
-2.234540
-101.138626
-696.967590
-2.235606
-105.886696
-697.888306
-2.235546
-110.689125
-698.803711
-2.236470
-115.414154
-699.688049
-2.236957
-120.202217
-700.573486
-2.237637
-124.982758
-701.445618
-2.238190
-129.820160
-702.315918
-2.237404
-134.627106
-703.170593
-2.237709
-139.322662
-703.997498
-2.238250
-144.037766
-704.826660
-2.237379
-148.918228
-705.679016
-2.238209
-153.561752
-706.480347
-2.239425
-158.331543
-707.300720
-2.238157
-163.001617
-708.102234
-2.237914
-167.711594
-708.903442
-2.238038
-172.358078
-709.687561
-2.236956
-177.089310
-710.480774
-2.237601
-181.918701
-711.282227
-2.238617
-186.682663
-712.057800
-2.241266
-191.498459
-712.798889
-2.244710
-196.263336
-713.505005
-2.245225
-201.049927
-714.220886
-2.240606
-205.928406
-715.005859
-2.231813
-210.884598
-715.862122
-2.230214
-215.822525
-716.708435
-2.236155
-220.743805
-717.515747
-2.239891
-225.817520
-718.323364
-2.241741
-230.682434
-719.089722
-2.241618
-235.696472
-719.876648
-2.241769
-240.506744
-720.632385
-2.241536
-245.450150
-721.405029
-2.242640
-250.404236
-722.172913
-2.242822
-255.339249
-722.935608
-2.242549
-260.128967
-723.674194
-2.240450
-265.064331
-724.434814
-2.238678
-269.915924
-725.180237
-2.237664
-274.813324
-725.929016
-2.238986
-279.733337
-726.681824
-2.237921
-284.611267
-727.427917
-2.237766
-289.454102
-728.165771
-2.237606
-294.399811
-728.923462
-2.235738
-299.177002
-729.657715
-2.236536
-303.947479
-730.392578
-2.238006
-308.696167
-731.118164
-2.239404
-313.494812
-731.841858
-2.240765
-318.190887
-732.543396
-2.240532
-322.929688
-733.246948
-2.240561
-327.565277
-733.932434
-2.241003
-332.174774
-734.615295
-2.241012
-337.107056
-735.352600
-2.237976
-341.983856
-736.084595
-2.236852
-346.843964
-736.817566
-2.236568
-351.810028
-737.572205
-2.235098
-356.559296
-738.293884
-2.234182
-361.529205
-739.044861
-2.235104
-366.502350
-739.773865
-2.237821
-371.306610
-740.459045
-2.238200
-376.206451
-741.146362
-2.237923
-381.017059
-741.833801
-2.233967
-385.891418
-742.559814
-2.230969
-390.710938
-743.298828
-2.230293
-395.634491
-744.049744
-2.232441
-400.462036
-744.779175
-2.234353
-405.319305
-745.509216
-2.235246
-410.214630
-746.250244
-2.235443
-415.025391
-746.981384
-2.234943
-420.068573
-747.751160
-2.235781
-425.027649
-748.508057
-2.235597
-429.835236
-749.238403
-2.235666
-434.775238
-749.990112
-2.236609
-439.575531
-750.724854
-2.234676
-444.371979
-751.462769
-2.235316
-449.119232
-752.197815
-2.233521
-453.924988
-752.939697
-2.234642
-458.750397
-753.683350
-2.233556
-463.504669
-754.415710
-2.233080
-468.148468
-755.134460
-2.233543
-472.813873
-755.863586
-2.233986
-477.643890
-756.620056
-2.234129
-482.392944
-757.364868
-2.234600
-487.201050
-758.113220
-2.235690
-491.952789
-758.840515
-2.237121
-496.725555
-759.559998
-2.238222
-501.439117
-760.255127
-2.240452
-506.188049
-760.934631
-2.241710
-510.927277
-761.588623
-2.243975
-515.696167
-762.219055
-2.248117
-520.492249
-762.816589
-2.251074
-525.264099
-763.369629
-2.254698
-530.116089
-763.882751
-2.259044
-534.840393
-764.323975
-2.264776
-539.745667
-764.723694
-2.267004
-544.606262
-765.063538
-2.271222
-549.522522
-765.353821
-2.273939
-554.582520
-765.591248
-2.277818
-559.560120
-765.760315
-2.281253
-564.510132
-765.853516
-2.286547
-569.444702
-765.867493
-2.290764
-574.437744
-765.801575
-2.294839
-579.415894
-765.652161
-2.298789
-584.433411
-765.418518
-2.303204
-589.494934
-765.092957
-2.307912
-594.504211
-764.681030
-2.311556
-599.511841
-764.179260
-2.315947
-604.532166
-763.582947
-2.320305
-609.497681
-762.894287
-2.325711
-614.453430
-762.096130
-2.331564
-619.386597
-761.186951
-2.337591
-624.253052
-760.175171
-2.343202
-629.116211
-759.056458
-2.348606
-633.972778
-757.827393
-2.353587
-638.806091
-756.496948
-2.358646
-643.636108
-755.048645
-2.364296
-648.394470
-753.502991
-2.369627
-653.118103
-751.844116
-2.376205
-657.849670
-750.045105
-2.382239
-662.516846
-748.136169
-2.388609
-667.153076
-746.104187
-2.394181
-671.690979
-743.981750
-2.398984
-676.143860
-741.765930
-2.403186
-680.542175
-739.443848
-2.408282
-684.861938
-737.031799
-2.412994
-689.139282
-734.506653
-2.418784
-693.327148
-731.890869
-2.425571
-697.397278
-729.194824
-2.432353
-701.399475
-726.376404
-2.439961
-705.338562
-723.431824
-2.446257
-709.172729
-720.399109
-2.452104
-712.955322
-717.235657
-2.458210
-716.614197
-714.008423
-2.462980
-720.217285
-710.661133
-2.469038
-723.744873
-707.206238
-2.473671
-727.202515
-703.635681
-2.480915
-730.508728
-700.025879
-2.487962
-733.678040
-696.372864
-2.492239
-736.745605
-692.680603
-2.493844
-739.766968
-688.854187
-2.500546
-742.649658
-684.983337
-2.508515
-745.462158
-680.976868
-2.514556
-748.129944
-676.970520
-2.520062
-750.722168
-672.895325
-2.522685
-753.224060
-668.794739
-2.525416
-755.641479
-664.666504
-2.528201
-757.981079
-660.508667
-2.532366
-760.236755
-656.341858
-2.536280
-762.428833
-652.130188
-2.540500
-764.593567
-647.812622
-2.545014
-766.657166
-643.540100
-2.547577
-768.710144
-639.132202
-2.550150
-770.710693
-634.685852
-2.553219
-772.659851
-630.198914
-2.556016
-774.577576
-625.638000
-2.556818
-776.383240
-621.207886
-2.558043
-778.165527
-616.690674
-2.559541
-779.898254
-612.143799
-2.562082
-781.602051
-607.523132
-2.564659
-783.237305
-602.950684
-2.566823
-784.800720
-598.450012
-2.568193
-786.343201
-593.890381
-2.569163
-787.885071
-589.189026
-2.570383
-789.345703
-584.605835
-2.570187
-790.746521
-580.086243
-2.571808
-792.146118
-575.446472
-2.572677
-793.526550
-570.739563
-2.572813
-794.844421
-566.150696
-2.572698
-796.177673
-561.416565
-2.571910
-797.524963
-556.594604
-2.569302
-798.840027
-551.845154
-2.568857
-800.112793
-547.155334
-2.571190
-801.347534
-542.496094
-2.574288
-802.555786
-537.812988
-2.576708
-803.757935
-533.020264
-2.577701
-804.918579
-528.244263
-2.579997
-806.025513
-523.529419
-2.583060
-807.104370
-518.734314
-2.587501
-808.119385
-513.992249
-2.591433
-809.069458
-509.306793
-2.595003
-809.981689
-504.547180
-2.598797
-810.854431
-499.703705
-2.601190
-811.648071
-494.972626
-2.603698
-812.410278
-490.117157
-2.604846
-813.108154
-485.354492
-2.606960
-813.760376
-480.522675
-2.609586
-814.350525
-475.719086
-2.613009
-814.890137
-470.800964
-2.616518
-815.354309
-465.990204
-2.619961
-815.761292
-461.134857
-2.622725
-816.109924
-456.242157
-2.624875
-816.390930
-451.390991
-2.627515
-816.608643
-446.572601
-2.630557
-816.765808
-441.712585
-2.633927
-816.856506
-436.808350
-2.637787
-816.880310
-431.991638
-2.641800
-816.835938
-427.168579
-2.645991
-816.722290
-422.425171
-2.648942
-816.534424
-417.566284
-2.652083
-816.273743
-412.661560
-2.655957
-815.952881
-407.822754
-2.658386
-815.552368
-402.901215
-2.663191
-815.075500
-398.006226
-2.668973
-814.530457
-393.200714
-2.673508
-813.909424
-388.407715
-2.675888
-813.209961
-383.579193
-2.679855
-812.431030
-378.706573
-2.683555
-811.584351
-373.865143
-2.688165
-810.665283
-369.033630
-2.691603
-809.681702
-364.238190
-2.695334
-808.615906
-359.400024
-2.698916
-807.491028
-354.639130
-2.702331
-806.276672
-349.852997
-2.708690
-804.995300
-345.142090
-2.714047
-803.636292
-340.473358
-2.716707
-802.206909
-335.842773
-2.719708
-800.698792
-331.220062
-2.724473
-799.118958
-326.624817
-2.728030
-797.440613
-321.981018
-2.731887
-795.689880
-317.378052
-2.736683
-793.887329
-312.869080
-2.740799
-791.991394
-308.345245
-2.744457
-790.035950
-303.889679
-2.747405
-787.968445
-299.387604
-2.750259
-785.821838
-294.904541
-2.753435
-783.600586
-290.450623
-2.757192
-781.329468
-286.073547
-2.760638
-778.987610
-281.733887
-2.764192
-776.560120
-277.415253
-2.768445
-774.098083
-273.210724
-2.771840
-771.560669
-269.047485
-2.776523
-768.965759
-264.966309
-2.781557
-766.283020
-260.902954
-2.784350
-763.477417
-256.803925
-2.788971
-760.601807
-252.753738
-2.792398
-757.663574
-248.756851
-2.796139
-754.619385
-244.765778
-2.801445
-751.590637
-240.936737
-2.805717
-748.467590
-237.137497
-2.810373
-745.219971
-233.331589
-2.814518
-741.946289
-229.626282
-2.817547
-738.652588
-226.013687
-2.820192
-735.251953
-222.406509
-2.824586
-731.851257
-218.917267
-2.827112
-728.426147
-215.512009
-2.829859
-724.920898
-212.141968
-2.833513
-721.368530
-208.840759
-2.837317
-717.720947
-205.556488
-2.839512
-714.042175
-202.356766
-2.843021
-710.335083
-199.245529
-2.846816
-706.505615
-196.149139
-2.851133
-702.580444
-193.094437
-2.856331
-698.673523
-190.161362
-2.858355
-694.658813
-187.258682
-2.864388
-690.629089
-184.456436
-2.868710
-686.610657
-181.759354
-2.871907
-682.459290
-179.079849
-2.876468
-678.269043
-176.480118
-2.879879
-674.040527
-173.955780
-2.883211
-669.744202
-171.488998
-2.886740
-665.425232
-169.109131
-2.890393
-661.096436
-166.823288
-2.895025
-656.675842
-164.586960
-2.899574
-652.294922
-162.461853
-2.903477
-647.905029
-160.416794
-2.908148
-643.525146
-158.460083
-2.911448
-639.142395
-156.575134
-2.914751
-634.670105
-154.725616
-2.917863
-630.071777
-152.899521
-2.920227
-625.580933
-151.176086
-2.922653
-620.949036
-149.455536
-2.926061
-616.382629
-147.812988
-2.928717
-611.788696
-146.209152
-2.930267
-607.242249
-144.668427
-2.932603
-602.627930
-143.155273
-2.936740
-598.005798
-141.687592
-2.939463
-593.337646
-140.246643
-2.941923
-588.683960
-138.848022
-2.942425
-584.001892
-137.475464
-2.942135
-579.357971
-136.148117
-2.944099
-574.591003
-134.822845
-2.946290
-569.982056
-133.577286
-2.949028
-565.232361
-132.326218
-2.949709
-560.454407
-131.105606
-2.952096
-555.806274
-129.945618
-2.953727
-551.054626
-128.781860
-2.955542
-546.355530
-127.651344
-2.955343
-541.554932
-126.522919
-2.957235
-536.678345
-125.403694
-2.957984
-532.022461
-124.361664
-2.959571
-527.239563
-123.318306
-2.961118
-522.439087
-122.294334
-2.961195
-517.747437
-121.309250
-2.961839
-513.040100
-120.335030
-2.962146
-508.355164
-119.382164
-2.961454
-503.599396
-118.432571
-2.961422
-498.900970
-117.513641
-2.962212
-494.292450
-116.629631
-2.964480
-489.527222
-115.729073
-2.963580
-484.782379
-114.843796
-2.963758
-480.084503
-113.974480
-2.963782
-475.191406
-113.081123
-2.963926
-470.463348
-112.231369
-2.965100
-465.677887
-111.386887
-2.965730
-460.942261
-110.560997
-2.967076
-456.118134
-109.728676
-2.966112
-451.289764
-108.901550
-2.966294
-446.501465
-108.092369
-2.968461
-441.704956
-107.293015
-2.968406
-436.935333
-106.511353
-2.970645
-432.105713
-105.731804
-2.970018
-427.333191
-104.968002
-2.969595
-422.653961
-104.221588
-2.970208
-417.773407
-103.449730
-2.970087
-413.027985
-102.703064
-2.969676
-408.179199
-101.939499
-2.968235
-403.329559
-101.181175
-2.969212
-398.533569
-100.440224
-2.970149
-393.798004
-99.715355
-2.972529
-389.052216
-98.992661
-2.972465
-384.296204
-98.271599
-2.972454
-379.468933
-97.540642
-2.970952
-374.656860
-96.817917
-2.971979
-369.869415
-96.108040
-2.973098
-365.035706
-95.397888
-2.973178
-360.243713
-94.696220
-2.973551
-355.392120
-93.995415
-2.972379
-350.533295
-93.298424
-2.973507
-345.608917
-92.597908
-2.975356
-340.710205
-91.902840
-2.974885
0.000000
0.000000
0.000000
0.000000
0.000000
0.000000
0.000000
0.000000
0.000000
0.000000
0.000000
0.000000
0.000000
0.000000
0.000000
0.000000
0.000000
0.000000
0.000000
0.000000
0.000000
0.000000
0.000000
0.000000
0.000000
0.000000
0.000000
0.000000
0.000000
0.000000
0.000000
0.000000
0.000000
0.000000
0.000000
0.000000
0.000000
0.000000
0.000000
0.000000
0.000000
0.000000
0.000000
0.000000
0.000000
0.000000
0.000000
0.000000
0.000000
0.000000
0.000000
0.000000
0.000000
0.000000
0.000000
0.000000
0.000000
0.000000
0.000000
0.000000
0.000000
0.000000
0.000000
0.000000
0.000000
0.000000
0.000000
0.000000
0.000000
0.000000
0.000000
0.000000
0.000000
0.000000
0.000000
0.000000
0.000000
0.000000
0.000000
0.000000
0.000000
0.000000
0.000000
0.000000
0.000000
0.000000
0.000000
0.000000
0.000000
0.000000
0.000000
0.000000
0.000000
0.000000
0.000000
0.000000
0.000000
0.000000
0.000000
0.000000
0.000000
0.000000
0.000000
0.000000
0.000000
0.000000
0.000000
0.000000
0.000000
0.000000
0.000000
0.000000
0.000000
0.000000
0.000000
0.000000
0.000000
0.000000
0.000000
0.000000
0.000000
0.000000
0.000000
0.000000
0.000000
0.000000
0.000000
0.000000
0.000000
0.000000
0.000000
0.000000
0.000000
0.000000
0.000000
0.000000
0.000000
0.000000
0.000000
0.000000
0.000000
0.000000
0.000000
0.000000
0.000000
0.000000
0.000000
0.000000
0.000000
0.000000
0.000000
0.000000
0.000000
0.000000
0.000000
0.000000
0.000000
0.000000
0.000000
0.000000
0.000000
0.000000
0.000000
0.000000
0.000000
0.000000
0.000000
0.000000
0.000000
0.000000
0.000000
0.000000
0.000000
0.000000
0.000000
0.000000
0.000000
0.000000
0.000000
0.000000
0.000000
0.000000
0.000000
0.000000
0.000000
0.000000
0.000000
0.000000
0.000000
0.000000
0.000000
0.000000
0.000000
0.000000
0.000000
0.000000
0.000000
0.000000
0.000000
0.000000
0.000000
0.000000
0.000000
0.000000
0.000000
0.000000
0.000000
0.000000
0.000000
0.000000
0.000000
0.000000
0.000000
0.000000
0.000000
0.000000
0.000000
0.000000
0.000000
0.000000
0.000000
0.000000
0.000000
0.000000
0.000000
0.000000
0.000000
0.000000
0.000000
0.000000
0.000000
0.000000
0.000000
0.000000
0.000000
0.000000
0.000000
0.000000
0.000000
0.000000
0.000000
0.000000
0.000000
0.000000
0.000000
0.000000
0.000000
0.000000
0.000000
0.000000
0.000000
0.000000
0.000000
0.000000
0.000000
0.000000
0.000000
0.000000
0.000000
0.000000
0.000000
0.000000
0.000000
0.000000
0.000000
0.000000
0.000000
0.000000
0.000000
0.000000
0.000000
0.000000
0.000000
0.000000
0.000000
0.000000
0.000000
0.000000
0.000000
0.000000
0.000000
0.000000
0.000000
0.000000
0.000000
0.000000
0.000000
0.000000
0.000000
0.000000
0.000000
0.000000
0.000000
0.000000
0.000000
0.000000
0.000000
0.000000
0.000000
0.000000
0.000000
0.000000
0.000000
0.000000
0.000000
0.000000
0.000000
0.000000
0.000000
0.000000
0.000000
0.000000
0.000000
0.000000
0.000000
0.000000
0.000000
0.000000
0.000000
0.000000
0.000000
0.000000
0.000000
0.000000
0.000000
0.000000
0.000000
0.000000
0.000000
0.000000
0.000000
0.000000
0.000000
0.000000
0.000000
0.000000
0.000000
0.000000
0.000000
0.000000
0.000000
0.000000
0.000000
0.000000
0.000000
0.000000
0.000000
0.000000
0.000000
0.000000
0.000000
0.000000
0.000000
0.000000
0.000000
0.000000
0.000000
0.000000
0.000000
0.000000
0.000000
0.000000
0.000000
0.000000
0.000000
0.000000
0.000000
0.000000
0.000000
0.000000
0.000000
0.000000
0.000000
0.000000
0.000000
0.000000
0.000000
0.000000
0.000000
0.000000
0.000000
0.000000
0.000000
0.000000
0.000000
0.000000
0.000000
0.000000
0.000000
0.000000
0.000000
0.000000
0.000000
0.000000
0.000000
0.000000
0.000000
0.000000
0.000000
0.000000
0.000000
0.000000
0.000000
0.000000
0.000000
0.000000
0.000000
0.000000
0.000000
0.000000
0.000000
0.000000
0.000000
0.000000
0.000000
0.000000
0.000000
0.000000
0.000000
0.000000
0.000000
0.000000
0.000000
0.000000
0.000000
0.000000
0.000000
0.000000
0.000000
0.000000
0.000000
0.000000
0.000000
0.000000
0.000000
0.000000
0.000000
0.000000
0.000000
0.000000
0.000000
0.000000
0.000000
0.000000
0.000000
0.000000
0.000000
0.000000
0.000000
0.000000
0.000000
0.000000
0.000000
0.000000
0.000000
0.000000
0.000000
0.000000
0.000000
0.000000
0.000000
0.000000
0.000000
0.000000
0.000000
0.000000
0.000000
0.000000
0.000000
0.000000
0.000000
0.000000
0.000000
0.000000
0.000000
0.000000
0.000000
0.000000
0.000000
0.000000
0.000000
0.000000
0.000000
0.000000
0.000000
0.000000
0.000000
0.000000
0.000000
0.000000
0.000000
0.000000
0.000000
0.000000
0.000000
0.000000
0.000000
0.000000
0.000000
0.000000
0.000000
0.000000
0.000000
0.000000
0.000000
0.000000
0.000000
0.000000
0.000000
0.000000
0.000000
0.000000
0.000000
0.000000
0.000000
0.000000
0.000000
0.000000
0.000000
0.000000
0.000000
0.000000
0.000000
0.000000
0.000000
0.000000
0.000000
0.000000
0.000000
0.000000
0.000000
0.000000
0.000000
0.000000
0.000000
0.000000
0.000000
0.000000
0.000000
0.000000
0.000000
0.000000
0.000000
0.000000
0.000000
0.000000
0.000000
0.000000
0.000000
0.000000
0.000000
0.000000
0.000000
0.000000
0.000000
0.000000
0.000000
0.000000
0.000000
0.000000
0.000000
0.000000
0.000000
0.000000
0.000000
0.000000
0.000000
0.000000
0.000000
0.000000
0.000000
0.000000
0.000000
0.000000
0.000000
0.000000
0.000000
0.000000
0.000000
0.000000
0.000000
0.000000
0.000000
0.000000
0.000000
0.000000
0.000000
0.000000
0.000000
0.000000
0.000000
0.000000
0.000000
0.000000
0.000000
0.000000
0.000000
