2.400000
2.484715
2.570058
2.655793
2.740717
2.826793
2.911953
2.998684
3.082691
3.167511
3.252644
3.336207
3.422833
3.507993
3.592367
3.676872
3.761666
3.846956
3.933347
4.018480
4.102880
4.188250
4.272572
4.357391
4.442184
4.527318
4.614415
4.698501
4.783268
4.867223
4.951310
5.035998
5.122729
5.207731
5.291530
5.376270
5.461037
5.545228
5.629236
5.714815
5.999998
5.999998
5.999998
5.999998
5.999998
5.999998
5.999998
5.999998
5.999998
5.999998
5.999998
5.999998
5.999998
5.999998
5.999998
5.999998
5.999998
5.999998
5.999998
5.999998
5.999998
5.999998
5.999998
5.999998
5.999998
5.999998
5.999998
5.999998
5.999998
5.999998
5.999998
5.999998
5.999998
5.999998
5.999998
5.999998
5.999998
5.999998
5.999998
5.999998
5.999998
5.999998
5.999998
5.999998
5.999998
5.999998
5.999998
5.999998
5.999998
5.999998
5.999998
5.999998
5.999998
5.999998
5.999998
5.999998
5.999998
5.999998
5.999998
5.999998
5.999998
5.999998
5.999998
5.999998
5.999998
5.999998
5.999998
5.999998
5.999998
5.999998
5.999998
5.999998
5.999998
5.999998
5.999998
5.999998
5.999998
5.999998
5.999998
5.999998
5.999998
5.999998
5.999998
5.999998
5.999998
5.999998
5.999998
5.999998
5.999998
5.999998
5.999998
5.999998
5.999998
5.999998
5.999998
5.999998
5.999998
5.999998
5.999998
5.999998
5.999998
5.999998
5.999998
5.999998
5.999998
5.999998
5.999998
5.999998
5.999998
5.999998
5.999998
5.999998
5.999998
5.999998
5.999998
5.999998
5.999998
5.999998
5.999998
5.999998
5.999998
5.999998
5.999998
5.999998
5.999998
5.999998
5.999998
5.999998
5.999998
5.999998
5.999998
5.999998
5.999998
5.999998
5.999998
5.999998
5.999998
5.999998
5.999998
5.999998
5.999998
5.999998
5.999998
5.999998
5.999998
5.999998
5.999998
5.999998
5.999998
5.999998
5.999998
5.999998
5.999998
5.999998
5.999998
5.999998
5.999998
5.999998
5.999998
5.999998
5.999998
5.999998
5.999998
5.999998
5.999998
5.999998
5.999998
5.999998
5.999998
5.999998
5.999998
5.999998
5.999998
5.999998
5.999998
5.999998
5.999998
5.999998
5.999998
5.999998
5.999998
5.999998
5.999998
5.999998
5.999998
5.999998
5.999998
5.999998
5.999998
5.999998
5.999998
5.999998
5.999998
5.999998
5.999998
5.999998
5.999998
5.999998
5.999998
5.999998
5.999998
5.999998
5.999998
5.999998
5.999998
5.999998
5.999998
5.999998
5.999998
5.999998
5.999998
5.999998
5.999998
5.999998
5.999998
5.999998
5.840372
5.814610
5.788636
5.762392
5.736238
5.709584
5.682939
5.656613
5.630172
5.604092
5.577856
5.551710
5.524860
5.497929
5.471586
5.445555
5.419081
5.392771
5.366502
5.340045
5.313335
5.286935
5.260617
5.234463
5.208128
5.181696
5.155599
5.128839
5.102530
5.075942
5.049534
5.023265
4.997021
4.970777
4.943812
4.917470
4.891258
4.864989
4.838549
4.812313
4.785807
4.759063
4.732958
4.706525
4.680085
4.653824
4.627498
4.601073
4.574347
4.548053
4.521760
4.495418
4.469296
4.442995
4.416603
4.389999
4.363411
4.337232
4.310955
4.284629
4.257869
4.231396
4.204808
4.178596
4.151943
4.125633
4.099380
4.073333
4.046851
4.019871
3.993823
3.967480
3.941089
3.914763
3.888977
3.862585
3.835678
3.809458
3.783075
3.756961
3.730799
3.704563
3.678130
3.651305
3.625208
3.598727
3.572441
3.546173
3.519797
3.493258
3.466335
3.440075
3.413503
3.387324
3.361276
3.334983
3.308722
3.282200
3.255809
3.229753
3.203525
3.177035
3.150831
3.124514
3.097999
3.071608
3.045241
3.019185
2.992540
2.966336
2.939920
2.913226
2.886924
2.860778
2.834370
2.807782
2.781522
2.755130
2.728248
2.702118
2.675571
2.649384
2.623132
2.596724
2.570168
2.543613
2.517034
2.490667
2.464382
2.438088
2.411852
2.385109
2.358407
2.332064
2.305370
2.279052
2.252824
2.226482
2.200000
2.200000
2.200000
2.200000
2.400000
2.400000
2.400000
2.400000
2.400000
2.400000
2.400000
2.400000
2.400000
2.400000
2.400000
2.400000
2.400000
2.400000
2.400000
2.400000
2.400000
2.400000
2.400000
2.400000
2.400000
2.400000
2.400000
2.258142
2.229263
2.200000
2.200000
2.200000
2.200000
2.288118
2.370660
2.460034
2.550587
2.646637
2.735802
3.000000
3.000000
3.000000
3.000000
3.300000
3.300000
3.300000
3.300000
3.300000
3.384453
3.469010
3.554641
3.800000
4.000000
4.084793
4.171497
4.257050
4.343466
4.430982
4.516953
4.603500
4.689184
4.776176
4.861754
4.947647
5.035032
5.121082
5.208231
5.294647
5.379676
5.466616
5.552063
5.639056
5.724111
5.999998
5.999998
5.999998
5.999998
5.999998
5.999998
5.999998
5.999998
5.999998
5.999998
5.999998
5.999998
5.999998
5.999998
5.999998
5.999998
5.999998
5.999998
5.999998
5.999998
5.999998
5.999998
5.999998
5.999998
5.999998
5.999998
5.999998
5.999998
5.999998
5.999998
5.999998
5.999998
5.999998
5.999998
5.999998
5.999998
5.999998
5.999998
5.999998
5.999998
5.999998
5.999998
5.999998
5.999998
5.999998
5.999998
5.999998
5.999998
5.999998
5.999998
5.999998
5.999998
5.999998
5.999998
5.999998
5.999998
5.999998
5.999998
5.999998
5.999998
5.999998
5.999998
5.999998
5.999998
5.999998
5.999998
5.999998
5.999998
5.999998
5.999998
5.999998
5.999998
5.999998
5.999998
5.999998
5.999998
5.999998
5.999998
5.999998
5.999998
5.999998
5.999998
5.999998
5.999998
5.999998
5.999998
5.999998
5.999998
5.999998
5.999998
5.999998
5.999998
5.999998
5.999998
5.999998
5.999998
5.999998
5.999998
5.999998
5.999998
5.999998
5.999998
5.999998
5.999998
5.999998
5.999998
5.999998
5.999998
5.999998
5.999998
5.999998
5.999998
5.999998
5.999998
5.999998
5.999998
5.999998
5.999998
5.999998
5.999998
5.999998
5.999998
5.999998
5.999998
5.999998
5.999998
5.999998
5.999998
5.999998
5.999998
5.999998
5.999998
5.999998
5.999998
5.999998
5.999998
5.999998
5.999998
5.999998
5.999998
5.999998
5.999998
5.999998
5.999998
5.999998
5.999998
5.999998
5.999998
5.999998
5.999998
5.999998
5.999998
5.999998
5.999998
5.999998
5.999998
5.999998
5.999998
5.999998
5.999998
5.999998
5.999998
5.999998
5.999998
5.999998
5.999998
5.999998
5.999998
5.999998
5.999998
5.999998
5.999998
5.999998
5.999998
5.999998
5.999998
5.999998
5.999998
5.999998
5.999998
5.999998
5.999998
5.999998
5.999998
5.999998
5.999998
5.999998
5.999998
5.999998
5.999998
5.999998
5.999998
5.999998
5.999998
5.999998
5.999998
5.999998
5.999998
5.999998
5.999998
5.999998
5.999998
5.999998
5.999998
5.999998
5.999998
5.999998
5.999998
5.999998
5.999998
5.999998
5.999998
5.999998
5.999998
5.999998
5.999998
5.999998
5.999998
5.999998
5.999998
5.999998
5.999998
5.858449
5.832434
5.806108
5.779594
5.753554
5.727040
5.700526
5.674225
5.648095
5.621802
5.595533
5.569272
5.542652
5.516514
5.489991
5.463698
5.437094
5.410604
5.384441
5.357788
5.331372
5.304890
5.278752
5.252238
5.225798
5.199455
5.173031
5.146386
5.120051
5.093758
5.067301
5.041081
5.014559
4.988118
4.962136
4.935564
4.909017
4.882413
4.856226
4.830178
4.803557
4.777027
4.750562
4.724293
4.697836
4.671436
4.645266
4.618620
4.592188
4.565870
4.539503
4.513144
4.486785
4.460451
4.433888
4.407079
4.380769
4.354549
4.327961
4.301840
4.275415
4.248697
4.222436
4.195905
4.169547
4.143343
4.117206
4.090912
4.064316
4.037687
4.011737
3.985419
3.958872
3.932759
3.906122
3.879698
3.853388
3.826898
3.800556
3.774058
3.747928
3.721610
3.695186
3.668402
3.641863
3.615889
3.589775
3.563531
3.537148
3.510609
3.484013
3.457932
3.431499
3.405255
3.379232
3.352873
3.326342
3.300000
3.300000
3.300000
3.300000
3.300000
3.300000
3.300000
3.300000
3.300000
3.384741
3.469874
3.552207
3.642910
3.616118
3.589563
3.562852
3.536992
3.510511
3.484283
3.457859
3.431115
3.404699
3.378169
3.352022
3.325696
3.300000
3.300000
3.300000
3.300000
3.158055
3.131778
3.105386
3.079216
3.052955
3.026465
3.000000
3.000000
3.000000
3.000000
3.000000
3.000000
3.084976
3.300000
3.383746
3.468408
3.553201
3.638309
3.721950
3.906008
3.879764
3.853724
3.826776
3.800000
3.800000
3.800000
3.800000
3.800000
3.800000
3.800000
3.800000
3.800000
3.884374
3.968251
4.052416
4.136529
4.221584
4.306037
4.391930
4.475414
4.560914
4.644660
4.729191
4.814063
4.898385
4.982864
5.067160
5.151403
5.236563
5.320780
5.541400
5.515164
5.488699
5.462340
5.436006
5.409524
5.382928
5.356946
5.330604
5.304531
5.278336
5.251953
5.225283
5.198802
5.172345
5.146231
5.119717
5.093505
5.067008
5.040755
5.014233
4.987964
4.961539
4.935221
4.909067
4.882553
4.855834
4.829500
4.803141
4.777077
4.750660
4.724179
4.697738
4.671355
4.644938
4.618367
4.592245
4.566025
4.539732
4.513185
4.486973
4.460304
4.434141
4.407897
4.381481
4.355506
4.328812
4.302486
4.276193
4.249793
4.223541
4.197231
4.171068
4.144374
4.117933
4.091705
4.065428
4.039045
4.012760
3.986008
3.959576
3.933258
3.907047
3.880459
3.854198
3.827872
3.801677
3.775056
3.748435
3.722265
3.695816
3.669580
3.643229
3.616788
3.590111
3.563694
3.537401
3.511059
3.484782
3.458341
3.431958
3.405468
3.379404
3.352783
3.326179
3.300000
3.300000
3.300000
3.300000
3.300000
3.300000
3.300000
3.159650
3.133447
3.105787
3.078937
3.051965
3.025786
3.000000
3.000000
3.000000
3.000000
3.000000
3.000000
3.000000
3.052489
3.026498
3.000000
3.000000
3.000000
3.000000
3.000000
3.000000
3.000000
3.000000
3.000000
3.000000
3.000000
3.000000
3.000000
3.000000
3.000000
3.000000
3.000000
3.000000
3.000000
3.000000
3.000000
3.000000
3.000000
3.000000
3.000000
3.000000
3.000000
3.000000
3.000000
3.000000
3.000000
3.000000
3.000000
3.000000
3.000000
3.000000
3.000000
3.000000
3.000000
3.000000
3.000000
3.000000
3.000000
3.000000
3.000000
3.000000
3.000000
3.000000
3.000000
3.000000
3.000000
3.000000
3.000000
3.000000
3.000000
3.000000
3.000000
3.000000
3.000000
3.085107
3.157875
3.131753
3.105885
3.079821
3.053290
3.026482
3.000000
3.000000
3.000000
3.000000
3.000000
3.026809
3.000000
3.000000
3.000000
3.000000
3.000000
3.000000
3.000000
3.000000
3.000000
3.000000
3.000000
3.000000
3.000000
3.000000
3.000000
3.000000
3.000000
3.000000
3.000000
3.000000
3.000000
3.000000
3.000000
3.000000
3.000000
3.000000
3.000000
3.000000
3.000000
3.000000
3.000000
3.000000
3.000000
3.000000
3.000000
3.000000
3.000000
3.000000
3.000000
3.000000
3.000000
3.000000
3.000000
3.000000
3.000000
3.000000
3.000000
3.000000
3.000000
3.000000
3.000000
3.000000
3.000000
3.000000
3.000000
3.000000
3.000000
3.000000
3.000000
3.000000
3.000000
3.000000
3.000000
3.000000
3.000000
3.000000
3.000000
3.000000
3.085029
3.300000
3.300000
3.300000
3.300000
3.300000
3.300000
3.300000
3.300000
3.300000
3.300000
3.300000
3.384531
3.471052
3.556159
3.800000
4.000000
3.932195
3.906253
3.879600
3.852996
3.826547
3.800000
4.000000
4.000000
4.083772
4.167832
4.252730
4.338178
4.421322
4.505697
4.589757
4.674053
4.758506
4.842906
4.929140
5.012310
5.097286
5.180954
5.264674
5.349598
5.434862
5.519551
5.604684
5.689321
5.772307
5.999998
5.999998
5.999998
5.999998
5.999998
5.999998
5.999998
5.999998
5.999998
5.999998
5.999998
5.999998
5.999998
5.999998
5.999998
5.999998
5.999998
5.999998
5.999998
5.999998
5.999998
5.999998
5.999998
5.999998
5.999998
5.999998
5.999998
5.999998
5.999998
5.999998
5.999998
5.999998
5.999998
5.999998
5.999998
5.999998
5.999998
5.999998
5.999998
5.999998
5.999998
5.999998
5.999998
5.999998
5.999998
5.999998
5.999998
5.999998
5.999998
5.999998
5.999998
5.999998
5.999998
5.999998
5.999998
5.999998
5.999998
5.999998
5.999998
5.999998
5.999998
5.999998
5.999998
5.999998
5.999998
5.999998
5.999998
5.999998
5.999998
5.999998
5.999998
5.999998
5.999998
5.999998
5.999998
5.999998
5.999998
5.999998
5.999998
5.999998
5.999998
5.840956
5.814572
5.788116
5.761626
5.735332
5.708606
5.682255
5.656060
5.629840
5.603473
5.577229
5.550436
5.523791
5.497629
5.471434
5.445124
5.418904
5.392430
5.365499
5.338927
5.312757
5.286586
5.260293
5.234065
5.207820
5.180856
5.154276
5.128261
5.101771
5.075453
5.049192
5.022923
4.996303
4.969519
4.943102
4.916973
4.890622
4.864460
4.838150
4.811349
4.784802
4.758705
4.732036
4.705791
4.679792
4.653172
4.626437
4.599914
4.573686
4.547262
4.520903
4.494880
4.468513
4.441515
4.415132
4.388675
4.362447
4.335933
4.309943
4.283510
4.256652
4.230351
4.203959
4.177732
4.151291
4.125341
4.098966
4.072230
4.045585
4.019472
3.993154
3.967106
3.940575
3.914200
3.887408
3.861164
3.834887
3.808536
3.782365
3.755957
3.729418
3.702724
3.676398
3.650186
3.623991
3.597820
3.571764
3.545585
3.518826
3.492385
3.466084
3.439700
3.413497
3.387441
3.361237
3.334576
3.308422
3.281662
3.255279
3.229141
3.202839
3.176644
3.149843
3.123468
3.097379
3.070611
3.044326
3.018008
2.991625
2.965274
2.938506
2.912441
2.886025
2.859585
2.833210
2.807063
2.780344
2.753716
2.727447
2.701325
2.674656
2.648567
2.622191
2.595473
2.569179
2.542820
2.516535
2.490283
2.463940
2.437614
2.411157
2.384847
2.358341
2.332179
2.305681
2.279085
2.252996
2.226277
2.200000
2.200000
2.200000
2.200000
2.200000
2.200000
2.200000
2.200000
2.200000
2.284505
2.369717
2.455662
2.540011
2.623940
2.706639
2.788291
2.874052
2.958819
3.159200
3.132694
3.106155
3.079911
3.053069
3.026645
3.000000
3.000000
3.000000
3.000000
3.000000
3.000000
3.000000
3.000000
3.000000
3.000000
3.000000
3.000000
3.082437
3.300000
3.300000
3.300000
3.384688
3.468173
3.550688
3.800000
3.800000
3.800000
3.800000
3.826261
3.800000
3.800000
4.000000
4.000000
4.084086
4.169744
4.254354
4.338545
4.423862
4.507372
4.591144
4.676513
4.760756
4.844817
4.929715
5.015189
5.099249
5.184042
5.268312
5.352503
5.436668
5.521645
5.607171
5.690629
5.774584
5.999998
5.999998
5.999998
5.999998
5.999998
5.999998
5.999998
5.999998
5.999998
5.999998
5.999998
5.999998
5.999998
5.999998
5.999998
5.999998
5.999998
5.999998
5.999998
5.999998
5.999998
5.999998
5.999998
5.999998
5.999998
5.999998
5.999998
5.999998
5.999998
5.999998
5.999998
5.999998
5.999998
5.999998
5.999998
5.999998
5.999998
5.999998
5.999998
5.999998
5.999998
5.999998
5.999998
5.999998
5.999998
5.999998
5.999998
5.999998
5.999998
5.999998
5.999998
5.999998
5.999998
5.999998
5.999998
5.999998
5.999998
5.999998
5.999998
5.999998
5.999998
5.841257
5.815291
5.788842
5.762270
5.735641
5.708955
5.682834
5.656720
5.630672
5.604501
5.578281
5.551620
5.524951
5.498551
5.472544
5.446234
5.420128
5.393680
5.367321
5.340561
5.314391
5.287778
5.261624
5.235437
5.209307
5.182711
5.156139
5.129928
5.103847
5.077480
5.051268
5.025105
4.998608
4.971921
4.945563
4.919147
4.893025
4.866625
4.840185
4.813941
4.787238
4.760986
4.734578
4.708039
4.681648
4.655485
4.628652
4.601892
4.575623
4.549861
4.523314
4.496669
4.470490
4.443812
4.417094
4.390850
4.364769
4.338197
4.311961
4.285979
4.259645
4.232582
4.206551
4.179946
4.153539
4.127237
4.100993
4.074479
4.047826
4.021745
3.995419
3.969388
3.942947
3.916433
3.890188
3.863469
3.837372
3.810744
3.784606
3.758091
3.731814
3.705014
3.678393
3.652026
3.625937
3.599308
3.572925
3.546288
3.519700
3.493718
3.467547
3.441409
3.415034
3.388634
3.362414
3.335957
3.309607
3.283100
3.256660
3.230816
3.203975
3.177927
3.151200
3.124449
3.098114
3.071674
3.045176
3.018833
2.992425
2.966017
2.939634
2.913619
2.886941
2.860083
2.833757
2.807693
2.781497
2.754819
2.728780
2.702322
2.675702
2.649327
2.623066
2.596445
2.570152
2.543491
2.517230
2.490552
2.464103
2.437908
2.411230
2.384953
2.358799
2.332375
2.305959
2.279616
2.253249
2.226645
2.200000
2.200000
2.200000
2.400000
2.400000
2.400000
2.400000
2.400000
2.400000
2.400000
2.400000
2.400000
2.400000
2.400000
2.400000
2.400000
2.400000
2.400000
2.400000
2.400000
2.400000
2.400000
2.400000
2.400000
2.400000
2.400000
2.400000
2.400000
2.400000
2.252980
2.225394
2.200000
2.200000
2.200000
2.291024
2.381210
2.475532
2.556660
2.636663
2.723733
2.810019
2.902535
2.992852
3.084923
3.174847
3.258855
3.341606
3.424776
3.509779
3.594808
3.680753
3.766305
3.854554
3.942620
4.220238
4.192660
4.165188
4.138061
4.109771
4.082357
4.054698
4.027218
4.000000
4.087097
4.174561
4.262443
4.349906
4.437265
4.524834
4.612794
4.699944
4.786307
4.873456
4.960318
5.047127
5.133857
5.220509
5.306376
5.392923
5.480046
5.565912
5.652276
5.738012
5.999998
5.999998
5.999998
5.999998
5.999998
5.999998
5.999998
5.999998
5.999998
5.999998
5.999998
5.999998
5.999998
5.999998
5.999998
5.999998
5.999998
5.999998
5.999998
5.999998
5.999998
5.999998
5.999998
5.999998
5.999998
5.999998
5.999998
5.999998
5.999998
5.999998
5.999998
5.999998
5.999998
5.999998
5.999998
5.999998
5.999998
5.999998
5.999998
5.999998
5.999998
5.999998
5.999998
5.999998
5.999998
5.999998
5.999998
5.999998
5.999998
5.999998
5.999998
5.999998
5.999998
5.999998
5.999998
5.999998
5.999998
5.999998
5.999998
5.999998
5.999998
5.999998
5.999998
5.999998
5.999998
5.999998
5.999998
5.999998
5.999998
5.999998
5.999998
5.999998
5.999998
5.999998
5.999998
5.999998
5.999998
5.999998
5.999998
5.999998
5.999998
5.999998
5.999998
5.999998
5.999998
5.999998
5.999998
5.999998
5.999998
5.999998
5.999998
5.999998
5.999998
5.999998
5.999998
5.999998
5.999998
5.999998
5.999998
5.999998
5.999998
5.999998
5.999998
5.999998
5.999998
5.999998
5.999998
5.999998
5.999998
5.999998
5.999998
5.999998
5.999998
5.999998
5.999998
5.999998
5.999998
5.999998
5.999998
5.999998
5.999998
5.999998
5.999998
5.999998
5.999998
5.999998
5.999998
5.999998
5.999998
5.999998
5.999998
5.843229
5.816903
5.790544
5.763964
5.737442
5.710813
5.684486
5.658373
5.632112
5.605900
5.579631
5.552806
5.526971
5.500228
5.473689
5.447314
5.421217
5.394956
5.368041
5.341903
5.315512
5.289374
5.263146
5.236599
5.209946
5.183383
5.157138
5.130673
5.104217
5.078226
5.051859
5.025124
4.998282
4.971940
4.945728
4.919181
4.892912
4.866643
4.840480
4.813467
4.786920
4.760610
4.734300
4.707843
4.681378
4.654840
4.628366
4.601713
4.575624
4.549150
4.522604
4.496425
4.469902
4.443077
4.416816
4.390384
4.364181
4.337609
4.311095
4.285022
4.258066
4.231814
4.205553
4.179014
4.152582
4.126239
4.099970
4.073390
4.047056
4.020698
3.994511
3.968225
3.941891
3.915581
3.888511
3.861784
3.835123
3.809099
3.782994
3.756889
3.730636
3.703967
3.677616
3.651560
3.625414
3.599341
3.572835
3.546452
3.519872
3.493562
3.467252
3.440820
3.414600
3.388389
3.361776
3.335254
3.308895
3.282430
3.256153
3.229908
3.203484
3.176994
3.150537
3.124489
3.097820
3.071313
3.044946
3.018620
2.992106
2.965289
2.939413
2.912972
2.886475
2.860320
2.833610
2.806875
2.780467
2.754239
2.728003
2.701538
2.675261
2.649049
2.622576
2.595857
2.569662
2.543475
2.516936
2.490463
2.464177
2.437696
2.411108
2.384700
2.358693
2.332244
2.305754
2.279297
2.252955
2.226514
2.200000
2.284846
2.570258
2.543891
2.517549
2.490871
2.464201
2.437646
2.411484
2.385420
2.359404
2.332505
2.305820
2.279289
2.252374
2.226162
2.200000
2.200000
2.200000
2.200000
2.200000
2.200000
2.200000
2.200000
2.283772
2.516797
2.490152
2.464178
2.437582
2.411272
2.384627
2.358300
2.331393
2.305157
2.279298
2.253331
2.226768
2.200000
2.200000
2.200000
2.200000
2.200000
2.200000
2.200000
2.200000
2.284401
2.542591
2.516388
2.489808
2.463506
2.437344
2.411386
2.385355
2.357998
2.331671
2.305190
2.278398
2.252047
2.225884
2.200000
2.200000
2.200000
2.200000
2.200000
2.200000
2.200000
2.283327
2.543793
2.517173
2.490937
2.464856
2.438407
2.411746
2.385117
2.359331
2.333029
2.306687
2.280377
2.253601
2.226809
2.200000
2.200000
2.200000
2.200000
2.200000
2.200000
2.284270
2.517950
2.491526
2.465110
2.438539
2.412180
2.386091
2.359765
2.333316
2.306548
2.279886
2.253364
2.226637
2.200000
2.200000
2.200000
2.200000
2.200000
2.200000
2.200000
2.200000
2.200000
2.283589
2.517574
2.490773
2.464750
2.438416
2.412065
2.385370
2.358840
2.333250
2.306589
2.280312
2.253716
2.226858
2.200000
2.200000
2.200000
2.200000
2.200000
2.200000
2.200000
2.200000
2.284060
2.515594
2.489546
2.463474
2.437090
2.411157
2.384544
2.357237
2.331082
2.305084
2.278790
2.252014
2.225762
2.200000
2.200000
2.200000
2.200000
2.200000
2.200000
2.200000
2.283851
2.516371
2.490070
2.463335
2.437360
2.410838
2.384512
2.357637
2.331385
2.305460
2.279379
2.253372
2.226891
2.200000
2.200000
2.200000
2.200000
2.200000
2.200000
2.200000
2.200000
2.283929
2.517500
2.491281
2.465044
2.438669
2.412368
2.386303
2.359928
2.333217
2.306924
2.279935
2.253020
2.226228
2.200000
2.200000
2.200000
2.200000
2.200000
2.200000
2.200000
2.200000
2.284819
2.368094
2.451657
2.536241
2.727257
2.700923
2.674442
2.647510
2.621560
2.595635
2.569481
2.543507
2.516952
2.490331
2.463473
2.436656
2.410453
2.384552
2.358365
2.332080
2.305893
2.279232
2.252865
2.226473
2.200000
2.200000
2.200000
2.225876
2.200000
2.200000
2.200000
2.200000
2.200000
2.200000
2.200000
2.200000
2.306245
2.279723
2.253331
2.226449
2.200000
2.200000
2.200000
2.200000
2.200000
2.200000
2.200000
2.200000
2.200000
2.200000
2.200000
2.200000
2.200000
2.200000
2.200000
2.200000
2.200000
2.200000
2.200000
2.200000
2.200000
2.200000
2.200000
2.200000
2.200000
2.200000
2.200000
2.400000
2.400000
2.400000
2.400000
2.400000
2.400000
2.400000
2.400000
2.400000
2.400000
2.400000
2.400000
2.400000
2.400000
2.400000
2.400000
2.400000
2.400000
2.400000
2.252071
2.226269
2.200000
2.200000
2.200000
2.200000
2.200000
2.286207
2.370215
2.453306
2.541188
2.628050
2.720068
3.000000
3.000000
2.904898
2.878940
2.852589
2.825552
2.798105
2.770895
2.743759
2.716705
2.689814
2.662932
2.635526
2.607776
2.580158
2.552784
2.525501
2.498365
2.471376
2.444052
2.416720
2.389592
2.362611
2.335402
2.308667
2.281457
2.254379
2.227087
2.200000
2.200000
2.200000
2.400000
2.400000
2.400000
2.400000
2.400000
2.400000
2.400000
2.400000
2.400000
2.400000
2.400000
2.400000
2.400000
2.400000
2.400000
2.400000
2.400000
2.400000
2.400000
2.400000
2.400000
2.400000
2.400000
2.400000
2.257414
2.228609
2.200000
2.200000
2.200000
2.200000
2.415018
2.388529
2.359895
2.334420
2.306212
2.277481
2.251867
2.226138
2.200000
2.200000
2.200000
2.400000
2.400000
2.400000
2.400000
2.400000
2.400000
2.400000
2.400000
2.400000
2.400000
2.400000
2.400000
2.400000
2.400000
2.400000
2.400000
2.400000
2.400000
2.400000
2.400000
2.254755
2.229378
2.200000
2.226375
2.200000
2.200000
2.294322
2.380765
2.464903
2.548728
2.635249
2.724597
2.817715
2.900519
2.990443
3.070577
3.161444
3.250347
3.342235
3.426871
3.507606
3.594206
3.679758
3.766803
3.852591
3.938353
4.025109
4.116185
4.204957
4.434846
4.407432
4.379854
4.352047
4.323831
4.295844
4.267751
4.240271
4.212808
4.185164
4.157063
4.129223
4.101458
4.074011
4.046883
4.019101
3.991711
3.963994
3.936285
3.908495
3.881588
3.854747
3.827218
3.800000
3.800000
3.800000
4.000000
4.135271
4.108446
4.081759
4.054697
4.027406
4.000000
4.000000
4.000000
3.987514
3.960754
3.933913
3.906793
3.879739
3.853159
3.826563
3.800000
4.000000
4.000000
4.000000
4.000000
4.093162
4.066550
4.039741
4.013153
3.986802
3.959838
3.933332
3.906409
3.879674
3.853078
3.826334
3.800000
3.800000
3.800000
3.800000
3.800000
3.800000
3.800000
4.000000
4.052856
4.026498
4.000000
4.026514
4.000000
3.905910
3.879256
3.852914
3.826441
3.800000
3.800000
3.800000
3.800000
3.852439
3.826563
3.800000
4.000000
3.853217
3.826449
3.800000
3.654316
3.628268
3.602008
3.575461
3.548669
3.521934
3.495223
3.469110
3.442857
3.416793
3.390139
3.363208
3.336644
3.309983
3.284050
3.258100
3.231520
3.204965
3.178148
3.151380
3.124792
3.098965
3.073040
3.046796
3.019970
2.993080
2.966222
2.939839
2.913652
2.887653
2.861294
2.834649
2.807873
2.780671
2.754501
2.728338
2.702421
2.675948
2.649393
2.622568
2.595685
2.569269
2.543336
2.517255
2.491158
2.464423
2.437565
2.410838
2.384774
2.358554
2.332252
2.306294
2.279755
2.252685
2.226392
2.200000
2.200000
2.200000
2.200000
2.200000
2.200000
2.200000
2.200000
2.200000
2.200000
2.200000
2.200000
2.200000
2.200000
2.200000
2.200000
2.200000
2.200000
2.383915
2.357491
2.331213
2.304863
2.279240
2.253151
2.226424
2.200000
2.200000
2.200000
2.200000
2.200000
2.400000
2.400000
2.400000
2.400000
2.400000
2.400000
2.400000
2.400000
2.400000
2.400000
2.400000
2.400000
2.400000
2.400000
2.400000
2.400000
2.400000
2.400000
2.400000
2.400000
2.256489
2.228224
2.200000
2.228347
2.200000
2.363708
2.334314
2.307080
2.280353
2.252914
2.225189
2.200000
2.200000
2.200000
2.200000
2.400000
2.400000
2.400000
2.400000
2.400000
2.400000
2.400000
2.400000
2.400000
2.400000
2.400000
2.400000
2.400000
2.400000
2.400000
2.400000
2.400000
2.400000
2.400000
2.400000
2.400000
2.400000
2.400000
2.400000
2.400000
2.256841
2.228150
2.200000
2.200000
2.370432
2.341824
2.312201
2.284705
2.256955
2.229280
2.200000
2.200000
2.200000
2.400000
2.400000
2.400000
2.400000
2.400000
2.400000
2.400000
2.400000
2.400000
2.400000
2.400000
2.400000
2.400000
2.400000
2.400000
2.400000
2.400000
2.400000
2.400000
2.400000
2.400000
2.400000
2.400000
2.400000
2.400000
2.400000
2.254338
2.225287
2.200000
2.200000
2.226416
2.200000
2.384946
2.359249
2.332162
2.306450
2.278234
2.252693
2.226040
2.200000
2.200000
2.200000
2.200000
2.400000
2.400000
2.400000
2.400000
2.400000
2.400000
2.400000
2.400000
2.400000
2.400000
2.400000
2.400000
2.400000
2.400000
2.400000
2.400000
2.400000
2.400000
2.400000
2.400000
2.400000
2.400000
2.400000
2.400000
2.255785
2.226694
2.200000
2.200000
2.200000
2.287202
2.527980
2.501630
2.472456
2.446621
2.419043
2.390615
2.362849
2.336776
2.310352
2.283028
2.254992
2.227561
2.200000
2.200000
2.200000
2.200000
2.200000
2.200000
2.200000
2.200000
2.200000
2.200000
2.200000
2.200000
2.200000
2.200000
2.200000
2.200000
2.200000
2.200000
2.200000
2.200000
2.200000
2.200000
2.200000
2.200000
2.200000
2.286547
2.372309
2.457757
2.546922
2.634595
2.722817
2.811511
2.899577
2.986543
3.071965
3.300000
3.387228
3.475189
3.563411
3.800000
4.000000
4.086286
4.172781
4.260296
4.346398
4.433076
4.520697
4.608082
4.694184
4.779972
4.866546
4.952726
5.039064
5.125401
5.212917
5.298365
5.384651
5.470098
5.554499
5.640968
5.728614
5.999998
5.999998
5.999998
5.999998
5.999998
5.999998
5.999998
5.999998
5.999998
5.999998
5.999998
5.999998
5.999998
5.999998
5.999998
5.999998
5.999998
5.999998
5.999998
5.999998
5.999998
5.999998
5.999998
5.999998
5.999998
5.999998
5.999998
5.999998
5.999998
5.999998
5.999998
5.999998
5.999998
5.999998
5.999998
5.999998
5.999998
5.999998
5.999998
5.999998
5.999998
5.999998
5.999998
5.999998
5.999998
5.999998
5.999998
5.999998
5.999998
5.999998
5.999998
5.843348
5.817161
5.791194
5.764148
5.738101
5.711758
5.685514
5.659425
5.632608
5.606421
5.579760
5.553123
5.526740
5.500602
5.473957
5.447663
5.421051
5.394054
5.367720
5.341459
5.315280
5.288905
5.262595
5.235917
5.209181
5.182561
5.156358
5.130040
5.103714
5.077576
5.051241
5.024343
4.998139
4.972271
4.945790
4.919546
4.893187
4.866886
4.840020
4.813825
4.787449
4.761115
4.734773
4.708520
4.682129
4.655304
4.629305
4.602864
4.576416
4.550171
4.523755
4.497298
4.470572
4.444409
4.418165
4.391634
4.365144
4.338892
4.312484
4.285708
4.259530
4.233384
4.207221
4.180723
4.154151
4.127915
4.101107
4.074805
4.048487
4.022104
3.995941
3.969869
3.943461
3.916529
3.890596
3.864016
3.837486
3.811307
3.784907
3.758745
3.731797
3.705684
3.679349
3.652876
3.626485
3.599954
3.573710
3.546721
3.520362
3.494020
3.467735
3.440901
3.414829
3.388429
3.362119
3.335311
3.309124
3.283117
3.256750
3.230047
3.203451
3.176708
3.150464
3.124048
3.097713
3.071641
3.045217
3.018457
2.991844
2.965674
2.939397
2.913038
2.886867
2.860500
2.834125
2.807283
2.780728
2.754329
2.728240
2.701914
2.675587
2.649040
2.622379
2.596348
2.570013
2.543311
2.516977
2.490871
2.464341
2.437434
2.411378
2.384962
2.358652
2.332416
2.305894
2.279567
2.253004
2.226498
2.200000
2.200000
2.200000
2.400000
2.400000
2.400000
2.400000
2.400000
2.400000
2.400000
2.400000
2.400000
2.400000
2.251720
2.225917
2.200000
2.200000
2.200000
2.200000
2.305689
2.280336
2.255246
2.227038
2.200000
2.200000
2.200000
2.400000
2.400000
2.400000
2.400000
2.400000
2.400000
2.400000
2.400000
2.400000
2.400000
2.400000
2.400000
2.400000
2.257397
2.228551
2.200000
2.200000
2.200000
2.200000
2.281416
2.362728
2.446290
2.733647
2.705276
2.680062
2.654227
2.628883
2.603563
2.577531
2.551107
2.523701
2.496614
2.469511
2.442850
2.416188
2.389478
2.362407
2.335427
2.307988
2.280508
2.253593
2.226850
2.200000
2.200000
2.200000
2.200000
2.400000
2.400000
2.400000
2.400000
2.400000
2.400000
2.400000
2.400000
2.400000
2.400000
2.250615
2.225336
2.200000
2.200000
2.200000
2.282306
2.362649
2.448777
2.538780
2.631270
2.719859
2.810542
3.050852
3.025631
3.000000
3.000000
3.085107
3.169272
3.455398
3.429203
3.402705
3.375700
3.348564
3.321190
3.294398
3.267851
3.241361
3.214684
3.187188
3.159544
3.132449
3.105608
3.079045
3.052555
3.025942
2.998839
2.971834
2.944559
2.917783
2.891432
2.864861
2.838003
2.810155
2.783305
2.756726
2.730637
2.704024
2.678042
2.651757
2.625259
2.598376
2.571715
2.545209
2.518506
2.492139
2.465699
2.439160
2.412114
2.385501
2.359184
2.332637
2.306376
2.279976
2.253315
2.226416
2.200000
2.200000
2.200000
2.200000
2.400000
2.400000
2.400000
2.400000
2.400000
2.400000
2.400000
2.400000
2.400000
2.400000
2.400000
2.400000
2.400000
2.400000
2.400000
2.400000
2.400000
2.400000
2.400000
2.400000
2.400000
2.400000
2.400000
2.400000
2.256735
2.228371
2.200000
2.200000
2.280160
2.363277
2.447757
2.532864
2.623652
2.716770
2.805673
2.895519
2.983951
3.077855
3.300000
3.300000
3.300000
3.391678
3.472832
3.557076
3.826401
3.799731
3.772931
3.745770
3.718601
3.690672
3.662579
3.634363
3.607194
3.580868
3.553797
3.525958
3.498012
3.469559
3.441580
3.414076
3.386531
3.359117
3.331285
3.303814
3.275909
3.248749
3.220786
3.193078
3.165843
3.138822
3.111833
3.085008
3.058388
3.032061
3.005244
2.977912
2.951210
2.924499
2.897437
2.870808
2.843893
2.816667
2.789547
2.762624
2.735398
2.708303
2.681674
2.655168
2.628417
2.601575
2.574349
2.547156
2.520118
2.493637
2.467294
2.440665
2.413636
2.386761
2.359953
2.332776
2.306548
2.280394
2.253830
2.226997
2.200000
2.200000
2.200000
2.200000
2.400000
2.400000
2.400000
2.400000
2.400000
2.400000
2.400000
2.400000
2.400000
2.400000
2.400000
2.400000
2.400000
2.400000
2.400000
2.400000
2.400000
2.400000
2.400000
2.400000
2.400000
2.400000
2.400000
2.255655
2.228388
2.200000
2.200000
2.200000
2.200000
2.280500
2.369953
2.463647
2.546163
2.639726
2.724990
3.000000
3.000000
3.000000
3.083798
3.300000
3.300000
3.300000
3.388877
3.475791
3.762541
3.735470
3.707639
3.679865
3.652533
3.625037
3.597394
3.570061
3.542418
3.515306
3.487802
3.460364
3.433048
3.405404
3.378195
3.351247
3.323923
3.296926
3.269757
3.242613
3.215256
3.188137
3.161393
3.134282
3.107137
3.080672
3.053471
3.026564
2.999518
2.972497
2.945246
2.918846
2.891768
2.864738
2.838003
2.811071
2.784770
2.757977
2.731488
2.704982
2.678312
2.651626
2.625136
2.598557
2.571494
2.545201
2.518523
2.492050
2.465470
2.438694
2.412204
2.385616
2.359176
2.332882
2.306442
2.279690
2.252939
2.226637
2.200000
2.200000
2.200000
2.200000
2.400000
2.400000
2.400000
2.400000
2.400000
2.400000
2.400000
2.400000
2.400000
2.400000
2.400000
2.400000
2.400000
2.400000
2.400000
2.400000
2.400000
2.400000
2.400000
2.400000
2.400000
2.400000
2.400000
2.254452
2.228862
2.200000
2.226212
2.200000
2.200000
2.282254
2.372152
2.456631
2.537916
2.629725
2.719440
2.812087
3.000000
3.000000
3.000000
3.000000
3.000000
3.084322
3.351163
3.326122
3.300000
3.383589
3.474482
3.736239
3.709635
3.683350
3.656369
3.628881
3.600854
3.573440
3.546451
3.519405
3.492342
3.464789
3.437228
3.409666
3.382416
3.354936
3.327825
3.300672
3.273242
3.245721
3.218152
3.191188
3.164264
3.137537
3.110442
3.083159
3.055917
3.028462
3.001751
2.975212
2.948273
2.921415
2.894336
2.867298
2.840326
2.813681
2.786839
2.760342
2.733435
2.706495
2.679236
2.652673
2.626249
2.599669
2.573016
2.546175
2.519006
2.491812
2.465446
2.438719
2.412924
2.386410
2.359454
2.332752
2.305108
2.278954
2.252603
2.226253
2.200000
2.200000
2.200000
2.200000
2.400000
2.400000
2.400000
2.400000
2.400000
2.400000
2.400000
2.400000
2.400000
2.400000
2.400000
2.400000
2.400000
2.400000
2.400000
2.400000
2.400000
2.400000
2.400000
2.400000
2.400000
2.400000
2.400000
2.254468
2.229067
2.200000
2.200000
2.293746
2.381603
2.473412
2.561032
2.645564
2.736247
3.000000
3.000000
3.000000
3.000000
3.000000
3.084662
3.300000
3.300000
3.300000
3.387018
3.474796
3.562390
3.738236
3.710953
3.683498
3.655331
3.627409
3.599783
3.572344
3.545085
3.517761
3.490232
3.462352
3.434439
3.407123
3.379987
3.353023
3.325764
3.298481
3.270903
3.243317
3.216614
3.189683
3.162465
3.135812
3.108463
3.080926
3.053790
3.026981
3.000222
2.973593
2.947005
2.920278
2.893199
2.866391
2.839394
2.812741
2.786234
2.759696
2.732993
2.705832
2.678934
2.652387
2.626020
2.599325
2.572566
2.545552
2.518948
2.492352
2.465724
2.439258
2.412556
2.386173
2.359405
2.332498
2.306041
2.279641
2.253061
2.226784
2.200000
2.200000
2.200000
2.400000
2.400000
2.400000
2.400000
2.400000
2.400000
2.400000
2.400000
2.400000
2.400000
2.400000
2.400000
2.400000
2.400000
2.400000
2.400000
2.400000
2.400000
2.400000
2.400000
2.400000
2.400000
2.400000
2.400000
2.400000
2.254468
2.228805
2.200000
2.200000
2.200000
2.284244
2.374822
2.466684
2.553283
2.647292
2.729781
3.000000
3.000000
3.000000
3.000000
3.091704
3.326277
3.300000
3.300000
3.383772
3.470084
3.729696
3.703132
3.675972
3.648525
3.621266
3.593705
3.567428
3.540316
3.513286
3.486355
3.459039
3.431469
3.404497
3.377451
3.350470
3.323285
3.296354
3.268841
3.241664
3.214512
3.187515
3.160837
3.134192
3.107228
3.080452
3.052784
3.026450
2.999609
2.972751
2.945836
2.919035
2.892472
2.865286
2.838649
2.812045
2.785244
2.758640
2.732167
2.705268
2.678558
2.652011
2.625619
2.598663
2.572165
2.545545
2.518867
2.492091
2.465658
2.439168
2.412450
2.386025
2.359200
2.332130
2.305607
2.279118
2.252865
2.226383
2.200000
2.200000
2.200000
2.400000
2.400000
2.400000
2.400000
2.400000
2.400000
2.400000
2.400000
2.400000
2.400000
2.400000
2.400000
2.400000
2.400000
2.400000
2.400000
2.400000
2.400000
2.400000
2.400000
2.400000
2.400000
2.400000
2.400000
2.257675
2.228502
2.200000
2.200000
2.200000
2.200000
2.295265
2.379403
2.463804
2.545089
2.625301
2.706613
2.786903
2.867848
3.108225
3.081490
3.053266
3.025688
3.000000
3.000000
3.000000
3.082594
3.300000
3.300000
3.384662
3.469089
3.688545
3.661237
3.633676
3.606924
3.579461
3.552014
3.524338
3.496245
3.468152
3.440484
3.413201
3.386261
3.358724
3.331179
3.303413
3.275582
3.248323
3.221580
3.194117
3.166752
3.139190
3.111228
3.084190
3.057455
3.030393
3.003510
2.975982
2.948649
2.921800
2.895277
2.868305
2.841979
2.815072
2.788206
2.760898
2.733901
2.707133
2.680889
2.654031
2.627713
2.600544
2.573277
2.546068
2.519415
2.492958
2.466672
2.440175
2.413448
2.386410
2.359446
2.333013
2.306442
2.279968
2.253577
2.226989
2.200000
2.200000
2.200000
2.400000
2.400000
2.400000
2.400000
2.400000
2.400000
2.400000
2.400000
2.400000
2.400000
2.400000
2.400000
2.400000
2.400000
2.400000
2.400000
2.400000
2.400000
2.400000
2.400000
2.400000
2.400000
2.400000
2.400000
2.400000
2.251090
2.225770
2.200000
2.200000
2.200000
2.284008
2.366707
2.449851
2.537707
2.622474
2.713602
2.794914
2.878974
2.964840
3.051152
3.300000
3.353127
3.326940
3.300000
3.386207
3.470895
3.555532
3.736511
3.709374
3.681682
3.654170
3.626592
3.599554
3.572132
3.544775
3.517221
3.488981
3.461624
3.434783
3.407524
3.380388
3.352900
3.325854
3.298399
3.271214
3.244127
3.217515
3.190616
3.163365
3.136368
3.109101
3.082276
3.055754
3.028765
3.001973
2.974689
2.947684
2.920516
2.893903
2.867160
2.840694
2.814131
2.787044
2.760145
2.733083
2.706634
2.680562
2.654195
2.627435
2.600414
2.573474
2.546134
2.519717
2.493416
2.467057
2.440575
2.413595
2.386549
2.359503
2.333119
2.307047
2.280835
2.254174
2.227349
2.200000
2.200000
2.200000
2.400000
2.400000
2.400000
2.400000
2.400000
2.400000
2.400000
2.400000
2.400000
2.400000
2.400000
2.400000
2.400000
2.400000
2.400000
2.400000
2.400000
2.400000
2.400000
2.400000
2.400000
2.400000
2.400000
2.400000
2.252963
2.227921
2.200000
2.200000
2.200000
2.280735
2.362099
2.454903
2.540194
2.625013
2.718314
3.000000
3.000000
3.000000
3.000000
3.081756
3.300000
3.300000
3.300000
3.300000
3.386783
3.472702
3.736960
3.709374
3.681739
3.654014
3.626657
3.599325
3.572451
3.545053
3.517181
3.489284
3.461976
3.434537
3.407418
3.380511
3.353285
3.325445
3.298154
3.271001
3.243890
3.216827
3.189904
3.162948
3.135518
3.108414
3.081344
3.054641
3.027874
3.001024
2.973855
2.946662
2.919910
2.892921
2.866358
2.839680
2.812790
2.786267
2.759115
2.732527
2.705784
2.679147
2.652780
2.625979
2.599358
2.572001
2.545463
2.519161
2.492737
2.466084
2.439340
2.412793
2.385575
2.359372
2.332833
2.306343
2.280263
2.253716
2.227021
2.200000
2.200000
2.200000
2.200000
2.400000
2.400000
2.400000
2.400000
2.400000
2.400000
2.400000
2.400000
2.400000
2.251867
2.226114
2.200000
2.200000
2.200000
2.200000
2.284872
2.377597
2.460296
2.542027
2.627213
2.718184
3.000000
3.000000
3.000000
3.000000
3.000000
3.082071
3.300000
3.300000
3.300000
3.384034
3.470372
3.556840
3.642471
3.727605
3.811168
3.894992
3.980466
4.066385
4.153194
4.239689
4.325032
4.409092
4.493571
4.580119
4.666954
4.752899
4.838295
4.923637
5.007410
5.092386
5.178226
5.264015
5.349672
5.435853
5.520593
5.604836
5.690075
5.775680
5.999998
5.999998
5.999998
5.999998
5.999998
5.999998
5.999998
5.999998
5.999998
5.999998
5.999998
5.999998
5.999998
5.999998
5.999998
5.999998
5.999998
5.999998
5.999998
5.999998
5.999998
5.999998
5.999998
5.999998
5.999998
5.999998
5.999998
5.999998
5.999998
5.999998
5.999998
5.999998
5.999998
5.999998
5.999998
5.999998
5.999998
5.999998
5.999998
5.999998
5.999998
5.999998
5.999998
5.999998
5.999998
5.999998
5.999998
5.999998
5.999998
5.999998
5.999998
5.999998
5.999998
5.999998
5.999998
5.999998
5.999998
5.999998
5.999998
5.999998
5.999998
5.999998
5.999998
5.999998
5.999998
5.999998
5.999998
5.999998
5.999998
5.999998
5.999998
5.999998
5.999998
5.999998
5.999998
5.999998
5.999998
5.999998
5.999998
5.999998
5.999998
5.999998
5.999998
5.999998
5.999998
5.999998
5.999998
5.999998
5.999998
5.999998
5.999998
5.999998
5.999998
5.999998
5.999998
5.999998
5.999998
5.999998
5.999998
5.999998
5.999998
5.999998
5.999998
5.999998
5.999998
5.999998
5.999998
5.999998
5.999998
5.999998
5.999998
5.999998
5.999998
5.999998
5.999998
5.999998
5.999998
5.999998
5.999998
5.999998
5.999998
5.999998
5.999998
5.999998
5.999998
5.999998
5.999998
5.999998
5.999998
5.999998
5.999998
5.999998
5.999998
5.999998
5.999998
5.999998
5.999998
5.999998
5.999998
5.999998
5.999998
5.999998
5.999998
5.999998
5.999998
5.999998
5.999998
5.999998
5.999998
5.999998
5.999998
5.999998
5.999998
5.999998
5.999998
5.999998
5.999998
5.999998
5.999998
5.999998
5.999998
5.999998
5.999998
5.999998
5.999998
5.999998
5.999998
5.999998
5.999998
5.999998
5.999998
5.999998
5.999998
5.999998
5.859028
5.832539
5.806131
5.779985
5.754044
5.727374
5.700802
5.674247
5.647340
5.620728
5.595179
5.568681
5.542437
5.515955
5.489098
5.462403
5.436429
5.410741
5.384660
5.358285
5.331697
5.305109
5.278652
5.251893
5.226180
5.200140
5.173831
5.147390
5.120483
5.094141
5.067553
5.041693
5.015702
4.989163
4.962494
4.935750
4.909212
4.882804
4.856977
4.830855
4.804439
4.777819
4.750896
4.724553
4.697949
4.672073
4.645984
4.619674
4.593062
4.566343
4.539665
4.513585
4.487234
4.461309
4.434967
4.408142
4.381439
4.355031
4.328681
4.302886
4.276348
4.250046
4.223082
4.196494
4.169882
4.143564
4.117769
4.091640
4.065240
4.038579
4.011704
3.985411
3.959118
3.932816
3.906605
3.880074
3.853658
3.827037
3.800507
3.774115
3.748362
3.722289
3.695906
3.669097
3.642387
3.616003
3.589579
3.563351
3.537442
3.511026
3.484447
3.457801
3.431254
3.404871
3.378962
3.352268
3.326310
3.300000
3.300000
3.300000
3.300000
3.352595
3.326702
3.300000
3.300000
3.300000
3.300000
3.300000
3.300000
3.300000
3.300000
3.300000
3.300000
3.300000
3.300000
3.300000
3.300000
3.300000
3.300000
3.300000
3.300000
3.300000
3.300000
3.300000
3.300000
3.300000
3.300000
3.300000
3.300000
3.300000
3.300000
3.300000
3.300000
3.300000
3.300000
3.300000
3.300000
3.300000
3.300000
3.300000
3.300000
3.300000
3.300000
3.300000
3.300000
3.300000
3.300000
3.300000
3.300000
3.300000
3.300000
3.300000
3.300000
3.300000
3.300000
3.300000
3.300000
3.300000
3.300000
3.300000
3.300000
3.300000
3.300000
3.300000
3.300000
3.300000
3.300000
3.300000
3.300000
3.300000
3.300000
3.300000
3.300000
3.300000
3.300000
3.300000
3.300000
3.300000
3.300000
3.300000
3.300000
3.300000
3.300000
3.300000
3.300000
3.300000
3.300000
3.300000
3.300000
3.300000
3.300000
3.300000
3.300000
3.300000
3.300000
3.300000
3.300000
3.300000
3.300000
3.300000
3.300000
3.300000
3.300000
3.300000
3.300000
3.300000
3.431262
3.405002
3.378888
3.352497
3.325982
3.300000
3.300000
3.300000
3.300000
3.300000
3.300000
3.300000
3.300000
3.300000
3.300000
3.300000
3.300000
3.300000
3.300000
3.300000
3.156738
3.130428
3.104306
3.078111
3.052120
3.026089
3.000000
3.000000
3.085971
3.300000
3.300000
3.300000
3.300000
3.300000
3.300000
3.300000
3.300000
3.300000
3.300000
3.300000
3.300000
3.300000
3.300000
3.300000
3.300000
3.300000
3.300000
3.300000
3.300000
3.300000
3.300000
3.300000
3.300000
3.300000
3.300000
3.300000
3.300000
3.300000
3.300000
3.300000
3.300000
3.300000
3.300000
3.300000
3.300000
3.300000
3.300000
3.300000
3.300000
3.300000
3.300000
3.300000
3.300000
3.300000
3.300000
3.300000
3.300000
3.300000
3.300000
3.300000
3.300000
3.300000
3.300000
3.300000
3.300000
3.300000
3.300000
3.300000
3.300000
3.300000
3.300000
3.300000
3.300000
3.300000
3.300000
3.300000
3.300000
3.300000
3.300000
3.300000
3.300000
3.300000
3.300000
3.300000
3.300000
3.300000
3.300000
3.300000
3.300000
3.300000
3.300000
3.300000
3.300000
3.300000
3.300000
3.300000
3.300000
3.300000
3.300000
3.383877
3.467675
3.551395
3.800000
4.000000
4.085814
4.170241
4.253359
4.337314
4.420694
4.506194
4.591275
4.675754
4.760731
4.844817
4.930710
5.221088
5.194770
5.168681
5.142535
5.116373
5.090423
5.064506
5.037992
5.011592
4.984571
4.958425
4.932467
4.906566
4.880256
4.853709
4.827023
4.800017
4.773806
4.747815
4.721808
4.695653
4.669319
4.642486
4.615612
4.589400
4.563360
4.537337
4.510953
4.484701
4.458170
4.431378
4.404929
4.379110
4.352882
4.326867
4.300517
4.274117
4.247030
4.220672
4.194370
4.168535
4.142365
4.116317
4.089794
4.062806
4.036251
4.010178
3.983958
3.958066
3.931650
3.904996
3.878032
3.851886
3.825764
3.799496
3.773562
3.746991
3.720517
3.693619
3.667039
3.640852
3.614673
3.588437
3.561792
3.535237
3.508559
3.481963
3.455801
3.429720
3.403598
3.376847
3.350218
3.323491
3.297009
3.270847
3.244529
3.218457
3.191844
3.165052
3.138341
3.111655
3.085558
3.059715
3.033381
3.006776
2.980090
2.953012
2.926277
2.900057
2.874344
2.848435
2.822093
2.795489
2.768762
2.742370
2.716453
2.690413
2.664627
2.638293
2.611599
2.584798
2.558300
2.532032
2.506204
2.479985
2.453593
2.426760
2.400000
2.400000
2.400000
2.400000
2.400000
2.400000
2.400000
2.400000
2.400000
2.400000
2.400000
2.400000
2.400000
2.400000
2.400000
2.400000
2.400000
2.400000
2.400000
2.400000
2.400000
2.400000
2.400000
2.400000
2.400000
2.400000
2.400000
2.400000
2.400000
2.400000
2.400000
2.400000
2.400000
2.400000
2.400000
2.400000
2.400000
2.400000
2.400000
2.400000
2.400000
2.400000
2.400000
2.400000
2.400000
2.400000
2.400000
2.400000
2.400000
2.400000
2.400000
2.400000
2.400000
2.400000
2.400000
2.400000
2.400000
2.400000
2.400000
2.400000
2.400000
2.400000
2.400000
2.400000
2.400000
2.400000
2.400000
2.400000
2.400000
2.400000
2.400000
2.400000
2.400000
2.400000
2.400000
2.400000
2.400000
2.400000
2.400000
2.400000
2.400000
2.400000
2.400000
2.400000
2.400000
2.400000
2.400000
2.400000
2.400000
2.400000
2.400000
2.400000
2.400000
2.400000
2.400000
2.400000
2.400000
2.400000
2.400000
2.400000
2.400000
2.400000
2.400000
2.400000
2.400000
2.400000
2.400000
2.400000
2.400000
2.400000
2.400000
2.400000
2.400000
2.400000
2.400000
2.400000
2.400000
2.400000
2.400000
2.400000
2.400000
2.400000
2.400000
2.400000
2.400000
2.400000
2.400000
2.400000
2.400000
2.400000
2.400000
2.400000
2.400000
2.400000
2.400000
2.400000
2.400000
2.400000
2.400000
2.400000
2.400000
2.400000
2.400000
2.400000
2.400000
2.400000
2.400000
2.400000
2.400000
2.400000
2.400000
2.400000
2.400000
2.400000
2.400000
2.400000
2.400000
2.400000
2.400000
2.400000
2.400000
2.400000
2.400000
2.400000
2.400000
2.400000
2.400000
2.400000
2.400000
2.400000
2.400000
2.400000
2.400000
2.400000
2.400000
2.400000
2.400000
2.400000
2.400000
2.400000
2.400000
2.400000
2.400000
2.400000
2.400000
2.400000
2.400000
2.400000
2.400000
2.400000
2.400000
2.400000
2.400000
2.400000
2.400000
2.400000
2.400000
2.400000
2.400000
2.400000
2.400000
2.400000
2.400000
2.400000
2.400000
2.400000
2.400000
2.400000
2.400000
2.400000
2.400000
2.400000
2.400000
2.400000
2.400000
2.400000
2.400000
2.400000
2.400000
2.400000
2.400000
2.400000
2.400000
2.400000
2.400000
2.400000
2.400000
2.400000
2.400000
2.400000
2.400000
2.400000
2.400000
2.400000
2.400000
2.400000
2.400000
2.400000
2.400000
2.400000
2.400000
2.400000
2.400000
2.400000
2.400000
2.400000
2.400000
2.400000
2.400000
2.400000
2.400000
2.400000
2.400000
2.400000
2.400000
2.400000
2.400000
2.400000
2.400000
2.400000
2.400000
2.400000
2.400000
2.400000
2.400000
2.400000
2.400000
2.400000
2.400000
2.400000
2.400000
2.400000
2.400000
2.400000
2.400000
2.400000
2.400000
2.400000
2.400000
2.400000
2.400000
2.400000
2.400000
2.400000
2.400000
2.400000
2.400000
2.400000
2.400000
2.400000
2.400000
2.400000
2.400000
2.400000
2.400000
2.400000
2.400000
2.400000
2.400000
2.400000
2.400000
2.400000
2.400000
2.400000
2.400000
2.400000
2.400000
2.400000
2.400000
2.400000
2.400000
2.400000
2.400000
2.400000
2.400000
2.400000
2.400000
2.400000
2.400000
2.400000
2.400000
2.400000
2.400000
2.400000
2.400000
2.400000
2.400000
2.400000
2.400000
2.400000
2.400000
2.400000
2.400000
2.400000
2.400000
2.400000
2.400000
2.400000
2.400000
2.400000
2.400000
2.400000
2.400000
2.400000
2.400000
2.400000
2.400000
2.400000
2.400000
2.400000
2.400000
2.400000
2.400000
2.400000
2.400000
2.400000
2.400000
2.400000
2.400000
2.400000
2.400000
2.400000
2.400000
2.400000
2.400000
2.400000
2.400000
2.400000
2.400000
2.400000
2.400000
2.400000
2.400000
2.400000
2.400000
2.400000
2.400000
2.400000
2.400000
2.400000
2.400000
2.400000
2.400000
2.400000
2.400000
2.400000
2.400000
2.400000
2.400000
2.400000
2.400000
2.400000
2.400000
2.400000
2.400000
2.400000
2.400000
2.400000
2.400000
2.400000
2.400000
2.400000
2.400000
2.400000
2.400000
2.400000
2.400000
2.400000
2.400000
2.400000
2.400000
2.400000
2.400000
2.400000
2.400000
2.400000
2.400000
2.400000
2.400000
2.400000
2.400000
2.400000
2.400000
2.400000
2.400000
2.400000
2.400000
2.400000
2.400000
2.400000
2.400000
2.400000
2.400000
2.400000
2.400000
2.400000
2.400000
2.400000
2.400000
2.400000
2.400000
2.400000
2.400000
2.400000
2.400000
2.400000
2.400000
2.400000
2.400000
2.400000
2.400000
2.400000
2.400000
2.400000
2.400000
2.400000
2.400000
2.400000
2.400000
2.400000
2.400000
2.400000
2.400000
2.400000
2.400000
2.400000
2.400000
2.400000
2.400000
2.400000
2.400000
2.400000
2.400000
2.400000
2.400000
2.400000
2.400000
2.400000
2.400000
2.400000
2.400000
2.400000
2.400000
2.400000
2.400000
2.400000
2.400000
2.400000
2.400000
2.400000
2.400000
2.400000
2.400000
2.400000
2.400000
2.400000
2.400000
2.400000
2.400000
2.400000
2.400000
2.400000
2.400000
2.400000
2.400000
2.400000
2.400000
2.400000
2.400000
2.400000
2.400000
2.400000
2.400000
2.400000
2.400000
2.400000
2.400000
2.400000
2.400000
2.400000
2.400000
2.400000
2.400000
2.400000
2.400000
2.400000
2.400000
2.400000
2.400000
2.400000
2.400000
2.400000
2.400000
2.400000
2.400000
2.400000
2.400000
2.400000
2.400000
2.400000
2.400000
2.400000
2.400000
2.400000
2.400000
2.400000
2.400000
2.400000
2.400000
2.400000
2.400000
2.400000
2.400000
2.400000
2.400000
2.400000
2.400000
2.400000
2.400000
2.400000
2.400000
2.400000
2.400000
2.400000
2.400000
2.400000
2.400000
2.400000
2.400000
2.400000
2.400000
2.400000
2.400000
2.400000
2.400000
2.400000
2.400000
2.400000
2.400000
2.400000
2.400000
2.400000
2.400000
2.400000
2.400000
2.400000
2.400000
2.400000
2.400000
2.400000
2.400000
2.400000
2.400000
2.400000
2.400000
2.400000
2.400000
2.400000
2.400000
2.400000
2.400000
2.400000
2.400000
2.400000
2.400000
2.400000
2.400000
2.400000
2.400000
2.400000
2.400000
2.400000
2.400000
2.400000
2.400000
2.400000
2.400000
2.400000
2.400000
2.400000
2.400000
2.400000
2.400000
2.400000
2.400000
2.400000
2.400000
2.400000
2.400000
2.400000
2.400000
2.400000
2.400000
2.400000
2.400000
2.400000
2.400000
2.400000
2.400000
2.400000
2.400000
2.400000
2.400000
2.400000
2.400000
2.400000
2.400000
2.400000
2.400000
2.400000
2.400000
2.400000
2.400000
2.400000
2.400000
2.400000
2.400000
2.400000
2.400000
2.400000
2.400000
2.400000
2.400000
2.400000
2.400000
2.400000
2.400000
2.400000
2.400000
2.400000
2.400000
2.400000
2.400000
2.400000
2.400000
2.400000
2.400000
2.400000
2.400000
2.400000
2.400000
2.400000
2.400000
2.400000
2.400000
2.400000
2.400000
2.400000
2.400000
2.400000
2.400000
2.400000
2.400000
2.400000
2.400000
2.400000
2.400000
2.400000
2.400000
2.400000
2.400000
2.400000
2.400000
2.400000
2.400000
2.400000
2.400000
2.400000
2.400000
2.400000
2.400000
2.400000
2.400000
2.400000
2.400000
2.400000
2.400000
2.400000
2.400000
2.400000
2.400000
2.400000
2.400000
2.400000
2.400000
2.400000
2.400000
2.400000
2.400000
2.400000
2.400000
2.400000
2.400000
2.400000
2.400000
2.400000
2.400000
2.400000
2.400000
2.400000
2.400000
2.400000
2.400000
2.400000
2.400000
2.400000
2.400000
2.400000
2.400000
2.400000
2.400000
2.400000
2.400000
2.400000
2.400000
2.400000
2.400000
2.400000
2.400000
2.400000
2.400000
2.400000
2.400000
2.400000
2.400000
2.400000
2.400000
2.400000
2.400000
2.400000
2.400000
2.400000
2.400000
2.400000
2.400000
2.400000
2.400000
2.400000
2.400000
2.400000
2.400000
2.400000
2.400000
2.400000
2.400000
2.400000
2.400000
2.400000
2.400000
2.400000
2.400000
2.400000
2.400000
2.400000
2.400000
2.400000
2.400000
2.400000
2.400000
2.400000
2.400000
2.400000
2.400000
2.400000
2.400000
2.400000
2.400000
2.400000
2.400000
2.400000
2.400000
2.400000
2.400000
2.400000
2.400000
2.400000
2.400000
2.400000
2.400000
2.400000
2.400000
2.400000
2.400000
2.400000
2.400000
2.400000
2.400000
2.400000
2.400000
2.400000
2.400000
2.400000
2.400000
2.400000
2.400000
2.400000
2.400000
2.400000
2.400000
2.400000
2.400000
2.400000
2.400000
2.400000
2.400000
2.400000
2.400000
2.400000
2.400000
2.400000
2.400000
2.400000
2.400000
2.400000
2.400000
2.400000
2.400000
2.400000
2.400000
2.400000
2.400000
2.400000
2.400000
2.400000
2.400000
2.400000
2.400000
2.400000
2.400000
2.400000
2.400000
2.400000
2.400000
2.400000
2.400000
2.400000
2.400000
2.400000
2.400000
2.400000
2.400000
2.400000
2.400000
2.400000
2.400000
2.400000
2.400000
2.400000
2.400000
2.400000
2.400000
2.400000
2.400000
2.400000
2.400000
2.400000
2.400000
2.400000
2.400000
2.400000
2.400000
2.400000
2.400000
2.400000
2.400000
2.400000
2.400000
2.400000
2.400000
2.400000
2.400000
2.400000
2.400000
2.400000
2.400000
2.400000
2.400000
2.400000
2.400000
2.400000
2.400000
2.400000
2.400000
2.400000
2.400000
2.400000
2.400000
2.400000
2.400000
2.400000
2.400000
2.400000
2.400000
2.400000
2.400000
2.400000
2.400000
2.400000
2.400000
2.400000
2.400000
2.400000
2.400000
2.400000
2.400000
2.400000
2.400000
2.400000
2.400000
2.400000
2.400000
2.400000
2.400000
2.400000
2.400000
2.400000
2.400000
2.400000
2.400000
2.400000
2.400000
2.400000
2.400000
2.400000
2.400000
2.400000
2.400000
2.400000
2.400000
2.400000
2.400000
2.400000
2.400000
2.400000
2.400000
2.400000
2.400000
2.400000
2.400000
2.400000
2.400000
2.400000
2.400000
2.400000
2.400000
2.400000
2.400000
2.400000
2.400000
2.400000
2.400000
2.400000
2.400000
2.400000
2.400000
2.400000
2.400000
2.400000
2.400000
2.400000
2.400000
2.400000
2.400000
2.400000
2.400000
2.400000
2.400000
2.400000
2.400000
2.400000
2.400000
2.400000
2.400000
2.400000
2.400000
2.400000
2.400000
2.400000
2.400000
2.400000
2.400000
2.400000
2.400000
2.400000
2.400000
2.400000
2.400000
2.400000
2.400000
2.400000
2.400000
2.400000
2.400000
2.400000
2.400000
2.400000
2.400000
2.400000
2.400000
2.400000
2.400000
2.400000
2.400000
2.400000
2.400000
2.400000
2.400000
2.400000
2.400000
2.400000
2.400000
2.400000
2.400000
2.400000
2.400000
2.400000
2.400000
2.400000
2.400000
2.400000
2.400000
2.400000
2.400000
2.400000
2.400000
2.400000
2.400000
2.400000
2.400000
2.400000
2.400000
2.400000
2.400000
2.400000
2.400000
2.400000
2.400000
2.400000
2.400000
2.400000
2.400000
2.400000
2.400000
2.400000
2.400000
2.400000
2.400000
2.400000
2.400000
2.400000
2.400000
2.400000
2.400000
2.400000
2.400000
2.400000
2.400000
2.400000
2.400000
2.400000
2.400000
2.400000
2.400000
2.400000
2.400000
2.400000
2.400000
2.400000
2.400000
2.400000
2.400000
2.400000
2.400000
2.400000
2.400000
2.400000
2.400000
2.400000
2.400000
2.400000
2.400000
2.400000
2.400000
2.400000
2.400000
2.400000
2.400000
2.400000
2.400000
2.400000
2.400000
2.400000
2.400000
2.400000
2.400000
2.400000
2.400000
2.400000
2.400000
2.400000
2.400000
2.400000
2.400000
2.400000
2.400000
2.400000
2.400000
2.400000
2.400000
2.400000
2.400000
2.400000
2.400000
2.400000
2.400000
2.400000
2.400000
2.400000
2.400000
2.400000
2.400000
2.400000
2.400000
2.400000
2.400000
2.400000
2.400000
2.400000
2.400000
2.400000
2.400000
2.400000
2.400000
2.400000
2.400000
2.400000
2.400000
2.400000
2.400000
2.400000
2.400000
2.400000
2.400000
2.400000
2.400000
2.400000
2.400000
2.400000
2.400000
2.400000
2.400000
2.400000
2.400000
2.400000
2.400000
2.400000
2.400000
2.400000
2.400000
2.400000
2.400000
2.400000
2.400000
2.400000
2.400000
2.400000
2.400000
2.400000
2.400000
2.400000
2.400000
2.400000
2.400000
2.400000
2.400000
2.400000
2.400000
2.400000
2.400000
2.400000
2.400000
2.400000
2.400000
2.400000
2.400000
2.400000
2.400000
2.400000
2.400000
2.400000
2.400000
2.400000
2.400000
2.400000
2.400000
2.400000
2.400000
2.400000
2.400000
2.400000
2.400000
2.400000
2.400000
2.400000
2.400000
2.400000
2.400000
2.400000
2.400000
2.400000
2.400000
2.400000
2.400000
2.400000
2.400000
2.400000
2.400000
2.400000
2.400000
2.400000
2.400000
2.400000
2.400000
2.400000
2.400000
2.400000
2.400000
2.400000
2.400000
2.400000
2.400000
2.400000
2.400000
2.400000
2.400000
2.400000
2.400000
2.400000
2.400000
2.400000
2.400000
2.400000
2.400000
2.400000
2.400000
2.400000
2.400000
2.400000
2.400000
2.400000
2.400000
2.400000
2.400000
2.400000
2.400000
2.400000
2.400000
2.400000
2.400000
2.400000
2.400000
2.400000
2.400000
2.400000
2.400000
2.400000
2.400000
2.400000
2.400000
2.400000
2.400000
2.400000
2.400000
2.400000
2.400000
2.400000
2.400000
2.400000
2.400000
2.400000
2.400000
2.400000
