3704.696533
3714.902100
3724.984131
3735.249756
3745.410645
3755.666504
3765.859863
3775.980469
3786.278564
3796.770264
3806.931396
3817.145020
3827.465332
3837.606689
3847.806396
3858.055176
3868.159424
3878.581299
3888.670166
3899.060059
3909.253662
3303.945801
3313.978516
3324.280518
3334.516846
3344.867188
3355.384521
3365.728760
3376.187256
3386.743896
3396.921143
3407.143799
3417.507324
3427.802002
3438.057861
3448.323730
3458.690430
3468.691162
3479.117676
3489.235840
3499.572998
3509.929443
3520.246826
3530.650146
3540.984131
3551.249268
3561.518066
3571.773682
3582.146484
3592.163574
3602.340576
3612.389893
3622.446045
3632.704590
3642.933594
3653.100586
3663.408691
3673.736816
3684.054199
3694.238037
