0.157377
0.401815
1.161914
1.051415
1.379564
1.456578
1.550335
1.808166
1.878484
1.731152
1.788076
1.918665
1.844999
1.958847
1.841651
1.895226
1.988983
2.099482
1.851696
2.072694
1.955498
1.881832
1.774682
1.911968
1.811515
1.851696
1.798121
1.804818
1.811515
2.025816
1.901923
1.865090
1.848348
1.855045
1.891878
1.935408
1.838302
1.701016
1.841651
1.871787
1.978938
1.798121
1.865090
1.711061
1.935408
1.737849
1.667531
1.855045
1.714409
1.717758
1.717758
1.865090
1.911968
1.563729
1.767985
1.841651
1.814863
1.687622
1.895226
1.607259
1.831605
1.804818
1.754591
1.761288
1.778030
1.804818
1.821560
1.680925
1.767985
1.831605
1.851696
1.901923
1.754591
1.818212
1.694319
1.697667
1.694319
1.657486
1.955498
1.680925
1.801469
1.821560
1.540290
1.757939
1.871787
1.737849
1.697667
1.861742
1.784727
1.677577
1.757940
1.751243
1.764636
1.761288
1.727803
1.687622
1.818212
1.731152
1.587168
1.938756
1.707713
1.727803
1.824908
1.788076
1.751243
2.022468
1.804818
2.072694
1.617304
1.891878
1.918665
1.821560
1.670880
1.670879
1.593865
1.818212
1.640743
1.798121
1.858393
1.731152
1.848348
1.657486
1.798121
1.798121
1.617304
1.764636
1.875135
1.834954
1.855045
1.831605
1.751243
1.771333
1.744545
1.938756
1.747894
1.711061
1.804818
1.660834
1.861742
1.774682
1.905272
1.771333
1.911968
1.761288
1.958847
1.778030
1.714409
1.848348
1.844999
1.918665
1.788076
1.791424
1.771333
1.901923
1.834954
1.644092
1.828257
1.878484
1.731152
1.918665
1.704364
1.627350
1.801469
1.680925
1.731152
1.644092
1.771333
1.767985
1.791424
1.791424
2.045907
1.995680
1.898575
1.664183
1.938756
1.875135
1.801469
1.814863
1.798121
1.778030
1.818211
1.911968
1.717758
1.747894
1.761288
1.771333
1.915317
1.895226
1.711061
1.657486
1.838302
1.908620
1.865090
1.881832
1.804818
1.881832
1.878484
1.794772
1.968892
1.717758
1.737849
1.868438
1.674228
1.751243
1.814863
1.737849
1.848348
1.962195
1.968892
1.811515
1.788076
1.821560
1.761288
1.851696
1.764636
1.680925
1.684273
1.898575
1.794772
1.714409
1.690970
1.771333
1.684273
1.958847
1.751243
1.731152
2.005725
1.895226
1.711061
1.898575
1.610608
1.737849
1.824908
1.597214
1.767985
1.647440
1.905272
1.875135
1.848348
1.731152
1.798121
1.677577
1.761288
1.677577
1.714409
1.808166
1.818212
1.711061
1.841651
1.865090
1.791424
1.935408
1.935408
1.868438
1.721106
1.818212
1.818212
1.831606
1.791424
1.875135
1.818211
1.841651
1.767985
1.794772
1.714409
1.791424
1.754591
1.784727
1.761288
1.764636
1.634047
1.660834
1.580471
1.871787
1.794772
1.901923
1.844999
1.821560
1.888529
1.828257
1.751243
1.747894
1.627350
1.761288
1.764636
1.761288
1.778030
1.744546
1.734500
1.731152
1.791424
1.744546
1.610607
1.670879
1.617304
1.922014
2.069346
1.570426
1.848348
1.533593
1.647440
1.704364
1.764636
1.794772
1.771333
1.858393
1.764636
1.801469
1.868438
1.918665
1.784727
1.848348
1.898575
1.781379
1.841651
1.814863
1.533593
1.593865
1.952150
1.831606
1.834954
1.587168
1.952150
1.958847
1.834954
1.808166
2.052604
1.794772
1.821560
1.875135
1.788076
1.918665
1.865090
1.841651
1.898575
1.848348
1.844999
1.878484
1.774682
1.875135
1.851696
1.744546
1.737849
1.717758
1.865090
1.714409
1.737849
1.687622
1.952150
1.838302
1.714409
1.707713
1.824908
1.778030
1.751243
1.868438
1.828257
1.841651
1.707713
2.082740
1.744546
1.603910
1.660834
1.724455
1.824908
1.774682
1.794772
1.814863
1.858393
1.898575
1.677577
1.885181
1.841651
1.778030
1.905272
1.841651
1.821560
1.798121
1.747894
1.737849
1.948802
1.828257
1.778030
1.677577
1.717758
1.851696
1.878484
1.640743
1.851696
1.747894
1.871787
1.694319
1.660834
1.915317
1.751243
1.844999
1.952150
1.654137
1.697667
1.741197
1.901923
1.828257
1.788076
1.717758
1.895226
1.717758
1.690970
1.694319
1.881832
1.798121
1.694319
2.012422
1.610607
1.811515
1.848348
1.858393
1.841651
1.747894
1.791424
1.965544
1.798121
1.804818
1.898575
1.523548
1.744545
1.640743
1.801469
1.717758
1.734500
1.640743
1.767985
1.871787
1.834954
1.901923
1.744546
1.791424
1.727803
1.751243
1.664183
1.761288
1.858393
1.778030
1.851696
1.791424
1.791424
1.844999
1.885181
1.804818
1.804818
1.895226
1.771333
1.788076
1.791424
1.818212
1.546987
1.764636
1.821560
1.791424
1.784727
1.767985
1.858393
1.788076
1.801469
1.690970
1.865090
1.828257
1.868438
1.881832
1.687622
1.774682
1.911968
1.731152
1.751243
1.968892
1.717758
1.697667
1.784727
1.657486
1.804818
1.774682
1.992331
1.885181
1.774682
1.727803
1.868438
1.670880
1.694319
1.634047
1.918665
1.878484
1.707713
1.858393
1.911968
1.821560
1.821560
1.804818
1.814863
1.945453
1.674228
1.767985
1.798121
1.737849
1.721106
1.727803
1.855045
1.784727
1.744545
1.942104
1.737849
1.757939
1.734500
1.704364
1.891878
1.808166
1.841651
1.831606
1.814863
1.781379
1.654137
1.744546
1.841651
1.694319
1.771333
1.818211
1.687622
1.721106
1.838302
1.875135
1.704364
1.731152
1.875135
1.764636
1.811515
1.791424
1.828257
1.727803
1.680925
1.788076
1.871787
1.828257
1.707713
1.821560
1.687622
1.999028
1.925362
1.751243
1.881832
1.794772
1.744546
1.684273
1.747894
1.664183
1.885181
1.747894
1.841651
1.754591
1.674228
1.821560
1.711061
1.697667
1.821560
1.660834
1.824908
1.865090
1.958847
1.942104
1.767985
1.727803
1.734500
1.942104
1.844999
1.754591
1.935408
1.737849
1.697667
1.992331
1.798121
1.881832
1.834954
1.761288
1.737849
1.687622
1.784727
1.875135
1.657486
1.858393
1.778030
1.818212
1.610607
1.808166
1.774682
1.771333
1.784727
1.711061
1.741197
1.895226
1.674228
1.731152
1.734500
1.724455
1.808166
1.834954
1.781379
1.747894
1.764636
1.684273
1.627350
1.918665
1.767985
1.811515
1.724455
1.868438
1.965544
1.721106
1.834954
1.781379
1.848348
1.704364
1.834954
1.761288
1.687622
1.714409
1.771333
1.865090
1.707713
1.744545
1.774682
1.875135
1.784727
1.972241
1.908620
1.871787
1.818212
1.744546
1.757939
1.778030
1.771333
1.808166
1.634047
1.731152
1.781379
1.824908
1.828257
1.778030
1.764636
1.834954
1.808166
1.664183
1.747894
1.788076
1.808166
1.761288
1.838302
1.821560
1.858393
1.821560
1.898575
1.821560
1.707713
1.811515
1.714409
1.781379
1.660834
1.838302
1.660834
1.851696
1.995680
1.664183
1.761288
1.607259
1.731152
1.834954
1.861742
1.778030
1.741197
1.898575
1.828257
1.814863
1.761288
1.808166
1.814863
1.841651
1.844999
1.677577
1.808166
1.821560
1.858393
1.808166
1.550335
1.938756
1.848348
1.875135
1.851696
1.610607
1.801469
2.049255
1.573774
1.885181
1.764636
1.891878
1.674228
1.844999
1.687622
1.610607
1.771333
1.794772
1.737849
1.600562
1.798121
1.717758
1.804818
1.744545
1.804818
1.875135
1.731152
1.778030
1.784727
1.821560
1.838302
2.032513
1.891878
1.824908
1.804818
1.814863
1.744546
1.771333
1.851696
1.808166
1.670880
1.724455
1.778030
1.818211
1.808166
1.778030
1.798121
1.922014
1.811515
1.831606
1.918665
1.737849
1.821560
1.737849
1.794772
1.734500
1.851696
1.731152
1.808166
1.821560
1.751243
1.821560
1.757940
1.781379
1.714409
1.875135
1.858393
1.751243
1.744546
1.848348
1.781379
1.757940
1.727803
1.731152
1.690970
1.597213
1.647440
2.012422
1.717758
1.831606
2.012422
1.603910
1.764636
1.808166
1.764636
1.677577
1.798121
1.744546
1.841651
1.818212
1.764636
1.804818
1.737849
1.771333
1.727803
1.717758
1.751243
1.757939
1.767985
1.808166
1.885181
1.624001
1.701016
1.915317
1.794772
1.724455
1.784727
1.761288
1.838302
1.774682
1.680925
1.731152
1.801469
1.922014
1.778030
1.814863
1.855045
1.982286
1.888529
1.744545
1.784727
1.828257
1.784727
1.788076
1.610607
1.922014
1.680925
1.767985
1.721106
1.808166
1.848348
1.851696
1.804818
1.871787
1.945453
1.764636
1.804818
1.811515
1.674228
1.818211
1.824908
1.888529
1.640743
1.868438
1.808166
1.834954
1.737849
1.794772
1.737849
1.701016
1.848348
1.932059
1.972241
1.767985
1.824908
1.761288
1.724455
1.871787
1.674228
1.811515
1.714409
1.901923
1.721106
1.761288
1.754591
1.801469
1.690970
1.905272
1.761288
1.724455
1.721106
1.824908
1.918665
1.898575
1.881832
1.670879
1.771333
1.751243
1.814863
1.751243
1.925362
1.834954
1.788076
1.781379
1.674228
1.801469
1.834954
1.764636
1.788076
1.811515
1.834954
1.821560
1.778030
1.834954
1.901923
1.764636
1.734500
1.811515
1.771333
1.814863
1.657486
1.794772
1.881832
1.737849
1.724455
1.831606
1.831605
1.828257
1.875135
1.848348
1.711061
1.831606
1.677577
1.804818
1.714409
1.824908
1.814863
1.771333
1.831606
1.811515
1.690970
1.714409
1.774682
1.707713
1.798121
1.757940
1.885181
1.875135
1.677577
1.664183
1.757940
1.888529
1.767985
1.754591
1.868438
1.788076
1.851696
1.778030
1.995680
1.794772
2.012422
1.650789
1.754591
1.724455
1.778030
1.848348
1.761288
1.895226
1.895226
1.855045
2.076043
1.724455
1.707713
1.744546
1.794772
1.751243
1.754591
1.794772
1.905271
1.744545
1.781379
1.838302
1.764636
1.885181
1.788076
1.831606
1.865090
1.875135
1.801469
1.751243
1.664183
1.774682
1.620653
1.747894
1.804818
1.821560
1.858393
1.831606
1.701016
1.855045
1.761288
1.811515
1.928711
1.677577
1.804818
1.834954
1.634047
1.995680
1.791424
1.888529
1.841651
1.791424
1.858393
1.945453
1.711061
1.791424
1.834954
1.824908
1.908620
1.855045
1.958847
1.680925
1.707713
1.767985
1.891878
1.734500
1.811515
1.831606
1.744545
1.868438
1.804818
1.788076
1.741197
1.828257
1.811515
1.878484
1.794772
1.942104
2.055952
1.624001
1.711061
1.734500
1.714409
1.650789
1.885181
1.624001
1.784727
1.935408
1.875135
1.871787
1.781379
1.878484
1.808166
1.808166
1.630698
1.764636
1.767985
1.851696
1.891878
1.848348
1.804818
1.610607
1.784727
1.778030
1.767985
1.985634
1.888529
1.774682
1.670880
1.774682
1.821560
1.757939
1.704364
1.721106
1.707713
1.660834
1.687622
1.600562
1.667531
1.704364
1.567077
1.593865
1.885181
1.751243
1.942104
1.717758
1.560381
1.687622
1.721106
1.784727
1.918665
1.781379
1.851696
1.821560
1.888529
1.711061
1.640743
1.694319
1.808166
1.724455
1.808166
1.885181
1.754591
1.814863
1.865090
1.875135
1.771333
1.865090
1.680925
1.855045
1.875135
1.861742
1.928711
1.855045
1.814863
1.764636
1.901923
1.972241
1.600562
1.824908
1.908620
1.727803
1.781379
1.858393
1.690970
1.767985
1.667531
1.794772
1.637395
1.861742
1.697667
1.697667
1.771333
1.995680
1.811515
1.808166
1.928711
1.911968
1.868438
1.600562
1.814863
1.784727
1.885181
1.640743
1.654137
1.801469
1.938756
1.828257
1.861742
1.878484
1.861742
1.838302
1.784727
1.952150
1.801469
1.858393
1.901923
1.804818
1.744546
1.751243
1.838302
1.734500
1.677577
1.781379
1.717758
1.717758
1.811515
1.687622
1.855045
1.811515
1.861742
1.898575
1.855045
1.804818
1.690970
1.811515
1.821560
1.928711
1.928711
1.697667
1.885181
1.654137
1.711061
2.062649
1.804818
1.871787
1.701016
1.861742
1.724455
1.654137
1.791424
1.684273
1.952150
1.724455
1.891878
1.794772
1.831606
2.012422
1.794772
1.744545
1.838302
1.778030
1.724455
2.002377
1.804818
1.680925
1.908620
1.881832
1.841651
1.637395
1.791424
1.808166
1.778030
1.831606
1.737849
1.855045
1.754591
1.657486
1.627350
1.841651
1.865090
1.808166
1.811515
1.881832
1.814863
1.821560
1.788076
1.798121
1.761288
1.868438
1.811515
1.744545
1.818212
1.935408
2.032513
1.757940
1.757939
1.774682
1.838302
1.721106
1.684273
1.744546
1.707713
1.798121
1.737849
1.754591
1.761288
1.774682
1.724455
1.841651
1.664183
1.801469
1.915317
1.798121
1.834954
1.684273
1.844999
1.985634
1.764636
1.801469
1.774682
1.724455
1.804818
1.885181
1.731152
1.851696
1.821560
1.898575
1.838302
1.855045
1.774682
1.808166
1.804818
1.744545
1.784727
1.808166
1.814863
1.717758
1.784727
1.771333
1.814863
1.788076
1.898575
1.908620
1.808166
1.751243
1.901923
1.788076
1.811515
1.848348
1.888529
1.788076
1.734500
1.788076
1.861742
1.858393
1.828257
1.724455
1.734500
1.895226
1.731152
1.808166
1.801469
1.754591
1.908620
1.831605
1.844999
1.664183
1.848348
1.764636
1.841651
1.784727
1.724455
1.932059
1.761288
1.757939
1.871787
1.801469
1.744546
1.824908
1.838302
1.948802
1.640743
1.674228
1.784727
1.714409
1.774682
1.851696
1.798121
1.965544
1.818211
1.788076
1.724455
1.690970
1.804818
1.841651
1.771333
1.690970
1.922014
1.721106
1.838302
1.838302
1.690970
1.791424
1.794772
1.714409
1.650789
1.754591
1.804818
1.778030
1.784727
1.824908
1.781379
1.701016
2.012422
1.757939
1.767985
1.757940
1.838302
1.767985
1.841651
1.814863
1.824908
1.788076
1.804818
1.714409
1.848348
1.744546
1.731152
1.848348
1.898575
1.804818
1.644092
1.774682
1.801469
1.734500
1.878484
1.711061
1.788076
1.774682
1.831606
1.808166
1.804818
1.865090
1.928711
1.834954
1.868438
1.824908
1.707713
1.711061
1.972241
1.838302
1.751243
1.737849
1.684273
1.831605
1.794772
1.794772
1.757939
1.831606
1.717758
1.754591
1.828257
1.798121
1.754591
1.778030
2.029164
1.838302
1.744546
1.811515
1.898575
1.627350
1.788076
1.701016
1.848348
1.778030
1.891878
1.761288
1.600562
1.620653
1.694319
1.654137
1.727803
1.613956
1.734500
1.818212
1.808166
1.861742
1.694319
1.774682
1.774682
1.891878
1.808166
1.727803
1.788076
1.747894
1.804818
1.734500
1.717758
1.784727
1.553684
1.764636
1.881832
1.526896
1.828257
1.563729
1.546987
1.687622
1.680925
1.861742
1.824908
1.798121
1.885181
1.911968
1.922014
1.885181
1.885181
1.875135
1.801469
1.911968
1.942104
1.824908
1.938756
1.814863
1.798121
1.918665
1.861742
1.828257
1.831605
1.824908
1.841651
1.798121
1.764636
1.848348
1.684273
1.767985
1.634046
1.707713
1.734500
1.660834
1.637395
1.704364
1.717758
1.721106
1.741197
1.905271
1.637395
1.597214
1.784727
1.677577
1.757940
1.771333
1.818212
2.039210
1.922014
1.871787
1.948802
1.834954
1.791424
1.834954
1.834954
1.741197
1.838302
1.834954
1.737849
1.784727
1.737849
2.153057
2.005725
1.624001
2.076043
1.898575
1.372867
1.690970
1.677577
1.767985
2.012422
1.861742
1.898575
1.754591
1.844999
1.962195
1.791424
1.757940
1.928711
1.925362
1.781379
1.881832
1.774682
2.129618
1.828257
1.590517
1.918665
1.801469
1.885181
1.771333
1.878484
1.721106
1.865090
1.647440
1.965544
1.811515
1.885181
1.814863
1.754591
1.841651
1.707713
1.727803
1.834954
1.881832
1.938756
1.811515
1.851696
1.834954
1.727803
1.895226
1.908620
1.754591
1.824908
1.767985
1.865090
1.871787
1.834954
1.891878
1.680925
1.881832
1.794772
1.851696
1.721106
1.898575
1.881832
1.831605
1.848348
1.942104
1.861742
1.788076
1.744546
1.824908
1.627350
1.808166
1.767985
1.878484
1.764636
1.744545
1.778030
1.818212
1.744545
1.871787
1.824908
1.895226
1.741197
1.731152
1.858393
1.952150
1.721106
1.747894
1.821560
1.824908
1.741197
1.711061
1.911968
1.871787
1.667531
1.798121
1.834954
1.717758
1.798121
1.804818
1.834954
1.818212
1.761288
1.938756
1.818212
1.834954
1.878484
1.911968
1.865090
1.751243
1.744546
1.831606
1.828257
1.821560
1.767985
1.747894
1.848348
1.804818
1.808166
1.791424
1.794772
1.838302
1.875135
1.841651
1.771333
1.717758
1.808166
1.764636
1.707713
1.630698
1.667531
1.597214
1.624001
1.878484
1.911968
2.025816
2.226723
1.359473
2.022468
1.690970
1.721106
1.881832
1.690970
1.697667
1.821560
1.801469
1.764636
1.851696
1.587168
1.757939
1.801469
1.788076
1.801469
1.620653
1.834954
1.640743
1.593865
1.677577
1.828257
1.831605
1.922014
1.567077
1.687622
1.895226
1.811515
2.082740
1.734500
1.560380
1.788076
1.824908
1.831606
1.814863
1.714409
1.821560
1.747894
1.767985
1.707713
1.767985
1.757939
1.650789
1.855045
1.891878
1.895226
2.166451
1.004537
2.052603
2.297041
1.071506
1.744545
1.567077
1.456578
1.727803
2.005725
1.660834
2.082740
1.292504
1.968892
1.724455
1.968892
1.580471
1.855045
1.593865
1.737849
1.346079
1.644092
1.968892
1.861742
2.059300
1.801469
1.751243
1.647440
1.895226
1.754591
1.865090
1.895226
1.855045
1.948802
1.999028
2.069346
1.978937
1.905272
1.925362
1.905271
2.019119
1.861742
1.925362
1.975589
1.922014
1.875135
1.855045
1.811515
1.968892
1.895226
1.942104
1.858393
1.804818
1.701016
1.794772
1.778030
1.781379
1.955498
1.831605
1.898575
1.932059
1.968892
1.834954
1.804818
1.891878
1.928711
1.650789
1.828257
1.680925
2.045907
1.838302
1.761288
1.858393
1.905272
1.855045
1.811515
1.794772
1.771333
1.747894
1.885181
1.727803
1.868438
1.781379
1.791424
1.888529
1.801469
1.838302
1.908620
1.788076
1.885181
1.804818
1.808166
1.724455
1.751243
1.891878
1.764636
1.754591
1.680925
1.788076
1.764636
1.577123
1.948802
1.774682
1.968892
1.801469
1.804818
1.871787
1.844999
1.925362
1.831605
1.764636
1.844999
1.757939
1.814863
1.824908
1.747894
1.821560
1.888529
1.754591
1.657486
1.701016
1.754591
1.861742
1.811515
1.684273
1.744545
1.834954
1.690970
1.905272
1.721106
1.828257
1.711061
1.831605
1.948802
1.871787
1.690970
1.617304
1.788076
1.761288
1.804818
1.885181
1.824908
1.871787
1.938756
1.875135
1.891878
1.885181
1.838302
1.848348
1.731152
1.868438
1.644092
1.831606
1.851696
1.918665
1.801469
1.935408
1.761288
1.690970
1.824908
1.771333
1.821560
1.734500
1.811515
1.687622
1.905272
1.838302
1.834954
1.711061
1.988983
1.771333
1.861742
1.871787
1.667531
1.958847
1.814863
1.858393
1.948802
1.798121
1.764636
1.771333
1.747894
1.995680
1.858393
1.828257
1.781379
1.801469
1.774682
1.727803
1.881832
1.707713
1.855045
1.724455
1.721106
1.761288
2.009073
1.600562
2.019119
1.573774
1.694319
1.603910
1.791424
1.406351
1.955498
1.684273
1.644092
1.637395
1.647440
1.734500
1.811515
1.871787
1.767985
1.978938
1.727803
1.781379
1.798121
1.831606
1.764636
1.888529
1.848348
1.834954
1.895226
1.855045
1.593865
1.861742
1.871787
1.925362
1.734500
1.734500
1.808166
1.630698
1.788076
1.751243
1.680925
1.784727
1.741197
1.831606
1.647440
1.644092
1.727803
1.627350
1.757940
1.861742
1.801469
1.918665
1.851696
1.895226
1.865090
1.814863
1.754591
1.844999
1.905272
1.818212
1.677577
1.828257
1.724455
1.624001
1.831605
1.915317
1.761288
1.757940
1.838302
1.701016
1.851696
1.831605
1.657486
1.741197
1.798121
1.801469
1.798121
1.794772
1.895226
1.744545
1.888529
1.798121
1.791424
1.838302
1.774682
1.767985
1.774682
1.737849
1.747894
1.664183
1.791424
1.754591
1.734500
1.711061
1.757939
1.613956
1.674228
1.530244
1.908620
2.122921
1.423094
1.721106
1.834954
1.238929
1.520199
1.573774
1.664183
1.724455
1.794772
1.828257
1.821560
1.851696
1.861742
1.844999
1.891878
1.865090
1.995680
2.009074
1.932059
1.831606
1.911968
1.972241
2.002377
1.838302
1.838302
1.821560
1.774682
1.788076
1.784727
1.798121
1.734500
1.891878
1.935408
1.794772
1.784727
1.978938
1.824908
1.761288
1.781379
1.808166
1.801469
1.901923
1.985634
1.861742
1.888529
1.888529
1.788076
1.821560
1.814863
1.848348
1.771333
1.804818
1.731152
1.687622
1.901923
1.577123
1.674228
1.727803
1.811515
1.660834
1.694319
1.757939
1.664183
1.536941
1.553684
1.747894
1.573774
1.844999
1.875135
1.687622
1.741197
1.814863
1.948802
1.858393
1.771333
1.875135
1.958847
1.918665
1.905272
1.868438
1.818212
1.831605
1.791424
1.680925
1.811515
1.945453
1.821560
1.908620
1.875135
1.875135
1.801469
1.821560
1.844999
1.898575
1.855045
1.680925
1.811515
1.875135
1.811515
1.925362
1.821560
1.861742
1.751243
1.634047
1.918665
1.788076
1.855045
1.828257
1.704364
1.717758
1.754591
2.019119
1.841651
1.888529
1.737849
1.885181
1.731152
1.734500
1.834954
1.707713
1.727803
1.767985
1.717758
1.704364
1.613956
1.711061
1.684273
1.858393
1.670880
1.767985
2.129618
2.209981
1.523548
1.935408
1.329337
1.449881
1.674228
1.503457
1.613956
1.687622
1.804818
1.814863
1.724455
1.861742
1.942104
1.908620
1.767985
1.948802
1.878484
1.928711
1.965544
1.680925
1.707713
1.824908
1.891878
1.855045
1.814863
1.841651
1.811515
1.841651
1.901923
1.861742
1.881832
1.988983
1.727803
1.945453
1.838302
1.697667
1.754591
1.851696
1.885181
1.828257
1.851696
1.975589
1.848348
1.885181
1.952150
1.895226
1.811515
1.798121
1.888529
1.821560
1.697667
1.915317
1.687622
1.727803
1.603910
1.814863
1.744546
1.677577
1.744546
1.721107
1.721106
1.764636
1.690970
1.767985
1.634047
1.680925
1.788076
1.560381
1.526896
1.704364
1.801469
1.744546
1.878484
1.851696
1.948802
1.814863
1.804818
1.855045
1.901923
1.757940
1.821560
1.858393
1.818212
1.868438
1.834954
1.778030
1.791424
1.727803
1.868438
1.928711
1.908620
1.788076
1.915317
1.821560
1.811515
1.744546
1.848348
1.908620
1.788076
1.818212
1.855045
1.781379
1.761288
1.711061
1.724455
1.801469
1.778030
1.788076
1.761288
1.801469
1.891878
1.834954
1.778030
1.804818
1.818212
1.831605
1.778030
1.791424
1.724455
1.818212
1.570426
1.707713
1.637395
1.697667
1.697667
1.607259
1.670880
1.704364
1.644092
1.717758
1.724455
1.952150
2.069346
1.513502
1.687622
1.593865
1.731152
1.932059
1.844999
1.865090
1.784727
1.798121
1.938756
1.764636
1.865090
1.855045
1.888529
1.942104
1.868438
1.928711
1.972241
1.821560
1.814863
1.627350
1.891878
1.972241
1.788076
1.814863
1.995680
1.741197
1.841651
1.901923
1.717758
1.824908
1.855045
1.881832
1.818212
1.674228
1.701016
1.841651
1.784727
1.948802
1.781379
1.747894
1.704364
1.838302
1.834954
1.744546
1.911968
1.885181
2.059300
1.670879
1.690970
1.831606
1.553684
1.911968
1.597213
1.674228
1.546987
1.624001
1.727803
1.798121
1.694319
1.704364
2.049255
1.433139
2.122921
1.423094
1.737849
2.019119
1.627350
1.513502
1.587168
1.724455
1.751243
1.798121
1.905272
1.858393
1.922014
1.911968
1.851696
1.905272
2.002377
1.841651
1.851696
1.831605
1.958847
1.828257
1.868438
1.744546
1.895226
1.972241
1.888529
1.838302
1.798121
1.922014
1.881832
1.911968
1.781379
1.791424
1.794772
1.791424
1.724455
1.861742
1.687622
1.824908
1.764636
1.784727
1.747894
1.804818
1.885181
1.610608
1.855045
1.811515
1.724455
1.831606
1.751243
1.794772
1.858393
1.858393
1.788076
1.754591
1.650789
1.714409
1.714409
1.680925
1.617304
1.573774
1.660834
1.757939
1.808166
1.657486
2.072694
1.459927
1.838302
1.496760
1.593865
1.747894
1.818212
1.767985
1.928711
1.794772
1.808166
1.925362
1.821560
1.861742
1.871787
2.065997
1.801469
1.788076
1.841651
1.767985
1.868438
1.767985
1.922014
1.821560
1.774682
1.878484
1.938756
1.794772
1.975589
1.975589
1.928711
1.781379
1.908620
1.774682
1.794772
1.844999
1.881832
1.818212
1.784727
1.801469
1.844999
1.747894
1.788076
1.895226
1.821560
1.828257
1.811515
1.791424
1.801469
1.751243
1.754591
1.818212
1.834954
1.630698
1.747894
1.778030
1.654137
1.701016
1.711061
1.707713
1.624001
1.727803
1.747894
1.764636
1.724455
1.985634
1.717758
1.714409
1.694319
1.761288
1.811515
1.918665
1.952150
1.885181
1.858393
1.908620
1.955498
1.911968
1.885181
1.871787
1.925362
1.757940
1.901923
1.855045
1.935408
1.791424
1.734500
1.932059
1.995680
1.657486
1.821560
1.948802
1.868438
1.697667
1.861742
1.888529
1.784727
1.834954
1.811515
1.778030
1.868438
1.724455
1.811515
1.855045
1.791424
1.838302
1.804818
1.804818
1.878484
1.757939
1.754591
1.791424
1.844999
1.844999
1.757939
1.844999
1.717758
1.818212
1.737849
1.838302
1.697667
1.861742
1.707713
1.868438
1.868438
1.858393
1.808166
1.767985
1.794772
1.878484
1.731152
1.818212
1.781379
1.791424
1.851696
1.831605
1.764636
1.788076
1.895226
1.848348
1.721106
1.811515
1.828257
1.905272
1.761288
1.925362
1.922014
1.798121
1.751243
1.761288
1.901923
1.707713
1.801469
1.848348
1.781379
1.881832
1.694319
1.784727
1.804818
1.972241
1.804818
1.828257
1.828257
1.687622
1.975589
1.828257
1.948802
1.778030
1.811515
1.804818
1.828257
1.831606
1.707713
1.922014
1.834954
1.664183
1.804818
1.881832
1.848348
1.808166
1.778030
1.694319
1.811515
1.945453
1.831606
1.724455
1.824908
1.965544
1.821560
1.818211
1.687622
1.834954
1.958847
1.798121
1.737849
1.798121
1.885181
1.784727
1.818211
1.838302
1.804818
1.851696
1.958847
1.804818
1.828257
1.767985
1.707713
1.694319
1.861742
1.801469
1.855045
1.764636
1.781379
1.824908
1.948802
1.791424
1.808166
1.851696
1.814863
1.865090
1.808166
1.764636
1.788076
1.821560
1.731152
1.818211
1.841651
1.808166
1.761288
1.727803
1.844999
1.865090
1.804818
1.911968
1.711061
1.838302
1.734500
1.875135
1.704364
1.741197
1.751243
1.821560
1.677577
1.724455
1.757940
1.824908
1.737849
1.982286
1.811515
1.871787
1.801469
1.844999
1.798121
1.821560
1.801469
1.757939
1.988983
1.727803
1.905271
1.871787
1.901923
1.647440
1.861742
1.958847
1.901923
1.871787
1.701016
1.814863
1.871787
1.794772
1.834954
1.881832
1.778030
1.794772
1.744545
1.754591
1.841651
1.878484
1.717758
1.871787
1.788076
1.922014
1.828257
1.911968
1.871787
1.895226
1.677577
1.737849
1.878484
1.771333
1.808166
1.834954
1.711061
1.901923
1.767985
1.922014
2.015770
1.781379
1.778030
1.677577
1.690970
1.794772
1.771333
1.808166
1.778030
1.744546
1.875135
1.821560
1.962195
1.891878
1.891878
1.798121
1.831606
1.764636
1.774682
1.744545
1.741197
1.714409
1.831605
1.878484
1.814863
1.858393
1.791424
1.727803
1.901923
1.767985
1.798121
1.744545
1.958847
1.791424
1.781379
1.714409
1.808166
1.978938
1.868438
1.788076
1.788076
1.975589
1.922014
1.808166
1.724455
1.808166
1.721106
1.801469
1.657486
1.734500
1.771333
1.834954
1.774682
1.828257
1.767985
1.875135
1.824908
1.697667
1.888529
1.757939
1.865090
1.794772
1.824908
1.721106
1.891878
1.985634
1.771333
1.922014
1.757939
2.109527
1.818212
1.724455
1.834954
1.915317
1.988983
1.871787
1.690970
1.734500
1.771333
1.965544
1.838302
2.019119
1.865090
1.798121
1.834954
1.868438
1.798121
1.617304
1.771333
1.965544
1.911968
1.714409
1.784727
1.711061
1.701016
2.025816
1.731152
1.841651
1.828257
1.865090
1.754591
1.798121
1.935408
1.670879
1.878484
1.831606
1.898575
1.791424
1.784727
1.948802
1.995680
1.788076
1.932059
1.670879
1.831606
1.861742
1.778030
1.751243
1.885181
1.828257
1.784727
1.824908
1.808166
1.801469
1.901923
1.838302
1.741197
1.751243
1.791424
1.794772
1.771333
1.858393
1.644092
1.834954
1.821560
1.831606
1.694319
1.908620
1.794772
1.771333
1.751243
1.885181
1.865090
1.851696
1.774682
1.888529
1.741197
1.744545
1.737849
1.784727
1.717758
1.871787
1.697667
1.848348
1.844999
1.844999
1.761288
1.757940
1.891878
1.982286
2.019119
1.660834
1.771333
1.905272
1.734500
1.788076
1.811515
1.811515
1.761288
1.844999
1.711061
1.764636
1.868438
1.918665
1.727803
1.771333
1.911968
1.821560
1.771333
1.694319
1.875135
1.677577
1.911968
1.885181
1.915317
1.724455
1.654137
1.888529
1.844999
1.757939
2.096133
1.791424
1.918665
1.871787
1.757940
1.828257
1.818212
1.895226
1.808166
1.727803
1.761288
1.781379
1.781379
1.808166
1.828257
1.811515
1.821560
1.637395
1.891878
1.828257
1.881832
1.905272
1.878484
1.965544
1.794772
1.838302
1.794772
1.851696
1.704364
1.821560
1.968892
1.731152
1.788076
1.784727
1.660834
1.731152
1.727803
1.885181
1.741197
1.891878
0.000000
0.000000
0.000000
0.000000
0.000000
0.000000
0.000000
0.000000
0.000000
0.000000
0.000000
0.000000
0.000000
0.000000
0.000000
0.000000
0.000000
0.000000
0.000000
0.000000
0.000000
0.000000
0.000000
0.000000
0.000000
0.000000
0.000000
0.000000
0.000000
0.000000
0.000000
0.000000
0.000000
0.000000
0.000000
0.000000
0.000000
0.000000
0.000000
0.000000
0.000000
0.000000
0.000000
0.000000
0.000000
0.000000
0.000000
0.000000
0.000000
0.000000
0.000000
0.000000
0.000000
0.000000
0.000000
0.000000
0.000000
0.000000
0.000000
0.000000
0.000000
0.000000
0.000000
0.000000
0.000000
0.000000
0.000000
0.000000
0.000000
0.000000
0.000000
0.000000
0.000000
0.000000
0.000000
0.000000
0.000000
0.000000
0.000000
0.000000
0.000000
0.000000
0.000000
0.000000
0.000000
0.000000
0.000000
0.000000
0.000000
0.000000
0.000000
0.000000
0.000000
0.000000
0.000000
0.000000
0.000000
0.000000
0.000000
0.000000
0.000000
0.000000
0.000000
0.000000
0.000000
0.000000
0.000000
0.000000
0.000000
0.000000
0.000000
0.000000
0.000000
0.000000
0.000000
0.000000
0.000000
0.000000
0.000000
0.000000
0.000000
0.000000
0.000000
0.000000
0.000000
0.000000
0.000000
0.000000
0.000000
0.000000
0.000000
0.000000
0.000000
0.000000
0.000000
0.000000
0.000000
0.000000
0.000000
0.000000
0.000000
0.000000
0.000000
0.000000
0.000000
0.000000
0.000000
0.000000
0.000000
0.000000
0.000000
0.000000
0.000000
0.000000
0.000000
0.000000
0.000000
0.000000
0.000000
0.000000
0.000000
0.000000
0.000000
0.000000
0.000000
0.000000
0.000000
0.000000
0.000000
0.000000
0.000000
0.000000
0.000000
0.000000
0.000000
0.000000
0.000000
0.000000
0.000000
0.000000
0.000000
0.000000
0.000000
0.000000
0.000000
0.000000
0.000000
0.000000
0.000000
0.000000
0.000000
0.000000
0.000000
0.000000
0.000000
0.000000
0.000000
0.000000
0.000000
0.000000
0.000000
0.000000
0.000000
0.000000
0.000000
0.000000
0.000000
0.000000
0.000000
0.000000
0.000000
0.000000
0.000000
0.000000
0.000000
0.000000
0.000000
0.000000
0.000000
0.000000
0.000000
0.000000
0.000000
0.000000
0.000000
0.000000
0.000000
0.000000
0.000000
0.000000
0.000000
0.000000
0.000000
0.000000
0.000000
0.000000
0.000000
0.000000
0.000000
0.000000
0.000000
0.000000
0.000000
0.000000
0.000000
0.000000
0.000000
0.000000
0.000000
0.000000
0.000000
0.000000
0.000000
0.000000
0.000000
0.000000
0.000000
0.000000
0.000000
0.000000
0.000000
0.000000
0.000000
0.000000
0.000000
0.000000
0.000000
0.000000
0.000000
0.000000
0.000000
0.000000
0.000000
0.000000
0.000000
0.000000
0.000000
0.000000
0.000000
0.000000
0.000000
0.000000
0.000000
0.000000
0.000000
0.000000
0.000000
0.000000
0.000000
0.000000
0.000000
0.000000
0.000000
0.000000
0.000000
0.000000
0.000000
0.000000
0.000000
0.000000
0.000000
0.000000
0.000000
0.000000
0.000000
0.000000
0.000000
0.000000
0.000000
0.000000
0.000000
0.000000
0.000000
0.000000
0.000000
0.000000
0.000000
0.000000
0.000000
0.000000
0.000000
0.000000
0.000000
0.000000
0.000000
0.000000
0.000000
0.000000
0.000000
0.000000
0.000000
0.000000
0.000000
0.000000
0.000000
0.000000
0.000000
0.000000
0.000000
0.000000
0.000000
0.000000
0.000000
0.000000
0.000000
0.000000
0.000000
0.000000
0.000000
0.000000
0.000000
0.000000
0.000000
0.000000
0.000000
0.000000
0.000000
0.000000
0.000000
0.000000
0.000000
0.000000
0.000000
0.000000
0.000000
0.000000
0.000000
0.000000
0.000000
0.000000
0.000000
0.000000
0.000000
0.000000
0.000000
0.000000
0.000000
0.000000
0.000000
0.000000
0.000000
0.000000
0.000000
0.000000
0.000000
0.000000
0.000000
0.000000
0.000000
0.000000
0.000000
0.000000
0.000000
0.000000
0.000000
0.000000
0.000000
0.000000
0.000000
0.000000
0.000000
0.000000
0.000000
0.000000
0.000000
0.000000
0.000000
0.000000
0.000000
0.000000
0.000000
0.000000
0.000000
0.000000
0.000000
0.000000
0.000000
0.000000
0.000000
0.000000
0.000000
0.000000
0.000000
0.000000
0.000000
0.000000
0.000000
0.000000
0.000000
0.000000
0.000000
0.000000
0.000000
0.000000
0.000000
0.000000
0.000000
0.000000
0.000000
0.000000
0.000000
0.000000
0.000000
0.000000
0.000000
0.000000
0.000000
0.000000
0.000000
0.000000
0.000000
0.000000
0.000000
0.000000
0.000000
0.000000
0.000000
0.000000
0.000000
0.000000
0.000000
0.000000
0.000000
0.000000
0.000000
0.000000
0.000000
0.000000
0.000000
0.000000
0.000000
0.000000
0.000000
0.000000
0.000000
0.000000
0.000000
0.000000
0.000000
0.000000
0.000000
0.000000
0.000000
0.000000
0.000000
0.000000
0.000000
0.000000
0.000000
0.000000
0.000000
0.000000
0.000000
0.000000
0.000000
0.000000
0.000000
0.000000
0.000000
0.000000
0.000000
0.000000
0.000000
0.000000
0.000000
0.000000
0.000000
0.000000
0.000000
0.000000
0.000000
0.000000
0.000000
0.000000
0.000000
0.000000
0.000000
0.000000
0.000000
0.000000
0.000000
0.000000
0.000000
0.000000
0.000000
0.000000
0.000000
0.000000
0.000000
0.000000
0.000000
0.000000
0.000000
0.000000
0.000000
0.000000
0.000000
0.000000
0.000000
0.000000
0.000000
0.000000
0.000000
0.000000
0.000000
0.000000
0.000000
0.000000
0.000000
0.000000
0.000000
0.000000
0.000000
0.000000
0.000000
0.000000
0.000000
0.000000
0.000000
0.000000
0.000000
0.000000
0.000000
0.000000
0.000000
0.000000
0.000000
0.000000
0.000000
0.000000
0.000000
0.000000
0.000000
0.000000
0.000000
0.000000
0.000000
0.000000
0.000000
0.000000
0.000000
0.000000
0.000000
0.000000
0.000000
0.000000
0.000000
0.000000
0.000000
0.000000
0.000000
0.000000
0.000000
0.000000
0.000000
0.000000
0.000000
0.000000
0.000000
0.000000
0.000000
0.000000
0.000000
0.000000
0.000000
0.000000
0.000000
0.000000
0.000000
0.000000
0.000000
0.000000
0.000000
0.000000
0.000000
0.000000
0.000000
0.000000
0.000000
0.000000
0.000000
0.000000
0.000000
0.000000
0.000000
0.000000
0.000000
0.000000
