10.707145
10.792226
10.366819
10.317736
10.428994
10.690784
10.733324
10.746412
10.772592
10.258832
10.648242
10.435539
10.788954
10.644970
10.736596
10.635153
10.464991
10.608974
10.563161
10.700601
10.710417
10.713689
10.667876
10.311190
10.540255
10.419178
10.726779
10.618793
10.867491
10.707145
10.432266
10.510802
10.478080
10.576250
10.710417
10.883852
10.716962
10.196657
10.442085
10.612247
10.569705
10.553344
10.870763
10.707145
10.213018
10.471536
10.612246
10.540255
10.680966
10.759502
10.576251
10.435539
10.409360
10.458445
10.618792
10.654787
10.821677
10.566433
10.288283
10.500986
10.445356
10.612247
10.828221
10.687510
10.687510
10.294828
10.458447
10.334097
10.641697
10.710417
10.716961
10.586068
10.412633
10.343914
10.409360
10.644970
10.700600
10.772592
10.569706
10.425722
10.298100
10.448628
10.592611
10.687511
10.710417
10.589340
10.438812
10.556616
10.461718
10.671149
10.651515
10.677694
10.674421
10.190112
10.536983
10.464991
10.710417
10.726779
10.680965
10.690783
10.445356
10.393000
10.487897
10.572978
10.720234
10.831494
10.458446
10.442083
10.484625
10.523892
10.559889
10.716962
10.821676
10.615519
10.471535
10.393000
10.497714
10.680965
10.710418
10.756230
10.510803
10.281739
10.559889
10.631881
10.644970
10.749685
10.576250
10.641697
10.340641
10.399544
10.540255
10.563161
10.654787
10.828222
10.517348
10.379910
10.363547
10.409361
10.625336
10.680966
10.707145
10.579523
10.576250
10.497714
10.451902
10.566434
10.782409
10.710417
10.628608
10.327551
10.402816
10.536983
10.595884
10.690783
10.893669
10.399544
10.294828
10.520621
10.435540
10.733324
10.700600
10.595885
10.697329
10.291556
10.455173
10.536983
10.497714
10.739868
10.792226
10.582794
10.474807
10.343914
10.550071
10.612247
10.733324
10.844584
10.510803
10.347186
10.412633
10.334097
10.687510
10.766048
10.779137
10.392999
10.340641
10.464991
10.553345
10.622064
10.788953
10.618792
10.527164
10.350458
10.468264
10.406088
10.592613
10.805316
10.769319
10.464991
10.386454
10.474809
10.438812
10.569706
10.782410
10.713690
10.458446
10.360275
10.275195
10.517348
10.684238
10.746413
10.700601
10.523892
10.589339
10.415905
10.458447
10.582795
10.438812
10.608974
10.533710
10.618791
10.658059
10.527165
10.455173
10.366820
10.533710
10.667876
10.271921
10.317735
10.474808
10.599156
10.608974
10.111576
10.481352
10.271922
10.432267
10.550072
10.137755
10.334096
10.337369
10.484624
10.517348
10.271921
10.517348
10.285011
10.664604
10.340642
10.245743
10.350457
10.474808
10.546800
10.334096
10.239199
10.965661
10.451901
10.569706
10.716963
10.373365
10.494441
10.366820
10.487898
10.608974
10.854401
10.766047
10.625337
10.749685
10.664604
10.556617
10.834766
10.916574
10.638425
10.553344
10.703873
10.690783
10.468263
10.651515
10.690783
10.739868
10.671149
10.622064
10.651515
10.546800
10.536983
10.880579
10.422451
10.622065
10.635154
10.615520
10.576251
10.671148
10.595884
10.514075
10.550072
10.710418
10.599157
10.559889
10.572978
10.520620
10.386454
10.628609
10.654787
10.536983
10.576250
10.527165
10.608974
10.438811
10.631881
10.432266
10.641698
10.687510
10.559889
10.586068
10.478080
10.533710
10.671150
10.582795
10.625336
10.602429
10.442083
10.464990
10.631881
10.586068
10.622065
10.608974
10.481353
10.517347
10.432266
10.556617
10.579523
10.651515
10.527166
10.422450
10.582795
10.514076
10.530437
10.595884
10.530437
10.536982
10.677693
10.520620
10.409360
10.546800
10.631881
10.635153
10.589340
10.556617
10.471536
10.622064
10.500986
10.730051
10.559889
10.563162
10.520621
10.504258
10.448629
10.651514
10.595884
10.651515
10.484625
10.559889
10.428995
10.553344
10.736596
10.664604
10.572978
10.517347
10.618792
10.536983
10.533710
10.330824
10.409361
10.357002
10.500986
10.530437
10.658059
10.661331
10.543528
10.507531
10.347186
10.484625
10.625336
10.586067
10.412633
10.415906
10.602429
10.697329
10.592612
10.357003
10.491170
10.455173
10.582795
10.661332
10.576250
10.648243
10.536983
10.612247
10.451901
10.504259
10.569705
10.540256
10.334096
10.458446
10.690783
10.631881
10.451901
10.406088
10.360275
10.487897
10.628609
10.700601
10.788954
10.556617
10.373365
10.517348
10.347186
10.631881
10.775865
10.658060
10.651515
10.330824
10.442084
10.595884
10.599156
10.720234
10.762775
10.762774
10.406089
10.396272
10.425723
10.661332
10.707144
10.739868
10.671149
10.327552
10.550072
10.373364
10.674421
10.589340
10.792226
10.553344
10.455173
10.396271
10.353730
10.615519
10.802043
10.674421
10.690784
10.232654
10.500986
10.432267
10.766047
10.566433
10.874035
10.641697
10.481352
10.353731
10.517348
10.510803
10.716962
10.697329
10.553344
10.432267
10.383182
10.520620
10.543528
10.608974
10.654787
10.684238
10.386454
10.311189
10.497714
10.523893
10.720234
10.635153
10.752958
10.301373
10.373364
10.353731
10.628608
10.746412
10.605702
10.664604
10.422450
10.239198
10.671149
10.448628
10.667877
10.661332
10.586068
10.347187
10.478080
10.644971
10.527166
10.847856
10.694055
10.546800
10.186840
10.370093
10.661332
10.658059
10.592612
10.707145
10.586067
10.442084
10.298101
10.651515
10.527165
10.726779
10.651514
10.608974
10.376637
10.442084
10.435539
10.641698
10.628609
10.599156
10.631881
10.520620
10.216292
10.641697
10.628609
10.635154
10.599156
10.612246
10.514075
10.461718
10.432267
10.661331
10.648242
10.576251
10.677693
10.540255
10.242471
10.710417
10.605701
10.644970
10.658059
10.514075
10.425722
10.569705
10.523893
10.749684
10.563161
10.500986
10.638425
10.504259
10.415905
10.586067
10.697328
10.523893
10.661332
10.641699
10.412633
10.415905
10.566434
10.497713
10.625337
10.687510
10.478080
10.713690
10.432267
10.589340
10.464991
10.743141
10.556616
10.478080
10.592612
10.363547
10.491170
10.661331
10.582795
10.553344
10.514076
10.553344
10.435538
10.576251
10.599156
10.628609
10.546800
10.527164
10.595884
10.510803
10.628609
10.631881
10.527165
10.635153
10.612247
10.608974
10.497713
10.481352
10.746412
10.523893
10.536982
10.592612
10.530437
10.474808
10.468263
10.569706
10.559889
10.396271
10.592612
10.595884
10.520620
10.523892
10.530438
10.419177
10.543528
10.559889
10.674421
10.576250
10.399545
10.582795
10.451901
10.507531
10.605702
10.815132
10.622064
10.383183
10.644970
10.569706
10.497714
10.746413
10.654788
10.644970
10.353730
10.612247
10.582796
10.510803
10.586068
10.739869
10.582796
10.641698
10.510803
10.468263
10.520620
10.448628
10.677693
10.690783
10.497713
10.582795
10.366819
10.432268
10.530438
10.700601
10.677694
10.442084
10.438812
10.500986
10.487896
10.497715
10.805316
10.782410
10.461718
10.615519
10.399544
10.451901
10.530437
10.851129
10.772593
10.451901
10.556617
10.484624
10.409360
10.569706
10.710417
10.707145
10.582795
10.402816
10.422450
10.425722
10.451900
10.644971
10.726778
10.481353
10.461718
10.550072
10.514076
10.756230
10.824949
10.815133
10.612247
10.471536
10.252287
10.321007
10.566433
10.592612
10.530437
10.517348
10.481352
10.746413
10.520619
10.317735
10.455173
10.389728
10.510804
10.147572
10.340641
10.366819
10.556617
10.553344
10.304646
10.353730
10.360275
10.559889
10.556617
10.553344
10.337368
10.294828
10.631881
10.500986
10.471535
10.474808
10.438811
10.566433
10.641698
10.451900
10.680965
10.618792
10.556617
10.566434
10.792226
10.932938
10.478081
10.556616
10.566433
10.543528
10.651515
10.834766
10.831494
10.671149
10.520620
10.461718
10.500987
10.716962
10.743140
10.782409
10.805315
10.530437
10.370092
10.566433
10.520620
10.785682
10.815132
10.749686
10.563162
10.435539
10.451901
10.592612
10.697328
10.720235
10.739868
10.474808
10.317734
10.425722
10.687510
10.743140
10.743140
10.631880
10.523892
10.494441
10.396272
10.579523
10.684239
10.962388
10.468263
10.608974
10.363548
10.474807
10.622063
10.680966
10.648243
10.648242
10.412633
10.428995
10.491170
10.608974
10.713689
10.654786
10.690784
10.294828
10.419177
10.422450
10.589340
10.569706
10.762774
10.687510
10.383182
10.334097
10.422450
10.569706
10.759502
10.707145
10.536983
10.406089
10.363547
10.399544
10.487897
10.824949
10.697328
10.455173
10.514075
10.314462
10.471536
10.667877
10.671149
10.700600
10.615520
10.474808
10.451901
10.353730
10.694056
10.586068
10.795498
10.576251
10.514075
10.468264
10.363548
10.556616
10.664604
10.667877
10.694056
10.415906
10.396271
10.448628
10.608974
10.579523
10.788954
10.684238
10.399544
10.491170
10.392999
10.569706
10.671148
10.824949
10.536982
10.399544
10.379910
10.481352
10.464991
10.638426
10.916575
10.464991
10.553345
10.376637
10.422449
10.357002
10.533710
10.605701
10.370092
10.330824
10.425723
10.255560
10.641698
10.635154
10.631880
10.520620
10.458446
10.396272
10.399544
10.582795
10.710417
10.733324
10.648243
10.563161
10.527164
10.383182
10.644970
10.713690
10.648242
10.739868
10.438811
10.533710
10.340642
10.713690
10.661331
10.857674
10.471536
10.451900
10.540256
10.402817
10.579523
10.752958
10.671149
10.563161
10.438811
10.409361
10.386455
10.654787
10.824949
10.782409
10.543528
10.468263
10.448628
10.566433
10.451901
10.736595
10.615519
10.592611
10.249015
10.330824
10.468263
10.520620
10.707146
10.703872
10.595885
10.461718
10.487897
10.615519
10.500986
10.641697
10.582796
10.599156
10.631881
10.442084
10.422449
10.628608
10.671149
10.451901
10.533710
10.631882
10.730051
10.625336
10.435539
10.487898
10.451900
10.432267
10.743140
10.618792
10.752958
10.422450
10.360275
10.366820
10.507532
10.707146
10.671148
10.654787
10.671149
10.291555
10.412634
10.559889
10.736596
10.497713
10.667877
10.533710
10.703873
10.644970
10.379910
10.514076
10.569706
10.520620
10.494442
10.736596
10.648242
10.478080
10.392999
10.370092
10.556618
10.589340
10.651515
10.867491
10.674421
10.311190
10.419178
10.376637
10.684238
10.733324
10.638426
10.445357
10.703873
10.425722
10.386455
10.625336
10.618791
10.514075
10.553345
10.644971
10.739868
10.527165
10.291556
10.474808
10.494442
10.504259
10.599157
10.716962
10.697329
10.468263
10.311190
10.461719
10.625336
10.615520
10.595885
10.710417
10.697328
10.471535
10.314462
10.451901
10.677693
10.586068
10.586068
10.589340
10.631881
10.536982
10.366819
10.631880
10.366820
10.500986
10.615519
10.726779
10.847857
10.540255
10.425722
10.422450
10.471536
10.690784
10.674421
10.752957
10.569706
10.471535
10.245743
10.494442
10.690784
10.478081
10.680965
10.586067
10.664604
10.399544
10.386455
10.618791
10.533710
10.546800
10.504259
10.615520
10.697328
10.517348
10.451901
10.556616
10.419178
10.461718
10.687510
10.648242
10.834767
10.514076
10.291555
10.399543
10.615520
10.641698
10.572978
10.707144
10.687510
10.399544
10.353730
10.478081
10.736596
10.523893
10.533710
10.586067
10.608974
10.605701
10.438812
10.576251
10.517349
10.523892
10.563162
10.576251
10.782409
10.510803
10.373364
10.576251
10.438811
10.661332
10.658059
10.707145
10.536983
10.451900
10.340641
10.759502
10.550072
10.684238
10.625336
10.658060
10.458446
10.389726
10.572978
10.487896
10.553345
10.471535
10.451900
10.638425
10.540255
10.671148
10.347186
10.428994
10.589340
10.569706
10.631880
10.746413
10.608974
10.553345
10.203202
10.383182
10.671148
10.667877
10.680965
10.586067
10.553344
10.514075
10.481353
10.517347
10.605702
10.651516
10.419178
10.687510
10.625336
10.520621
10.530438
10.517348
10.497714
10.442084
10.540255
10.782410
10.766047
10.576251
10.229383
10.474808
10.504259
10.628608
10.641697
10.730052
10.628608
10.471536
10.222836
10.664605
10.572978
10.487897
10.605702
10.517348
10.579523
10.258832
10.520621
10.599157
10.756230
10.576250
10.608974
10.500986
10.500987
10.595884
10.625336
10.625336
10.608974
10.520620
10.599157
10.343914
10.599157
10.622064
10.641698
10.599157
10.553344
10.409361
10.428995
10.527165
10.576250
10.550072
10.615519
10.500987
10.635153
10.314462
10.523892
10.536983
10.739868
10.651515
10.484625
10.625336
10.321008
10.445356
10.677693
10.648243
10.602428
10.599156
10.543527
10.455173
10.690784
10.497714
10.579523
10.533710
10.383182
10.285011
10.379910
10.402816
10.569706
10.523893
10.510804
10.671148
10.514076
10.455173
10.487897
10.759502
10.622064
10.586067
10.569707
10.510803
10.474808
10.543527
10.540255
10.726779
10.638424
10.612247
10.553344
10.334097
10.798770
10.608974
10.746413
10.792226
10.566434
10.298100
10.386454
10.533710
10.864218
10.121393
11.155457
10.762774
10.415905
11.279806
10.088670
10.127937
10.101759
10.082125
10.311190
10.428995
10.579524
10.713689
10.343913
10.458446
10.484625
10.494442
10.792227
10.883852
10.540255
10.507531
10.631881
10.510803
10.566435
10.615519
10.893669
10.504259
10.556616
10.628608
10.543527
10.612247
10.716962
10.762774
10.572979
10.658060
10.556616
10.491170
10.572978
10.631881
10.805315
10.556616
10.671148
10.517347
10.442084
10.579523
10.651515
10.769320
10.514075
10.605702
10.563162
10.464990
10.641697
10.756229
10.595884
10.494442
10.510803
10.628608
10.533710
10.576250
10.595885
10.546800
10.579522
10.726779
10.550072
10.569706
10.595884
10.726779
10.530437
10.494442
10.641698
10.661332
10.373364
10.631881
10.716962
10.569706
10.497714
10.602429
10.507531
10.553344
10.680966
10.605701
10.392999
10.654787
10.553345
10.481353
10.510803
10.592612
10.605701
10.638425
10.438812
10.595885
10.550072
10.435540
10.566433
10.658060
10.527166
10.533710
10.523893
10.510804
10.589341
10.677694
10.550072
10.445357
10.235926
10.569706
10.644970
10.451901
10.530437
10.628609
10.425722
10.392999
10.550072
10.478080
10.474808
10.491169
10.527164
10.520620
10.298100
10.566433
10.582795
10.589340
10.628609
10.707145
10.458446
10.324279
10.533710
10.517348
10.474808
10.500986
10.726779
10.576251
10.406089
10.517348
10.602429
10.559889
10.546800
10.615520
10.517348
10.631881
10.579523
10.504259
10.592612
10.579523
10.455173
10.438812
10.464991
10.723506
10.775864
10.697328
10.278466
10.658058
10.464991
10.595884
10.664604
10.468264
10.343914
10.726779
10.592611
10.664604
10.749685
10.301373
10.468264
10.412633
10.759501
10.641698
10.631881
10.517348
10.514075
10.517348
10.697328
10.638426
10.330824
10.710417
10.586067
10.631881
10.654787
10.618792
10.478080
10.288282
10.455173
10.556617
10.638426
10.687510
10.766047
10.415905
10.471536
10.373364
10.514076
10.684239
10.723506
10.736596
10.370092
10.392999
10.396271
10.527165
10.697329
10.779137
10.612247
10.445355
10.392999
10.337368
10.494442
10.756230
10.733324
10.422449
10.536983
10.464990
10.321007
10.415905
10.680965
10.589340
10.782410
10.373364
10.487898
10.392999
10.393000
10.733323
10.687511
10.811860
10.409360
10.386454
10.478080
10.432268
10.851129
10.671148
10.671149
10.474807
10.412633
10.458447
10.393000
10.733324
10.847857
10.658059
10.393000
10.572979
10.376637
10.396271
10.769320
10.772592
10.523893
10.500987
10.432266
10.379909
10.383182
10.841311
10.648243
10.667877
10.442083
10.363547
10.425723
10.448629
10.608974
10.736596
10.612247
10.393000
10.468264
10.464991
10.448628
10.716962
10.713690
10.559889
10.484625
10.415906
10.412632
10.468262
10.759502
10.674421
10.661332
10.373365
10.448628
10.471535
10.458447
10.700601
10.802044
10.566433
10.487897
10.478081
10.458446
10.582795
10.687511
10.703873
10.664604
10.409361
10.543528
10.510803
10.419178
10.677693
10.697328
10.576251
10.487896
10.425722
10.422450
10.455173
10.775865
10.648243
10.730051
10.415905
10.366819
10.520620
10.507531
10.631881
10.802043
10.572977
10.556617
10.504259
10.422451
10.491169
10.674420
10.687510
10.579522
10.589340
10.579523
10.628609
10.756229
10.428995
10.412634
10.641697
10.651515
10.775865
10.782409
10.523892
10.353730
10.517349
10.540255
10.605701
10.720234
10.474808
10.504259
10.674421
10.458446
10.536983
10.674422
10.249016
10.900214
10.625336
10.559889
10.736596
10.644970
10.393000
10.376637
10.451901
10.641698
10.559890
10.514075
10.543528
10.386454
10.366819
10.392999
10.576251
10.739868
10.484625
10.517347
10.546800
10.576251
10.612247
10.396271
10.451901
10.432267
10.500987
10.651514
10.697328
10.752957
10.697329
10.350458
10.343913
10.530437
10.569706
10.641697
10.707145
10.622064
10.324279
10.458445
10.366820
10.667876
10.762775
10.766047
10.484625
10.523893
10.559889
10.517348
10.586068
10.720235
10.543527
10.661331
10.556617
10.579522
10.792227
10.523893
10.278467
10.533710
10.553345
10.687510
10.805315
10.504259
10.494442
10.494442
10.546800
10.520620
10.769320
10.769320
10.579523
10.392998
10.412633
10.438812
10.625336
10.703873
10.684238
10.687511
10.464991
10.262104
10.366820
10.733324
10.612246
10.589339
10.514075
10.540255
10.582795
10.468264
10.687510
10.474807
10.392999
10.530437
10.664604
10.723507
10.795498
10.478079
10.445356
10.425722
10.392999
10.550072
10.785682
10.602430
10.448628
10.680965
10.638426
10.402816
10.448629
10.559889
10.445356
10.556616
10.504259
10.710418
10.651515
10.622064
10.317735
10.383182
10.628609
10.759501
10.779137
10.438812
10.517348
10.442083
10.507531
10.615519
10.664604
10.517348
10.523893
10.622065
10.625337
10.422450
10.559889
10.667876
10.592612
10.464991
10.435539
10.406089
10.281739
10.648242
10.690784
10.723506
10.779137
10.294828
10.294827
10.406088
10.540255
10.723507
10.671149
10.530437
10.569706
10.478081
10.383183
10.612247
10.527165
10.592613
10.592612
10.579523
10.756230
10.451900
10.497714
10.579523
10.494441
10.572978
10.569706
10.396271
10.507531
10.651515
10.743141
10.775865
10.625336
10.432267
10.494442
10.451902
10.543528
10.769320
10.762774
10.383183
10.618792
10.491169
10.523893
10.628609
10.559889
10.425722
10.641697
10.635153
10.648243
10.576250
10.510804
10.622064
10.392999
10.500987
10.553345
10.504259
10.461720
10.540255
10.576250
10.595884
10.589340
10.425723
10.540255
10.530438
10.451902
10.618792
10.733323
10.517348
10.484625
10.301373
10.461718
10.569706
10.582796
10.939482
10.612247
10.664604
10.412632
10.314462
10.566434
10.409360
10.566433
10.438811
10.514076
10.262104
10.605701
10.556618
10.595885
10.752958
10.612247
10.376637
10.445356
10.425723
10.586067
10.756230
10.775865
10.464990
10.458446
10.546799
10.500986
10.579522
10.622065
10.458446
10.546799
10.510803
10.788954
10.648243
10.586068
10.383181
10.726778
10.651514
10.661332
10.658058
10.510804
10.550072
10.294828
10.582795
10.461719
10.671148
10.576250
10.448629
10.533710
10.556617
10.399544
10.451901
10.595885
10.628608
10.415905
10.595885
10.680965
10.608974
10.631881
10.304645
10.406089
10.389727
10.553344
10.674421
10.762774
10.759502
10.327552
10.285011
10.461718
10.497714
10.726778
10.756230
10.553344
10.307917
10.500987
10.353730
10.582796
10.802043
10.759502
10.366819
10.625336
10.595885
10.550072
10.608974
10.612247
10.402815
10.802043
10.543528
10.612246
10.756230
10.507532
10.307919
10.674421
10.608974
10.697328
10.641697
10.671149
10.510804
10.160662
10.510803
10.759502
10.658059
10.680966
10.615519
10.435538
10.409361
10.451901
10.363547
10.739869
10.566433
10.494442
10.445355
10.635153
10.726779
10.612247
10.209747
10.523893
10.406088
10.582795
10.785681
10.766047
10.674420
10.288283
10.386454
10.442084
10.461718
10.779137
10.710418
10.442084
10.497715
10.540255
10.559889
10.409360
10.913303
10.415905
10.615520
10.638425
10.700599
10.612247
10.595885
10.347186
10.402816
10.671148
10.651515
10.726780
10.622063
10.396271
10.612247
10.523893
10.586068
10.713690
10.798771
10.677693
11.528506
10.199930
10.671148
10.664604
10.808588
10.890397
10.602429
10.586067
10.317736
10.304646
10.625337
10.644970
10.550072
10.628608
10.491169
10.648242
10.422450
10.445356
10.527165
10.399544
10.510803
10.631880
10.779137
10.563161
10.494442
10.415905
10.504259
10.461718
10.517347
10.746413
10.229382
10.775865
10.504259
10.720234
10.834766
10.478080
10.301373
10.622064
10.612247
10.726779
10.743140
10.658059
10.262104
10.556617
10.468264
10.599156
10.900213
10.687510
10.481352
10.589339
10.504258
10.360275
10.572979
10.671148
10.635153
10.370092
10.353730
10.363547
10.402817
10.435539
10.788954
10.713690
10.749685
10.232654
10.415905
10.455173
10.553344
10.697328
10.746413
10.648242
10.553344
10.196657
10.399544
10.510803
10.733324
10.618791
10.815133
10.438812
10.347186
10.543527
10.586068
10.572978
10.746413
10.651515
10.651514
10.307918
10.654787
10.294828
10.998384
10.428995
10.435539
10.556616
10.455173
10.190113
11.430335
10.608974
10.124666
10.402815
10.141027
10.350458
11.355071
11.613588
10.815132
10.160662
11.459787
11.489238
10.069036
10.281738
10.622064
10.671148
10.736596
10.497714
10.438811
10.592612
10.697328
10.700600
10.880579
10.772593
10.644970
10.661331
10.625337
10.671148
10.707145
10.929666
10.707146
10.582794
10.779136
10.576250
10.586067
10.743141
10.749686
10.635153
10.399544
10.854401
0.000000
0.000000
0.000000
0.000000
0.000000
0.000000
0.000000
0.000000
0.000000
0.000000
0.000000
0.000000
0.000000
0.000000
0.000000
0.000000
0.000000
0.000000
0.000000
0.000000
0.000000
0.000000
0.000000
0.000000
0.000000
0.000000
0.000000
0.000000
0.000000
0.000000
0.000000
0.000000
0.000000
0.000000
0.000000
0.000000
0.000000
0.000000
0.000000
0.000000
0.000000
0.000000
0.000000
0.000000
0.000000
0.000000
0.000000
0.000000
0.000000
0.000000
0.000000
0.000000
0.000000
0.000000
0.000000
0.000000
0.000000
0.000000
0.000000
0.000000
0.000000
0.000000
0.000000
0.000000
0.000000
0.000000
0.000000
0.000000
0.000000
0.000000
0.000000
0.000000
0.000000
0.000000
0.000000
0.000000
0.000000
0.000000
0.000000
0.000000
0.000000
0.000000
0.000000
0.000000
0.000000
0.000000
0.000000
0.000000
0.000000
0.000000
0.000000
0.000000
0.000000
0.000000
0.000000
0.000000
0.000000
0.000000
0.000000
0.000000
0.000000
0.000000
0.000000
0.000000
0.000000
0.000000
0.000000
0.000000
0.000000
0.000000
0.000000
0.000000
0.000000
0.000000
0.000000
0.000000
0.000000
0.000000
0.000000
0.000000
0.000000
0.000000
0.000000
0.000000
0.000000
0.000000
0.000000
0.000000
0.000000
0.000000
0.000000
0.000000
0.000000
0.000000
0.000000
0.000000
0.000000
0.000000
0.000000
0.000000
0.000000
0.000000
0.000000
0.000000
0.000000
0.000000
0.000000
0.000000
0.000000
0.000000
0.000000
0.000000
0.000000
0.000000
0.000000
0.000000
0.000000
0.000000
0.000000
0.000000
0.000000
0.000000
0.000000
0.000000
0.000000
0.000000
0.000000
0.000000
0.000000
0.000000
0.000000
0.000000
0.000000
0.000000
0.000000
0.000000
0.000000
0.000000
0.000000
0.000000
0.000000
0.000000
0.000000
0.000000
0.000000
0.000000
0.000000
0.000000
0.000000
0.000000
0.000000
0.000000
0.000000
0.000000
0.000000
0.000000
0.000000
0.000000
0.000000
0.000000
0.000000
0.000000
0.000000
0.000000
0.000000
0.000000
0.000000
0.000000
0.000000
0.000000
0.000000
0.000000
0.000000
0.000000
0.000000
0.000000
0.000000
0.000000
0.000000
0.000000
0.000000
0.000000
0.000000
0.000000
0.000000
0.000000
0.000000
0.000000
0.000000
0.000000
0.000000
0.000000
0.000000
0.000000
0.000000
0.000000
0.000000
0.000000
0.000000
0.000000
0.000000
0.000000
0.000000
0.000000
0.000000
0.000000
0.000000
0.000000
0.000000
0.000000
0.000000
0.000000
0.000000
0.000000
0.000000
0.000000
0.000000
0.000000
0.000000
0.000000
0.000000
0.000000
0.000000
0.000000
0.000000
0.000000
0.000000
0.000000
0.000000
0.000000
0.000000
0.000000
0.000000
0.000000
0.000000
0.000000
0.000000
0.000000
0.000000
0.000000
0.000000
0.000000
0.000000
0.000000
0.000000
0.000000
0.000000
0.000000
0.000000
0.000000
0.000000
0.000000
0.000000
0.000000
0.000000
0.000000
0.000000
0.000000
0.000000
0.000000
0.000000
0.000000
0.000000
0.000000
0.000000
0.000000
0.000000
0.000000
0.000000
0.000000
0.000000
0.000000
0.000000
0.000000
0.000000
0.000000
0.000000
0.000000
0.000000
0.000000
0.000000
0.000000
0.000000
0.000000
0.000000
0.000000
0.000000
0.000000
0.000000
0.000000
0.000000
0.000000
0.000000
0.000000
0.000000
0.000000
0.000000
0.000000
0.000000
0.000000
0.000000
0.000000
0.000000
0.000000
0.000000
0.000000
0.000000
0.000000
0.000000
0.000000
0.000000
0.000000
0.000000
0.000000
0.000000
0.000000
0.000000
0.000000
0.000000
0.000000
0.000000
0.000000
0.000000
0.000000
0.000000
0.000000
0.000000
0.000000
0.000000
0.000000
0.000000
0.000000
0.000000
0.000000
0.000000
0.000000
0.000000
0.000000
0.000000
0.000000
0.000000
0.000000
0.000000
0.000000
0.000000
0.000000
0.000000
0.000000
0.000000
0.000000
0.000000
0.000000
0.000000
0.000000
0.000000
0.000000
0.000000
0.000000
0.000000
0.000000
0.000000
0.000000
0.000000
0.000000
0.000000
0.000000
0.000000
0.000000
0.000000
0.000000
0.000000
0.000000
0.000000
0.000000
0.000000
0.000000
0.000000
0.000000
0.000000
0.000000
0.000000
0.000000
0.000000
0.000000
0.000000
0.000000
0.000000
0.000000
0.000000
0.000000
0.000000
0.000000
0.000000
0.000000
0.000000
0.000000
0.000000
0.000000
0.000000
0.000000
0.000000
0.000000
0.000000
0.000000
0.000000
0.000000
0.000000
0.000000
0.000000
0.000000
0.000000
0.000000
0.000000
0.000000
0.000000
0.000000
0.000000
0.000000
0.000000
0.000000
0.000000
0.000000
0.000000
0.000000
0.000000
0.000000
0.000000
0.000000
0.000000
0.000000
0.000000
0.000000
0.000000
0.000000
0.000000
0.000000
0.000000
0.000000
0.000000
0.000000
0.000000
0.000000
0.000000
0.000000
0.000000
0.000000
0.000000
0.000000
0.000000
0.000000
0.000000
0.000000
0.000000
0.000000
0.000000
0.000000
0.000000
0.000000
0.000000
0.000000
0.000000
0.000000
0.000000
0.000000
0.000000
0.000000
0.000000
0.000000
0.000000
0.000000
0.000000
0.000000
0.000000
0.000000
0.000000
0.000000
0.000000
0.000000
0.000000
0.000000
0.000000
0.000000
0.000000
0.000000
0.000000
0.000000
0.000000
0.000000
0.000000
0.000000
0.000000
0.000000
0.000000
0.000000
0.000000
0.000000
0.000000
0.000000
0.000000
0.000000
0.000000
0.000000
0.000000
0.000000
0.000000
0.000000
0.000000
0.000000
0.000000
0.000000
0.000000
0.000000
0.000000
0.000000
0.000000
0.000000
0.000000
0.000000
0.000000
0.000000
0.000000
0.000000
0.000000
0.000000
0.000000
0.000000
0.000000
0.000000
0.000000
0.000000
0.000000
0.000000
0.000000
0.000000
0.000000
0.000000
0.000000
0.000000
0.000000
0.000000
0.000000
0.000000
0.000000
0.000000
0.000000
0.000000
0.000000
0.000000
0.000000
0.000000
0.000000
0.000000
0.000000
0.000000
0.000000
0.000000
0.000000
0.000000
0.000000
0.000000
0.000000
0.000000
0.000000
0.000000
0.000000
0.000000
0.000000
0.000000
0.000000
0.000000
0.000000
0.000000
0.000000
0.000000
0.000000
0.000000
0.000000
0.000000
0.000000
0.000000
0.000000
0.000000
0.000000
0.000000
0.000000
0.000000
0.000000
0.000000
0.000000
0.000000
0.000000
0.000000
0.000000
0.000000
0.000000
0.000000
0.000000
0.000000
0.000000
0.000000
0.000000
0.000000
0.000000
0.000000
0.000000
0.000000
0.000000
0.000000
0.000000
0.000000
0.000000
0.000000
0.000000
0.000000
0.000000
0.000000
0.000000
0.000000
0.000000
0.000000
0.000000
0.000000
0.000000
0.000000
0.000000
0.000000
0.000000
0.000000
0.000000
0.000000
0.000000
0.000000
0.000000
0.000000
0.000000
0.000000
0.000000
0.000000
0.000000
0.000000
0.000000
0.000000
0.000000
0.000000
0.000000
0.000000
0.000000
0.000000
0.000000
0.000000
0.000000
0.000000
0.000000
0.000000
0.000000
0.000000
0.000000
0.000000
0.000000
0.000000
0.000000
0.000000
0.000000
0.000000
0.000000
0.000000
0.000000
0.000000
0.000000
0.000000
0.000000
0.000000
0.000000
0.000000
0.000000
0.000000
0.000000
0.000000
0.000000
0.000000
0.000000
0.000000
0.000000
0.000000
0.000000
0.000000
0.000000
0.000000
0.000000
0.000000
0.000000
0.000000
0.000000
0.000000
0.000000
0.000000
0.000000
0.000000
0.000000
0.000000
0.000000
0.000000
0.000000
0.000000
0.000000
0.000000
0.000000
0.000000
0.000000
0.000000
0.000000
0.000000
0.000000
0.000000
0.000000
0.000000
0.000000
0.000000
0.000000
0.000000
0.000000
0.000000
0.000000
0.000000
0.000000
0.000000
0.000000
0.000000
0.000000
0.000000
0.000000
0.000000
0.000000
0.000000
0.000000
0.000000
0.000000
0.000000
0.000000
0.000000
0.000000
0.000000
0.000000
0.000000
0.000000
0.000000
0.000000
0.000000
0.000000
0.000000
0.000000
0.000000
0.000000
0.000000
0.000000
0.000000
0.000000
0.000000
0.000000
0.000000
0.000000
0.000000
0.000000
0.000000
0.000000
0.000000
0.000000
0.000000
0.000000
0.000000
0.000000
0.000000
0.000000
0.000000
0.000000
0.000000
0.000000
0.000000
0.000000
0.000000
0.000000
0.000000
0.000000
0.000000
0.000000
0.000000
0.000000
0.000000
0.000000
0.000000
0.000000
0.000000
0.000000
0.000000
0.000000
0.000000
0.000000
0.000000
0.000000
0.000000
0.000000
0.000000
0.000000
0.000000
0.000000
0.000000
0.000000
0.000000
0.000000
0.000000
0.000000
0.000000
0.000000
0.000000
0.000000
0.000000
0.000000
0.000000
0.000000
0.000000
0.000000
0.000000
0.000000
0.000000
0.000000
0.000000
0.000000
0.000000
0.000000
0.000000
0.000000
0.000000
0.000000
0.000000
0.000000
0.000000
0.000000
0.000000
0.000000
0.000000
0.000000
0.000000
0.000000
0.000000
0.000000
0.000000
0.000000
0.000000
0.000000
0.000000
0.000000
0.000000
0.000000
0.000000
0.000000
0.000000
0.000000
0.000000
0.000000
0.000000
0.000000
0.000000
0.000000
0.000000
0.000000
0.000000
0.000000
0.000000
0.000000
0.000000
0.000000
0.000000
0.000000
0.000000
0.000000
0.000000
0.000000
0.000000
0.000000
0.000000
0.000000
0.000000
0.000000
0.000000
0.000000
0.000000
0.000000
0.000000
0.000000
0.000000
0.000000
0.000000
0.000000
0.000000
0.000000
0.000000
0.000000
0.000000
0.000000
0.000000
0.000000
0.000000
0.000000
0.000000
0.000000
0.000000
0.000000
0.000000
0.000000
0.000000
0.000000
0.000000
0.000000
0.000000
0.000000
0.000000
0.000000
0.000000
0.000000
0.000000
0.000000
0.000000
0.000000
0.000000
0.000000
0.000000
0.000000
0.000000
0.000000
0.000000
0.000000
0.000000
0.000000
0.000000
0.000000
0.000000
0.000000
0.000000
0.000000
0.000000
0.000000
0.000000
0.000000
0.000000
0.000000
0.000000
0.000000
0.000000
0.000000
0.000000
0.000000
0.000000
0.000000
0.000000
0.000000
0.000000
0.000000
0.000000
0.000000
0.000000
0.000000
0.000000
0.000000
0.000000
0.000000
0.000000
0.000000
0.000000
0.000000
0.000000
0.000000
0.000000
0.000000
0.000000
0.000000
0.000000
0.000000
0.000000
0.000000
0.000000
0.000000
0.000000
0.000000
0.000000
0.000000
0.000000
0.000000
0.000000
0.000000
0.000000
0.000000
0.000000
0.000000
0.000000
0.000000
0.000000
0.000000
0.000000
0.000000
0.000000
0.000000
0.000000
0.000000
0.000000
0.000000
0.000000
0.000000
0.000000
0.000000
0.000000
0.000000
0.000000
0.000000
0.000000
0.000000
0.000000
0.000000
0.000000
0.000000
0.000000
0.000000
0.000000
0.000000
0.000000
0.000000
0.000000
0.000000
0.000000
0.000000
0.000000
0.000000
0.000000
0.000000
0.000000
0.000000
0.000000
0.000000
0.000000
0.000000
0.000000
0.000000
0.000000
0.000000
0.000000
0.000000
0.000000
0.000000
0.000000
0.000000
0.000000
0.000000
0.000000
0.000000
0.000000
0.000000
0.000000
0.000000
0.000000
0.000000
0.000000
0.000000
0.000000
0.000000
0.000000
0.000000
0.000000
0.000000
0.000000
0.000000
0.000000
0.000000
0.000000
0.000000
0.000000
0.000000
0.000000
0.000000
0.000000
0.000000
0.000000
0.000000
0.000000
0.000000
0.000000
0.000000
0.000000
0.000000
0.000000
0.000000
0.000000
0.000000
0.000000
0.000000
0.000000
0.000000
0.000000
0.000000
0.000000
0.000000
0.000000
0.000000
0.000000
0.000000
0.000000
0.000000
0.000000
0.000000
0.000000
0.000000
0.000000
0.000000
0.000000
0.000000
0.000000
0.000000
0.000000
0.000000
0.000000
0.000000
0.000000
0.000000
0.000000
0.000000
0.000000
0.000000
0.000000
0.000000
0.000000
0.000000
0.000000
0.000000
0.000000
0.000000
0.000000
0.000000
0.000000
0.000000
0.000000
0.000000
0.000000
0.000000
0.000000
0.000000
0.000000
0.000000
0.000000
0.000000
0.000000
0.000000
0.000000
0.000000
0.000000
0.000000
0.000000
0.000000
0.000000
0.000000
0.000000
0.000000
0.000000
0.000000
0.000000
0.000000
0.000000
0.000000
0.000000
0.000000
0.000000
0.000000
0.000000
0.000000
0.000000
0.000000
0.000000
0.000000
0.000000
0.000000
0.000000
0.000000
0.000000
0.000000
0.000000
0.000000
0.000000
0.000000
0.000000
0.000000
0.000000
0.000000
0.000000
0.000000
0.000000
0.000000
0.000000
0.000000
0.000000
0.000000
0.000000
0.000000
0.000000
0.000000
0.000000
0.000000
0.000000
0.000000
0.000000
0.000000
0.000000
0.000000
0.000000
0.000000
0.000000
0.000000
0.000000
0.000000
0.000000
0.000000
0.000000
0.000000
0.000000
0.000000
0.000000
0.000000
0.000000
0.000000
0.000000
0.000000
0.000000
0.000000
0.000000
0.000000
0.000000
0.000000
0.000000
0.000000
0.000000
0.000000
0.000000
0.000000
0.000000
0.000000
0.000000
0.000000
0.000000
0.000000
0.000000
0.000000
0.000000
0.000000
0.000000
0.000000
0.000000
0.000000
0.000000
0.000000
0.000000
0.000000
0.000000
0.000000
0.000000
0.000000
0.000000
0.000000
0.000000
0.000000
0.000000
0.000000
0.000000
0.000000
0.000000
0.000000
0.000000
0.000000
0.000000
0.000000
0.000000
0.000000
0.000000
0.000000
0.000000
0.000000
0.000000
0.000000
0.000000
0.000000
0.000000
0.000000
0.000000
0.000000
0.000000
0.000000
0.000000
0.000000
0.000000
0.000000
0.000000
0.000000
0.000000
0.000000
0.000000
0.000000
0.000000
0.000000
0.000000
0.000000
0.000000
0.000000
0.000000
0.000000
0.000000
0.000000
0.000000
0.000000
0.000000
0.000000
0.000000
0.000000
0.000000
0.000000
0.000000
0.000000
0.000000
0.000000
0.000000
0.000000
0.000000
0.000000
0.000000
0.000000
0.000000
0.000000
0.000000
0.000000
0.000000
0.000000
0.000000
0.000000
0.000000
0.000000
0.000000
0.000000
0.000000
0.000000
0.000000
0.000000
0.000000
0.000000
0.000000
0.000000
0.000000
0.000000
0.000000
0.000000
0.000000
0.000000
0.000000
0.000000
0.000000
0.000000
0.000000
0.000000
0.000000
0.000000
0.000000
0.000000
0.000000
0.000000
0.000000
0.000000
0.000000
0.000000
0.000000
0.000000
0.000000
0.000000
0.000000
0.000000
0.000000
0.000000
0.000000
0.000000
0.000000
0.000000
0.000000
0.000000
0.000000
0.000000
0.000000
0.000000
0.000000
0.000000
0.000000
0.000000
0.000000
0.000000
0.000000
0.000000
0.000000
0.000000
0.000000
0.000000
0.000000
0.000000
0.000000
0.000000
0.000000
0.000000
0.000000
0.000000
0.000000
0.000000
0.000000
0.000000
0.000000
0.000000
0.000000
0.000000
0.000000
0.000000
0.000000
0.000000
0.000000
0.000000
0.000000
0.000000
0.000000
0.000000
0.000000
0.000000
0.000000
0.000000
0.000000
0.000000
0.000000
0.000000
0.000000
0.000000
0.000000
0.000000
0.000000
0.000000
0.000000
0.000000
0.000000
0.000000
0.000000
0.000000
0.000000
0.000000
0.000000
0.000000
0.000000
0.000000
0.000000
0.000000
0.000000
0.000000
0.000000
0.000000
0.000000
0.000000
0.000000
0.000000
0.000000
0.000000
0.000000
0.000000
0.000000
0.000000
0.000000
0.000000
0.000000
0.000000
0.000000
0.000000
0.000000
0.000000
0.000000
0.000000
0.000000
0.000000
0.000000
0.000000
0.000000
0.000000
0.000000
0.000000
0.000000
0.000000
0.000000
0.000000
0.000000
0.000000
0.000000
0.000000
0.000000
0.000000
0.000000
0.000000
0.000000
0.000000
0.000000
0.000000
0.000000
0.000000
0.000000
0.000000
0.000000
0.000000
0.000000
0.000000
0.000000
0.000000
0.000000
0.000000
0.000000
0.000000
0.000000
0.000000
0.000000
0.000000
0.000000
0.000000
0.000000
0.000000
0.000000
0.000000
0.000000
0.000000
0.000000
0.000000
0.000000
0.000000
0.000000
0.000000
0.000000
0.000000
0.000000
0.000000
0.000000
0.000000
0.000000
0.000000
0.000000
0.000000
0.000000
0.000000
0.000000
0.000000
0.000000
0.000000
0.000000
0.000000
0.000000
0.000000
0.000000
0.000000
0.000000
0.000000
0.000000
0.000000
0.000000
0.000000
0.000000
0.000000
0.000000
0.000000
0.000000
0.000000
0.000000
0.000000
0.000000
0.000000
0.000000
0.000000
0.000000
0.000000
0.000000
0.000000
0.000000
0.000000
0.000000
0.000000
0.000000
0.000000
0.000000
0.000000
0.000000
0.000000
0.000000
0.000000
0.000000
0.000000
0.000000
0.000000
0.000000
0.000000
0.000000
0.000000
0.000000
0.000000
0.000000
0.000000
0.000000
0.000000
0.000000
0.000000
0.000000
0.000000
0.000000
0.000000
0.000000
0.000000
0.000000
0.000000
0.000000
0.000000
0.000000
0.000000
0.000000
0.000000
0.000000
0.000000
0.000000
0.000000
0.000000
0.000000
0.000000
0.000000
0.000000
0.000000
0.000000
0.000000
0.000000
0.000000
0.000000
0.000000
0.000000
0.000000
0.000000
0.000000
0.000000
0.000000
0.000000
0.000000
0.000000
0.000000
0.000000
0.000000
0.000000
0.000000
0.000000
0.000000
0.000000
0.000000
0.000000
0.000000
0.000000
0.000000
0.000000
0.000000
0.000000
0.000000
0.000000
0.000000
0.000000
0.000000
0.000000
0.000000
0.000000
0.000000
0.000000
0.000000
0.000000
0.000000
0.000000
0.000000
0.000000
0.000000
0.000000
0.000000
0.000000
0.000000
0.000000
0.000000
0.000000
0.000000
0.000000
0.000000
0.000000
0.000000
0.000000
0.000000
0.000000
0.000000
0.000000
0.000000
0.000000
0.000000
0.000000
0.000000
0.000000
0.000000
0.000000
0.000000
0.000000
0.000000
0.000000
0.000000
0.000000
0.000000
0.000000
0.000000
0.000000
0.000000
0.000000
0.000000
0.000000
0.000000
0.000000
0.000000
0.000000
0.000000
0.000000
0.000000
0.000000
0.000000
0.000000
0.000000
0.000000
0.000000
0.000000
0.000000
0.000000
0.000000
0.000000
0.000000
0.000000
0.000000
0.000000
0.000000
0.000000
0.000000
0.000000
0.000000
0.000000
0.000000
0.000000
0.000000
0.000000
0.000000
0.000000
0.000000
0.000000
0.000000
0.000000
0.000000
0.000000
0.000000
0.000000
0.000000
0.000000
0.000000
0.000000
0.000000
0.000000
0.000000
0.000000
0.000000
0.000000
0.000000
0.000000
0.000000
0.000000
0.000000
0.000000
0.000000
0.000000
0.000000
0.000000
0.000000
0.000000
0.000000
0.000000
0.000000
0.000000
0.000000
0.000000
0.000000
0.000000
0.000000
0.000000
0.000000
0.000000
0.000000
0.000000
0.000000
0.000000
0.000000
0.000000
0.000000
0.000000
0.000000
0.000000
0.000000
0.000000
0.000000
0.000000
0.000000
0.000000
0.000000
0.000000
0.000000
0.000000
0.000000
0.000000
0.000000
0.000000
0.000000
0.000000
0.000000
0.000000
0.000000
0.000000
0.000000
0.000000
0.000000
0.000000
0.000000
0.000000
0.000000
0.000000
0.000000
0.000000
0.000000
0.000000
0.000000
0.000000
0.000000
0.000000
0.000000
0.000000
0.000000
0.000000
0.000000
0.000000
0.000000
0.000000
0.000000
0.000000
0.000000
0.000000
0.000000
0.000000
0.000000
0.000000
0.000000
0.000000
0.000000
0.000000
0.000000
0.000000
0.000000
0.000000
0.000000
0.000000
0.000000
0.000000
0.000000
0.000000
0.000000
0.000000
0.000000
0.000000
0.000000
0.000000
0.000000
0.000000
0.000000
0.000000
0.000000
0.000000
0.000000
0.000000
0.000000
0.000000
0.000000
0.000000
0.000000
0.000000
0.000000
0.000000
0.000000
0.000000
0.000000
0.000000
0.000000
0.000000
0.000000
0.000000
0.000000
0.000000
0.000000
0.000000
0.000000
0.000000
0.000000
0.000000
0.000000
0.000000
0.000000
0.000000
0.000000
0.000000
0.000000
0.000000
0.000000
0.000000
0.000000
0.000000
0.000000
0.000000
0.000000
0.000000
0.000000
0.000000
0.000000
0.000000
0.000000
0.000000
0.000000
0.000000
0.000000
0.000000
0.000000
0.000000
0.000000
0.000000
0.000000
0.000000
0.000000
0.000000
0.000000
0.000000
0.000000
0.000000
0.000000
0.000000
0.000000
0.000000
0.000000
0.000000
0.000000
0.000000
0.000000
0.000000
0.000000
0.000000
0.000000
0.000000
0.000000
0.000000
0.000000
0.000000
0.000000
0.000000
0.000000
0.000000
0.000000
0.000000
0.000000
0.000000
0.000000
0.000000
0.000000
0.000000
0.000000
0.000000
0.000000
0.000000
0.000000
0.000000
0.000000
0.000000
0.000000
0.000000
0.000000
0.000000
0.000000
0.000000
0.000000
0.000000
0.000000
0.000000
0.000000
0.000000
0.000000
0.000000
0.000000
0.000000
0.000000
0.000000
0.000000
0.000000
0.000000
0.000000
0.000000
0.000000
0.000000
0.000000
0.000000
0.000000
0.000000
0.000000
0.000000
0.000000
0.000000
0.000000
0.000000
0.000000
0.000000
0.000000
0.000000
0.000000
0.000000
0.000000
0.000000
0.000000
0.000000
0.000000
0.000000
0.000000
0.000000
0.000000
0.000000
0.000000
0.000000
0.000000
0.000000
0.000000
0.000000
0.000000
0.000000
0.000000
0.000000
0.000000
0.000000
0.000000
0.000000
0.000000
0.000000
0.000000
0.000000
0.000000
0.000000
0.000000
0.000000
0.000000
0.000000
0.000000
0.000000
0.000000
0.000000
0.000000
0.000000
0.000000
0.000000
0.000000
0.000000
0.000000
0.000000
0.000000
0.000000
0.000000
0.000000
0.000000
0.000000
0.000000
0.000000
0.000000
0.000000
0.000000
0.000000
0.000000
0.000000
0.000000
0.000000
0.000000
0.000000
0.000000
0.000000
0.000000
0.000000
0.000000
0.000000
0.000000
0.000000
0.000000
0.000000
0.000000
0.000000
0.000000
0.000000
0.000000
0.000000
0.000000
0.000000
0.000000
0.000000
0.000000
0.000000
0.000000
0.000000
0.000000
0.000000
0.000000
0.000000
0.000000
0.000000
0.000000
0.000000
0.000000
0.000000
0.000000
0.000000
0.000000
0.000000
0.000000
0.000000
0.000000
0.000000
0.000000
0.000000
0.000000
0.000000
0.000000
0.000000
0.000000
0.000000
0.000000
0.000000
0.000000
0.000000
0.000000
0.000000
0.000000
0.000000
0.000000
0.000000
0.000000
0.000000
0.000000
0.000000
0.000000
0.000000
0.000000
0.000000
0.000000
0.000000
0.000000
0.000000
0.000000
0.000000
0.000000
0.000000
0.000000
0.000000
0.000000
0.000000
0.000000
0.000000
0.000000
0.000000
0.000000
0.000000
0.000000
0.000000
0.000000
0.000000
0.000000
0.000000
0.000000
0.000000
0.000000
0.000000
0.000000
0.000000
0.000000
0.000000
0.000000
0.000000
0.000000
0.000000
0.000000
0.000000
0.000000
0.000000
0.000000
0.000000
0.000000
0.000000
0.000000
0.000000
0.000000
0.000000
0.000000
0.000000
0.000000
0.000000
0.000000
0.000000
0.000000
0.000000
0.000000
0.000000
0.000000
0.000000
0.000000
0.000000
0.000000
0.000000
0.000000
0.000000
0.000000
0.000000
0.000000
0.000000
0.000000
0.000000
0.000000
0.000000
0.000000
0.000000
0.000000
0.000000
0.000000
0.000000
0.000000
0.000000
0.000000
0.000000
0.000000
0.000000
0.000000
0.000000
0.000000
0.000000
0.000000
0.000000
0.000000
0.000000
0.000000
0.000000
0.000000
0.000000
0.000000
0.000000
0.000000
0.000000
0.000000
0.000000
0.000000
0.000000
0.000000
0.000000
0.000000
0.000000
0.000000
0.000000
0.000000
0.000000
0.000000
0.000000
0.000000
0.000000
0.000000
0.000000
0.000000
0.000000
0.000000
0.000000
0.000000
0.000000
0.000000
0.000000
0.000000
0.000000
0.000000
0.000000
0.000000
0.000000
0.000000
0.000000
0.000000
0.000000
0.000000
0.000000
0.000000
0.000000
0.000000
0.000000
0.000000
0.000000
0.000000
0.000000
0.000000
0.000000
0.000000
0.000000
0.000000
0.000000
0.000000
0.000000
0.000000
0.000000
0.000000
0.000000
0.000000
0.000000
0.000000
0.000000
0.000000
0.000000
0.000000
0.000000
0.000000
0.000000
0.000000
0.000000
0.000000
0.000000
0.000000
0.000000
0.000000
0.000000
0.000000
0.000000
0.000000
0.000000
0.000000
0.000000
0.000000
0.000000
0.000000
0.000000
0.000000
0.000000
0.000000
0.000000
0.000000
0.000000
0.000000
0.000000
0.000000
0.000000
0.000000
0.000000
0.000000
0.000000
0.000000
0.000000
0.000000
0.000000
0.000000
0.000000
0.000000
0.000000
0.000000
0.000000
0.000000
0.000000
0.000000
0.000000
0.000000
0.000000
0.000000
0.000000
0.000000
0.000000
0.000000
0.000000
0.000000
0.000000
0.000000
0.000000
0.000000
0.000000
0.000000
0.000000
0.000000
0.000000
0.000000
0.000000
0.000000
0.000000
0.000000
0.000000
0.000000
0.000000
0.000000
0.000000
0.000000
0.000000
0.000000
0.000000
0.000000
0.000000
0.000000
0.000000
0.000000
0.000000
0.000000
0.000000
0.000000
0.000000
0.000000
0.000000
0.000000
0.000000
0.000000
0.000000
0.000000
0.000000
0.000000
0.000000
0.000000
0.000000
0.000000
0.000000
0.000000
0.000000
0.000000
0.000000
0.000000
0.000000
0.000000
0.000000
0.000000
0.000000
0.000000
0.000000
0.000000
0.000000
0.000000
0.000000
0.000000
0.000000
0.000000
0.000000
0.000000
0.000000
0.000000
0.000000
0.000000
0.000000
0.000000
0.000000
0.000000
0.000000
0.000000
0.000000
0.000000
0.000000
0.000000
0.000000
0.000000
0.000000
0.000000
0.000000
0.000000
0.000000
0.000000
0.000000
0.000000
0.000000
0.000000
0.000000
0.000000
0.000000
0.000000
0.000000
0.000000
0.000000
0.000000
0.000000
0.000000
0.000000
0.000000
0.000000
0.000000
0.000000
0.000000
0.000000
0.000000
0.000000
0.000000
0.000000
0.000000
0.000000
0.000000
0.000000
0.000000
0.000000
0.000000
0.000000
0.000000
0.000000
0.000000
0.000000
0.000000
0.000000
0.000000
0.000000
0.000000
0.000000
0.000000
0.000000
0.000000
0.000000
0.000000
0.000000
0.000000
0.000000
0.000000
0.000000
0.000000
0.000000
0.000000
0.000000
0.000000
0.000000
0.000000
0.000000
0.000000
0.000000
0.000000
0.000000
0.000000
0.000000
0.000000
0.000000
0.000000
0.000000
0.000000
0.000000
0.000000
0.000000
0.000000
0.000000
0.000000
0.000000
0.000000
0.000000
0.000000
0.000000
0.000000
0.000000
0.000000
0.000000
0.000000
0.000000
0.000000
0.000000
0.000000
0.000000
0.000000
0.000000
0.000000
0.000000
0.000000
0.000000
0.000000
0.000000
0.000000
0.000000
0.000000
0.000000
0.000000
0.000000
0.000000
0.000000
0.000000
0.000000
0.000000
0.000000
0.000000
0.000000
0.000000
0.000000
0.000000
0.000000
0.000000
0.000000
0.000000
0.000000
0.000000
0.000000
0.000000
0.000000
0.000000
0.000000
0.000000
0.000000
0.000000
0.000000
0.000000
0.000000
0.000000
0.000000
0.000000
0.000000
0.000000
0.000000
0.000000
0.000000
0.000000
0.000000
0.000000
0.000000
0.000000
0.000000
0.000000
0.000000
0.000000
0.000000
0.000000
0.000000
0.000000
0.000000
0.000000
0.000000
0.000000
0.000000
0.000000
0.000000
0.000000
0.000000
0.000000
0.000000
0.000000
0.000000
0.000000
0.000000
0.000000
0.000000
0.000000
0.000000
0.000000
0.000000
0.000000
0.000000
0.000000
0.000000
0.000000
0.000000
0.000000
0.000000
0.000000
0.000000
0.000000
0.000000
0.000000
0.000000
0.000000
0.000000
0.000000
0.000000
0.000000
0.000000
0.000000
0.000000
0.000000
0.000000
0.000000
0.000000
0.000000
0.000000
0.000000
0.000000
0.000000
0.000000
0.000000
0.000000
0.000000
0.000000
0.000000
0.000000
0.000000
0.000000
0.000000
0.000000
0.000000
0.000000
0.000000
0.000000
0.000000
0.000000
0.000000
0.000000
0.000000
0.000000
0.000000
0.000000
0.000000
0.000000
0.000000
0.000000
0.000000
0.000000
0.000000
0.000000
0.000000
0.000000
0.000000
0.000000
0.000000
0.000000
0.000000
0.000000
0.000000
0.000000
0.000000
0.000000
0.000000
0.000000
0.000000
0.000000
0.000000
0.000000
0.000000
0.000000
0.000000
0.000000
0.000000
0.000000
0.000000
0.000000
0.000000
0.000000
0.000000
0.000000
0.000000
0.000000
0.000000
0.000000
0.000000
0.000000
0.000000
0.000000
0.000000
0.000000
0.000000
0.000000
0.000000
0.000000
0.000000
0.000000
0.000000
0.000000
0.000000
0.000000
0.000000
0.000000
0.000000
0.000000
0.000000
0.000000
0.000000
0.000000
0.000000
0.000000
0.000000
0.000000
0.000000
0.000000
0.000000
0.000000
0.000000
0.000000
0.000000
0.000000
0.000000
0.000000
0.000000
0.000000
0.000000
0.000000
0.000000
0.000000
0.000000
0.000000
0.000000
0.000000
0.000000
0.000000
0.000000
0.000000
0.000000
0.000000
0.000000
0.000000
0.000000
0.000000
0.000000
0.000000
0.000000
0.000000
0.000000
0.000000
0.000000
0.000000
0.000000
0.000000
0.000000
0.000000
0.000000
0.000000
0.000000
0.000000
0.000000
0.000000
0.000000
0.000000
0.000000
0.000000
0.000000
0.000000
0.000000
0.000000
0.000000
0.000000
0.000000
0.000000
0.000000
0.000000
0.000000
0.000000
0.000000
0.000000
0.000000
0.000000
0.000000
0.000000
0.000000
0.000000
0.000000
0.000000
0.000000
0.000000
0.000000
0.000000
0.000000
0.000000
0.000000
0.000000
0.000000
0.000000
0.000000
0.000000
0.000000
0.000000
0.000000
0.000000
0.000000
0.000000
0.000000
0.000000
0.000000
0.000000
0.000000
0.000000
0.000000
0.000000
0.000000
0.000000
0.000000
0.000000
0.000000
0.000000
0.000000
0.000000
0.000000
0.000000
0.000000
0.000000
0.000000
0.000000
0.000000
0.000000
0.000000
0.000000
0.000000
0.000000
0.000000
0.000000
0.000000
0.000000
0.000000
0.000000
0.000000
0.000000
0.000000
0.000000
0.000000
0.000000
0.000000
0.000000
0.000000
0.000000
0.000000
0.000000
0.000000
0.000000
0.000000
0.000000
0.000000
0.000000
0.000000
0.000000
0.000000
0.000000
0.000000
0.000000
0.000000
0.000000
0.000000
0.000000
0.000000
0.000000
0.000000
0.000000
0.000000
0.000000
0.000000
0.000000
0.000000
0.000000
0.000000
0.000000
0.000000
0.000000
0.000000
0.000000
0.000000
0.000000
0.000000
0.000000
0.000000
0.000000
0.000000
0.000000
0.000000
0.000000
0.000000
0.000000
0.000000
0.000000
0.000000
0.000000
0.000000
0.000000
0.000000
0.000000
0.000000
0.000000
0.000000
0.000000
0.000000
0.000000
0.000000
0.000000
0.000000
0.000000
0.000000
0.000000
0.000000
0.000000
0.000000
0.000000
0.000000
0.000000
0.000000
0.000000
0.000000
0.000000
0.000000
0.000000
0.000000
0.000000
0.000000
0.000000
0.000000
0.000000
0.000000
0.000000
0.000000
0.000000
0.000000
0.000000
0.000000
0.000000
0.000000
0.000000
0.000000
0.000000
0.000000
0.000000
0.000000
0.000000
0.000000
0.000000
0.000000
0.000000
0.000000
0.000000
0.000000
0.000000
0.000000
0.000000
0.000000
0.000000
0.000000
0.000000
0.000000
0.000000
0.000000
0.000000
0.000000
0.000000
0.000000
0.000000
0.000000
0.000000
0.000000
0.000000
0.000000
0.000000
0.000000
0.000000
0.000000
0.000000
0.000000
0.000000
0.000000
0.000000
0.000000
0.000000
0.000000
0.000000
0.000000
0.000000
0.000000
0.000000
0.000000
0.000000
0.000000
0.000000
0.000000
0.000000
0.000000
0.000000
0.000000
0.000000
0.000000
0.000000
0.000000
0.000000
0.000000
0.000000
0.000000
0.000000
0.000000
0.000000
0.000000
0.000000
0.000000
0.000000
0.000000
0.000000
0.000000
0.000000
0.000000
0.000000
0.000000
0.000000
0.000000
0.000000
0.000000
0.000000
0.000000
0.000000
0.000000
0.000000
0.000000
0.000000
0.000000
0.000000
0.000000
0.000000
0.000000
0.000000
0.000000
0.000000
0.000000
0.000000
0.000000
0.000000
0.000000
0.000000
0.000000
0.000000
0.000000
0.000000
0.000000
0.000000
0.000000
0.000000
0.000000
0.000000
0.000000
0.000000
0.000000
0.000000
0.000000
0.000000
0.000000
0.000000
0.000000
0.000000
0.000000
0.000000
0.000000
0.000000
0.000000
0.000000
0.000000
0.000000
0.000000
0.000000
0.000000
0.000000
0.000000
0.000000
0.000000
0.000000
0.000000
0.000000
0.000000
0.000000
0.000000
0.000000
0.000000
0.000000
0.000000
0.000000
0.000000
0.000000
0.000000
0.000000
0.000000
0.000000
0.000000
0.000000
0.000000
0.000000
0.000000
0.000000
0.000000
0.000000
0.000000
0.000000
0.000000
0.000000
0.000000
0.000000
0.000000
0.000000
0.000000
0.000000
0.000000
0.000000
0.000000
0.000000
0.000000
0.000000
0.000000
0.000000
0.000000
0.000000
0.000000
0.000000
0.000000
0.000000
0.000000
0.000000
0.000000
0.000000
0.000000
0.000000
0.000000
0.000000
0.000000
0.000000
0.000000
0.000000
0.000000
0.000000
0.000000
0.000000
0.000000
0.000000
0.000000
0.000000
0.000000
0.000000
0.000000
0.000000
0.000000
0.000000
0.000000
0.000000
0.000000
0.000000
0.000000
0.000000
0.000000
0.000000
0.000000
0.000000
0.000000
0.000000
0.000000
0.000000
0.000000
0.000000
0.000000
0.000000
0.000000
0.000000
0.000000
0.000000
0.000000
0.000000
0.000000
0.000000
0.000000
0.000000
0.000000
0.000000
0.000000
0.000000
0.000000
0.000000
0.000000
0.000000
0.000000
0.000000
0.000000
0.000000
0.000000
0.000000
0.000000
0.000000
0.000000
0.000000
0.000000
0.000000
0.000000
0.000000
0.000000
0.000000
0.000000
0.000000
0.000000
0.000000
0.000000
0.000000
0.000000
0.000000
0.000000
0.000000
0.000000
0.000000
0.000000
0.000000
0.000000
0.000000
0.000000
0.000000
0.000000
0.000000
0.000000
0.000000
0.000000
0.000000
0.000000
0.000000
0.000000
0.000000
0.000000
0.000000
0.000000
0.000000
0.000000
0.000000
0.000000
0.000000
0.000000
0.000000
0.000000
0.000000
0.000000
0.000000
0.000000
0.000000
0.000000
0.000000
0.000000
0.000000
0.000000
0.000000
0.000000
0.000000
0.000000
0.000000
0.000000
0.000000
0.000000
0.000000
0.000000
0.000000
0.000000
0.000000
0.000000
0.000000
0.000000
0.000000
0.000000
0.000000
0.000000
0.000000
0.000000
0.000000
0.000000
0.000000
0.000000
0.000000
0.000000
0.000000
0.000000
0.000000
0.000000
0.000000
0.000000
0.000000
0.000000
0.000000
0.000000
0.000000
0.000000
0.000000
0.000000
0.000000
0.000000
0.000000
0.000000
0.000000
0.000000
0.000000
0.000000
0.000000
0.000000
0.000000
0.000000
0.000000
0.000000
0.000000
0.000000
0.000000
0.000000
0.000000
0.000000
0.000000
0.000000
0.000000
0.000000
0.000000
0.000000
0.000000
0.000000
0.000000
0.000000
0.000000
0.000000
0.000000
0.000000
0.000000
0.000000
0.000000
0.000000
0.000000
0.000000
0.000000
0.000000
0.000000
0.000000
0.000000
0.000000
0.000000
0.000000
0.000000
0.000000
0.000000
0.000000
0.000000
0.000000
0.000000
0.000000
0.000000
0.000000
0.000000
0.000000
0.000000
0.000000
0.000000
0.000000
0.000000
0.000000
0.000000
0.000000
0.000000
0.000000
0.000000
0.000000
0.000000
0.000000
0.000000
0.000000
0.000000
0.000000
0.000000
0.000000
0.000000
0.000000
0.000000
0.000000
0.000000
0.000000
0.000000
0.000000
0.000000
0.000000
0.000000
0.000000
0.000000
0.000000
0.000000
0.000000
0.000000
0.000000
0.000000
0.000000
0.000000
0.000000
0.000000
0.000000
0.000000
0.000000
0.000000
0.000000
0.000000
0.000000
0.000000
0.000000
0.000000
0.000000
0.000000
0.000000
0.000000
0.000000
0.000000
0.000000
0.000000
0.000000
0.000000
0.000000
0.000000
0.000000
0.000000
0.000000
0.000000
0.000000
0.000000
0.000000
0.000000
0.000000
0.000000
0.000000
0.000000
0.000000
0.000000
0.000000
0.000000
0.000000
0.000000
0.000000
0.000000
0.000000
0.000000
0.000000
0.000000
0.000000
0.000000
0.000000
0.000000
0.000000
0.000000
0.000000
0.000000
0.000000
0.000000
0.000000
0.000000
0.000000
0.000000
0.000000
0.000000
0.000000
0.000000
0.000000
0.000000
0.000000
0.000000
0.000000
0.000000
0.000000
0.000000
0.000000
0.000000
0.000000
0.000000
0.000000
0.000000
0.000000
0.000000
0.000000
0.000000
0.000000
0.000000
0.000000
0.000000
0.000000
0.000000
0.000000
0.000000
0.000000
0.000000
0.000000
0.000000
0.000000
0.000000
0.000000
0.000000
0.000000
0.000000
0.000000
0.000000
0.000000
0.000000
0.000000
0.000000
0.000000
0.000000
0.000000
0.000000
0.000000
0.000000
0.000000
0.000000
0.000000
0.000000
0.000000
0.000000
0.000000
0.000000
0.000000
0.000000
0.000000
0.000000
0.000000
0.000000
0.000000
0.000000
0.000000
0.000000
0.000000
0.000000
0.000000
0.000000
0.000000
0.000000
0.000000
0.000000
0.000000
0.000000
0.000000
0.000000
0.000000
0.000000
0.000000
0.000000
0.000000
0.000000
0.000000
0.000000
0.000000
0.000000
0.000000
0.000000
0.000000
0.000000
0.000000
0.000000
0.000000
0.000000
0.000000
0.000000
0.000000
0.000000
0.000000
0.000000
0.000000
0.000000
0.000000
0.000000
0.000000
0.000000
0.000000
0.000000
0.000000
0.000000
0.000000
0.000000
0.000000
0.000000
0.000000
0.000000
0.000000
0.000000
0.000000
0.000000
0.000000
0.000000
0.000000
0.000000
0.000000
0.000000
0.000000
0.000000
0.000000
0.000000
0.000000
0.000000
0.000000
0.000000
0.000000
0.000000
0.000000
0.000000
0.000000
0.000000
0.000000
0.000000
0.000000
0.000000
0.000000
0.000000
0.000000
0.000000
0.000000
0.000000
0.000000
0.000000
0.000000
0.000000
0.000000
0.000000
0.000000
0.000000
0.000000
0.000000
0.000000
0.000000
0.000000
0.000000
0.000000
0.000000
0.000000
0.000000
0.000000
0.000000
0.000000
0.000000
0.000000
0.000000
0.000000
0.000000
0.000000
0.000000
0.000000
0.000000
0.000000
0.000000
0.000000
0.000000
0.000000
0.000000
0.000000
0.000000
0.000000
0.000000
0.000000
0.000000
0.000000
0.000000
0.000000
0.000000
0.000000
0.000000
0.000000
0.000000
0.000000
0.000000
0.000000
0.000000
0.000000
0.000000
0.000000
0.000000
0.000000
0.000000
0.000000
0.000000
0.000000
0.000000
0.000000
0.000000
0.000000
0.000000
0.000000
0.000000
0.000000
0.000000
0.000000
0.000000
0.000000
0.000000
0.000000
0.000000
0.000000
0.000000
0.000000
0.000000
0.000000
0.000000
0.000000
0.000000
0.000000
0.000000
0.000000
0.000000
0.000000
0.000000
0.000000
0.000000
0.000000
0.000000
0.000000
0.000000
0.000000
0.000000
0.000000
0.000000
0.000000
0.000000
0.000000
0.000000
0.000000
0.000000
0.000000
0.000000
0.000000
0.000000
0.000000
0.000000
0.000000
0.000000
0.000000
0.000000
0.000000
0.000000
0.000000
0.000000
0.000000
0.000000
0.000000
0.000000
0.000000
0.000000
0.000000
0.000000
0.000000
0.000000
0.000000
0.000000
0.000000
0.000000
0.000000
0.000000
0.000000
0.000000
0.000000
0.000000
0.000000
0.000000
0.000000
0.000000
0.000000
0.000000
0.000000
0.000000
0.000000
0.000000
0.000000
0.000000
0.000000
0.000000
0.000000
0.000000
0.000000
0.000000
0.000000
0.000000
0.000000
0.000000
0.000000
0.000000
0.000000
0.000000
0.000000
0.000000
0.000000
0.000000
0.000000
0.000000
0.000000
0.000000
0.000000
0.000000
0.000000
0.000000
0.000000
0.000000
0.000000
0.000000
0.000000
0.000000
0.000000
0.000000
0.000000
0.000000
0.000000
0.000000
0.000000
0.000000
0.000000
0.000000
0.000000
0.000000
0.000000
0.000000
0.000000
0.000000
0.000000
0.000000
0.000000
0.000000
0.000000
0.000000
0.000000
0.000000
0.000000
0.000000
0.000000
0.000000
0.000000
0.000000
0.000000
0.000000
0.000000
0.000000
0.000000
0.000000
0.000000
0.000000
0.000000
0.000000
0.000000
0.000000
0.000000
0.000000
0.000000
0.000000
0.000000
0.000000
0.000000
0.000000
0.000000
0.000000
