-0.002010
-0.001708
-0.001407
-0.000577
-0.000576
-0.000661
-0.000279
-0.000780
-0.001466
-0.001473
-0.001566
-0.002083
-0.001627
-0.001978
-0.002180
-0.002483
-0.002642
-0.001831
-0.002909
-0.003255
-0.002414
-0.001665
-0.001706
-0.000000
-0.000121
-0.000190
0.000211
0.000233
0.000248
0.000226
0.002349
0.002370
0.001720
0.001052
0.000749
0.000729
0.000457
0.000327
0.000456
-0.000209
-0.000116
0.000105
0.000596
0.000369
-0.000243
-0.000593
-0.000636
0.000460
-0.000329
-0.002224
-0.001857
-0.002791
-0.002367
-0.001728
0.000113
0.000494
-0.000755
-0.001222
-0.000671
-0.000611
-0.000159
-0.000086
0.000471
0.000022
0.000460
0.000637
0.000851
0.000191
-0.000112
-0.000218
0.000109
0.000092
0.000584
0.000257
0.000348
0.000564
0.000869
0.000402
0.000322
-0.000301
-0.001115
-0.001111
0.000377
0.000714
0.000950
0.000807
0.000414
0.001141
0.001272
0.001005
0.001800
0.001453
0.001220
0.000901
0.000666
0.000617
-0.000487
-0.001561
-0.001191
-0.001204
-0.000321
0.000095
-0.000102
0.000290
0.000064
-0.000186
0.000792
0.000775
0.001028
0.000079
0.000806
0.001005
0.000413
-0.000837
-0.000927
-0.000865
0.000459
0.000202
-0.000408
-0.000354
-0.000165
0.000261
0.000580
0.000666
0.000748
0.000411
-0.000087
-0.000644
-0.000058
0.000407
0.001193
0.000481
-0.000864
-0.000988
-0.001320
-0.001433
-0.001726
-0.000338
-0.000269
0.000360
0.000978
-0.000102
0.001058
0.001002
0.000652
0.000575
0.000811
0.001090
0.001127
0.000817
0.000587
0.000775
0.001267
0.000641
-0.000543
-0.000645
-0.000294
-0.000523
-0.000343
-0.000183
-0.000149
-0.000298
-0.000431
-0.000678
-0.000170
0.000265
-0.000891
-0.000864
0.000195
0.000399
0.000642
0.000082
0.000651
0.000096
0.000069
0.000040
-0.000017
0.000714
0.000888
0.000891
0.000467
0.000442
0.000183
0.000643
0.000640
0.000758
-0.000046
-0.000378
-0.000063
-0.000313
-0.000071
-0.000062
0.000460
0.000380
-0.000323
-0.001966
-0.001906
-0.001515
-0.000633
-0.000541
-0.001616
-0.000891
-0.000220
-0.000216
0.000265
-0.000048
0.000360
0.000301
0.001628
0.004512
0.008053
0.012184
0.016597
0.020591
0.024706
0.028567
0.032805
0.036487
0.040166
0.042901
0.045485
0.048621
0.051095
0.053085
0.055262
0.057304
0.059322
0.059987
0.061672
0.063062
0.065147
0.067348
0.067940
0.068811
0.068872
0.068543
0.069388
0.069791
0.068953
0.068994
0.070561
0.070897
0.072280
0.073929
0.075451
0.075829
0.075367
0.075801
0.075938
0.075497
0.073824
0.071583
0.067828
0.062843
0.057791
0.052497
0.047214
0.041267
0.036266
0.031384
0.027165
0.024665
0.022557
0.020870
0.020246
0.018876
0.017841
0.016862
0.015306
0.014170
0.013305
0.011495
0.009797
0.008974
0.006963
0.006801
0.006072
0.005372
0.004734
0.004282
0.004027
0.003411
0.003376
0.004151
0.003262
0.002607
0.001820
0.001894
0.001975
0.002079
0.002002
0.002941
0.002568
0.003142
0.002958
0.002686
0.002171
0.001712
0.001835
0.001682
0.001401
0.000650
0.000867
0.000150
0.000075
0.000409
0.000437
0.000518
0.000250
0.000445
0.000677
0.000523
-0.001502
-0.002060
-0.002042
-0.000501
-0.000050
0.000228
0.000417
0.000074
-0.000338
-0.000908
-0.001167
-0.000817
-0.000321
-0.000926
-0.001067
-0.001473
-0.001816
-0.001192
-0.000859
-0.000593
-0.000058
0.000089
-0.000126
-0.000178
0.000215
0.000858
0.000736
0.000453
0.000455
0.001831
0.001727
0.001465
0.000416
0.000686
0.000620
0.000287
0.002114
0.001890
0.001217
0.000196
0.000096
-0.000506
-0.000574
-0.000284
0.000173
-0.000542
-0.001890
-0.002393
-0.003339
-0.004591
-0.007065
-0.009367
-0.011757
-0.014031
-0.016533
-0.018240
-0.020006
-0.021835
-0.023243
-0.024760
-0.026729
-0.027018
-0.028691
-0.031079
-0.032123
-0.033408
-0.034526
-0.036270
-0.038003
-0.039256
-0.040097
-0.039972
-0.038611
-0.038772
-0.038222
-0.037806
-0.038237
-0.038369
-0.038799
-0.038708
-0.037910
-0.036133
-0.034493
-0.032180
-0.029356
-0.026601
-0.023898
-0.022086
-0.021147
-0.021018
-0.019443
-0.017673
-0.016071
-0.014969
-0.013779
-0.012894
-0.011708
-0.010339
-0.009405
-0.008383
-0.007551
-0.006937
-0.006268
-0.005877
-0.006047
-0.006136
-0.005606
-0.004953
-0.003722
-0.002855
-0.003594
-0.003840
-0.004322
-0.004374
-0.003924
-0.003998
-0.004415
-0.003653
-0.003085
-0.002667
-0.001690
-0.001654
-0.001093
-0.000825
-0.001329
-0.001605
-0.001566
-0.001429
-0.001252
-0.001449
-0.001069
-0.001893
-0.000434
-0.001105
-0.001600
-0.001563
-0.001201
-0.000770
-0.000679
-0.001218
-0.002247
-0.002784
-0.001897
-0.002494
-0.003120
-0.002958
-0.002187
-0.001206
-0.001199
-0.001316
-0.001420
-0.001014
-0.001359
-0.001661
-0.002055
-0.002243
-0.001161
-0.002059
-0.001966
-0.001375
-0.001216
-0.001943
-0.001906
-0.001467
-0.001438
-0.001594
-0.001552
-0.001605
-0.001581
-0.001335
-0.000876
-0.001376
-0.002086
-0.002287
-0.001321
-0.001114
0.000109
0.000416
0.000591
0.000555
-0.000142
-0.001139
-0.000635
-0.001504
-0.000932
-0.000758
-0.000933
-0.002032
-0.002746
-0.002337
-0.002058
-0.002058
-0.002084
-0.002193
-0.002763
-0.002626
-0.002108
-0.002145
-0.001682
-0.000926
-0.001367
-0.000982
-0.001042
-0.001007
-0.001828
-0.001446
-0.001116
-0.000487
-0.001828
-0.001647
-0.002352
-0.002843
-0.002249
-0.001877
-0.002458
-0.002310
-0.002645
-0.002722
-0.002643
-0.002738
-0.002830
-0.000871
-0.000555
-0.000384
-0.000421
-0.000425
-0.000326
-0.000191
-0.000935
-0.001015
-0.001904
-0.001597
-0.001867
-0.000793
-0.001326
-0.001991
-0.001825
-0.001976
-0.002599
-0.003526
-0.003894
-0.002996
-0.003230
-0.002829
-0.002873
-0.002443
-0.002268
-0.001540
-0.000873
-0.000987
-0.001369
-0.001484
-0.002015
-0.002167
-0.002187
-0.001986
-0.002140
-0.001514
-0.001511
-0.001455
-0.001276
-0.000986
-0.001166
-0.001678
-0.002536
-0.002026
-0.001538
-0.001945
-0.004025
-0.004070
-0.004429
-0.004908
-0.004654
-0.005412
-0.005617
-0.004968
-0.003713
-0.003027
-0.004709
-0.005388
-0.004013
-0.003302
-0.003244
-0.003329
-0.003507
-0.004181
-0.004254
-0.004103
-0.003471
-0.002717
-0.002651
-0.002617
-0.003077
-0.003033
-0.003107
-0.002924
-0.002948
-0.002759
-0.003343
-0.003910
-0.003322
-0.002908
-0.004643
-0.005007
-0.003851
-0.004402
-0.004311
-0.003891
-0.002986
-0.002720
-0.001565
-0.000316
0.000466
0.000792
0.001012
0.000577
0.000472
-0.000299
-0.000673
0.000058
0.000102
0.000418
-0.000544
-0.000796
-0.001122
-0.001220
-0.002146
-0.002059
-0.002485
-0.002493
-0.001956
-0.001494
-0.001820
-0.001328
-0.001226
-0.001107
-0.001909
-0.001769
-0.001040
-0.001435
-0.001855
-0.002176
-0.002075
-0.001921
-0.001487
-0.001844
-0.000407
-0.000980
-0.001507
-0.001762
-0.002030
-0.002658
-0.002674
-0.002983
-0.002561
-0.002351
-0.002150
-0.002219
-0.002072
-0.001768
-0.001994
-0.003230
-0.005686
-0.008720
-0.013088
-0.017591
-0.022673
-0.027821
-0.032543
-0.035698
-0.037640
-0.039747
-0.042406
-0.045498
-0.048409
-0.050244
-0.051633
-0.053802
-0.055331
-0.056775
-0.058440
-0.056360
-0.057768
-0.060112
-0.062330
-0.064322
-0.065741
-0.067718
-0.068432
-0.069297
-0.068939
-0.069046
-0.068478
-0.066219
-0.062126
-0.057937
-0.053679
-0.048979
-0.045114
-0.040385
-0.036445
-0.032476
-0.029906
-0.027931
-0.026075
-0.024231
-0.022365
-0.020820
-0.018998
-0.017610
-0.015455
-0.014157
-0.012735
-0.011138
-0.009943
-0.009481
-0.008544
-0.007397
-0.006509
-0.006157
-0.005888
-0.005843
-0.005561
-0.005233
-0.003917
-0.002942
-0.002385
-0.001284
-0.001458
-0.000287
0.000725
0.001353
0.001245
0.001021
0.000167
-0.000173
-0.000953
-0.000807
-0.000519
0.000519
0.000287
0.001010
0.000996
0.000834
0.000139
-0.000387
-0.000548
-0.000903
-0.000705
0.000520
0.000033
0.001426
0.001052
0.000597
0.001718
0.001571
0.001719
0.001909
0.003385
0.003300
0.003008
0.001443
0.000791
0.000312
0.000045
0.000139
0.000409
0.000754
0.000343
0.000302
0.001101
0.001060
-0.001491
-0.001108
-0.000846
-0.000944
-0.001085
-0.000889
-0.001637
-0.001793
-0.000906
-0.000345
0.000153
0.000374
0.001608
0.001812
0.001797
0.002154
0.001683
0.001455
0.001207
0.001117
0.001665
0.001186
0.000668
0.000656
-0.001220
-0.000976
-0.000628
0.000289
0.000404
0.000537
0.001027
0.000110
0.000129
0.000464
0.001146
0.000619
0.000805
0.001375
0.000868
0.000869
0.000716
0.000198
0.000572
0.000204
0.000733
0.000668
0.000599
0.000514
0.000560
0.000079
0.000300
-0.000105
-0.000140
-0.000514
-0.000685
0.000045
0.001749
0.002170
0.000614
0.000421
-0.000503
-0.000024
0.000020
0.000002
0.000618
0.001403
0.001355
0.000817
0.000322
0.000742
0.001084
0.000849
0.000372
0.000134
-0.000225
0.000172
0.000368
0.000627
0.000568
0.000395
-0.000232
-0.000209
-0.000174
-0.000247
-0.000654
-0.000537
-0.001150
-0.001514
-0.001068
-0.000882
-0.001033
0.000006
0.000838
0.001132
0.001596
0.001669
0.001701
0.001102
0.000766
0.002052
0.001330
0.000507
-0.000095
-0.001772
-0.002831
-0.004752
-0.005969
-0.006952
-0.007315
-0.008898
-0.009667
-0.010664
-0.011476
-0.011425
-0.011213
-0.010032
-0.011070
-0.011115
-0.011716
-0.012973
-0.013729
-0.014255
-0.015722
-0.016977
-0.018193
-0.019037
-0.018856
-0.018796
-0.018526
-0.018364
-0.018147
-0.018768
-0.018713
-0.018901
-0.018248
-0.018988
-0.018481
-0.017145
-0.017405
-0.017077
-0.016791
-0.016778
-0.016871
-0.017808
-0.018197
-0.018876
-0.018596
-0.018669
-0.019217
-0.019098
-0.019625
-0.019888
-0.019601
-0.019358
-0.019448
-0.019305
-0.019469
-0.019039
-0.019609
-0.019640
-0.019269
-0.019066
-0.019307
-0.019596
-0.020048
-0.019515
-0.019208
-0.019121
-0.018727
-0.018268
-0.018488
-0.018559
-0.018910
-0.018557
-0.018706
-0.018107
-0.018553
-0.017718
-0.016928
-0.017175
-0.018209
-0.018834
-0.018954
-0.019450
-0.019399
-0.019500
-0.019300
-0.019478
-0.019473
-0.019142
-0.018997
-0.019452
-0.020116
-0.020390
-0.020476
-0.020774
-0.020214
-0.020268
-0.020077
-0.020161
-0.020133
-0.020173
-0.019578
-0.019438
-0.020472
-0.020606
-0.020999
-0.021358
-0.021223
-0.020736
-0.020480
-0.021099
-0.021629
-0.021462
-0.021126
-0.020982
-0.020761
-0.020508
-0.020196
-0.020307
-0.019982
-0.020250
-0.020127
-0.020688
-0.020441
-0.019593
-0.019865
-0.019749
-0.020232
-0.019684
-0.020351
-0.021202
-0.021564
-0.021286
-0.020951
-0.020759
-0.020268
-0.019326
-0.018955
-0.018864
-0.018589
-0.018564
-0.017979
-0.018603
-0.019606
-0.020127
-0.019954
-0.019857
-0.019739
-0.019048
-0.019280
-0.019444
-0.019966
-0.020174
-0.020204
-0.020744
-0.020887
-0.020821
-0.020543
-0.020630
-0.021087
-0.021574
-0.021207
-0.020802
-0.019639
-0.019450
-0.019955
-0.020064
-0.020265
-0.019692
-0.019352
-0.019595
-0.019589
-0.019496
-0.019492
-0.019829
-0.019549
-0.019232
-0.017640
-0.018319
-0.018736
-0.019212
-0.020060
-0.021287
-0.021699
-0.022079
-0.021936
-0.021363
-0.019614
-0.018572
-0.017605
-0.017737
-0.018025
-0.018300
-0.018666
-0.018420
-0.018267
-0.018617
-0.018884
-0.019194
-0.020558
-0.020680
-0.020247
-0.020083
-0.020539
-0.019467
-0.019442
-0.018790
-0.019527
-0.019749
-0.019988
-0.020561
-0.021239
-0.020719
-0.020756
-0.019765
-0.020776
-0.019870
-0.019243
-0.019731
-0.019529
-0.019163
-0.019353
-0.018612
-0.018984
-0.019349
-0.019665
-0.019861
-0.021007
-0.020621
-0.020399
-0.019512
-0.019773
-0.019483
-0.020018
-0.019353
-0.019448
-0.019038
-0.018255
-0.018407
-0.018873
-0.018609
-0.017776
-0.015823
-0.014839
-0.013033
-0.011912
-0.010452
-0.009135
-0.008976
-0.007958
-0.007347
-0.006313
-0.005258
-0.004301
-0.002309
-0.002203
-0.002774
-0.002717
-0.002572
-0.002212
-0.001716
-0.002359
-0.002270
-0.001929
-0.001674
-0.001181
-0.000590
-0.001045
-0.001202
-0.001718
-0.001705
-0.001649
-0.001563
-0.001358
-0.001307
-0.001173
-0.001011
-0.001053
-0.000919
-0.000261
0.000377
0.000645
0.000573
0.000903
0.000383
0.000519
0.000840
0.001691
0.001250
0.000952
0.000696
0.000255
0.000091
0.000191
0.000692
-0.000672
-0.000650
-0.000788
-0.000000
0.001010
0.001160
0.000816
0.000154
-0.000563
-0.000730
-0.000491
-0.000170
-0.000149
0.000084
0.000016
0.000056
-0.000431
-0.000186
0.000177
0.000133
-0.000215
-0.001068
-0.000501
-0.000754
-0.000655
-0.000301
0.001199
0.003931
0.007548
0.012534
0.018742
0.025480
0.033174
0.040228
0.046960
0.054637
0.060291
0.063646
0.063855
0.062208
0.058561
0.054154
0.048967
0.042980
0.037026
0.031054
0.026405
0.022940
0.020399
0.019405
0.017996
0.017462
0.016151
0.015718
0.015275
0.015638
0.014582
0.013100
0.011589
0.009673
0.008596
0.007441
0.006621
0.006165
0.006185
0.005823
0.004698
0.004433
0.004476
0.004760
0.004093
0.003411
0.003136
0.002312
0.001089
0.001382
0.001077
0.001230
0.001478
0.001249
0.001104
-0.000019
0.000620
0.000633
-0.000025
-0.000324
0.000009
0.000140
0.000555
0.000404
0.000734
0.000631
0.000297
0.000099
0.000061
-0.000048
-0.000259
0.000372
0.001676
0.001120
0.001294
0.001400
0.000828
0.000030
0.000364
0.000002
-0.000326
-0.000709
-0.000763
-0.000884
-0.000220
0.000608
-0.000024
-0.000557
-0.000820
-0.000688
-0.000711
0.000630
0.000588
0.000353
0.000156
0.000598
0.000633
0.000394
0.000332
0.000375
-0.000319
-0.000687
-0.000497
-0.000321
-0.000204
0.000166
0.000486
0.001133
0.001023
0.000896
0.001430
0.001573
0.001830
0.001925
0.000949
-0.000411
-0.000228
0.000308
0.000053
0.000381
0.000716
0.000937
-0.000061
0.000193
0.000514
0.000413
0.000413
0.000410
0.000332
0.001117
0.001427
0.000731
0.001262
0.000149
-0.000203
0.000154
0.000202
0.000251
0.000277
0.000220
0.000063
0.000918
0.000588
0.001586
0.003572
0.005371
0.007310
0.009846
0.011987
0.014383
0.016268
0.017961
0.019765
0.021494
0.023407
0.023850
0.025427
0.027145
0.029272
0.030591
0.032352
0.033241
0.034789
0.035390
0.035978
0.034768
0.035497
0.035683
0.035787
0.036070
0.036057
0.035693
0.035733
0.035761
0.036978
0.037537
0.038531
0.039200
0.039150
0.038762
0.038190
0.037323
0.035436
0.033504
0.031140
0.028108
0.025125
0.022382
0.020362
0.018167
0.016342
0.013813
0.011668
0.011724
0.010738
0.011452
0.010743
0.010195
0.009603
0.008655
0.008602
0.008794
0.008175
0.007189
0.007048
0.006248
0.006409
0.005560
0.003794
0.003521
0.004279
0.003802
0.003436
0.003500
0.003060
0.001829
0.002496
0.002364
0.001492
0.001294
0.000844
0.001151
0.000436
0.001252
0.000684
0.001088
0.000773
0.001412
0.001491
0.001809
0.001256
0.000572
-0.000057
-0.000123
-0.000152
0.000136
0.000464
0.001055
0.000311
0.000222
0.000353
0.000493
-0.000348
-0.000448
-0.000238
-0.000039
-0.000740
-0.000503
-0.000678
-0.001260
-0.000891
-0.000172
-0.000588
-0.000434
-0.000948
-0.000521
0.000006
-0.000226
0.000083
0.000140
0.000121
-0.000147
-0.000073
0.000803
0.001238
0.001036
0.001402
0.001122
0.000834
0.000440
0.000206
0.000267
0.000187
0.000336
0.000455
0.000200
0.000721
0.000764
0.000410
0.000693
0.000382
0.000416
0.001700
0.002253
0.001548
-0.000030
-0.000453
-0.000280
-0.000324
-0.000750
-0.001451
-0.000956
-0.000552
-0.000129
-0.000588
-0.000706
-0.000695
-0.001132
-0.000828
0.000151
0.001137
0.000796
0.000687
0.000632
0.000234
0.000154
0.000329
0.000648
0.000946
0.001745
0.002796
0.004860
0.006496
0.008409
0.009581
0.011116
0.011732
0.012926
0.014801
0.017112
0.018100
0.018096
0.019076
0.020204
0.021749
0.022935
0.023839
0.024617
0.025757
0.025762
0.026342
0.026818
0.028518
0.029724
0.029964
0.030417
0.031112
0.032145
0.032859
0.032483
0.032461
0.032242
0.033424
0.033771
0.031676
0.027745
0.023534
0.018272
0.013926
0.009898
0.006389
0.002330
-0.000902
-0.003771
-0.005529
-0.007172
-0.008632
-0.010512
-0.012810
-0.015297
-0.017620
-0.019358
-0.020910
-0.021976
-0.022669
-0.023675
-0.024577
-0.026170
-0.026858
-0.027085
-0.026306
-0.024371
-0.021829
-0.018557
-0.014927
-0.011416
-0.009003
-0.006120
-0.002903
0.000132
0.002748
0.005319
0.007663
0.010403
0.012617
0.014673
0.016932
0.018262
0.019341
0.020057
0.021138
0.022408
0.023986
0.025631
0.026707
0.027385
0.028220
0.029054
0.030165
0.031416
0.032135
0.032298
0.031708
0.030361
0.027568
0.023951
0.019970
0.015845
0.011983
0.007591
0.003857
0.001112
-0.001256
-0.003639
-0.006455
-0.008921
-0.010705
-0.013134
-0.014919
-0.016561
-0.018455
-0.020097
-0.021651
-0.022912
-0.024359
-0.024803
-0.025414
-0.026030
-0.027101
-0.028012
-0.028388
-0.027149
-0.025167
-0.021621
-0.017484
-0.013274
-0.009245
-0.006117
-0.003393
-0.001012
0.001504
0.004238
0.007018
0.008815
0.010741
0.012285
0.013601
0.015423
0.017394
0.018405
0.019928
0.020666
0.021543
0.022991
0.024520
0.026222
0.026457
0.027064
0.027643
0.028059
0.028774
0.028911
0.028838
0.027914
0.026198
0.023280
0.019852
0.016298
0.012303
0.008533
0.005017
0.001447
-0.001950
-0.005060
-0.006620
-0.007861
-0.009512
-0.011084
-0.012613
-0.015370
-0.017707
-0.018983
-0.020288
-0.020733
-0.021750
-0.022784
-0.023023
-0.024775
-0.026073
-0.026458
-0.025444
-0.024142
-0.021366
-0.018296
-0.014694
-0.010900
-0.007191
-0.003795
-0.000789
0.001308
0.003260
0.005545
0.008062
0.011057
0.013802
0.016338
0.017787
0.019748
0.020158
0.021227
0.022208
0.022777
0.022653
0.022990
0.024048
0.025194
0.026099
0.027171
0.027299
0.027446
0.027716
0.026931
0.025113
0.021923
0.018244
0.014538
0.010545
0.006704
0.003400
0.000466
-0.002676
-0.005597
-0.007461
-0.008880
-0.010472
-0.012161
-0.014188
-0.016242
-0.018264
-0.020255
-0.021570
-0.022930
-0.024308
-0.025084
-0.025244
-0.025345
-0.026230
-0.027115
-0.027469
-0.026160
-0.023850
-0.020735
-0.017006
-0.012841
-0.008664
-0.005393
-0.002292
0.000141
0.001983
0.004127
0.006542
0.008854
0.011265
0.013597
0.015911
0.017565
0.018436
0.019414
0.020593
0.021549
0.022250
0.023375
0.024498
0.024913
0.025270
0.026173
0.027283
0.029325
0.030155
0.030335
0.029795
0.028700
0.027060
0.024071
0.019915
0.016000
0.011759
0.008468
0.005273
0.001220
-0.000876
-0.002727
-0.005282
-0.007896
-0.011100
-0.012689
-0.013869
-0.014763
-0.015689
-0.016641
-0.018457
-0.020580
-0.022453
-0.022569
-0.021833
-0.023361
-0.023941
-0.023646
-0.022784
-0.021722
-0.019785
-0.017101
-0.013343
-0.009978
-0.006554
-0.004170
-0.002133
-0.000130
0.001591
0.004081
0.006864
0.009945
0.012126
0.014010
0.015902
0.016068
0.017652
0.019523
0.020955
0.022083
0.023314
0.024238
0.025382
0.026534
0.027513
0.028409
0.028534
0.028192
0.026565
0.024003
0.020815
0.017278
0.013577
0.009743
0.007767
0.004783
0.002242
0.000097
-0.002110
-0.005256
-0.008354
-0.010251
-0.012265
-0.013415
-0.014389
-0.015964
-0.017338
-0.019755
-0.021496
-0.021750
-0.021996
-0.022860
-0.023241
-0.023781
-0.023301
-0.022039
-0.019979
-0.016467
-0.012917
-0.009449
-0.005740
-0.002551
-0.000146
0.001888
0.004024
0.006599
0.009161
0.012279
0.014775
0.016673
0.017540
0.019033
0.020946
0.023196
0.024236
0.024777
0.026086
0.027153
0.027465
0.028729
0.028898
0.029363
0.029163
0.028083
0.025766
0.022491
0.018773
0.015067
0.010999
0.007766
0.004480
0.001180
-0.002244
-0.004579
-0.007932
-0.010355
-0.012879
-0.014973
-0.017113
-0.018841
-0.020239
-0.021421
-0.023123
-0.024425
-0.025360
-0.026185
-0.026479
-0.025765
-0.024798
-0.022497
-0.019819
-0.015375
-0.011749
-0.008046
-0.004804
-0.001612
0.000994
0.003287
0.005558
0.008028
0.010911
0.013537
0.015696
0.017181
0.018826
0.019711
0.020822
0.021730
0.022491
0.023152
0.024111
0.025586
0.026770
0.027451
0.027384
0.027096
0.026036
0.025410
0.023323
0.021204
0.017888
0.014277
0.010971
0.007537
0.004308
0.001562
-0.000305
-0.001116
-0.001946
-0.002523
-0.003639
-0.004586
-0.006897
-0.008176
-0.008590
-0.009307
-0.010190
-0.011480
-0.012078
-0.013591
-0.013939
-0.014367
-0.014907
-0.014701
-0.014511
-0.014591
-0.014569
-0.014907
-0.014145
-0.013497
-0.013091
-0.011405
-0.008847
-0.005219
-0.000418
0.005699
0.012567
0.019751
0.026315
0.035170
0.044791
0.053711
0.062213
0.069944
0.076755
0.097158
0.087365
0.088992
0.089655
0.087833
0.084032
0.078721
0.082742
0.062961
0.056018
0.055954
0.047022
0.033858
0.030376
0.027576
0.025108
0.023570
0.022715
0.022031
0.020975
0.019209
0.017867
0.015576
0.012848
0.011553
0.010519
0.009329
0.008230
0.007377
0.006576
0.005644
0.005479
0.004971
0.003695
0.003104
0.002954
0.002475
0.002239
0.002418
0.001462
0.000000
0.000000
0.000000
0.000000
0.000000
0.000000
0.000000
0.000000
0.000000
0.000000
0.000000
0.000000
0.000000
0.000000
0.000000
0.000000
0.000000
0.000000
0.000000
0.000000
0.000000
0.000000
0.000000
0.000000
0.000000
0.000000
0.000000
0.000000
0.000000
0.000000
0.000000
0.000000
0.000000
0.000000
0.000000
0.000000
0.000000
0.000000
0.000000
0.000000
0.000000
0.000000
0.000000
0.000000
0.000000
0.000000
0.000000
0.000000
0.000000
0.000000
0.000000
0.000000
0.000000
0.000000
0.000000
0.000000
0.000000
0.000000
0.000000
0.000000
0.000000
0.000000
0.000000
0.000000
0.000000
0.000000
0.000000
0.000000
0.000000
0.000000
0.000000
0.000000
0.000000
0.000000
0.000000
0.000000
0.000000
0.000000
0.000000
0.000000
0.000000
0.000000
0.000000
0.000000
0.000000
0.000000
0.000000
0.000000
0.000000
0.000000
0.000000
0.000000
0.000000
0.000000
0.000000
0.000000
0.000000
0.000000
0.000000
0.000000
0.000000
0.000000
0.000000
0.000000
0.000000
0.000000
0.000000
0.000000
0.000000
0.000000
0.000000
0.000000
0.000000
0.000000
0.000000
0.000000
0.000000
0.000000
0.000000
0.000000
0.000000
0.000000
0.000000
0.000000
0.000000
0.000000
0.000000
0.000000
0.000000
0.000000
0.000000
0.000000
0.000000
0.000000
0.000000
0.000000
0.000000
0.000000
0.000000
0.000000
0.000000
0.000000
0.000000
0.000000
0.000000
0.000000
0.000000
0.000000
0.000000
0.000000
0.000000
0.000000
0.000000
0.000000
0.000000
0.000000
0.000000
0.000000
0.000000
0.000000
0.000000
0.000000
0.000000
0.000000
0.000000
0.000000
0.000000
0.000000
0.000000
0.000000
0.000000
0.000000
0.000000
0.000000
0.000000
0.000000
0.000000
0.000000
0.000000
0.000000
0.000000
0.000000
0.000000
0.000000
0.000000
0.000000
0.000000
0.000000
0.000000
0.000000
0.000000
0.000000
0.000000
0.000000
0.000000
0.000000
0.000000
0.000000
0.000000
0.000000
0.000000
0.000000
0.000000
0.000000
0.000000
0.000000
0.000000
0.000000
0.000000
0.000000
0.000000
0.000000
0.000000
0.000000
0.000000
0.000000
0.000000
0.000000
0.000000
0.000000
0.000000
0.000000
0.000000
0.000000
0.000000
0.000000
0.000000
0.000000
0.000000
0.000000
0.000000
0.000000
0.000000
0.000000
0.000000
0.000000
0.000000
0.000000
0.000000
0.000000
0.000000
0.000000
0.000000
0.000000
0.000000
0.000000
0.000000
0.000000
0.000000
0.000000
0.000000
0.000000
0.000000
0.000000
0.000000
0.000000
0.000000
0.000000
0.000000
0.000000
0.000000
0.000000
0.000000
0.000000
0.000000
0.000000
0.000000
0.000000
0.000000
0.000000
0.000000
0.000000
0.000000
0.000000
0.000000
0.000000
0.000000
0.000000
0.000000
0.000000
0.000000
0.000000
0.000000
0.000000
0.000000
0.000000
0.000000
0.000000
0.000000
0.000000
0.000000
0.000000
0.000000
0.000000
0.000000
0.000000
0.000000
0.000000
0.000000
0.000000
0.000000
0.000000
0.000000
0.000000
0.000000
0.000000
0.000000
0.000000
0.000000
0.000000
0.000000
0.000000
0.000000
0.000000
0.000000
0.000000
0.000000
0.000000
0.000000
0.000000
0.000000
0.000000
0.000000
0.000000
0.000000
0.000000
0.000000
0.000000
0.000000
0.000000
0.000000
0.000000
0.000000
0.000000
0.000000
0.000000
0.000000
0.000000
0.000000
0.000000
0.000000
0.000000
0.000000
0.000000
0.000000
0.000000
0.000000
0.000000
0.000000
0.000000
0.000000
0.000000
0.000000
0.000000
0.000000
0.000000
0.000000
0.000000
0.000000
0.000000
0.000000
0.000000
0.000000
0.000000
0.000000
0.000000
0.000000
0.000000
0.000000
0.000000
0.000000
0.000000
0.000000
0.000000
0.000000
0.000000
0.000000
0.000000
0.000000
0.000000
0.000000
0.000000
0.000000
0.000000
0.000000
0.000000
0.000000
0.000000
0.000000
0.000000
0.000000
0.000000
0.000000
0.000000
0.000000
0.000000
0.000000
0.000000
0.000000
0.000000
0.000000
0.000000
0.000000
0.000000
0.000000
0.000000
0.000000
0.000000
0.000000
0.000000
0.000000
0.000000
0.000000
0.000000
0.000000
0.000000
0.000000
0.000000
0.000000
0.000000
0.000000
0.000000
0.000000
0.000000
0.000000
0.000000
0.000000
0.000000
0.000000
0.000000
0.000000
0.000000
0.000000
0.000000
0.000000
0.000000
0.000000
0.000000
0.000000
0.000000
0.000000
0.000000
0.000000
0.000000
0.000000
0.000000
0.000000
0.000000
0.000000
0.000000
0.000000
0.000000
0.000000
0.000000
0.000000
0.000000
0.000000
0.000000
0.000000
0.000000
0.000000
0.000000
0.000000
0.000000
0.000000
0.000000
0.000000
0.000000
0.000000
0.000000
0.000000
0.000000
0.000000
0.000000
0.000000
0.000000
0.000000
0.000000
0.000000
0.000000
0.000000
0.000000
0.000000
0.000000
0.000000
0.000000
0.000000
0.000000
0.000000
0.000000
0.000000
0.000000
0.000000
0.000000
0.000000
0.000000
0.000000
0.000000
0.000000
0.000000
0.000000
0.000000
0.000000
0.000000
0.000000
0.000000
0.000000
0.000000
0.000000
0.000000
0.000000
0.000000
0.000000
0.000000
0.000000
0.000000
0.000000
0.000000
0.000000
0.000000
0.000000
0.000000
0.000000
0.000000
0.000000
0.000000
0.000000
0.000000
0.000000
0.000000
0.000000
0.000000
0.000000
0.000000
0.000000
0.000000
0.000000
0.000000
0.000000
0.000000
0.000000
0.000000
0.000000
0.000000
0.000000
0.000000
0.000000
0.000000
0.000000
0.000000
0.000000
0.000000
0.000000
0.000000
0.000000
0.000000
0.000000
0.000000
0.000000
0.000000
0.000000
0.000000
0.000000
0.000000
0.000000
0.000000
0.000000
0.000000
0.000000
0.000000
0.000000
0.000000
0.000000
0.000000
0.000000
0.000000
0.000000
0.000000
0.000000
0.000000
0.000000
0.000000
0.000000
0.000000
0.000000
0.000000
0.000000
0.000000
0.000000
0.000000
0.000000
0.000000
0.000000
0.000000
0.000000
0.000000
0.000000
0.000000
0.000000
0.000000
0.000000
0.000000
0.000000
0.000000
0.000000
0.000000
0.000000
0.000000
0.000000
0.000000
0.000000
0.000000
0.000000
0.000000
0.000000
0.000000
0.000000
0.000000
0.000000
0.000000
0.000000
0.000000
0.000000
0.000000
0.000000
0.000000
0.000000
0.000000
0.000000
0.000000
0.000000
0.000000
0.000000
0.000000
0.000000
0.000000
0.000000
0.000000
0.000000
0.000000
0.000000
0.000000
0.000000
0.000000
0.000000
0.000000
0.000000
0.000000
0.000000
0.000000
0.000000
0.000000
0.000000
0.000000
0.000000
0.000000
0.000000
0.000000
0.000000
0.000000
0.000000
0.000000
0.000000
0.000000
0.000000
0.000000
0.000000
0.000000
0.000000
0.000000
0.000000
0.000000
0.000000
0.000000
0.000000
0.000000
0.000000
0.000000
0.000000
0.000000
0.000000
0.000000
0.000000
0.000000
0.000000
0.000000
0.000000
0.000000
0.000000
0.000000
0.000000
0.000000
0.000000
0.000000
0.000000
0.000000
0.000000
0.000000
0.000000
0.000000
0.000000
0.000000
0.000000
0.000000
0.000000
0.000000
0.000000
0.000000
0.000000
0.000000
0.000000
0.000000
0.000000
0.000000
0.000000
0.000000
0.000000
0.000000
0.000000
0.000000
0.000000
0.000000
0.000000
0.000000
0.000000
0.000000
0.000000
0.000000
0.000000
0.000000
0.000000
0.000000
0.000000
0.000000
0.000000
0.000000
0.000000
0.000000
0.000000
0.000000
0.000000
0.000000
0.000000
0.000000
0.000000
0.000000
0.000000
0.000000
0.000000
0.000000
0.000000
0.000000
0.000000
0.000000
0.000000
0.000000
0.000000
0.000000
0.000000
0.000000
0.000000
0.000000
0.000000
0.000000
0.000000
0.000000
0.000000
0.000000
0.000000
0.000000
0.000000
0.000000
0.000000
0.000000
0.000000
0.000000
0.000000
0.000000
0.000000
0.000000
0.000000
0.000000
0.000000
0.000000
0.000000
0.000000
0.000000
0.000000
0.000000
0.000000
0.000000
0.000000
0.000000
0.000000
0.000000
0.000000
0.000000
0.000000
0.000000
0.000000
0.000000
0.000000
0.000000
0.000000
0.000000
0.000000
0.000000
0.000000
0.000000
0.000000
0.000000
0.000000
0.000000
0.000000
0.000000
0.000000
0.000000
0.000000
0.000000
0.000000
0.000000
0.000000
0.000000
0.000000
0.000000
0.000000
0.000000
0.000000
0.000000
0.000000
0.000000
0.000000
0.000000
0.000000
0.000000
0.000000
0.000000
0.000000
0.000000
0.000000
0.000000
0.000000
0.000000
0.000000
0.000000
0.000000
0.000000
0.000000
0.000000
0.000000
0.000000
0.000000
0.000000
0.000000
0.000000
0.000000
0.000000
0.000000
0.000000
0.000000
0.000000
0.000000
0.000000
0.000000
0.000000
0.000000
0.000000
0.000000
0.000000
0.000000
0.000000
0.000000
0.000000
0.000000
0.000000
0.000000
0.000000
0.000000
0.000000
0.000000
0.000000
0.000000
0.000000
0.000000
0.000000
0.000000
0.000000
0.000000
0.000000
0.000000
0.000000
0.000000
0.000000
0.000000
0.000000
0.000000
0.000000
0.000000
0.000000
0.000000
0.000000
0.000000
0.000000
0.000000
0.000000
0.000000
0.000000
0.000000
0.000000
0.000000
0.000000
0.000000
0.000000
0.000000
0.000000
0.000000
0.000000
0.000000
0.000000
0.000000
0.000000
0.000000
0.000000
0.000000
0.000000
0.000000
0.000000
0.000000
0.000000
0.000000
0.000000
0.000000
0.000000
0.000000
0.000000
0.000000
0.000000
0.000000
0.000000
0.000000
0.000000
0.000000
0.000000
0.000000
0.000000
0.000000
0.000000
0.000000
0.000000
0.000000
0.000000
0.000000
0.000000
0.000000
0.000000
0.000000
0.000000
0.000000
0.000000
0.000000
0.000000
0.000000
0.000000
0.000000
0.000000
0.000000
0.000000
0.000000
0.000000
0.000000
0.000000
0.000000
0.000000
0.000000
0.000000
0.000000
0.000000
0.000000
0.000000
0.000000
0.000000
0.000000
0.000000
0.000000
0.000000
0.000000
0.000000
0.000000
0.000000
0.000000
0.000000
0.000000
0.000000
0.000000
0.000000
0.000000
0.000000
0.000000
0.000000
0.000000
0.000000
0.000000
0.000000
0.000000
0.000000
0.000000
0.000000
0.000000
0.000000
0.000000
0.000000
0.000000
0.000000
0.000000
0.000000
0.000000
0.000000
0.000000
0.000000
0.000000
0.000000
0.000000
0.000000
0.000000
0.000000
0.000000
0.000000
0.000000
0.000000
0.000000
0.000000
0.000000
0.000000
0.000000
0.000000
0.000000
0.000000
0.000000
0.000000
0.000000
0.000000
0.000000
0.000000
0.000000
0.000000
0.000000
0.000000
0.000000
0.000000
0.000000
0.000000
0.000000
0.000000
0.000000
0.000000
0.000000
0.000000
0.000000
0.000000
0.000000
0.000000
0.000000
0.000000
0.000000
0.000000
0.000000
0.000000
0.000000
0.000000
0.000000
0.000000
0.000000
0.000000
0.000000
0.000000
0.000000
0.000000
0.000000
0.000000
0.000000
0.000000
0.000000
0.000000
0.000000
0.000000
0.000000
0.000000
0.000000
0.000000
0.000000
0.000000
0.000000
0.000000
0.000000
0.000000
0.000000
0.000000
0.000000
0.000000
0.000000
0.000000
0.000000
0.000000
0.000000
0.000000
0.000000
0.000000
0.000000
0.000000
0.000000
0.000000
0.000000
0.000000
0.000000
0.000000
0.000000
0.000000
0.000000
0.000000
0.000000
0.000000
0.000000
0.000000
0.000000
0.000000
0.000000
0.000000
0.000000
0.000000
0.000000
0.000000
0.000000
0.000000
0.000000
0.000000
0.000000
0.000000
0.000000
0.000000
0.000000
0.000000
0.000000
0.000000
0.000000
0.000000
0.000000
0.000000
0.000000
0.000000
0.000000
0.000000
0.000000
0.000000
0.000000
0.000000
0.000000
0.000000
0.000000
0.000000
0.000000
0.000000
0.000000
0.000000
0.000000
0.000000
0.000000
0.000000
0.000000
0.000000
0.000000
0.000000
0.000000
0.000000
0.000000
0.000000
0.000000
0.000000
0.000000
0.000000
0.000000
0.000000
0.000000
0.000000
0.000000
0.000000
0.000000
0.000000
0.000000
0.000000
0.000000
0.000000
0.000000
0.000000
0.000000
0.000000
0.000000
0.000000
0.000000
0.000000
0.000000
0.000000
0.000000
0.000000
0.000000
0.000000
0.000000
0.000000
0.000000
0.000000
0.000000
0.000000
0.000000
0.000000
0.000000
0.000000
0.000000
0.000000
0.000000
0.000000
0.000000
0.000000
0.000000
0.000000
0.000000
0.000000
0.000000
0.000000
0.000000
0.000000
0.000000
0.000000
0.000000
0.000000
0.000000
0.000000
0.000000
0.000000
0.000000
0.000000
0.000000
0.000000
0.000000
0.000000
0.000000
0.000000
0.000000
0.000000
0.000000
0.000000
0.000000
0.000000
0.000000
0.000000
0.000000
0.000000
0.000000
0.000000
0.000000
0.000000
0.000000
0.000000
0.000000
0.000000
0.000000
0.000000
0.000000
0.000000
0.000000
0.000000
0.000000
0.000000
0.000000
0.000000
0.000000
0.000000
0.000000
0.000000
0.000000
0.000000
0.000000
0.000000
0.000000
0.000000
0.000000
0.000000
0.000000
0.000000
0.000000
0.000000
0.000000
0.000000
0.000000
0.000000
0.000000
0.000000
0.000000
0.000000
0.000000
0.000000
0.000000
0.000000
0.000000
0.000000
0.000000
0.000000
0.000000
0.000000
0.000000
0.000000
0.000000
0.000000
0.000000
0.000000
0.000000
0.000000
0.000000
0.000000
0.000000
0.000000
0.000000
0.000000
0.000000
0.000000
0.000000
0.000000
0.000000
0.000000
0.000000
0.000000
0.000000
0.000000
0.000000
0.000000
0.000000
0.000000
0.000000
0.000000
0.000000
0.000000
0.000000
0.000000
0.000000
0.000000
0.000000
0.000000
0.000000
0.000000
0.000000
0.000000
0.000000
0.000000
0.000000
0.000000
0.000000
0.000000
0.000000
0.000000
0.000000
0.000000
0.000000
0.000000
0.000000
0.000000
0.000000
0.000000
0.000000
0.000000
0.000000
0.000000
0.000000
0.000000
0.000000
0.000000
0.000000
0.000000
0.000000
0.000000
0.000000
0.000000
0.000000
0.000000
0.000000
0.000000
0.000000
0.000000
0.000000
0.000000
0.000000
0.000000
0.000000
0.000000
0.000000
0.000000
0.000000
0.000000
0.000000
0.000000
0.000000
0.000000
0.000000
0.000000
0.000000
0.000000
0.000000
0.000000
0.000000
0.000000
0.000000
0.000000
0.000000
0.000000
0.000000
0.000000
0.000000
0.000000
0.000000
0.000000
0.000000
0.000000
0.000000
0.000000
0.000000
0.000000
0.000000
0.000000
0.000000
0.000000
0.000000
0.000000
0.000000
0.000000
0.000000
0.000000
0.000000
0.000000
0.000000
0.000000
0.000000
0.000000
0.000000
0.000000
0.000000
0.000000
0.000000
0.000000
0.000000
0.000000
0.000000
0.000000
0.000000
0.000000
0.000000
0.000000
0.000000
0.000000
0.000000
0.000000
0.000000
0.000000
0.000000
0.000000
0.000000
0.000000
0.000000
0.000000
0.000000
0.000000
0.000000
0.000000
0.000000
0.000000
0.000000
0.000000
0.000000
0.000000
0.000000
0.000000
0.000000
0.000000
0.000000
0.000000
0.000000
0.000000
0.000000
0.000000
0.000000
0.000000
0.000000
0.000000
0.000000
0.000000
0.000000
0.000000
0.000000
0.000000
0.000000
0.000000
0.000000
0.000000
0.000000
0.000000
0.000000
0.000000
0.000000
0.000000
0.000000
0.000000
0.000000
0.000000
0.000000
0.000000
0.000000
0.000000
0.000000
0.000000
0.000000
0.000000
0.000000
0.000000
0.000000
0.000000
0.000000
0.000000
0.000000
0.000000
0.000000
0.000000
0.000000
0.000000
0.000000
0.000000
0.000000
0.000000
0.000000
0.000000
0.000000
0.000000
0.000000
0.000000
0.000000
0.000000
0.000000
0.000000
0.000000
0.000000
0.000000
0.000000
0.000000
0.000000
0.000000
0.000000
0.000000
0.000000
0.000000
0.000000
0.000000
0.000000
0.000000
0.000000
0.000000
0.000000
0.000000
0.000000
0.000000
0.000000
0.000000
0.000000
0.000000
0.000000
0.000000
0.000000
0.000000
0.000000
0.000000
0.000000
0.000000
0.000000
0.000000
0.000000
0.000000
0.000000
0.000000
0.000000
0.000000
0.000000
0.000000
0.000000
0.000000
0.000000
0.000000
0.000000
0.000000
0.000000
0.000000
0.000000
0.000000
0.000000
0.000000
0.000000
0.000000
0.000000
0.000000
0.000000
0.000000
0.000000
0.000000
0.000000
0.000000
0.000000
0.000000
0.000000
0.000000
0.000000
0.000000
0.000000
0.000000
0.000000
0.000000
0.000000
0.000000
0.000000
0.000000
0.000000
0.000000
0.000000
0.000000
0.000000
0.000000
0.000000
0.000000
0.000000
0.000000
0.000000
0.000000
0.000000
0.000000
0.000000
0.000000
0.000000
0.000000
0.000000
0.000000
0.000000
0.000000
0.000000
0.000000
0.000000
0.000000
0.000000
0.000000
0.000000
0.000000
0.000000
0.000000
0.000000
0.000000
0.000000
0.000000
0.000000
0.000000
0.000000
0.000000
0.000000
0.000000
0.000000
0.000000
0.000000
0.000000
0.000000
0.000000
0.000000
0.000000
0.000000
0.000000
0.000000
0.000000
0.000000
0.000000
0.000000
0.000000
0.000000
0.000000
0.000000
0.000000
0.000000
0.000000
0.000000
0.000000
0.000000
0.000000
0.000000
0.000000
0.000000
0.000000
0.000000
0.000000
0.000000
0.000000
0.000000
0.000000
0.000000
0.000000
0.000000
0.000000
0.000000
0.000000
0.000000
0.000000
0.000000
0.000000
0.000000
0.000000
0.000000
0.000000
0.000000
0.000000
0.000000
0.000000
0.000000
0.000000
0.000000
0.000000
0.000000
0.000000
0.000000
0.000000
0.000000
0.000000
0.000000
0.000000
0.000000
0.000000
0.000000
0.000000
0.000000
0.000000
0.000000
0.000000
0.000000
0.000000
0.000000
0.000000
0.000000
0.000000
0.000000
0.000000
0.000000
0.000000
0.000000
0.000000
0.000000
0.000000
0.000000
0.000000
0.000000
0.000000
0.000000
0.000000
0.000000
0.000000
0.000000
0.000000
0.000000
0.000000
0.000000
0.000000
0.000000
0.000000
0.000000
0.000000
0.000000
0.000000
0.000000
0.000000
0.000000
0.000000
0.000000
0.000000
0.000000
0.000000
0.000000
0.000000
0.000000
0.000000
0.000000
0.000000
0.000000
0.000000
0.000000
0.000000
0.000000
0.000000
0.000000
0.000000
0.000000
0.000000
0.000000
0.000000
0.000000
0.000000
0.000000
0.000000
0.000000
0.000000
0.000000
0.000000
0.000000
0.000000
0.000000
0.000000
0.000000
0.000000
0.000000
0.000000
0.000000
0.000000
0.000000
0.000000
0.000000
0.000000
0.000000
0.000000
0.000000
0.000000
0.000000
0.000000
0.000000
0.000000
0.000000
0.000000
0.000000
0.000000
0.000000
0.000000
0.000000
0.000000
0.000000
0.000000
0.000000
0.000000
0.000000
0.000000
0.000000
0.000000
0.000000
0.000000
0.000000
0.000000
0.000000
0.000000
0.000000
0.000000
0.000000
0.000000
0.000000
0.000000
0.000000
0.000000
0.000000
0.000000
0.000000
0.000000
0.000000
0.000000
0.000000
0.000000
0.000000
0.000000
0.000000
0.000000
0.000000
0.000000
0.000000
0.000000
0.000000
0.000000
0.000000
0.000000
0.000000
0.000000
0.000000
0.000000
0.000000
0.000000
0.000000
0.000000
0.000000
0.000000
0.000000
0.000000
0.000000
0.000000
0.000000
0.000000
0.000000
0.000000
0.000000
0.000000
0.000000
0.000000
0.000000
0.000000
0.000000
0.000000
0.000000
0.000000
0.000000
0.000000
0.000000
0.000000
0.000000
0.000000
0.000000
0.000000
0.000000
0.000000
0.000000
0.000000
0.000000
0.000000
0.000000
0.000000
0.000000
0.000000
0.000000
0.000000
0.000000
0.000000
0.000000
0.000000
0.000000
0.000000
0.000000
0.000000
0.000000
0.000000
0.000000
0.000000
0.000000
0.000000
0.000000
0.000000
0.000000
0.000000
0.000000
0.000000
0.000000
0.000000
0.000000
0.000000
0.000000
0.000000
0.000000
0.000000
0.000000
0.000000
0.000000
0.000000
0.000000
0.000000
0.000000
0.000000
0.000000
0.000000
0.000000
0.000000
0.000000
0.000000
0.000000
0.000000
0.000000
0.000000
0.000000
0.000000
0.000000
0.000000
0.000000
0.000000
0.000000
0.000000
0.000000
0.000000
0.000000
0.000000
0.000000
0.000000
0.000000
0.000000
0.000000
0.000000
0.000000
0.000000
0.000000
0.000000
0.000000
0.000000
0.000000
0.000000
0.000000
0.000000
0.000000
0.000000
0.000000
0.000000
0.000000
0.000000
0.000000
0.000000
0.000000
0.000000
0.000000
0.000000
0.000000
0.000000
0.000000
0.000000
0.000000
0.000000
0.000000
0.000000
0.000000
0.000000
0.000000
0.000000
0.000000
0.000000
0.000000
0.000000
0.000000
0.000000
0.000000
0.000000
0.000000
0.000000
0.000000
0.000000
0.000000
0.000000
0.000000
0.000000
0.000000
0.000000
0.000000
0.000000
0.000000
0.000000
0.000000
0.000000
0.000000
0.000000
0.000000
0.000000
0.000000
0.000000
0.000000
0.000000
0.000000
0.000000
0.000000
0.000000
0.000000
0.000000
0.000000
0.000000
0.000000
0.000000
0.000000
0.000000
0.000000
0.000000
0.000000
0.000000
0.000000
0.000000
0.000000
0.000000
0.000000
0.000000
0.000000
0.000000
0.000000
0.000000
0.000000
0.000000
0.000000
0.000000
0.000000
0.000000
0.000000
0.000000
0.000000
0.000000
0.000000
0.000000
0.000000
0.000000
0.000000
0.000000
0.000000
0.000000
0.000000
0.000000
0.000000
0.000000
0.000000
0.000000
0.000000
0.000000
0.000000
0.000000
0.000000
0.000000
0.000000
0.000000
0.000000
0.000000
0.000000
0.000000
0.000000
0.000000
0.000000
0.000000
0.000000
0.000000
0.000000
0.000000
0.000000
0.000000
0.000000
0.000000
0.000000
0.000000
0.000000
0.000000
0.000000
0.000000
0.000000
0.000000
0.000000
0.000000
0.000000
0.000000
0.000000
0.000000
0.000000
0.000000
0.000000
0.000000
0.000000
0.000000
0.000000
0.000000
0.000000
0.000000
0.000000
0.000000
0.000000
0.000000
0.000000
0.000000
0.000000
0.000000
0.000000
0.000000
0.000000
0.000000
0.000000
0.000000
0.000000
0.000000
0.000000
0.000000
0.000000
0.000000
0.000000
0.000000
0.000000
0.000000
0.000000
0.000000
0.000000
0.000000
0.000000
0.000000
0.000000
0.000000
0.000000
0.000000
0.000000
0.000000
0.000000
0.000000
0.000000
0.000000
0.000000
0.000000
0.000000
0.000000
0.000000
0.000000
0.000000
0.000000
0.000000
0.000000
0.000000
0.000000
0.000000
0.000000
0.000000
0.000000
0.000000
0.000000
0.000000
0.000000
0.000000
0.000000
0.000000
0.000000
0.000000
0.000000
0.000000
0.000000
0.000000
0.000000
0.000000
0.000000
0.000000
0.000000
0.000000
0.000000
0.000000
0.000000
0.000000
0.000000
0.000000
0.000000
0.000000
0.000000
0.000000
0.000000
0.000000
0.000000
0.000000
0.000000
0.000000
0.000000
0.000000
0.000000
0.000000
0.000000
0.000000
0.000000
0.000000
0.000000
0.000000
0.000000
0.000000
0.000000
0.000000
0.000000
0.000000
0.000000
0.000000
0.000000
0.000000
0.000000
0.000000
0.000000
0.000000
0.000000
0.000000
0.000000
0.000000
0.000000
0.000000
0.000000
0.000000
0.000000
0.000000
0.000000
0.000000
0.000000
0.000000
0.000000
0.000000
0.000000
0.000000
0.000000
0.000000
0.000000
0.000000
0.000000
0.000000
0.000000
0.000000
0.000000
0.000000
0.000000
0.000000
0.000000
0.000000
0.000000
0.000000
0.000000
0.000000
0.000000
0.000000
0.000000
0.000000
0.000000
0.000000
0.000000
0.000000
0.000000
0.000000
0.000000
0.000000
0.000000
0.000000
0.000000
0.000000
0.000000
0.000000
0.000000
0.000000
0.000000
0.000000
0.000000
0.000000
0.000000
0.000000
0.000000
0.000000
0.000000
0.000000
0.000000
0.000000
0.000000
0.000000
0.000000
0.000000
0.000000
0.000000
0.000000
0.000000
0.000000
0.000000
0.000000
0.000000
0.000000
0.000000
0.000000
0.000000
0.000000
0.000000
0.000000
0.000000
0.000000
0.000000
0.000000
0.000000
0.000000
0.000000
0.000000
0.000000
0.000000
0.000000
0.000000
0.000000
0.000000
0.000000
0.000000
0.000000
0.000000
0.000000
0.000000
0.000000
0.000000
0.000000
0.000000
0.000000
0.000000
0.000000
0.000000
0.000000
0.000000
0.000000
0.000000
0.000000
0.000000
0.000000
0.000000
0.000000
0.000000
0.000000
0.000000
0.000000
0.000000
0.000000
0.000000
0.000000
0.000000
0.000000
0.000000
0.000000
0.000000
0.000000
0.000000
0.000000
0.000000
0.000000
0.000000
0.000000
0.000000
0.000000
0.000000
0.000000
0.000000
0.000000
0.000000
0.000000
0.000000
0.000000
0.000000
0.000000
0.000000
0.000000
0.000000
0.000000
0.000000
0.000000
0.000000
0.000000
0.000000
0.000000
0.000000
0.000000
0.000000
0.000000
0.000000
0.000000
0.000000
0.000000
0.000000
0.000000
0.000000
0.000000
0.000000
0.000000
0.000000
0.000000
0.000000
0.000000
0.000000
0.000000
0.000000
0.000000
0.000000
0.000000
0.000000
0.000000
0.000000
0.000000
0.000000
0.000000
0.000000
0.000000
0.000000
0.000000
0.000000
0.000000
0.000000
0.000000
0.000000
0.000000
0.000000
0.000000
0.000000
0.000000
0.000000
0.000000
0.000000
0.000000
0.000000
0.000000
0.000000
0.000000
0.000000
0.000000
0.000000
0.000000
0.000000
0.000000
0.000000
0.000000
0.000000
0.000000
0.000000
0.000000
0.000000
0.000000
0.000000
0.000000
0.000000
0.000000
0.000000
0.000000
0.000000
0.000000
0.000000
0.000000
0.000000
0.000000
0.000000
0.000000
0.000000
0.000000
0.000000
0.000000
0.000000
0.000000
0.000000
0.000000
0.000000
0.000000
0.000000
0.000000
0.000000
0.000000
0.000000
0.000000
0.000000
0.000000
0.000000
0.000000
0.000000
0.000000
0.000000
0.000000
0.000000
0.000000
0.000000
0.000000
0.000000
0.000000
0.000000
0.000000
0.000000
0.000000
0.000000
0.000000
0.000000
0.000000
0.000000
0.000000
0.000000
0.000000
0.000000
0.000000
0.000000
0.000000
0.000000
0.000000
0.000000
0.000000
0.000000
0.000000
0.000000
0.000000
0.000000
0.000000
0.000000
0.000000
0.000000
0.000000
0.000000
0.000000
0.000000
0.000000
0.000000
0.000000
0.000000
0.000000
0.000000
0.000000
0.000000
0.000000
0.000000
0.000000
0.000000
0.000000
0.000000
0.000000
0.000000
0.000000
0.000000
0.000000
0.000000
0.000000
0.000000
0.000000
0.000000
0.000000
0.000000
0.000000
0.000000
0.000000
0.000000
0.000000
0.000000
0.000000
0.000000
0.000000
0.000000
0.000000
0.000000
0.000000
0.000000
0.000000
0.000000
0.000000
0.000000
0.000000
0.000000
0.000000
0.000000
0.000000
0.000000
0.000000
0.000000
0.000000
0.000000
0.000000
0.000000
0.000000
0.000000
0.000000
0.000000
0.000000
0.000000
0.000000
0.000000
0.000000
0.000000
0.000000
0.000000
0.000000
0.000000
0.000000
0.000000
0.000000
0.000000
0.000000
0.000000
0.000000
0.000000
0.000000
0.000000
0.000000
0.000000
0.000000
0.000000
0.000000
0.000000
0.000000
0.000000
0.000000
0.000000
0.000000
0.000000
0.000000
0.000000
0.000000
0.000000
0.000000
0.000000
0.000000
0.000000
0.000000
0.000000
0.000000
0.000000
0.000000
0.000000
0.000000
0.000000
0.000000
0.000000
0.000000
0.000000
0.000000
0.000000
0.000000
0.000000
0.000000
0.000000
0.000000
0.000000
0.000000
0.000000
0.000000
0.000000
0.000000
0.000000
0.000000
0.000000
0.000000
0.000000
0.000000
0.000000
0.000000
0.000000
0.000000
0.000000
0.000000
0.000000
0.000000
0.000000
0.000000
0.000000
0.000000
0.000000
0.000000
0.000000
0.000000
0.000000
0.000000
0.000000
0.000000
0.000000
0.000000
0.000000
0.000000
0.000000
0.000000
0.000000
0.000000
0.000000
0.000000
0.000000
0.000000
0.000000
0.000000
0.000000
0.000000
0.000000
0.000000
0.000000
0.000000
0.000000
0.000000
0.000000
0.000000
0.000000
0.000000
0.000000
0.000000
0.000000
0.000000
0.000000
0.000000
0.000000
0.000000
0.000000
0.000000
0.000000
0.000000
0.000000
0.000000
0.000000
0.000000
0.000000
0.000000
0.000000
0.000000
0.000000
0.000000
0.000000
0.000000
0.000000
0.000000
0.000000
0.000000
0.000000
0.000000
0.000000
0.000000
0.000000
0.000000
0.000000
0.000000
0.000000
0.000000
0.000000
0.000000
0.000000
0.000000
0.000000
0.000000
0.000000
0.000000
0.000000
0.000000
0.000000
0.000000
0.000000
0.000000
0.000000
0.000000
0.000000
0.000000
0.000000
0.000000
0.000000
0.000000
0.000000
0.000000
0.000000
0.000000
0.000000
0.000000
0.000000
0.000000
0.000000
0.000000
0.000000
0.000000
0.000000
0.000000
0.000000
0.000000
0.000000
0.000000
0.000000
0.000000
0.000000
0.000000
0.000000
0.000000
0.000000
0.000000
0.000000
0.000000
0.000000
0.000000
0.000000
0.000000
0.000000
0.000000
0.000000
0.000000
0.000000
0.000000
0.000000
0.000000
0.000000
0.000000
0.000000
0.000000
0.000000
0.000000
0.000000
0.000000
0.000000
0.000000
0.000000
0.000000
0.000000
0.000000
0.000000
0.000000
0.000000
0.000000
0.000000
0.000000
0.000000
0.000000
0.000000
0.000000
0.000000
0.000000
0.000000
0.000000
0.000000
0.000000
0.000000
0.000000
0.000000
0.000000
0.000000
0.000000
0.000000
0.000000
0.000000
0.000000
0.000000
0.000000
0.000000
0.000000
0.000000
0.000000
0.000000
0.000000
0.000000
0.000000
0.000000
0.000000
0.000000
0.000000
0.000000
0.000000
0.000000
0.000000
0.000000
0.000000
0.000000
0.000000
0.000000
0.000000
0.000000
0.000000
0.000000
0.000000
0.000000
0.000000
0.000000
0.000000
0.000000
0.000000
0.000000
0.000000
0.000000
0.000000
0.000000
0.000000
0.000000
0.000000
0.000000
0.000000
0.000000
0.000000
0.000000
0.000000
0.000000
0.000000
0.000000
0.000000
0.000000
0.000000
0.000000
0.000000
0.000000
0.000000
0.000000
0.000000
0.000000
0.000000
0.000000
0.000000
0.000000
0.000000
0.000000
0.000000
0.000000
0.000000
0.000000
0.000000
0.000000
0.000000
0.000000
0.000000
0.000000
0.000000
0.000000
0.000000
0.000000
0.000000
0.000000
0.000000
0.000000
0.000000
0.000000
0.000000
0.000000
0.000000
0.000000
0.000000
0.000000
0.000000
0.000000
0.000000
0.000000
0.000000
0.000000
0.000000
0.000000
0.000000
0.000000
0.000000
0.000000
0.000000
0.000000
0.000000
0.000000
0.000000
0.000000
0.000000
0.000000
0.000000
0.000000
0.000000
0.000000
0.000000
0.000000
0.000000
0.000000
0.000000
0.000000
0.000000
0.000000
0.000000
0.000000
0.000000
0.000000
0.000000
0.000000
0.000000
0.000000
0.000000
0.000000
0.000000
0.000000
0.000000
0.000000
0.000000
0.000000
0.000000
0.000000
0.000000
0.000000
0.000000
0.000000
0.000000
0.000000
0.000000
0.000000
0.000000
0.000000
0.000000
0.000000
0.000000
0.000000
0.000000
0.000000
0.000000
0.000000
0.000000
0.000000
0.000000
0.000000
0.000000
0.000000
0.000000
0.000000
0.000000
0.000000
0.000000
0.000000
0.000000
0.000000
0.000000
0.000000
0.000000
0.000000
0.000000
0.000000
0.000000
0.000000
0.000000
0.000000
0.000000
0.000000
0.000000
0.000000
0.000000
0.000000
0.000000
0.000000
0.000000
0.000000
0.000000
0.000000
0.000000
0.000000
0.000000
0.000000
0.000000
0.000000
0.000000
0.000000
0.000000
0.000000
0.000000
0.000000
0.000000
0.000000
0.000000
0.000000
0.000000
0.000000
0.000000
0.000000
0.000000
0.000000
0.000000
0.000000
0.000000
0.000000
0.000000
0.000000
0.000000
0.000000
0.000000
0.000000
0.000000
0.000000
0.000000
0.000000
0.000000
0.000000
0.000000
0.000000
0.000000
0.000000
0.000000
0.000000
0.000000
0.000000
0.000000
0.000000
0.000000
0.000000
0.000000
0.000000
0.000000
0.000000
0.000000
0.000000
0.000000
0.000000
0.000000
0.000000
0.000000
0.000000
0.000000
0.000000
0.000000
0.000000
0.000000
0.000000
0.000000
0.000000
0.000000
0.000000
0.000000
0.000000
0.000000
0.000000
0.000000
0.000000
0.000000
0.000000
0.000000
0.000000
0.000000
0.000000
0.000000
0.000000
0.000000
0.000000
0.000000
0.000000
0.000000
0.000000
0.000000
0.000000
0.000000
0.000000
0.000000
0.000000
0.000000
0.000000
0.000000
0.000000
0.000000
0.000000
0.000000
0.000000
0.000000
0.000000
0.000000
0.000000
0.000000
0.000000
0.000000
0.000000
0.000000
0.000000
0.000000
0.000000
0.000000
0.000000
0.000000
0.000000
0.000000
0.000000
0.000000
0.000000
0.000000
0.000000
0.000000
0.000000
0.000000
0.000000
0.000000
0.000000
0.000000
0.000000
0.000000
0.000000
0.000000
0.000000
0.000000
0.000000
0.000000
0.000000
0.000000
0.000000
0.000000
0.000000
0.000000
0.000000
0.000000
0.000000
0.000000
0.000000
0.000000
0.000000
0.000000
0.000000
0.000000
0.000000
0.000000
0.000000
0.000000
0.000000
0.000000
0.000000
0.000000
0.000000
0.000000
0.000000
0.000000
0.000000
0.000000
0.000000
0.000000
0.000000
0.000000
0.000000
0.000000
0.000000
0.000000
0.000000
0.000000
0.000000
0.000000
0.000000
0.000000
0.000000
0.000000
0.000000
0.000000
0.000000
0.000000
0.000000
0.000000
0.000000
0.000000
0.000000
0.000000
0.000000
0.000000
0.000000
0.000000
0.000000
0.000000
0.000000
0.000000
0.000000
0.000000
0.000000
0.000000
0.000000
0.000000
0.000000
0.000000
0.000000
0.000000
0.000000
0.000000
0.000000
0.000000
0.000000
0.000000
0.000000
0.000000
0.000000
0.000000
0.000000
0.000000
0.000000
0.000000
0.000000
0.000000
0.000000
0.000000
0.000000
0.000000
0.000000
0.000000
0.000000
0.000000
0.000000
0.000000
0.000000
0.000000
0.000000
0.000000
0.000000
0.000000
0.000000
0.000000
0.000000
0.000000
0.000000
0.000000
0.000000
0.000000
0.000000
0.000000
0.000000
0.000000
0.000000
0.000000
0.000000
0.000000
0.000000
0.000000
0.000000
0.000000
0.000000
0.000000
0.000000
0.000000
0.000000
0.000000
0.000000
0.000000
0.000000
0.000000
0.000000
0.000000
0.000000
0.000000
0.000000
0.000000
0.000000
0.000000
0.000000
0.000000
0.000000
0.000000
0.000000
0.000000
0.000000
0.000000
0.000000
0.000000
0.000000
0.000000
0.000000
0.000000
0.000000
0.000000
0.000000
0.000000
0.000000
0.000000
0.000000
0.000000
0.000000
0.000000
0.000000
0.000000
0.000000
0.000000
0.000000
0.000000
0.000000
0.000000
0.000000
0.000000
0.000000
0.000000
0.000000
0.000000
0.000000
0.000000
0.000000
0.000000
0.000000
0.000000
0.000000
0.000000
0.000000
0.000000
0.000000
0.000000
0.000000
0.000000
0.000000
0.000000
0.000000
0.000000
0.000000
0.000000
0.000000
0.000000
0.000000
0.000000
0.000000
0.000000
0.000000
0.000000
0.000000
0.000000
0.000000
0.000000
0.000000
0.000000
0.000000
0.000000
0.000000
0.000000
0.000000
0.000000
0.000000
0.000000
0.000000
0.000000
0.000000
0.000000
0.000000
0.000000
0.000000
0.000000
0.000000
0.000000
0.000000
0.000000
0.000000
0.000000
0.000000
0.000000
0.000000
0.000000
0.000000
0.000000
0.000000
0.000000
0.000000
0.000000
0.000000
0.000000
0.000000
0.000000
0.000000
0.000000
0.000000
0.000000
0.000000
0.000000
0.000000
0.000000
0.000000
0.000000
0.000000
0.000000
0.000000
0.000000
0.000000
0.000000
0.000000
0.000000
0.000000
0.000000
0.000000
0.000000
0.000000
0.000000
0.000000
0.000000
0.000000
0.000000
0.000000
0.000000
0.000000
0.000000
0.000000
0.000000
0.000000
0.000000
0.000000
0.000000
0.000000
0.000000
0.000000
0.000000
0.000000
0.000000
0.000000
0.000000
0.000000
0.000000
0.000000
0.000000
0.000000
0.000000
0.000000
0.000000
0.000000
0.000000
0.000000
0.000000
0.000000
0.000000
0.000000
0.000000
0.000000
0.000000
0.000000
0.000000
0.000000
0.000000
0.000000
0.000000
0.000000
0.000000
0.000000
0.000000
0.000000
0.000000
0.000000
0.000000
0.000000
0.000000
0.000000
0.000000
0.000000
0.000000
0.000000
0.000000
0.000000
0.000000
0.000000
0.000000
0.000000
0.000000
0.000000
0.000000
0.000000
0.000000
0.000000
0.000000
0.000000
0.000000
0.000000
0.000000
0.000000
0.000000
0.000000
0.000000
0.000000
0.000000
0.000000
0.000000
0.000000
0.000000
0.000000
0.000000
0.000000
0.000000
0.000000
0.000000
0.000000
0.000000
0.000000
0.000000
0.000000
0.000000
0.000000
0.000000
0.000000
0.000000
0.000000
0.000000
0.000000
0.000000
0.000000
0.000000
0.000000
0.000000
0.000000
0.000000
0.000000
0.000000
0.000000
0.000000
0.000000
0.000000
0.000000
0.000000
0.000000
0.000000
0.000000
0.000000
0.000000
0.000000
0.000000
0.000000
0.000000
0.000000
0.000000
0.000000
0.000000
0.000000
0.000000
0.000000
0.000000
0.000000
0.000000
0.000000
0.000000
0.000000
0.000000
0.000000
0.000000
0.000000
0.000000
0.000000
0.000000
0.000000
0.000000
0.000000
0.000000
0.000000
0.000000
0.000000
0.000000
0.000000
0.000000
0.000000
0.000000
0.000000
0.000000
0.000000
0.000000
0.000000
0.000000
0.000000
0.000000
0.000000
0.000000
0.000000
0.000000
0.000000
0.000000
0.000000
0.000000
0.000000
0.000000
0.000000
0.000000
0.000000
0.000000
0.000000
0.000000
0.000000
0.000000
0.000000
0.000000
0.000000
0.000000
0.000000
0.000000
0.000000
0.000000
0.000000
0.000000
0.000000
0.000000
0.000000
0.000000
0.000000
0.000000
0.000000
0.000000
0.000000
0.000000
0.000000
0.000000
0.000000
0.000000
0.000000
0.000000
0.000000
0.000000
0.000000
0.000000
0.000000
0.000000
0.000000
0.000000
0.000000
0.000000
0.000000
0.000000
0.000000
0.000000
0.000000
0.000000
0.000000
0.000000
0.000000
0.000000
0.000000
0.000000
0.000000
0.000000
0.000000
0.000000
0.000000
0.000000
0.000000
0.000000
0.000000
0.000000
0.000000
0.000000
0.000000
0.000000
0.000000
0.000000
0.000000
0.000000
0.000000
0.000000
0.000000
0.000000
0.000000
0.000000
0.000000
0.000000
0.000000
0.000000
0.000000
0.000000
0.000000
0.000000
0.000000
0.000000
0.000000
0.000000
0.000000
0.000000
0.000000
0.000000
0.000000
0.000000
0.000000
0.000000
0.000000
0.000000
0.000000
0.000000
0.000000
0.000000
0.000000
0.000000
0.000000
0.000000
0.000000
0.000000
0.000000
0.000000
0.000000
0.000000
0.000000
0.000000
0.000000
0.000000
0.000000
0.000000
0.000000
0.000000
0.000000
0.000000
0.000000
0.000000
0.000000
0.000000
0.000000
0.000000
0.000000
0.000000
0.000000
0.000000
0.000000
0.000000
0.000000
0.000000
0.000000
0.000000
0.000000
0.000000
0.000000
0.000000
0.000000
0.000000
0.000000
0.000000
0.000000
0.000000
0.000000
0.000000
0.000000
0.000000
0.000000
0.000000
0.000000
0.000000
0.000000
0.000000
0.000000
0.000000
0.000000
0.000000
0.000000
0.000000
0.000000
0.000000
0.000000
0.000000
0.000000
0.000000
0.000000
0.000000
0.000000
0.000000
0.000000
0.000000
0.000000
0.000000
0.000000
0.000000
0.000000
0.000000
0.000000
0.000000
0.000000
0.000000
0.000000
0.000000
0.000000
0.000000
0.000000
0.000000
0.000000
0.000000
0.000000
0.000000
0.000000
0.000000
0.000000
0.000000
0.000000
0.000000
0.000000
0.000000
0.000000
0.000000
0.000000
0.000000
0.000000
0.000000
0.000000
0.000000
0.000000
0.000000
0.000000
0.000000
0.000000
0.000000
0.000000
0.000000
0.000000
0.000000
0.000000
0.000000
0.000000
0.000000
0.000000
0.000000
0.000000
0.000000
0.000000
0.000000
0.000000
0.000000
0.000000
0.000000
0.000000
0.000000
0.000000
0.000000
0.000000
0.000000
0.000000
0.000000
0.000000
0.000000
0.000000
0.000000
0.000000
0.000000
0.000000
0.000000
0.000000
0.000000
0.000000
0.000000
0.000000
0.000000
0.000000
0.000000
0.000000
0.000000
0.000000
