1.981407
2.056357
2.131903
2.204470
2.276695
2.349698
2.424533
2.499666
2.574891
2.650300
2.722111
2.796649
2.869698
2.945221
3.019736
3.094892
3.169338
3.242593
3.316855
3.390798
3.465702
3.540675
3.615670
3.690346
3.762524
3.836306
3.909240
3.984327
4.058659
4.134731
4.209682
4.282707
4.356283
4.429629
4.503663
4.578636
4.654823
4.729842
4.801219
4.874313
4.948599
5.022587
5.096460
5.172555
5.401182
5.380239
5.359014
5.337934
5.316572
5.295053
5.273900
5.253029
5.232210
5.211293
5.190056
5.168746
5.147103
5.125970
5.105394
5.084392
5.063501
5.042277
5.020620
4.999245
4.977870
4.957280
4.936363
4.915695
4.894412
4.872991
4.851557
4.830385
4.809559
4.788871
4.768053
4.746763
4.725361
4.703816
4.682676
4.661825
4.641229
4.620331
4.599146
4.577771
4.556350
4.535171
4.514293
4.493180
4.472256
4.450914
4.429611
4.408256
4.386907
4.366527
4.345453
4.324523
4.303102
4.281649
4.260287
4.238905
4.218015
4.197229
4.176253
4.155107
4.133667
4.112004
4.091087
4.070203
4.049233
4.028186
4.007066
3.985632
3.963989
3.942758
3.921815
3.901029
3.880033
3.858672
3.837251
3.815738
3.794717
3.774153
3.753034
3.731770
3.710480
3.688981
3.667828
3.646545
3.625863
3.605064
3.583984
3.562857
3.541548
3.519891
3.498857
3.478097
3.457370
3.436551
3.415300
3.393938
3.372524
3.351365
3.330213
3.309217
3.288313
3.267180
3.245616
3.224195
3.202938
3.182283
3.161477
3.140403
3.119211
3.097830
3.076042
3.055243
3.034653
3.013612
2.992741
2.971274
2.949873
2.928681
2.907287
2.886703
2.865793
2.844719
2.823724
2.802244
2.780659
2.759494
2.738544
2.717856
2.696756
2.675532
2.654065
2.632376
2.611354
2.590660
2.569835
2.549167
2.527792
2.506260
2.484701
2.463915
2.443234
2.422304
2.401197
2.379953
2.358375
2.337138
2.316083
2.295382
2.274446
2.253634
2.232449
2.210838
2.189299
2.168369
2.147596
2.126647
2.105769
2.084630
2.063065
2.041637
2.020720
2.000000
2.000000
2.000000
2.000000
2.000000
2.000000
2.000000
2.000000
1.981407
1.981407
1.981407
1.981407
1.981407
1.981407
1.981407
1.981407
1.981407
1.981407
1.981407
1.981407
1.981407
1.981407
1.981407
1.981407
1.981407
1.981407
1.981407
1.981407
1.981407
1.981407
1.981407
1.981407
1.981407
1.981407
1.981407
1.981407
1.981407
1.981407
1.981407
1.981407
2.000000
2.000000
2.000000
2.000000
2.000000
2.000000
2.072339
2.144013
2.220773
2.293936
2.367924
2.442942
2.515556
2.589017
2.661585
2.735000
3.000000
3.000000
3.075362
3.149740
3.400000
3.400000
3.473897
3.549740
3.626156
3.700625
3.924674
3.903293
3.882356
3.861053
3.839672
3.818192
3.796849
3.775605
3.754303
3.733209
3.712135
3.690374
3.669529
3.648285
3.627014
3.605783
3.584631
3.563289
3.542097
3.521069
3.499969
3.478548
3.457350
3.436230
3.415084
3.394043
3.373270
3.352013
3.330703
3.309629
3.288476
3.267422
3.246204
3.225327
3.204063
3.183198
3.161915
3.140540
3.119420
3.098248
3.077292
3.056224
3.034882
3.013716
2.992466
2.971261
2.950377
2.929446
2.908183
2.887011
2.865767
2.844548
2.823586
2.802551
2.781687
2.760573
2.739414
2.718112
2.697057
2.676212
2.655047
2.634019
2.612958
2.591766
2.570705
2.549631
2.528275
2.507234
2.486416
2.465322
2.444058
2.422788
2.401609
2.380496
2.359553
2.338309
2.317307
2.295847
2.274727
2.253601
2.232559
2.211551
2.190654
2.169351
2.148159
2.126856
2.105887
2.084767
2.063909
2.042802
2.021329
2.000000
2.000000
2.000000
2.000000
2.000000
2.000000
2.000000
2.000000
2.000000
2.000000
2.000000
2.000000
2.000000
2.000000
2.000000
2.000000
2.000000
2.000000
2.000000
2.000000
2.000000
2.000000
2.000000
2.000000
2.000000
2.000000
2.073438
2.146624
2.220704
2.295333
2.369367
2.443905
2.517663
2.591949
2.665112
2.738642
3.000000
3.000000
3.072339
3.145548
3.400000
3.400000
3.400000
3.400000
3.400000
3.400000
3.400000
3.474904
3.550427
3.624323
3.696937
3.770558
3.842989
3.917412
3.992843
4.067449
4.142010
4.214325
4.287420
4.361591
4.435785
4.510827
4.586166
4.661505
4.734348
4.807122
4.880102
4.954731
5.029681
5.104860
5.179558
5.251851
5.325702
5.398315
5.473036
5.547162
5.622707
5.696581
5.769767
5.981403
5.981403
5.981403
5.981403
5.981403
5.981403
5.981403
5.981403
5.981403
5.981403
5.981403
5.981403
5.981403
5.981403
5.981403
5.981403
5.981403
5.981403
5.981403
5.848120
5.827354
5.806313
5.785225
5.764008
5.742698
5.721330
5.700557
5.679935
5.658939
5.637891
5.616451
5.595181
5.573675
5.553072
5.532325
5.511618
5.490360
5.468867
5.447656
5.426326
5.405481
5.385003
5.363661
5.342763
5.321428
5.300105
5.278933
5.258239
5.237283
5.215993
5.194939
5.173243
5.151855
5.130762
5.110388
5.089648
5.068325
5.047009
5.025824
5.004409
4.983237
4.962353
4.941757
4.920454
4.899400
4.877946
4.856643
4.835425
4.814672
4.793788
4.772917
4.751633
4.730376
4.709177
4.687914
4.666873
4.646440
4.625156
4.603899
4.582629
4.561430
4.540206
4.519178
4.498254
4.477390
4.456067
4.434771
4.413618
4.392263
4.371182
4.350698
4.329277
4.308065
4.286775
4.265459
4.244431
4.223579
4.202440
4.181392
4.159893
4.138767
4.117765
4.096488
4.075480
4.054648
4.033476
4.012081
3.991033
3.969711
3.948427
3.927602
3.906770
3.885637
3.864642
3.843391
3.822016
3.801060
3.779633
3.758768
3.737589
3.716659
3.695173
3.674060
3.653104
3.631918
3.611191
3.590209
3.568886
3.547721
3.526614
3.505586
3.484479
3.463608
3.442456
3.421257
3.400000
3.474400
3.548228
3.621918
3.879228
3.857970
3.836707
3.815652
3.794382
3.773158
3.751940
3.730944
3.709981
3.688489
3.667441
3.646367
3.625182
3.604121
3.583171
3.562235
3.541095
3.519975
3.499183
3.477998
3.456806
3.435765
3.414717
3.393656
3.372818
3.351731
3.330611
3.309262
3.288109
3.267310
3.246145
3.225241
3.204226
3.183014
3.161384
3.140140
3.119374
3.098084
3.076944
3.055949
3.034456
3.013147
2.991857
2.971149
2.949925
2.928759
2.907738
2.886566
2.865086
2.843920
2.822637
2.801615
2.780679
2.759638
2.738740
2.717385
2.696003
2.675008
2.653842
2.633109
2.612244
2.591183
2.569782
2.548427
2.527543
2.506665
2.485663
2.464687
2.443692
2.422081
2.400516
2.379593
2.358362
2.337563
2.316659
2.295598
2.273896
2.252351
2.231447
2.210334
2.189364
2.168546
2.147406
2.125986
2.104571
2.083406
2.062600
2.041755
2.020904
2.000000
2.000000
2.000000
2.000000
2.000000
2.000000
2.000000
2.000000
2.000000
2.000000
1.981407
1.981407
1.981407
1.981407
1.981407
1.981407
1.981407
1.981407
1.981407
1.981407
1.981407
1.981407
1.981407
1.981407
1.981407
1.981407
1.981407
1.981407
1.981407
1.981407
2.000000
2.000000
2.000000
2.000000
2.000000
2.000000
2.000000
2.072361
2.144425
2.218848
2.292355
2.365656
2.438980
2.512051
2.586016
2.660508
2.733672
3.000000
3.074332
3.148228
3.400000
3.400000
3.400000
3.400000
3.400000
3.473965
3.547770
3.622330
3.698174
3.773994
3.848692
3.922337
3.995569
4.069076
4.144094
4.219296
4.294773
4.370410
4.444123
4.516714
4.590679
4.664323
4.739823
4.815529
4.890777
4.964719
5.037767
5.110931
5.185079
5.259960
5.335002
5.410181
5.483505
5.555729
5.785525
5.764039
5.742553
5.721289
5.700242
5.679253
5.658460
5.637301
5.615932
5.594007
5.573071
5.551853
5.531126
5.510176
5.488932
5.467570
5.446274
5.424977
5.404152
5.383294
5.362312
5.341094
5.319667
5.298357
5.276976
5.256386
5.235548
5.214703
5.193524
5.172385
5.150859
5.129484
5.108718
5.088050
5.067205
5.046065
5.024546
5.003132
4.982058
4.961246
4.940519
4.919720
4.898744
4.877094
4.855700
4.834789
4.813761
4.793132
4.772189
4.750854
4.729511
4.708110
4.686879
4.665929
4.645025
4.624318
4.602930
4.581758
4.560166
4.539014
4.517986
4.497049
4.476322
4.455209
4.433879
4.412544
4.391156
4.370324
4.349532
4.328634
4.307416
4.286257
4.264679
4.243311
4.222512
4.201530
4.180744
4.159604
4.138262
4.116612
4.095538
4.074739
4.053979
4.033017
4.012087
3.990810
3.968977
3.948047
3.926940
3.906187
3.885342
3.864628
3.843560
3.822349
3.801609
3.780947
3.760096
3.739585
3.718301
3.697031
3.675767
3.654726
3.633809
3.613017
3.592217
3.571052
3.549631
3.528164
3.506868
3.485742
3.464687
3.443921
3.422631
3.401204
3.379907
3.358428
3.337550
3.316483
3.295801
3.274374
3.253051
3.231336
3.210392
3.189489
3.168408
3.147603
3.126444
3.104938
3.083596
3.062469
3.041592
3.020773
3.000000
3.000000
3.000000
3.000000
3.000000
3.000000
3.000000
3.000000
3.000000
2.862914
2.841683
2.820498
2.800000
2.800000
2.800000
2.800000
2.800000
2.800000
2.800000
2.800000
2.800000
2.800000
2.800000
2.800000
2.800000
2.800000
2.800000
2.800000
2.800000
2.800000
2.800000
2.800000
2.800000
2.800000
2.800000
2.800000
2.800000
2.800000
2.800000
2.800000
2.800000
2.800000
2.800000
2.800000
2.800000
2.800000
2.800000
2.800000
2.800000
2.800000
2.800000
2.800000
2.800000
2.800000
2.800000
2.800000
2.800000
2.800000
2.800000
2.800000
2.800000
2.800000
2.800000
2.800000
2.800000
2.800000
2.800000
2.800000
2.800000
2.800000
2.800000
2.800000
2.800000
2.800000
2.800000
2.800000
2.800000
2.800000
2.800000
2.800000
2.800000
2.800000
2.800000
2.800000
2.800000
2.800000
2.800000
2.800000
2.800000
2.800000
2.800000
2.800000
2.800000
2.800000
2.800000
2.800000
2.800000
2.800000
2.800000
2.800000
2.800000
2.800000
2.800000
2.800000
2.800000
2.800000
2.800000
2.800000
2.800000
2.800000
2.800000
2.800000
2.800000
2.800000
2.800000
2.800000
2.800000
2.800000
2.800000
2.800000
2.800000
2.800000
2.800000
2.800000
2.800000
2.800000
2.800000
2.800000
2.800000
2.800000
2.800000
2.800000
2.800000
2.800000
2.800000
2.800000
2.800000
2.800000
2.800000
2.800000
2.800000
2.800000
2.800000
2.800000
2.800000
2.800000
2.800000
2.800000
2.800000
2.800000
2.800000
2.800000
2.800000
2.800000
2.800000
2.800000
2.800000
2.800000
2.800000
2.800000
2.800000
2.800000
2.800000
2.800000
2.800000
2.800000
2.800000
2.800000
2.800000
2.800000
2.800000
2.800000
2.800000
2.800000
2.800000
2.800000
2.800000
2.800000
2.800000
2.800000
2.800000
2.800000
2.800000
2.800000
2.800000
2.800000
2.800000
2.800000
2.800000
2.800000
2.800000
2.800000
2.800000
2.800000
2.800000
2.800000
2.800000
2.800000
2.800000
2.800000
2.800000
2.800000
2.800000
2.800000
2.800000
2.800000
2.800000
2.800000
2.800000
2.800000
2.800000
2.800000
2.800000
2.800000
2.800000
2.800000
2.800000
2.800000
2.800000
2.800000
2.800000
2.800000
2.800000
2.800000
2.800000
2.800000
2.800000
2.800000
2.800000
2.800000
2.800000
2.800000
3.000000
3.000000
3.000000
3.000000
3.000000
3.071606
3.144929
3.400000
3.400000
3.400000
3.581221
3.560278
3.539832
3.518503
3.497357
3.476381
3.455170
3.434135
3.412976
3.392459
3.371418
3.350219
3.328707
3.307554
3.286336
3.265334
3.244332
3.223140
3.201890
3.180639
3.159421
3.138380
3.117181
3.096493
3.075295
3.054051
3.032768
3.011569
2.990463
2.969644
2.948786
2.927732
2.906579
2.885479
2.864248
2.843246
2.821976
2.801347
2.780299
2.759225
2.737745
2.716442
2.695473
2.674222
2.653580
2.632690
2.611334
2.590038
2.568833
2.547635
2.526547
2.505637
2.484256
2.463260
2.442101
2.421034
2.400268
2.379698
2.358938
2.338132
2.316993
2.295945
2.274923
2.253581
2.232553
2.211643
2.190667
2.169148
2.147904
2.126732
2.105592
2.084571
2.063621
2.042534
2.021454
2.000000
2.000000
2.000000
1.981407
1.981407
1.981407
1.981407
1.981407
1.981407
1.981407
2.000000
2.000000
2.000000
2.000000
2.000000
2.070850
2.148938
2.224277
2.297189
2.376147
2.446768
2.517664
2.588376
2.658951
2.731129
3.000000
3.000000
3.000000
3.072407
3.145617
3.400000
3.400000
3.400000
3.400000
3.473782
3.547334
3.621758
3.695333
3.769298
3.843607
3.919862
3.993392
4.067288
4.281237
4.260012
4.238578
4.217053
4.195907
4.174591
4.153478
4.132495
4.111350
4.090086
4.068475
4.047362
4.026020
4.004985
3.984101
3.962942
3.941639
3.920100
3.899072
3.877861
3.856735
3.835804
3.814521
3.793009
3.771817
3.750828
3.729806
3.708549
3.687482
3.666329
3.645137
3.624044
3.602885
3.581431
3.560331
3.539192
3.518000
3.496546
3.475485
3.454496
3.433213
3.411890
3.391144
3.369880
3.348446
3.327307
3.306311
3.285106
3.264091
3.242984
3.221622
3.200411
3.179625
3.158315
3.137209
3.116246
3.095224
3.074039
3.052828
3.031551
3.010673
2.989481
2.968381
2.947510
2.926377
2.905061
2.884007
2.862940
2.841892
2.820870
2.799691
2.778336
2.757236
2.736345
2.715873
2.694734
2.673444
2.652540
2.631480
2.610222
2.589371
2.568585
2.547485
2.526529
2.505579
2.484597
2.463542
2.442501
2.421905
2.400772
2.379606
2.358428
2.337171
2.315756
2.294839
2.274191
2.253124
2.232089
2.211139
2.190137
2.168684
2.147531
2.126719
2.105684
2.084479
2.063359
2.042266
2.021035
2.000000
2.000000
2.000000
2.000000
2.000000
2.000000
2.000000
2.000000
2.000000
2.000000
2.000000
2.000000
2.000000
2.000000
2.000000
2.000000
2.000000
2.000000
2.000000
2.000000
2.000000
2.000000
2.000000
2.000000
2.000000
2.000000
2.000000
2.000000
2.000000
2.074423
2.148045
2.221643
2.295265
2.370146
2.444615
2.516931
2.591904
2.666006
2.740429
3.000000
3.000000
3.073347
3.145365
3.400000
3.400000
3.400000
3.400000
3.400000
3.400000
3.400000
3.472614
3.546212
3.621002
3.696066
3.771223
3.843813
3.916564
3.989338
4.063028
4.137909
4.384112
4.363222
4.342436
4.321761
4.300772
4.279260
4.257793
4.236948
4.215874
4.194944
4.174303
4.153471
4.132109
4.110930
4.089365
4.068619
4.047643
4.026857
4.006072
3.984605
3.963230
3.941607
3.920788
3.900015
3.879059
3.858194
3.836492
3.815150
3.793807
3.772858
3.752033
3.731116
3.710330
3.688863
3.667167
3.645851
3.625065
3.603919
3.583166
3.562373
3.540834
3.519289
3.498241
3.477239
3.456375
3.435615
3.414849
3.393166
3.371870
3.350534
3.329649
3.308922
3.288071
3.267174
3.245956
3.224483
3.203258
3.182472
3.161536
3.140605
3.119708
3.098274
3.076847
3.055727
3.034758
3.013926
2.993101
2.972165
2.950646
2.929297
2.907974
2.887227
2.866330
2.845387
2.824470
2.803069
2.781465
2.760332
2.739356
2.718400
2.697483
2.676317
2.654942
2.633534
2.612205
2.591387
2.570299
2.549278
2.528440
2.507084
2.485689
2.464537
2.443561
2.422710
2.401865
2.380955
2.359403
2.338106
2.316646
2.295814
2.275081
2.254040
2.233024
2.211761
2.190156
2.169010
2.147897
2.126889
2.106044
2.085062
2.063713
2.042338
2.021179
2.000000
2.000000
2.000000
2.000000
2.000000
2.000000
2.000000
2.000000
2.000000
2.000000
2.000000
2.000000
2.000000
2.000000
2.000000
2.000000
2.075042
2.148365
2.400026
2.379109
2.358035
2.336686
2.316188
2.294388
2.273137
2.252017
2.230544
2.209254
2.188468
2.167715
2.146811
2.125528
2.104408
2.083380
2.062293
2.041520
2.020786
2.000000
2.000000
2.000000
2.075179
2.148571
2.222193
2.443077
2.421852
2.401060
2.380156
2.359292
2.338289
2.316987
2.295592
2.274086
2.252691
2.231990
2.211303
2.190242
2.169102
2.147819
2.126405
2.105160
2.084512
2.063595
2.042861
2.021526
2.000000
2.000000
2.000000
2.000000
2.000000
2.000000
2.000000
2.000000
2.000000
2.000000
2.000000
2.073896
2.147953
2.223499
2.423338
2.402271
2.381164
2.359789
2.338178
2.317170
2.296181
2.275192
2.254098
2.233057
2.211519
2.189980
2.168821
2.148035
2.127210
2.106332
2.085081
2.063673
2.042305
2.020930
2.000000
2.000000
2.000000
2.000000
2.075133
2.149419
2.223544
2.422343
2.401177
2.380241
2.358866
2.337916
2.317130
2.296069
2.274740
2.253293
2.231702
2.210746
2.189855
2.169004
2.148218
2.127118
2.105546
2.084342
2.063444
2.042083
2.020806
2.000000
2.021120
2.000000
2.000000
2.000000
2.000000
2.000000
2.000000
2.000000
2.074354
2.146579
2.219261
2.464295
2.442737
2.421859
2.400825
2.379940
2.358925
2.337694
2.316365
2.295330
2.274282
2.253038
2.231788
2.210943
2.189823
2.168487
2.147302
2.126372
2.105501
2.084688
2.064125
2.042829
2.021447
2.000000
2.075064
2.150518
2.222582
2.294646
2.486514
2.465067
2.443725
2.422664
2.401524
2.380568
2.359802
2.338577
2.317523
2.296338
2.275153
2.253994
2.232481
2.211577
2.190582
2.169423
2.148434
2.127288
2.106149
2.085356
2.064341
2.043038
2.021552
2.000000
2.000000
2.000000
2.000000
2.000000
2.073163
2.146968
2.222353
2.443195
2.421957
2.400975
2.379927
2.358670
2.337550
2.316699
2.295415
2.274145
2.252848
2.231696
2.210674
2.189430
2.168644
2.147642
2.126535
2.105527
2.084604
2.063523
2.042371
2.021179
2.000000
2.000000
2.000000
2.073782
2.147495
2.220658
2.294990
2.484092
2.463123
2.442520
2.421597
2.400458
2.379292
2.357413
2.336189
2.314859
2.294034
2.273405
2.252272
2.231454
2.210321
2.189443
2.168415
2.147891
2.126679
2.105566
2.084374
2.062869
2.041644
2.020891
2.000000
2.000000
2.000000
2.000000
2.000000
2.000000
2.000000
2.073209
2.147037
2.220543
2.294600
2.368954
2.442163
2.515991
2.589566
2.665089
2.739627
2.813729
3.000000
3.000000
2.863438
2.842122
2.821100
2.800000
2.800000
2.673759
2.652835
2.631493
2.610340
2.589443
2.568376
2.547263
2.526464
2.505560
2.484368
2.463111
2.442279
2.421087
2.399725
2.378507
2.357243
2.336634
2.315822
2.295042
2.273936
2.252587
2.231061
2.209542
2.188887
2.168317
2.147393
2.126398
2.104944
2.083432
2.062325
2.041709
2.020707
2.000000
2.000000
2.000000
2.000000
2.000000
2.000000
2.074377
2.148549
2.222399
2.296662
2.370948
2.443767
2.519382
2.593186
2.843686
2.822671
2.802055
2.780706
2.759488
2.738093
2.716810
2.695467
2.674446
2.654124
2.633103
2.611584
2.590268
2.568906
2.547675
2.526804
2.505985
2.485081
2.464354
2.442874
2.421741
2.400753
2.379862
2.358592
2.337138
2.315913
2.295494
2.274446
2.253634
2.232468
2.210897
2.189365
2.168016
2.147439
2.126666
2.105782
2.084859
2.063300
2.041880
2.020995
2.000000
2.000000
2.000000
2.000000
2.000000
2.000000
2.000000
2.074309
2.148777
2.223682
2.297967
2.372139
2.444569
2.517389
2.592087
2.666647
2.905664
2.884872
2.863647
2.842599
2.821427
2.800000
2.800000
2.800000
2.654117
2.633717
2.612375
2.591046
2.569429
2.547648
2.526443
2.505271
2.484636
2.464026
2.442775
2.421486
2.400386
2.379128
2.358146
2.336850
2.316005
2.295114
2.274060
2.253261
2.232239
2.210975
2.189417
2.168291
2.147302
2.126470
2.105461
2.084538
2.063503
2.042011
2.021552
2.000000
2.000000
2.000000
2.000000
2.075843
2.149190
2.221300
2.295654
2.369940
2.445027
2.520229
2.738440
2.717327
2.696390
2.675192
2.653391
2.632016
2.611054
2.589875
2.568866
2.548146
2.527000
2.505658
2.484387
2.463647
2.442940
2.422213
2.401407
2.380536
2.358958
2.337531
2.316031
2.295566
2.274734
2.253824
2.232717
2.211322
2.189830
2.168533
2.147426
2.127033
2.106234
2.085212
2.063745
2.042508
2.020878
2.000000
2.000000
2.000000
1.981407
1.981407
1.981407
1.981407
1.981407
1.981407
1.981407
1.981407
1.981407
1.981407
1.981407
1.981407
1.981407
1.981407
2.000000
2.000000
2.000000
2.000000
2.000000
2.070987
2.143440
2.222926
2.451442
2.431120
2.408201
2.385222
2.365084
2.344521
2.323277
2.301934
2.280461
2.259466
2.238588
2.217403
2.196008
2.174607
2.152846
2.131301
2.110011
2.088688
2.067437
2.046095
2.024681
2.002821
1.981407
1.981407
1.981407
1.981407
1.981407
1.981407
1.981407
1.981407
1.981407
1.981407
1.981407
1.981407
1.981407
1.981407
1.981407
1.981407
1.981407
1.981407
1.981407
1.981407
1.981407
1.981407
1.981407
1.981407
1.981407
1.981407
1.981407
1.981407
1.981407
1.981407
1.981407
1.981407
1.981407
1.981407
1.981407
1.981407
1.981407
1.981407
1.981407
1.981407
1.981407
1.981407
1.981407
1.981407
1.981407
1.981407
1.981407
1.981407
1.981407
1.981407
1.981407
1.981407
1.981407
1.981407
1.981407
1.981407
1.981407
1.981407
1.981407
1.981407
1.981407
1.981407
1.981407
1.981407
1.981407
1.981407
1.981407
1.981407
1.981407
1.981407
1.981407
1.981407
1.981407
1.981407
1.981407
1.981407
1.981407
1.981407
1.981407
1.981407
1.981407
1.981407
1.981407
1.981407
1.981407
1.981407
1.981407
1.981407
1.981407
1.981407
1.981407
1.981407
1.981407
1.981407
1.981407
1.981407
1.981407
1.981407
1.981407
1.981407
1.981407
1.981407
1.981407
1.981407
1.981407
1.981407
1.981407
1.981407
1.981407
1.981407
1.981407
1.981407
1.981407
1.981407
1.981407
1.981407
1.981407
1.981407
1.981407
1.981407
1.981407
1.981407
1.981407
1.981407
1.981407
1.981407
1.981407
1.981407
1.981407
1.981407
1.981407
1.981407
1.981407
1.981407
1.981407
1.981407
1.981407
1.981407
1.981407
1.981407
1.981407
1.981407
1.981407
1.981407
1.981407
1.981407
1.981407
1.981407
1.981407
1.981407
1.981407
1.981407
1.981407
1.981407
1.981407
1.981407
1.981407
1.981407
1.981407
1.981407
1.981407
1.981407
1.981407
1.981407
1.981407
1.981407
1.981407
1.981407
1.981407
1.981407
1.981407
1.981407
1.981407
1.981407
1.981407
1.981407
1.981407
1.981407
1.981407
1.981407
1.981407
1.981407
1.981407
1.981407
1.981407
1.981407
1.981407
1.981407
1.981407
1.981407
1.981407
1.981407
1.981407
1.981407
1.981407
1.981407
1.981407
1.981407
1.981407
1.981407
1.981407
1.981407
1.981407
1.981407
1.981407
1.981407
1.981407
1.981407
1.981407
1.981407
1.981407
1.981407
1.981407
1.981407
1.981407
1.981407
1.981407
1.981407
1.981407
1.981407
1.981407
1.981407
1.981407
1.981407
1.981407
1.981407
1.981407
1.981407
1.981407
1.981407
1.981407
1.981407
1.981407
1.981407
1.981407
1.981407
1.981407
1.981407
1.981407
1.981407
1.981407
1.981407
1.981407
1.981407
1.981407
1.981407
1.981407
1.981407
1.981407
1.981407
1.981407
1.981407
1.981407
1.981407
1.981407
1.981407
1.981407
1.981407
1.981407
1.981407
1.981407
1.981407
1.981407
1.981407
1.981407
1.981407
1.981407
1.981407
1.981407
1.981407
1.981407
1.981407
1.981407
1.981407
1.981407
1.981407
1.981407
1.981407
1.981407
1.981407
1.981407
1.981407
1.981407
1.981407
1.981407
1.981407
1.981407
1.981407
1.981407
1.981407
1.981407
1.981407
1.981407
1.981407
1.981407
1.981407
1.981407
1.981407
1.981407
1.981407
1.981407
1.981407
1.981407
1.981407
1.981407
1.981407
1.981407
1.981407
1.981407
1.981407
1.981407
1.981407
1.981407
1.981407
1.981407
1.981407
1.981407
1.981407
1.981407
1.981407
1.981407
1.981407
1.981407
1.981407
1.981407
1.981407
1.981407
1.981407
1.981407
1.981407
1.981407
1.981407
1.981407
1.981407
1.981407
1.981407
1.981407
1.981407
1.981407
1.981407
1.981407
1.981407
1.981407
1.981407
1.981407
1.981407
1.981407
1.981407
1.981407
1.981407
1.981407
1.981407
1.981407
1.981407
1.981407
1.981407
1.981407
1.981407
1.981407
1.981407
1.981407
1.981407
1.981407
1.981407
1.981407
1.981407
1.981407
1.981407
1.981407
1.981407
1.981407
1.981407
1.981407
1.981407
1.981407
1.981407
1.981407
1.981407
1.981407
1.981407
1.981407
1.981407
1.981407
1.981407
1.981407
1.981407
1.981407
1.981407
1.981407
1.981407
1.981407
1.981407
1.981407
1.981407
1.981407
1.981407
1.981407
1.981407
1.981407
1.981407
1.981407
1.981407
1.981407
1.981407
1.981407
1.981407
1.981407
1.981407
1.981407
1.981407
1.981407
1.981407
1.981407
1.981407
1.981407
1.981407
1.981407
1.981407
1.981407
1.981407
1.981407
1.981407
1.981407
1.981407
1.981407
1.981407
1.981407
1.981407
1.981407
1.981407
1.981407
1.981407
1.981407
1.981407
1.981407
1.981407
1.981407
1.981407
1.981407
1.981407
1.981407
1.981407
1.981407
1.981407
1.981407
1.981407
1.981407
1.981407
1.981407
1.981407
1.981407
1.981407
1.981407
1.981407
1.981407
1.981407
1.981407
1.981407
1.981407
1.981407
1.981407
1.981407
1.981407
1.981407
1.981407
1.981407
1.981407
1.981407
1.981407
1.981407
1.981407
1.981407
1.981407
1.981407
1.981407
1.981407
1.981407
1.981407
1.981407
1.981407
1.981407
1.981407
1.981407
1.981407
1.981407
1.981407
1.981407
1.981407
1.981407
1.981407
1.981407
1.981407
1.981407
1.981407
1.981407
1.981407
1.981407
1.981407
1.981407
1.981407
1.981407
1.981407
1.981407
1.981407
1.981407
1.981407
1.981407
1.981407
1.981407
1.981407
1.981407
1.981407
1.981407
1.981407
1.981407
1.981407
1.981407
1.981407
1.981407
1.981407
1.981407
1.981407
1.981407
1.981407
1.981407
1.981407
1.981407
1.981407
1.981407
1.981407
1.981407
1.981407
1.981407
1.981407
1.981407
1.981407
1.981407
1.981407
1.981407
1.981407
1.981407
1.981407
1.981407
1.981407
1.981407
1.981407
1.981407
1.981407
1.981407
1.981407
1.981407
1.981407
1.981407
1.981407
1.981407
1.981407
1.981407
1.981407
1.981407
1.981407
1.981407
1.981407
1.981407
1.981407
1.981407
1.981407
1.981407
1.981407
1.981407
1.981407
1.981407
1.981407
1.981407
1.981407
1.981407
1.981407
1.981407
1.981407
1.981407
1.981407
1.981407
1.981407
1.981407
1.981407
1.981407
1.981407
1.981407
1.981407
1.981407
1.981407
1.981407
1.981407
1.981407
1.981407
1.981407
1.981407
1.981407
1.981407
1.981407
1.981407
1.981407
1.981407
1.981407
1.981407
1.981407
1.981407
1.981407
1.981407
1.981407
1.981407
1.981407
1.981407
1.981407
1.981407
1.981407
1.981407
1.981407
1.981407
1.981407
1.981407
1.981407
1.981407
1.981407
1.981407
1.981407
1.981407
1.981407
1.981407
1.981407
1.981407
1.981407
1.981407
1.981407
1.981407
1.981407
1.981407
1.981407
1.981407
1.981407
1.981407
1.981407
1.981407
1.981407
1.981407
1.981407
1.981407
1.981407
1.981407
1.981407
1.981407
1.981407
1.981407
1.981407
1.981407
1.981407
1.981407
1.981407
1.981407
1.981407
1.981407
1.981407
1.981407
1.981407
1.981407
1.981407
1.981407
1.981407
1.981407
1.981407
1.981407
1.981407
1.981407
1.981407
1.981407
1.981407
1.981407
1.981407
1.981407
1.981407
1.981407
1.981407
1.981407
1.981407
1.981407
1.981407
1.981407
1.981407
1.981407
1.981407
1.981407
1.981407
1.981407
1.981407
1.981407
1.981407
1.981407
1.981407
1.981407
1.981407
1.981407
1.981407
1.981407
1.981407
1.981407
1.981407
1.981407
1.981407
1.981407
1.981407
1.981407
1.981407
1.981407
1.981407
1.981407
1.981407
1.981407
1.981407
1.981407
1.981407
1.981407
1.981407
1.981407
1.981407
1.981407
1.981407
1.981407
1.981407
1.981407
1.981407
1.981407
1.981407
1.981407
1.981407
1.981407
1.981407
1.981407
1.981407
1.981407
1.981407
1.981407
1.981407
1.981407
1.981407
1.981407
1.981407
1.981407
1.981407
1.981407
1.981407
1.981407
1.981407
1.981407
1.981407
1.981407
1.981407
1.981407
1.981407
1.981407
1.981407
1.981407
1.981407
1.981407
1.981407
1.981407
1.981407
1.981407
1.981407
1.981407
1.981407
1.981407
1.981407
1.981407
1.981407
1.981407
1.981407
1.981407
1.981407
1.981407
1.981407
1.981407
1.981407
1.981407
1.981407
1.981407
1.981407
1.981407
1.981407
1.981407
1.981407
1.981407
1.981407
1.981407
1.981407
1.981407
1.981407
1.981407
1.981407
1.981407
1.981407
1.981407
1.981407
1.981407
1.981407
1.981407
1.981407
1.981407
1.981407
1.981407
1.981407
1.981407
1.981407
1.981407
1.981407
1.981407
1.981407
1.981407
1.981407
1.981407
1.981407
1.981407
1.981407
1.981407
1.981407
1.981407
1.981407
1.981407
1.981407
1.981407
1.981407
1.981407
1.981407
1.981407
1.981407
1.981407
1.981407
1.981407
1.981407
1.981407
1.981407
1.981407
1.981407
1.981407
1.981407
1.981407
1.981407
1.981407
1.981407
1.981407
1.981407
1.981407
1.981407
1.981407
1.981407
1.981407
1.981407
1.981407
1.981407
1.981407
1.981407
1.981407
1.981407
1.981407
1.981407
1.981407
1.981407
1.981407
1.981407
1.981407
1.981407
1.981407
1.981407
1.981407
1.981407
1.981407
1.981407
1.981407
1.981407
1.981407
1.981407
1.981407
1.981407
1.981407
1.981407
1.981407
1.981407
1.981407
1.981407
1.981407
1.981407
1.981407
1.981407
1.981407
1.981407
1.981407
1.981407
1.981407
1.981407
1.981407
1.981407
1.981407
1.981407
1.981407
1.981407
1.981407
1.981407
1.981407
1.981407
1.981407
1.981407
1.981407
1.981407
1.981407
1.981407
1.981407
1.981407
1.981407
1.981407
1.981407
1.981407
1.981407
1.981407
1.981407
1.981407
1.981407
1.981407
1.981407
1.981407
1.981407
1.981407
1.981407
1.981407
1.981407
1.981407
1.981407
1.981407
1.981407
1.981407
1.981407
1.981407
1.981407
1.981407
1.981407
1.981407
1.981407
1.981407
1.981407
1.981407
1.981407
1.981407
1.981407
1.981407
1.981407
1.981407
1.981407
1.981407
1.981407
1.981407
1.981407
1.981407
1.981407
1.981407
1.981407
1.981407
1.981407
1.981407
1.981407
1.981407
1.981407
1.981407
1.981407
1.981407
1.981407
1.981407
1.981407
1.981407
1.981407
1.981407
1.981407
1.981407
1.981407
1.981407
1.981407
1.981407
1.981407
1.981407
1.981407
1.981407
1.981407
1.981407
1.981407
1.981407
1.981407
1.981407
1.981407
1.981407
1.981407
1.981407
1.981407
1.981407
1.981407
1.981407
1.981407
1.981407
1.981407
1.981407
1.981407
1.981407
1.981407
1.981407
1.981407
1.981407
1.981407
1.981407
1.981407
1.981407
1.981407
1.981407
1.981407
1.981407
1.981407
1.981407
1.981407
1.981407
1.981407
1.981407
1.981407
1.981407
1.981407
1.981407
1.981407
1.981407
1.981407
1.981407
1.981407
1.981407
1.981407
1.981407
1.981407
1.981407
1.981407
1.981407
1.981407
1.981407
1.981407
1.981407
1.981407
1.981407
1.981407
1.981407
1.981407
1.981407
1.981407
1.981407
1.981407
1.981407
1.981407
1.981407
1.981407
1.981407
1.981407
1.981407
1.981407
1.981407
1.981407
1.981407
1.981407
1.981407
1.981407
1.981407
1.981407
1.981407
1.981407
1.981407
1.981407
1.981407
1.981407
1.981407
1.981407
1.981407
1.981407
1.981407
1.981407
1.981407
1.981407
1.981407
1.981407
1.981407
1.981407
1.981407
1.981407
1.981407
1.981407
1.981407
1.981407
1.981407
1.981407
1.981407
1.981407
1.981407
1.981407
1.981407
1.981407
1.981407
1.981407
1.981407
1.981407
1.981407
1.981407
1.981407
1.981407
1.981407
1.981407
1.981407
1.981407
1.981407
1.981407
1.981407
1.981407
1.981407
1.981407
1.981407
1.981407
1.981407
1.981407
1.981407
1.981407
1.981407
1.981407
1.981407
1.981407
1.981407
1.981407
1.981407
1.981407
1.981407
1.981407
1.981407
1.981407
1.981407
1.981407
1.981407
1.981407
1.981407
1.981407
1.981407
1.981407
1.981407
1.981407
1.981407
1.981407
1.981407
1.981407
1.981407
1.981407
1.981407
1.981407
1.981407
1.981407
1.981407
1.981407
1.981407
1.981407
1.981407
1.981407
1.981407
1.981407
1.981407
1.981407
1.981407
1.981407
1.981407
1.981407
1.981407
1.981407
1.981407
1.981407
1.981407
1.981407
1.981407
1.981407
1.981407
1.981407
1.981407
1.981407
1.981407
1.981407
1.981407
1.981407
1.981407
1.981407
1.981407
1.981407
1.981407
1.981407
1.981407
1.981407
1.981407
1.981407
1.981407
1.981407
1.981407
1.981407
1.981407
1.981407
1.981407
1.981407
1.981407
1.981407
1.981407
1.981407
1.981407
1.981407
1.981407
1.981407
1.981407
1.981407
1.981407
1.981407
1.981407
1.981407
1.981407
1.981407
1.981407
1.981407
1.981407
1.981407
1.981407
1.981407
1.981407
1.981407
1.981407
1.981407
1.981407
1.981407
1.981407
1.981407
1.981407
1.981407
1.981407
1.981407
1.981407
1.981407
1.981407
1.981407
1.981407
1.981407
1.981407
1.981407
1.981407
1.981407
1.981407
1.981407
1.981407
1.981407
1.981407
1.981407
1.981407
1.981407
1.981407
1.981407
1.981407
1.981407
1.981407
1.981407
1.981407
1.981407
1.981407
1.981407
1.981407
1.981407
1.981407
1.981407
1.981407
1.981407
1.981407
1.981407
1.981407
1.981407
1.981407
1.981407
1.981407
1.981407
1.981407
1.981407
1.981407
1.981407
1.981407
1.981407
1.981407
1.981407
1.981407
1.981407
1.981407
1.981407
1.981407
1.981407
1.981407
1.981407
1.981407
1.981407
1.981407
1.981407
1.981407
1.981407
1.981407
1.981407
1.981407
1.981407
1.981407
1.981407
1.981407
1.981407
1.981407
1.981407
1.981407
1.981407
1.981407
1.981407
1.981407
1.981407
1.981407
1.981407
1.981407
1.981407
1.981407
1.981407
1.981407
1.981407
1.981407
1.981407
1.981407
1.981407
1.981407
1.981407
1.981407
1.981407
1.981407
1.981407
1.981407
1.981407
1.981407
1.981407
1.981407
1.981407
1.981407
1.981407
1.981407
1.981407
1.981407
1.981407
1.981407
1.981407
1.981407
1.981407
1.981407
1.981407
1.981407
1.981407
1.981407
1.981407
1.981407
1.981407
1.981407
1.981407
1.981407
1.981407
1.981407
1.981407
1.981407
1.981407
1.981407
1.981407
1.981407
1.981407
1.981407
1.981407
1.981407
1.981407
1.981407
1.981407
1.981407
1.981407
1.981407
1.981407
1.981407
1.981407
1.981407
1.981407
1.981407
1.981407
1.981407
1.981407
1.981407
1.981407
1.981407
1.981407
1.981407
1.981407
1.981407
1.981407
1.981407
1.981407
1.981407
1.981407
1.981407
1.981407
1.981407
1.981407
1.981407
1.981407
1.981407
1.981407
1.981407
1.981407
1.981407
1.981407
1.981407
1.981407
1.981407
1.981407
1.981407
1.981407
1.981407
1.981407
1.981407
1.981407
1.981407
1.981407
1.981407
1.981407
1.981407
1.981407
1.981407
1.981407
1.981407
1.981407
1.981407
1.981407
1.981407
1.981407
1.981407
1.981407
1.981407
1.981407
1.981407
1.981407
1.981407
1.981407
1.981407
1.981407
1.981407
1.981407
1.981407
1.981407
1.981407
1.981407
1.981407
1.981407
1.981407
1.981407
1.981407
1.981407
1.981407
1.981407
1.981407
1.981407
1.981407
1.981407
1.981407
1.981407
1.981407
1.981407
1.981407
1.981407
1.981407
1.981407
1.981407
1.981407
1.981407
1.981407
1.981407
1.981407
1.981407
1.981407
1.981407
1.981407
1.981407
1.981407
1.981407
1.981407
1.981407
1.981407
1.981407
1.981407
1.981407
1.981407
1.981407
1.981407
1.981407
1.981407
1.981407
1.981407
1.981407
1.981407
1.981407
1.981407
1.981407
1.981407
1.981407
1.981407
1.981407
1.981407
1.981407
1.981407
1.981407
1.981407
1.981407
1.981407
1.981407
1.981407
1.981407
1.981407
1.981407
1.981407
1.981407
1.981407
1.981407
1.981407
1.981407
1.981407
1.981407
1.981407
1.981407
1.981407
1.981407
1.981407
1.981407
1.981407
1.981407
1.981407
1.981407
1.981407
1.981407
1.981407
1.981407
1.981407
1.981407
1.981407
1.981407
1.981407
1.981407
1.981407
1.981407
1.981407
1.981407
1.981407
1.981407
1.981407
1.981407
1.981407
1.981407
1.981407
1.981407
1.981407
1.981407
1.981407
1.981407
1.981407
1.981407
1.981407
1.981407
1.981407
1.981407
1.981407
1.981407
1.981407
1.981407
1.981407
1.981407
1.981407
1.981407
1.981407
1.981407
1.981407
1.981407
1.981407
1.981407
1.981407
1.981407
1.981407
1.981407
1.981407
1.981407
1.981407
1.981407
1.981407
1.981407
1.981407
1.981407
1.981407
1.981407
1.981407
1.981407
1.981407
1.981407
1.981407
1.981407
1.981407
1.981407
1.981407
1.981407
1.981407
1.981407
1.981407
1.981407
1.981407
1.981407
1.981407
1.981407
1.981407
1.981407
1.981407
1.981407
1.981407
1.981407
1.981407
1.981407
1.981407
1.981407
1.981407
1.981407
1.981407
1.981407
1.981407
1.981407
1.981407
1.981407
1.981407
1.981407
1.981407
1.981407
1.981407
1.981407
1.981407
1.981407
1.981407
1.981407
1.981407
1.981407
1.981407
1.981407
1.981407
1.981407
1.981407
1.981407
1.981407
1.981407
1.981407
1.981407
1.981407
1.981407
1.981407
1.981407
1.981407
1.981407
1.981407
1.981407
1.981407
1.981407
1.981407
1.981407
1.981407
1.981407
1.981407
1.981407
1.981407
1.981407
1.981407
1.981407
1.981407
1.981407
1.981407
1.981407
1.981407
1.981407
1.981407
1.981407
1.981407
1.981407
1.981407
1.981407
1.981407
1.981407
1.981407
1.981407
1.981407
1.981407
1.981407
1.981407
1.981407
1.981407
1.981407
1.981407
1.981407
1.981407
1.981407
1.981407
1.981407
1.981407
1.981407
1.981407
1.981407
1.981407
1.981407
1.981407
1.981407
1.981407
1.981407
1.981407
1.981407
1.981407
1.981407
1.981407
1.981407
1.981407
1.981407
1.981407
1.981407
1.981407
1.981407
1.981407
1.981407
1.981407
1.981407
1.981407
1.981407
1.981407
1.981407
1.981407
1.981407
1.981407
1.981407
1.981407
1.981407
1.981407
1.981407
1.981407
1.981407
1.981407
1.981407
1.981407
1.981407
1.981407
1.981407
1.981407
1.981407
1.981407
1.981407
1.981407
1.981407
1.981407
1.981407
1.981407
1.981407
1.981407
1.981407
1.981407
1.981407
1.981407
1.981407
1.981407
1.981407
1.981407
1.981407
1.981407
1.981407
1.981407
1.981407
1.981407
1.981407
1.981407
1.981407
1.981407
1.981407
1.981407
1.981407
1.981407
1.981407
1.981407
1.981407
1.981407
1.981407
1.981407
1.981407
1.981407
1.981407
1.981407
1.981407
1.981407
1.981407
1.981407
1.981407
1.981407
1.981407
1.981407
1.981407
1.981407
1.981407
1.981407
1.981407
1.981407
1.981407
1.981407
1.981407
1.981407
1.981407
1.981407
1.981407
1.981407
1.981407
1.981407
1.981407
1.981407
1.981407
1.981407
1.981407
1.981407
1.981407
1.981407
1.981407
1.981407
1.981407
1.981407
1.981407
1.981407
1.981407
1.981407
1.981407
1.981407
1.981407
1.981407
1.981407
1.981407
1.981407
1.981407
1.981407
1.981407
1.981407
1.981407
1.981407
1.981407
1.981407
1.981407
1.981407
1.981407
1.981407
1.981407
1.981407
1.981407
1.981407
1.981407
1.981407
1.981407
1.981407
1.981407
1.981407
1.981407
1.981407
1.981407
1.981407
1.981407
1.981407
1.981407
1.981407
1.981407
1.981407
1.981407
1.981407
1.981407
1.981407
1.981407
1.981407
1.981407
1.981407
1.981407
1.981407
1.981407
1.981407
1.981407
1.981407
1.981407
1.981407
1.981407
1.981407
1.981407
1.981407
1.981407
1.981407
1.981407
1.981407
1.981407
1.981407
1.981407
1.981407
1.981407
1.981407
1.981407
1.981407
1.981407
1.981407
1.981407
1.981407
1.981407
1.981407
1.981407
1.981407
1.981407
1.981407
1.981407
1.981407
1.981407
1.981407
1.981407
1.981407
1.981407
1.981407
1.981407
1.981407
1.981407
1.981407
1.981407
1.981407
1.981407
1.981407
1.981407
1.981407
1.981407
1.981407
1.981407
1.981407
1.981407
1.981407
1.981407
1.981407
1.981407
1.981407
1.981407
1.981407
1.981407
1.981407
1.981407
1.981407
1.981407
1.981407
1.981407
1.981407
1.981407
1.981407
1.981407
1.981407
1.981407
1.981407
1.981407
1.981407
1.981407
1.981407
1.981407
1.981407
1.981407
1.981407
1.981407
1.981407
1.981407
1.981407
1.981407
1.981407
1.981407
1.981407
1.981407
1.981407
1.981407
1.981407
1.981407
1.981407
1.981407
1.981407
1.981407
1.981407
1.981407
1.981407
1.981407
1.981407
1.981407
1.981407
1.981407
1.981407
1.981407
1.981407
1.981407
1.981407
1.981407
1.981407
1.981407
1.981407
1.981407
1.981407
1.981407
1.981407
1.981407
1.981407
1.981407
1.981407
1.981407
1.981407
1.981407
1.981407
1.981407
1.981407
1.981407
1.981407
1.981407
1.981407
1.981407
1.981407
1.981407
1.981407
1.981407
1.981407
1.981407
1.981407
1.981407
1.981407
1.981407
1.981407
1.981407
1.981407
1.981407
1.981407
1.981407
1.981407
1.981407
1.981407
1.981407
1.981407
1.981407
1.981407
1.981407
1.981407
1.981407
1.981407
1.981407
1.981407
1.981407
1.981407
1.981407
1.981407
1.981407
1.981407
1.981407
1.981407
1.981407
1.981407
1.981407
1.981407
1.981407
1.981407
1.981407
1.981407
1.981407
1.981407
1.981407
1.981407
1.981407
1.981407
1.981407
1.981407
1.981407
1.981407
1.981407
1.981407
1.981407
1.981407
1.981407
1.981407
1.981407
1.981407
1.981407
1.981407
1.981407
1.981407
1.981407
1.981407
1.981407
1.981407
1.981407
1.981407
1.981407
1.981407
1.981407
1.981407
1.981407
1.981407
1.981407
1.981407
1.981407
1.981407
1.981407
1.981407
1.981407
1.981407
1.981407
1.981407
1.981407
1.981407
1.981407
1.981407
1.981407
1.981407
1.981407
1.981407
1.981407
1.981407
1.981407
1.981407
1.981407
1.981407
1.981407
1.981407
1.981407
1.981407
1.981407
1.981407
1.981407
1.981407
1.981407
1.981407
1.981407
1.981407
1.981407
1.981407
1.981407
1.981407
1.981407
1.981407
1.981407
1.981407
1.981407
1.981407
1.981407
1.981407
1.981407
1.981407
1.981407
1.981407
1.981407
1.981407
1.981407
1.981407
1.981407
1.981407
1.981407
1.981407
1.981407
1.981407
1.981407
1.981407
1.981407
1.981407
1.981407
1.981407
1.981407
1.981407
1.981407
1.981407
1.981407
1.981407
1.981407
1.981407
1.981407
1.981407
1.981407
1.981407
1.981407
1.981407
1.981407
1.981407
1.981407
1.981407
1.981407
1.981407
1.981407
1.981407
1.981407
1.981407
1.981407
1.981407
1.981407
1.981407
1.981407
1.981407
1.981407
1.981407
1.981407
1.981407
1.981407
1.981407
1.981407
1.981407
1.981407
1.981407
1.981407
1.981407
1.981407
1.981407
1.981407
1.981407
1.981407
1.981407
1.981407
1.981407
1.981407
1.981407
1.981407
1.981407
1.981407
1.981407
1.981407
1.981407
1.981407
1.981407
1.981407
1.981407
1.981407
1.981407
1.981407
1.981407
1.981407
1.981407
1.981407
1.981407
1.981407
1.981407
1.981407
1.981407
1.981407
1.981407
1.981407
1.981407
1.981407
1.981407
1.981407
1.981407
1.981407
1.981407
1.981407
1.981407
1.981407
1.981407
1.981407
1.981407
1.981407
1.981407
1.981407
1.981407
1.981407
1.981407
1.981407
1.981407
1.981407
1.981407
1.981407
1.981407
1.981407
1.981407
1.981407
1.981407
1.981407
1.981407
1.981407
1.981407
1.981407
1.981407
1.981407
1.981407
1.981407
1.981407
1.981407
1.981407
1.981407
1.981407
1.981407
1.981407
1.981407
1.981407
1.981407
1.981407
1.981407
1.981407
1.981407
1.981407
1.981407
1.981407
1.981407
1.981407
1.981407
1.981407
1.981407
1.981407
1.981407
1.981407
1.981407
1.981407
1.981407
1.981407
1.981407
1.981407
1.981407
1.981407
1.981407
1.981407
1.981407
1.981407
1.981407
1.981407
1.981407
1.981407
1.981407
1.981407
1.981407
1.981407
1.981407
1.981407
1.981407
1.981407
1.981407
1.981407
1.981407
1.981407
1.981407
1.981407
1.981407
1.981407
1.981407
1.981407
1.981407
1.981407
1.981407
1.981407
1.981407
1.981407
1.981407
1.981407
1.981407
1.981407
1.981407
1.981407
1.981407
1.981407
1.981407
1.981407
1.981407
1.981407
1.981407
1.981407
1.981407
1.981407
1.981407
1.981407
1.981407
1.981407
1.981407
1.981407
1.981407
1.981407
1.981407
1.981407
1.981407
1.981407
1.981407
1.981407
1.981407
1.981407
1.981407
1.981407
1.981407
1.981407
1.981407
1.981407
1.981407
1.981407
1.981407
1.981407
1.981407
1.981407
1.981407
1.981407
1.981407
1.981407
1.981407
1.981407
1.981407
1.981407
1.981407
1.981407
1.981407
1.981407
1.981407
1.981407
1.981407
1.981407
1.981407
1.981407
1.981407
1.981407
1.981407
1.981407
1.981407
1.981407
1.981407
1.981407
1.981407
1.981407
1.981407
1.981407
1.981407
1.981407
1.981407
1.981407
1.981407
1.981407
1.981407
1.981407
1.981407
1.981407
1.981407
1.981407
1.981407
1.981407
1.981407
1.981407
1.981407
1.981407
1.981407
1.981407
1.981407
1.981407
1.981407
1.981407
1.981407
1.981407
1.981407
1.981407
1.981407
1.981407
1.981407
1.981407
1.981407
1.981407
1.981407
1.981407
1.981407
1.981407
1.981407
1.981407
1.981407
1.981407
1.981407
1.981407
1.981407
1.981407
1.981407
1.981407
1.981407
1.981407
1.981407
1.981407
1.981407
1.981407
1.981407
1.981407
1.981407
1.981407
1.981407
1.981407
1.981407
1.981407
1.981407
1.981407
1.981407
1.981407
1.981407
1.981407
1.981407
1.981407
1.981407
1.981407
1.981407
1.981407
1.981407
1.981407
1.981407
1.981407
1.981407
1.981407
1.981407
1.981407
1.981407
1.981407
1.981407
1.981407
1.981407
1.981407
1.981407
1.981407
1.981407
1.981407
1.981407
1.981407
1.981407
1.981407
1.981407
1.981407
1.981407
1.981407
1.981407
1.981407
1.981407
1.981407
1.981407
1.981407
1.981407
1.981407
1.981407
1.981407
1.981407
1.981407
1.981407
1.981407
1.981407
1.981407
1.981407
1.981407
1.981407
1.981407
1.981407
1.981407
1.981407
1.981407
1.981407
1.981407
1.981407
1.981407
1.981407
1.981407
1.981407
1.981407
1.981407
1.981407
1.981407
1.981407
1.981407
1.981407
1.981407
1.981407
1.981407
1.981407
1.981407
1.981407
1.981407
1.981407
1.981407
1.981407
1.981407
1.981407
1.981407
1.981407
1.981407
1.981407
1.981407
1.981407
1.981407
1.981407
1.981407
1.981407
1.981407
1.981407
1.981407
1.981407
1.981407
1.981407
1.981407
1.981407
1.981407
1.981407
1.981407
1.981407
1.981407
1.981407
1.981407
1.981407
1.981407
1.981407
1.981407
1.981407
1.981407
1.981407
1.981407
1.981407
1.981407
1.981407
1.981407
1.981407
1.981407
1.981407
1.981407
1.981407
1.981407
1.981407
1.981407
1.981407
1.981407
1.981407
1.981407
1.981407
1.981407
1.981407
1.981407
1.981407
1.981407
1.981407
1.981407
1.981407
1.981407
1.981407
1.981407
1.981407
1.981407
1.981407
1.981407
1.981407
1.981407
1.981407
1.981407
1.981407
1.981407
1.981407
1.981407
1.981407
1.981407
1.981407
1.981407
1.981407
1.981407
1.981407
1.981407
1.981407
1.981407
1.981407
1.981407
1.981407
1.981407
1.981407
1.981407
1.981407
1.981407
1.981407
1.981407
1.981407
1.981407
1.981407
1.981407
1.981407
1.981407
1.981407
1.981407
1.981407
1.981407
1.981407
1.981407
1.981407
1.981407
1.981407
1.981407
1.981407
1.981407
1.981407
1.981407
1.981407
1.981407
1.981407
1.981407
1.981407
1.981407
1.981407
1.981407
1.981407
1.981407
1.981407
1.981407
1.981407
1.981407
1.981407
1.981407
1.981407
1.981407
1.981407
1.981407
1.981407
1.981407
1.981407
1.981407
1.981407
1.981407
1.981407
1.981407
1.981407
1.981407
1.981407
1.981407
1.981407
1.981407
1.981407
1.981407
1.981407
1.981407
1.981407
1.981407
1.981407
1.981407
1.981407
1.981407
1.981407
1.981407
1.981407
1.981407
1.981407
1.981407
1.981407
1.981407
1.981407
1.981407
1.981407
1.981407
1.981407
1.981407
1.981407
1.981407
1.981407
1.981407
1.981407
1.981407
1.981407
1.981407
1.981407
1.981407
1.981407
1.981407
1.981407
1.981407
1.981407
1.981407
1.981407
1.981407
1.981407
1.981407
1.981407
1.981407
1.981407
1.981407
1.981407
1.981407
1.981407
1.981407
1.981407
1.981407
1.981407
1.981407
1.981407
1.981407
1.981407
1.981407
1.981407
1.981407
1.981407
1.981407
1.981407
1.981407
1.981407
1.981407
1.981407
1.981407
1.981407
1.981407
1.981407
1.981407
1.981407
1.981407
1.981407
1.981407
1.981407
1.981407
1.981407
1.981407
1.981407
1.981407
1.981407
1.981407
1.981407
1.981407
1.981407
1.981407
1.981407
1.981407
1.981407
1.981407
1.981407
1.981407
1.981407
1.981407
1.981407
1.981407
1.981407
1.981407
1.981407
1.981407
1.981407
1.981407
1.981407
1.981407
1.981407
1.981407
1.981407
1.981407
1.981407
1.981407
1.981407
1.981407
1.981407
1.981407
1.981407
1.981407
1.981407
1.981407
1.981407
1.981407
1.981407
1.981407
1.981407
1.981407
1.981407
1.981407
1.981407
1.981407
1.981407
1.981407
1.981407
1.981407
1.981407
1.981407
1.981407
1.981407
1.981407
1.981407
1.981407
1.981407
1.981407
1.981407
1.981407
1.981407
1.981407
1.981407
1.981407
1.981407
1.981407
1.981407
1.981407
1.981407
1.981407
1.981407
1.981407
1.981407
1.981407
1.981407
1.981407
1.981407
1.981407
1.981407
1.981407
1.981407
1.981407
1.981407
1.981407
1.981407
1.981407
1.981407
1.981407
1.981407
1.981407
1.981407
1.981407
1.981407
1.981407
1.981407
1.981407
1.981407
1.981407
1.981407
1.981407
1.981407
1.981407
1.981407
1.981407
1.981407
1.981407
1.981407
1.981407
1.981407
1.981407
1.981407
1.981407
1.981407
1.981407
1.981407
1.981407
1.981407
1.981407
1.981407
1.981407
1.981407
1.981407
1.981407
1.981407
1.981407
1.981407
1.981407
1.981407
1.981407
1.981407
1.981407
1.981407
1.981407
1.981407
1.981407
1.981407
1.981407
1.981407
1.981407
1.981407
1.981407
1.981407
1.981407
1.981407
1.981407
1.981407
1.981407
1.981407
1.981407
1.981407
1.981407
1.981407
1.981407
1.981407
1.981407
1.981407
1.981407
1.981407
1.981407
1.981407
1.981407
1.981407
1.981407
1.981407
1.981407
1.981407
1.981407
1.981407
1.981407
1.981407
1.981407
1.981407
1.981407
1.981407
1.981407
1.981407
1.981407
1.981407
1.981407
1.981407
1.981407
1.981407
1.981407
1.981407
1.981407
1.981407
1.981407
1.981407
1.981407
1.981407
1.981407
1.981407
1.981407
1.981407
1.981407
1.981407
1.981407
1.981407
1.981407
1.981407
1.981407
1.981407
1.981407
1.981407
1.981407
1.981407
1.981407
1.981407
1.981407
1.981407
1.981407
1.981407
1.981407
1.981407
1.981407
1.981407
1.981407
1.981407
1.981407
1.981407
1.981407
1.981407
1.981407
1.981407
1.981407
1.981407
1.981407
1.981407
1.981407
1.981407
1.981407
1.981407
1.981407
1.981407
1.981407
1.981407
1.981407
1.981407
1.981407
1.981407
1.981407
1.981407
1.981407
1.981407
1.981407
1.981407
1.981407
1.981407
1.981407
1.981407
1.981407
1.981407
1.981407
1.981407
1.981407
1.981407
1.981407
1.981407
1.981407
1.981407
1.981407
1.981407
1.981407
1.981407
1.981407
1.981407
1.981407
1.981407
1.981407
1.981407
1.981407
1.981407
1.981407
1.981407
1.981407
1.981407
1.981407
1.981407
1.981407
1.981407
1.981407
1.981407
1.981407
1.981407
1.981407
1.981407
1.981407
1.981407
1.981407
1.981407
1.981407
1.981407
1.981407
1.981407
1.981407
1.981407
1.981407
1.981407
1.981407
1.981407
1.981407
1.981407
1.981407
1.981407
1.981407
1.981407
1.981407
1.981407
1.981407
1.981407
1.981407
1.981407
1.981407
1.981407
1.981407
1.981407
1.981407
1.981407
1.981407
1.981407
1.981407
1.981407
1.981407
1.981407
1.981407
1.981407
1.981407
1.981407
1.981407
1.981407
1.981407
1.981407
1.981407
1.981407
1.981407
1.981407
1.981407
1.981407
1.981407
1.981407
1.981407
1.981407
1.981407
1.981407
1.981407
1.981407
1.981407
1.981407
1.981407
1.981407
1.981407
1.981407
1.981407
1.981407
1.981407
1.981407
1.981407
1.981407
1.981407
1.981407
1.981407
1.981407
1.981407
1.981407
1.981407
1.981407
1.981407
1.981407
1.981407
1.981407
1.981407
1.981407
1.981407
1.981407
1.981407
1.981407
1.981407
1.981407
1.981407
1.981407
1.981407
1.981407
1.981407
1.981407
1.981407
1.981407
1.981407
1.981407
1.981407
1.981407
1.981407
1.981407
1.981407
1.981407
1.981407
1.981407
1.981407
1.981407
1.981407
1.981407
1.981407
1.981407
1.981407
1.981407
1.981407
1.981407
1.981407
1.981407
1.981407
1.981407
1.981407
1.981407
1.981407
1.981407
1.981407
1.981407
1.981407
1.981407
1.981407
1.981407
1.981407
1.981407
1.981407
1.981407
1.981407
1.981407
1.981407
1.981407
1.981407
1.981407
1.981407
1.981407
1.981407
1.981407
1.981407
1.981407
1.981407
1.981407
1.981407
1.981407
1.981407
1.981407
1.981407
1.981407
1.981407
1.981407
1.981407
1.981407
1.981407
1.981407
1.981407
1.981407
1.981407
1.981407
1.981407
1.981407
1.981407
1.981407
1.981407
1.981407
1.981407
1.981407
1.981407
1.981407
1.981407
1.981407
1.981407
1.981407
1.981407
1.981407
1.981407
1.981407
1.981407
1.981407
1.981407
1.981407
1.981407
1.981407
1.981407
1.981407
1.981407
1.981407
1.981407
1.981407
1.981407
1.981407
1.981407
1.981407
1.981407
1.981407
1.981407
1.981407
1.981407
1.981407
1.981407
1.981407
1.981407
1.981407
1.981407
1.981407
1.981407
1.981407
1.981407
1.981407
1.981407
1.981407
1.981407
1.981407
1.981407
1.981407
1.981407
1.981407
1.981407
1.981407
1.981407
1.981407
1.981407
1.981407
1.981407
1.981407
1.981407
1.981407
1.981407
1.981407
1.981407
1.981407
1.981407
1.981407
1.981407
1.981407
1.981407
1.981407
1.981407
1.981407
1.981407
1.981407
1.981407
1.981407
1.981407
1.981407
1.981407
1.981407
1.981407
1.981407
1.981407
1.981407
1.981407
1.981407
1.981407
1.981407
1.981407
1.981407
1.981407
1.981407
1.981407
1.981407
1.981407
1.981407
1.981407
1.981407
1.981407
1.981407
1.981407
1.981407
1.981407
1.981407
1.981407
1.981407
1.981407
1.981407
1.981407
1.981407
1.981407
1.981407
1.981407
1.981407
1.981407
1.981407
1.981407
1.981407
1.981407
1.981407
1.981407
1.981407
1.981407
1.981407
1.981407
1.981407
1.981407
1.981407
1.981407
1.981407
1.981407
1.981407
1.981407
1.981407
1.981407
1.981407
1.981407
1.981407
1.981407
1.981407
1.981407
1.981407
1.981407
1.981407
1.981407
1.981407
1.981407
1.981407
1.981407
1.981407
1.981407
1.981407
1.981407
1.981407
1.981407
1.981407
1.981407
1.981407
1.981407
1.981407
1.981407
1.981407
1.981407
1.981407
1.981407
1.981407
1.981407
1.981407
1.981407
1.981407
1.981407
1.981407
1.981407
1.981407
1.981407
1.981407
1.981407
1.981407
1.981407
1.981407
1.981407
1.981407
1.981407
1.981407
1.981407
1.981407
1.981407
1.981407
1.981407
1.981407
1.981407
1.981407
1.981407
1.981407
1.981407
1.981407
1.981407
1.981407
1.981407
1.981407
1.981407
1.981407
1.981407
1.981407
1.981407
1.981407
1.981407
1.981407
1.981407
1.981407
1.981407
1.981407
1.981407
1.981407
1.981407
1.981407
1.981407
1.981407
1.981407
1.981407
1.981407
1.981407
1.981407
1.981407
1.981407
1.981407
1.981407
1.981407
1.981407
1.981407
1.981407
1.981407
1.981407
1.981407
1.981407
1.981407
1.981407
1.981407
1.981407
1.981407
1.981407
1.981407
1.981407
1.981407
1.981407
1.981407
1.981407
1.981407
1.981407
1.981407
1.981407
1.981407
1.981407
1.981407
1.981407
1.981407
1.981407
1.981407
1.981407
1.981407
1.981407
1.981407
1.981407
1.981407
1.981407
1.981407
1.981407
1.981407
1.981407
1.981407
1.981407
1.981407
1.981407
1.981407
1.981407
1.981407
1.981407
1.981407
1.981407
1.981407
1.981407
1.981407
1.981407
1.981407
1.981407
1.981407
1.981407
1.981407
1.981407
1.981407
1.981407
1.981407
1.981407
1.981407
1.981407
1.981407
1.981407
1.981407
1.981407
1.981407
1.981407
1.981407
1.981407
1.981407
1.981407
1.981407
1.981407
1.981407
1.981407
1.981407
1.981407
1.981407
1.981407
1.981407
1.981407
1.981407
1.981407
1.981407
1.981407
1.981407
1.981407
1.981407
1.981407
1.981407
1.981407
1.981407
1.981407
1.981407
1.981407
1.981407
1.981407
1.981407
1.981407
1.981407
1.981407
1.981407
1.981407
1.981407
1.981407
1.981407
1.981407
1.981407
1.981407
1.981407
1.981407
1.981407
1.981407
1.981407
1.981407
1.981407
1.981407
1.981407
1.981407
1.981407
1.981407
1.981407
1.981407
1.981407
1.981407
1.981407
1.981407
1.981407
1.981407
1.981407
1.981407
1.981407
1.981407
1.981407
1.981407
1.981407
1.981407
1.981407
1.981407
1.981407
1.981407
1.981407
1.981407
1.981407
1.981407
1.981407
1.981407
1.981407
1.981407
1.981407
1.981407
1.981407
1.981407
1.981407
1.981407
1.981407
1.981407
1.981407
1.981407
1.981407
1.981407
1.981407
1.981407
1.981407
1.981407
1.981407
1.981407
1.981407
1.981407
1.981407
1.981407
1.981407
1.981407
1.981407
1.981407
1.981407
1.981407
1.981407
1.981407
1.981407
1.981407
1.981407
1.981407
1.981407
1.981407
1.981407
1.981407
1.981407
1.981407
1.981407
1.981407
1.981407
1.981407
1.981407
1.981407
1.981407
1.981407
1.981407
1.981407
1.981407
1.981407
1.981407
1.981407
1.981407
1.981407
1.981407
1.981407
1.981407
1.981407
1.981407
1.981407
1.981407
1.981407
1.981407
1.981407
1.981407
1.981407
1.981407
1.981407
1.981407
1.981407
1.981407
1.981407
1.981407
1.981407
1.981407
1.981407
1.981407
1.981407
1.981407
1.981407
1.981407
1.981407
1.981407
1.981407
1.981407
1.981407
1.981407
1.981407
1.981407
1.981407
1.981407
1.981407
1.981407
1.981407
1.981407
1.981407
1.981407
1.981407
1.981407
1.981407
1.981407
1.981407
1.981407
1.981407
1.981407
1.981407
1.981407
1.981407
1.981407
1.981407
1.981407
1.981407
1.981407
1.981407
1.981407
1.981407
1.981407
1.981407
1.981407
1.981407
1.981407
1.981407
1.981407
1.981407
1.981407
1.981407
1.981407
1.981407
1.981407
1.981407
1.981407
1.981407
1.981407
1.981407
1.981407
1.981407
1.981407
1.981407
1.981407
1.981407
1.981407
1.981407
1.981407
1.981407
1.981407
1.981407
1.981407
1.981407
1.981407
1.981407
1.981407
1.981407
1.981407
1.981407
1.981407
1.981407
1.981407
1.981407
1.981407
1.981407
1.981407
1.981407
1.981407
1.981407
1.981407
1.981407
1.981407
1.981407
1.981407
1.981407
1.981407
1.981407
1.981407
1.981407
1.981407
1.981407
1.981407
1.981407
1.981407
1.981407
1.981407
1.981407
1.981407
1.981407
1.981407
1.981407
1.981407
1.981407
1.981407
1.981407
1.981407
1.981407
1.981407
1.981407
1.981407
1.981407
1.981407
1.981407
1.981407
1.981407
1.981407
1.981407
1.981407
1.981407
1.981407
1.981407
1.981407
1.981407
1.981407
1.981407
1.981407
1.981407
1.981407
1.981407
1.981407
1.981407
1.981407
1.981407
1.981407
1.981407
1.981407
1.981407
1.981407
1.981407
1.981407
1.981407
1.981407
1.981407
1.981407
1.981407
1.981407
1.981407
1.981407
1.981407
1.981407
1.981407
1.981407
1.981407
1.981407
1.981407
1.981407
1.981407
1.981407
1.981407
1.981407
1.981407
1.981407
1.981407
1.981407
1.981407
1.981407
1.981407
1.981407
1.981407
1.981407
1.981407
1.981407
1.981407
1.981407
1.981407
1.981407
1.981407
1.981407
1.981407
1.981407
1.981407
1.981407
1.981407
1.981407
1.981407
1.981407
1.981407
1.981407
1.981407
1.981407
1.981407
1.981407
1.981407
1.981407
1.981407
1.981407
1.981407
1.981407
1.981407
1.981407
1.981407
1.981407
1.981407
1.981407
1.981407
1.981407
1.981407
1.981407
1.981407
1.981407
1.981407
1.981407
1.981407
1.981407
1.981407
1.981407
1.981407
1.981407
1.981407
1.981407
1.981407
1.981407
1.981407
1.981407
1.981407
1.981407
1.981407
1.981407
1.981407
