160.347641
0.279098
-0.002199
165.213638
0.275241
-0.000644
170.053452
0.277317
-0.000590
174.919434
0.280318
-0.000215
179.890137
0.283974
0.001127
184.890305
0.288323
0.001663
189.645020
0.294625
0.001287
194.560089
0.302658
0.002575
199.354080
0.315023
0.001878
204.220047
0.327484
0.002575
209.040222
0.337701
0.002843
213.942200
0.348774
0.003058
218.850708
0.364385
0.004023
223.559586
0.383069
0.004613
228.245560
0.399605
0.002575
233.065720
0.416686
0.005096
237.885849
0.436472
0.002682
242.833603
0.458029
0.005257
247.683197
0.478138
0.004613
252.640778
0.495768
0.002950
257.549286
0.510681
0.003058
262.385803
0.527851
0.004023
267.251770
0.545366
0.002682
272.055542
0.560786
0.004292
276.996796
0.572925
0.001073
281.947845
0.582538
0.001234
286.941437
0.598156
0.003058
291.882660
0.614784
0.004023
296.683197
0.629690
0.003755
301.486969
0.644493
0.003862
306.379120
0.664264
0.004882
311.238495
0.687920
0.004292
316.186249
0.711522
0.004506
321.163422
0.737413
0.004131
326.101349
0.762776
0.004613
331.104706
0.787599
0.005096
335.977173
0.811459
0.005686
340.852936
0.836102
0.004292
345.928314
0.857019
0.004882
351.036407
0.877682
0.003755
355.977631
0.898310
0.003755
360.935150
0.927201
0.004667
365.699615
0.956168
0.006384
370.568787
0.984992
0.006062
375.375793
1.013659
0.005794
380.195862
1.045560
0.006062
385.094452
1.083282
0.006759
390.042084
1.122653
0.007618
394.855560
1.160620
0.007564
399.698517
1.195361
0.007671
404.574249
1.227231
0.007135
409.286316
1.258759
0.007028
414.276550
1.291281
0.007296
419.057343
1.326744
0.007457
424.034424
1.365246
0.008905
428.808624
1.405907
0.008422
433.694061
1.448420
0.009442
438.419159
1.488927
0.008261
443.098480
1.528569
0.008369
447.872650
1.570713
0.009281
452.738464
1.612825
0.008798
457.529022
1.652637
0.009012
462.349030
1.693369
0.008851
467.214844
1.732770
0.007618
472.005432
1.770382
0.009227
476.848389
1.806026
0.008047
481.629150
1.843519
0.008959
486.652039
1.885742
0.009763
491.527618
1.933888
0.010622
496.435852
1.986601
0.010407
501.259003
2.039645
0.012017
506.209778
2.094604
0.012821
511.059082
2.150764
0.012714
515.901794
2.213475
0.013143
520.901489
2.278109
0.010568
525.871948
2.327061
0.007296
530.806580
2.352022
0.001717
535.754395
2.338720
-0.006652
540.659241
2.276582
-0.018186
545.513855
2.156381
-0.032133
550.422119
1.970066
-0.046349
555.356018
1.701801
-0.062550
560.245544
1.353364
-0.080253
565.241760
0.903519
-0.099834
570.217712
0.350417
-0.122043
575.209167
-0.318412
-0.144627
580.196472
-1.106073
-0.169572
585.125244
-2.021286
-0.198433
590.079102
-3.094003
-0.228528
595.031067
-4.333203
-0.262754
599.857910
-5.722484
-0.298321
604.555481
-7.264604
-0.336355
609.199646
-8.989195
-0.374336
613.885437
-10.930163
-0.411137
618.523621
-13.061731
-0.449546
623.010376
-15.333883
-0.488654
627.391052
-17.784220
-0.532535
631.647095
-20.432610
-0.581674
635.782715
-23.311249
-0.634247
639.682434
-26.318308
-0.679362
643.444824
-29.510559
-0.728823
647.010986
-32.882320
-0.787940
650.316162
-36.385567
-0.841263
653.380798
-40.003159
-0.891422
656.245667
-43.702824
-0.929939
658.980591
-47.511700
-0.963252
661.648560
-51.478745
-0.991953
664.273315
-55.618645
-1.018775
666.800659
-59.841621
-1.043667
669.228027
-64.134155
-1.068612
671.545105
-68.476067
-1.092859
673.775391
-72.907242
-1.116248
675.887817
-77.355965
-1.139262
677.904785
-81.863121
-1.159808
679.814514
-86.331558
-1.175634
681.687988
-91.002533
-1.205139
683.402466
-95.654137
-1.229547
685.038574
-100.399742
-1.247143
686.591614
-105.114693
-1.258140
688.089905
-109.867889
-1.271712
689.507751
-114.577400
-1.285499
690.855347
-119.280273
-1.298749
692.158875
-124.060020
-1.312375
693.371277
-128.745468
-1.323909
694.528503
-133.478561
-1.337910
695.634094
-138.267639
-1.350141
696.672729
-143.004730
-1.360441
697.675110
-147.796417
-1.369776
698.643860
-152.665131
-1.378842
699.553345
-157.452026
-1.387157
700.418640
-162.217163
-1.396276
701.251587
-167.084366
-1.406093
702.044983
-171.958176
-1.413228
702.780090
-176.705399
-1.421597
703.500854
-181.583878
-1.427122
704.176331
-186.402740
-1.434686
704.827759
-191.284363
-1.440641
705.436890
-196.088974
-1.447829
706.023499
-200.945847
-1.454106
706.578796
-205.789917
-1.460007
707.112305
-210.679245
-1.464888
707.595764
-215.382996
-1.471487
708.083130
-220.392227
-1.477495
708.543518
-225.387573
-1.481089
708.972229
-230.283905
-1.485703
709.375305
-235.064209
-1.488063
709.772644
-239.920517
-1.490048
710.160400
-244.892487
-1.494876
710.511963
-249.673569
-1.499221
710.852478
-254.560440
-1.503030
711.174500
-259.422333
-1.506302
711.477600
-264.291962
-1.510970
711.763245
-269.143005
-1.512954
712.028503
-273.893616
-1.516924
712.285522
-278.746277
-1.518909
712.531433
-283.668274
-1.521162
712.761963
-288.456757
-1.524220
712.986267
-293.419098
-1.526795
713.194214
-298.323242
-1.529370
713.392212
-303.198303
-1.530711
713.578613
-308.083618
-1.533179
713.759888
-313.113251
-1.535324
713.924377
-317.956818
-1.537953
714.086731
-322.951050
-1.538651
714.238525
-327.824493
-1.538972
714.381042
-332.662201
-1.542674
714.515869
-337.568909
-1.544283
714.643311
-342.403748
-1.545785
714.761719
-347.353424
-1.547663
714.866272
-352.172455
-1.550184
714.963074
-356.975281
-1.550828
715.057312
-361.987640
-1.554154
715.148193
-367.026276
-1.553296
715.238892
-371.947052
-1.553510
715.327820
-376.805664
-1.553778
715.414062
-381.667633
-1.553778
715.498718
-386.663788
-1.553296
715.575439
-391.444092
-1.554422
715.651672
-396.332397
-1.556032
715.725342
-401.168365
-1.555817
715.797852
-405.955292
-1.555656
715.865417
-410.758636
-1.557695
715.926270
-415.637329
-1.559894
715.979187
-420.532471
-1.560216
716.021973
-425.303375
-1.562683
716.063599
-430.329529
-1.562469
716.099060
-435.352478
-1.563274
716.130066
-440.172546
-1.563649
716.160828
-445.215149
-1.564776
716.191101
-450.077789
-1.566063
716.222778
-455.045105
-1.563917
716.248413
-459.881592
-1.567136
716.259644
-464.813019
-1.571052
716.245483
-469.629883
-1.577275
716.197266
-474.443268
-1.585054
716.103760
-479.344330
-1.595997
715.950378
-484.302826
-1.608336
715.728699
-489.252167
-1.623356
715.423035
-494.252747
-1.641327
715.028564
-499.194550
-1.660264
714.526062
-504.172577
-1.683063
713.895020
-509.195282
-1.709188
713.120789
-514.224365
-1.737889
712.206909
-519.203308
-1.767554
711.144287
-524.135925
-1.798883
709.928406
-529.026245
-1.831178
708.516724
-533.952148
-1.869695
707.005615
-538.563538
-1.906013
705.268005
-543.244690
-1.946246
703.370789
-547.792725
-1.987124
701.282043
-552.252258
-2.030952
698.968628
-556.666138
-2.075853
696.462585
-560.981140
-2.119145
693.793335
-565.131104
-2.165280
690.923279
-569.168884
-2.212380
687.851624
-573.072083
-2.263665
684.562195
-576.824036
-2.318973
681.096252
-580.344788
-2.378304
677.459229
-583.620483
-2.439353
673.636902
-586.651550
-2.503995
669.658752
-589.394897
-2.571427
665.509033
-591.845093
-2.645082
661.193481
-593.982178
-2.721258
656.674805
-595.793030
-2.799902
652.057434
-597.239563
-2.877848
647.386841
-598.299988
-2.958316
642.687317
-598.967957
-3.042700
637.859741
-599.235229
-3.131107
633.057007
-599.072937
-3.220855
628.305176
-598.476501
-3.312052
623.490173
-597.405334
-3.409794
618.758423
-595.846924
-3.508125
614.159241
-593.831665
-3.599590
609.811157
-591.439941
-3.689124
605.730835
-588.713806
-3.771416
601.955872
-585.744629
-3.843300
598.389648
-582.517578
-3.909713
594.995728
-579.040588
-3.965772
591.769043
-575.394470
-4.008581
588.733215
-571.671875
-4.045811
585.860413
-567.899780
-4.076657
583.097412
-564.030518
-4.107502
580.448914
-560.089722
-4.133842
577.877869
-556.032043
-4.161631
575.388611
-551.858765
-4.187434
573.019775
-547.634705
-4.214686
570.759766
-543.318176
-4.244781
568.612671
-538.911621
-4.272676
566.575317
-534.420898
-4.300411
564.657532
-529.881287
-4.324658
562.849060
-525.321655
-4.345204
561.138733
-520.745300
-4.364570
559.510376
-516.104431
-4.385117
557.978760
-511.458252
-4.403624
556.538757
-506.820557
-4.419074
555.169678
-502.202332
-4.429696
553.863159
-497.613647
-4.441497
552.599121
-492.931702
-4.455660
551.414856
-488.289673
-4.469715
550.271729
-483.546448
-4.483609
549.194885
-478.804474
-4.495196
548.202026
-474.191406
-4.506676
547.253418
-469.548981
-4.516225
546.353088
-464.886963
-4.527866
545.483521
-460.052765
-4.540795
544.676514
-455.240936
-4.552221
543.927856
-450.436218
-4.563272
543.219055
-445.579132
-4.571211
542.561218
-440.863525
-4.576093
541.896912
-435.986969
-4.578454
541.266174
-431.264343
-4.580492
540.619324
-426.431641
-4.580063
539.957458
-421.541504
-4.577595
539.296570
-416.723907
-4.575449
538.627441
-411.963623
-4.569924
537.930359
-407.180908
-4.564720
537.207520
-402.418549
-4.557103
536.434570
-397.597778
-4.548734
535.623230
-392.823181
-4.537790
534.737610
-387.985260
-4.524218
533.779663
-383.134460
-4.510324
532.765686
-378.341858
-4.497396
531.702271
-373.596863
-4.484843
530.562622
-368.819153
-4.470520
529.366943
-364.126068
-4.454533
528.043213
-359.317993
-4.432431
526.622131
-354.554840
-4.411993
525.122375
-349.881104
-4.392573
523.522949
-345.202515
-4.373636
521.846313
-340.589294
-4.353466
520.055481
-335.984100
-4.328896
518.141846
-331.417969
-4.301376
516.116333
-326.932617
-4.274554
513.995422
-322.553345
-4.247785
511.788422
-318.286652
-4.222142
509.438751
-314.022003
-4.194998
506.953857
-309.792877
-4.168229
504.346985
-305.614685
-4.140602
501.596008
-301.455200
-4.114316
498.758118
-297.414368
-4.084972
495.769043
-293.418488
-4.054877
492.631531
-289.487732
-4.023387
489.400787
-285.688904
-3.992380
486.029083
-281.979218
-3.957296
482.504700
-278.363861
-3.922051
478.924377
-274.930267
-3.888899
475.244415
-271.633057
-3.855531
471.462219
-268.468933
-3.821789
467.551117
-265.417511
-3.787456
463.570068
-262.535461
-3.748938
459.450439
-259.789825
-3.709724
455.257874
-257.225189
-3.671099
450.915253
-254.787033
-3.634192
446.601105
-252.579681
-3.595191
442.217499
-250.544571
-3.557586
437.742035
-248.668961
-3.519444
433.182037
-246.952713
-3.483127
428.592041
-245.418808
-3.444985
423.880371
-244.043808
-3.405502
419.119812
-242.862534
-3.364571
414.253754
-241.865814
-3.322942
409.367706
-241.067947
-3.283835
404.443573
-240.468369
-3.241133
399.573212
-240.087341
-3.197734
394.664673
-239.919632
-3.153799
389.756683
-239.964218
-3.111741
384.919861
-240.204086
-3.072795
380.069611
-240.630508
-3.034600
375.223633
-241.249237
-2.994205
370.365448
-242.074539
-2.952254
365.498810
-243.116409
-2.910357
360.709259
-244.356033
-2.866583
355.971161
-245.802444
-2.823130
351.398865
-247.417755
-2.779892
346.806946
-249.268112
-2.736708
342.351044
-251.286804
-2.695884
338.020172
-253.468384
-2.654363
333.742706
-255.861816
-2.608764
329.529907
-258.480591
-2.561664
325.473419
-261.266876
-2.517567
321.577454
-264.208771
-2.471433
317.812836
-267.332397
-2.427175
314.203827
-270.610291
-2.382006
310.699707
-274.093475
-2.336193
307.373047
-277.706696
-2.292365
304.211182
-281.456421
-2.249717
301.246582
-285.302216
-2.205943
298.418060
-289.317383
-2.164368
295.740753
-293.450653
-2.127835
293.267822
-297.561218
-2.097258
290.882355
-301.787170
-2.071669
288.673950
-305.931183
-2.048440
286.533783
-310.176910
-2.027036
284.464783
-314.497742
-2.007938
282.488892
-318.815247
-1.992220
280.577209
-323.154388
-1.978648
278.723785
-327.522308
-1.964915
276.896729
-332.007477
-1.949680
275.131348
-336.527863
-1.935356
273.406616
-341.133850
-1.923501
271.757050
-345.673401
-1.915025
270.132874
-350.236023
-1.908802
268.547516
-354.788025
-1.902418
267.016724
-359.279205
-1.896410
265.538239
-363.705170
-1.889865
264.044037
-368.267242
-1.886164
262.581299
-372.784515
-1.883213
261.101837
-377.382324
-1.881389
259.669647
-381.864746
-1.878814
258.198547
-386.492737
-1.877420
256.768219
-391.016937
-1.877527
255.300003
-395.656128
-1.877688
253.840500
-400.263763
-1.877527
252.316406
-405.056915
-1.878975
250.865082
-409.588165
-1.882516
249.325623
-414.355743
-1.884179
247.818359
-418.972076
-1.888149
246.305603
-423.548706
-1.891958
244.786865
-428.088898
-1.896625
243.242432
-432.627289
-1.902365
241.653458
-437.209229
-1.907729
239.996918
-441.895752
-1.912182
238.337936
-446.494568
-1.918941
236.681717
-450.993378
-1.928114
234.961456
-455.555603
-1.936161
233.183685
-460.141418
-1.945442
231.342194
-464.761932
-1.954669
229.498260
-469.261444
-1.964539
227.573502
-473.840820
-1.972694
225.713623
-478.145447
-1.983476
223.679138
-482.723724
-1.993830
221.707718
-487.043304
-2.003647
219.593903
-491.556580
-2.012391
217.483826
-495.948486
-2.024568
215.309616
-500.356506
-2.035190
213.088486
-504.733704
-2.046563
210.794250
-509.113708
-2.059921
208.464798
-513.426819
-2.073225
206.103317
-517.655090
-2.087709
203.687241
-521.844910
-2.101549
201.207291
-526.012451
-2.114102
198.569580
-530.302551
-2.129284
195.951126
-534.434937
-2.141998
193.261505
-538.568298
-2.154604
190.505783
-542.685486
-2.167908
187.710815
-546.736389
-2.182607
184.835785
-550.771118
-2.198164
181.926682
-554.716553
-2.214580
179.008469
-558.544678
-2.229332
175.982864
-562.397278
-2.243977
172.887497
-566.232056
-2.255779
169.773834
-569.988403
-2.269673
166.578171
-573.735657
-2.284211
163.360352
-577.403137
-2.298749
160.139481
-580.962769
-2.314252
156.834717
-584.498535
-2.331472
153.475540
-587.968994
-2.349497
150.051559
-591.384827
-2.364947
146.665176
-594.656799
-2.381845
143.098389
-597.990662
-2.398797
139.491135
-601.256470
-2.412906
135.828293
-604.479553
-2.428731
132.118835
-607.638855
-2.444878
128.362839
-610.732361
-2.460918
124.550606
-613.772095
-2.476475
120.713867
-616.727478
-2.493642
116.833107
-619.619324
-2.509038
112.885231
-622.475159
-2.522503
108.972977
-625.217346
-2.537524
105.008286
-627.912354
-2.552920
100.935028
-630.586243
-2.569389
96.915733
-633.126343
-2.586716
92.784348
-635.640991
-2.602166
88.663506
-638.058350
-2.620405
84.421913
-640.449646
-2.635426
80.199165
-642.739746
-2.653236
75.851814
-645.004517
-2.670617
71.511330
-647.174866
-2.686657
67.108513
-649.292419
-2.702053
62.674854
-651.336853
-2.716645
58.398533
-653.228760
-2.733006
53.888783
-655.141602
-2.747222
49.474468
-656.943176
-2.760687
45.014675
-658.701721
-2.772007
40.453110
-660.442200
-2.782521
35.984196
-662.094299
-2.792392
31.452888
-663.718567
-2.802423
26.950840
-665.288086
-2.811918
22.336174
-666.841980
-2.820716
17.827850
-668.310913
-2.830962
13.288584
-669.747803
-2.840029
8.629656
-671.174622
-2.848236
3.990502
-672.553711
-2.856444
-0.565434
-673.867676
-2.864437
-5.243841
-675.181702
-2.872430
-9.931568
-676.462036
-2.878063
-14.587341
-677.697449
-2.884822
-19.285427
-678.913452
-2.892493
-24.102385
-680.099487
-2.909553
-28.861231
-681.129272
-2.944529
-33.736328
-682.047424
-2.963305
-38.558880
-682.926270
-2.954507
-43.223927
-683.953186
-2.892601
-48.211174
-685.340332
-2.855156
-53.168320
-686.797974
-2.865617
-58.033585
-688.071899
-2.903544
-62.861080
-689.170654
-2.928811
-67.674873
-690.179260
-2.938306
-72.571060
-691.177368
-2.940399
-77.328682
-692.150757
-2.938360
-82.116577
-693.139343
-2.937931
-86.828362
-694.108215
-2.940613
-91.629814
-695.079529
-2.943135
-96.347214
-696.020630
-2.946031
-101.144417
-696.963074
-2.949465
-105.892502
-697.883789
-2.951181
-110.694946
-698.799133
-2.954400
-115.419991
-699.683472
-2.957136
-120.208076
-700.568909
-2.960569
-124.988625
-701.440979
-2.963305
-129.826035
-702.311279
-2.963627
-134.632996
-703.165955
-2.965665
-139.328568
-703.992859
-2.967865
-144.043671
-704.822021
-2.967382
-148.924149
-705.674377
-2.969206
-153.567688
-706.475708
-2.972210
-158.337479
-707.296021
-2.971620
-163.007568
-708.097534
-2.972908
-167.717545
-708.898743
-2.974517
-172.364044
-709.682861
-2.974517
-177.095291
-710.476074
-2.976555
-181.924683
-711.277527
-2.978379
-186.688675
-712.053040
-2.985407
-191.504501
-712.794128
-2.992649
-196.269394
-713.500183
-2.995331
-201.055954
-714.216064
-2.988733
-205.934387
-715.001099
-2.973390
-210.890564
-715.857422
-2.969474
-215.828522
-716.703735
-2.976394
-220.749817
-717.511047
-2.981437
-225.823532
-718.318604
-2.985192
-230.688446
-719.084961
-2.986104
-235.702484
-719.871887
-2.986051
-240.512741
-720.627625
-2.985300
-245.456161
-721.400269
-2.986963
-250.410248
-722.168152
-2.988357
-255.345276
-722.930847
-2.990396
-260.135010
-723.669373
-2.989484
-265.070374
-724.429993
-2.988840
-269.921967
-725.175415
-2.987982
-274.819397
-725.924194
-2.990020
-279.739410
-726.677002
-2.989323
-284.617371
-727.423096
-2.990825
-289.460205
-728.160950
-2.991737
-294.405914
-728.918640
-2.988572
-299.183075
-729.652954
-2.988089
-303.953552
-730.387817
-2.988786
-308.702240
-731.113403
-2.990396
-313.500885
-731.837036
-2.992917
-318.196960
-732.538574
-2.993400
-322.935760
-733.242126
-2.993722
-327.571350
-733.927612
-2.994151
-332.180878
-734.610474
-2.995224
-337.113129
-735.347778
-2.991898
-341.989960
-736.079773
-2.991415
-346.850067
-736.812744
-2.992273
-351.816132
-737.567383
-2.991147
-356.565430
-738.289062
-2.990932
-361.535339
-739.040039
-2.993615
-366.508514
-739.769043
-2.998979
-371.312805
-740.454224
-3.001286
-376.212646
-741.141479
-3.002466
-381.023224
-741.828918
-2.996726
-385.897583
-742.554993
-2.991254
-390.717072
-743.294006
-2.988143
-395.640656
-744.044922
-2.990181
-400.468201
-744.774353
-2.992005
-405.325470
-745.504395
-2.993346
-410.220764
-746.245422
-2.992542
-415.031525
-746.976562
-2.990557
-420.074707
-747.746338
-2.990932
-425.033783
-748.503296
-2.990342
-429.841339
-749.233643
-2.990128
-434.781372
-749.985291
-2.991576
-439.581635
-750.720093
-2.988679
-444.378082
-751.458008
-2.989698
-449.125336
-752.193054
-2.987445
-453.931122
-752.934937
-2.989484
-458.756531
-753.678589
-2.988304
-463.510803
-754.410950
-2.987338
-468.154602
-755.129700
-2.987875
-472.819977
-755.858826
-2.987284
-477.649994
-756.615295
-2.986104
-482.399048
-757.360107
-2.986372
-487.207153
-758.108459
-2.988035
-491.958893
-758.835754
-2.990879
-496.731689
-759.555176
-2.993507
-501.445251
-760.250305
-2.997906
-506.194183
-760.929810
-3.001125
-510.933441
-761.583740
-3.005953
-515.702332
-762.214172
-3.014000
-520.498474
-762.811646
-3.021564
-525.270325
-763.364624
-3.030683
-530.122375
-763.877686
-3.040930
-534.846680
-764.318848
-3.054985
-539.752014
-764.718506
-3.064855
-544.612671
-765.058228
-3.077891
-549.528992
-765.348450
-3.088888
-554.588989
-765.585815
-3.101441
-559.566650
-765.754761
-3.114638
-564.516785
-765.847900
-3.131322
-569.451416
-765.861755
-3.147415
-574.444519
-765.795715
-3.163402
-579.422729
-765.646179
-3.180032
-584.440308
-765.412415
-3.196930
-589.501892
-765.086731
-3.215062
-594.511292
-764.674683
-3.232550
-599.518982
-764.172791
-3.250682
-604.539368
-763.576355
-3.269619
-609.505005
-762.887573
-3.290433
-614.460815
-762.089294
-3.312750
-619.394104
-761.179932
-3.335549
-624.260620
-760.167969
-3.357168
-629.123840
-759.049133
-3.378572
-633.980530
-757.819885
-3.400299
-638.813904
-756.489319
-3.421327
-643.643982
-755.040833
-3.444341
-648.402466
-753.494995
-3.467248
-653.126160
-751.835938
-3.492246
-657.857849
-750.036743
-3.517406
-662.525085
-748.127625
-3.542458
-667.161438
-746.095459
-3.567511
-671.699402
-743.972839
-3.592026
-676.152344
-741.756836
-3.614986
-680.550781
-739.434570
-3.639127
-684.870605
-737.022339
-3.662194
-689.148071
-734.497009
-3.687086
-693.335999
-731.880981
-3.713962
-697.406189
-729.184753
-3.741106
-701.408508
-726.366089
-3.770504
-705.347656
-723.421326
-3.797487
-709.181885
-720.388367
-3.824524
-712.964539
-717.224670
-3.851508
-716.623474
-713.997253
-3.876989
-720.226624
-710.649719
-3.903544
-723.754333
-707.194641
-3.929132
-727.212036
-703.623840
-3.956975
-730.518311
-700.013794
-3.985299
-733.687683
-696.360596
-4.008903
-736.755249
-692.668091
-4.030951
-739.776733
-688.841492
-4.058095
-742.659485
-684.970398
-4.086474
-745.471985
-680.963684
-4.112224
-748.139832
-676.957153
-4.136203
-750.732056
-672.881775
-4.155837
-753.234009
-668.781006
-4.174184
-755.651428
-664.652588
-4.191565
-757.991089
-660.494629
-4.208517
-760.246765
-656.327637
-4.224610
-762.438904
-652.115845
-4.240114
-764.603638
-647.798157
-4.255885
-766.667236
-643.525513
-4.269511
-768.720215
-639.117493
-4.282708
-770.720764
-634.671021
-4.296334
-772.669922
-630.183960
-4.309155
-774.587646
-625.622925
-4.319240
-776.393372
-621.192688
-4.331364
-778.175659
-616.675415
-4.342844
-779.908447
-612.128418
-4.353949
-781.612244
-607.507629
-4.364624
-783.247498
-602.935120
-4.373958
-784.810913
-598.434387
-4.382542
-786.353455
-593.874634
-4.391178
-787.895325
-589.173218
-4.399869
-789.355957
-584.589966
-4.406950
-790.756836
-580.070312
-4.415962
-792.156433
-575.430420
-4.423741
-793.536865
-570.723450
-4.429266
-794.854736
-566.134583
-4.434899
-796.188049
-561.400391
-4.438922
-797.535339
-556.578369
-4.440639
-798.850464
-551.828918
-4.442999
-800.123230
-547.139099
-4.448954
-801.358032
-542.479797
-4.456947
-802.566284
-537.796631
-4.464028
-803.768433
-533.003845
-4.469393
-804.929077
-528.227783
-4.477011
-806.036011
-523.512878
-4.485594
-807.114868
-518.717712
-4.496537
-808.129822
-513.975525
-4.507159
-809.079895
-509.289978
-4.517835
-809.992126
-504.530273
-4.528832
-810.864807
-499.686676
-4.538595
-811.658447
-494.955505
-4.551363
-812.420654
-490.099915
-4.561234
-813.118530
-485.337158
-4.572660
-813.770813
-480.505219
-4.584354
-814.360962
-475.701538
-4.596854
-814.900574
-470.783295
-4.609300
-815.364746
-465.972412
-4.622979
-815.771729
-461.116943
-4.635586
-816.120361
-456.224121
-4.648300
-816.401367
-451.372833
-4.661121
-816.619080
-446.554321
-4.673995
-816.776245
-441.694183
-4.687407
-816.866943
-436.789825
-4.701301
-816.890686
-431.972992
-4.714927
-816.846313
-427.149811
-4.729304
-816.732666
-422.406281
-4.743359
-816.544800
-417.547241
-4.757307
-816.284058
-412.642395
-4.772488
-815.963196
-407.803436
-4.785685
-815.562683
-402.881775
-4.801188
-815.085815
-397.986633
-4.818194
-814.540710
-393.180969
-4.834716
-813.919678
-388.387817
-4.848932
-813.220154
-383.559174
-4.863900
-812.441223
-378.686401
-4.877847
-811.594482
-373.844849
-4.893190
-810.675415
-369.013184
-4.907728
-809.691772
-364.217621
-4.922212
-808.625977
-359.379303
-4.937125
-807.501038
-354.618286
-4.952307
-806.286682
-349.832001
-4.969634
-805.005249
-345.120911
-4.987766
-803.646240
-340.452026
-5.003860
-802.216797
-335.821289
-5.019578
-800.708679
-331.198425
-5.035564
-799.128784
-326.603027
-5.051497
-797.450378
-321.959076
-5.067429
-795.699646
-317.355957
-5.084542
-793.897034
-312.846802
-5.101494
-792.001099
-308.322815
-5.117641
-790.045593
-303.867096
-5.134325
-787.978088
-299.364838
-5.150526
-785.831421
-294.881622
-5.166780
-783.610168
-290.427551
-5.183034
-781.338989
-286.050323
-5.199718
-778.997131
-281.710510
-5.216080
-776.569580
-277.391724
-5.233568
-774.107544
-273.187012
-5.250788
-771.570068
-269.023621
-5.269350
-768.975098
-264.942261
-5.287911
-766.292297
-260.878754
-5.304111
-763.486694
-256.779572
-5.321385
-760.611023
-252.729218
-5.337908
-757.672729
-248.732178
-5.354645
-754.628479
-244.740921
-5.372992
-751.599670
-240.911713
-5.391339
-748.476562
-237.112289
-5.410061
-745.228882
-233.306213
-5.428461
-741.955139
-229.600739
-5.444072
-738.661377
-225.987976
-5.459736
-735.260742
-222.380646
-5.477278
-731.859985
-218.891235
-5.493533
-728.434814
-215.485825
-5.509519
-724.929504
-212.115631
-5.526363
-721.377136
-208.814255
-5.542779
-717.729492
-205.529831
-5.559087
-714.050659
-202.329941
-5.576361
-710.343567
-199.218552
-5.593796
-706.514038
-196.122009
-5.612089
-702.588806
-193.067139
-5.630542
-698.681763
-190.133896
-5.647441
-694.666992
-187.231049
-5.666538
-690.637207
-184.428635
-5.684134
-686.618713
-181.731369
-5.700925
-682.467285
-179.051697
-5.719272
-678.276917
-176.451797
-5.736599
-674.048340
-173.927292
-5.753390
-669.751953
-171.460342
-5.770556
-665.432922
-169.080322
-5.788635
-661.104065
-166.794312
-5.806016
-656.683350
-164.557816
-5.823826
-652.302368
-162.432571
-5.839705
-647.912354
-160.387360
-5.855370
-643.532410
-158.430496
-5.870605
-639.149536
-156.545410
-5.884231
-634.677185
-154.695770
-5.898876
-630.078796
-152.869553
-5.909819
-625.587830
-151.145996
-5.922372
-620.955872
-149.425354
-5.933638
-616.389404
-147.782700
-5.942811
-611.795410
-146.178787
-5.951984
-607.248901
-144.637970
-5.961480
-602.634521
-143.124741
-5.971350
-598.012329
-141.656982
-5.979826
-593.344055
-140.215958
-5.987819
-588.690308
-138.817261
-5.994740
-584.008240
-137.444641
-6.000372
-579.364258
-136.117218
-6.008312
-574.597290
-134.791870
-6.015822
-569.988281
-133.546249
-6.023922
-565.238525
-132.295120
-6.029448
-560.460510
-131.074463
-6.035617
-555.812378
-129.914429
-6.040231
-551.060669
-128.750626
-6.045327
-546.361511
-127.620056
-6.049779
-541.560913
-126.491585
-6.055090
-536.684265
-125.372314
-6.059650
-532.028381
-124.330238
-6.065444
-527.245422
-123.286835
-6.070808
-522.444885
-122.262817
-6.074242
-517.753235
-121.277695
-6.078158
-513.045898
-120.303429
-6.081966
-508.360931
-119.350533
-6.084702
-503.605164
-118.400909
-6.087599
-498.906738
-117.481949
-6.090657
-494.298218
-116.597900
-6.096451
-489.532959
-115.697327
-6.096987
-484.788116
-114.812027
-6.098865
-480.090240
-113.942688
-6.101439
-475.197144
-113.049309
-6.103371
-470.469086
-112.199532
-6.107126
-465.683594
-111.355034
-6.108896
-460.947968
-110.529121
-6.112383
-456.123810
-109.696777
-6.113134
-451.295441
-108.869644
-6.113724
-446.507141
-108.060448
-6.116836
-441.710602
-107.261070
-6.118875
-436.940948
-106.479378
-6.123541
-432.111298
-105.699806
-6.123703
-427.338776
-104.935997
-6.124400
-422.659546
-104.189568
-6.126653
-417.778961
-103.417702
-6.126653
-413.033539
-102.671028
-6.127296
-408.184753
-101.907463
-6.126438
-403.335144
-101.149139
-6.127941
-398.539154
-100.408188
-6.129496
-393.803589
-99.683304
-6.131964
-389.057739
-98.960594
-6.132661
-384.301727
-98.239525
-6.133198
-379.474426
-97.508560
-6.132661
-374.662384
-96.785820
-6.134861
-369.874939
-96.075935
-6.136846
-365.041199
-95.365768
-6.137650
-360.249207
-94.664093
-6.138937
-355.397583
-93.963287
-6.138723
-350.538788
-93.266296
-6.139903
-345.614380
-92.565765
-6.142049
-340.715637
-91.870689
-6.142049
0.000000
0.000000
0.000000
0.000000
0.000000
0.000000
0.000000
0.000000
0.000000
0.000000
0.000000
0.000000
0.000000
0.000000
0.000000
0.000000
0.000000
0.000000
0.000000
0.000000
0.000000
0.000000
0.000000
0.000000
0.000000
0.000000
0.000000
0.000000
0.000000
0.000000
0.000000
0.000000
0.000000
0.000000
0.000000
0.000000
0.000000
0.000000
0.000000
0.000000
0.000000
0.000000
0.000000
0.000000
0.000000
0.000000
0.000000
0.000000
0.000000
0.000000
0.000000
0.000000
0.000000
0.000000
0.000000
0.000000
0.000000
0.000000
0.000000
0.000000
0.000000
0.000000
0.000000
0.000000
0.000000
0.000000
0.000000
0.000000
0.000000
0.000000
0.000000
0.000000
0.000000
0.000000
0.000000
0.000000
0.000000
0.000000
0.000000
0.000000
0.000000
0.000000
0.000000
0.000000
0.000000
0.000000
0.000000
0.000000
0.000000
0.000000
0.000000
0.000000
0.000000
0.000000
0.000000
0.000000
0.000000
0.000000
0.000000
0.000000
0.000000
0.000000
0.000000
0.000000
0.000000
0.000000
0.000000
0.000000
0.000000
0.000000
0.000000
0.000000
0.000000
0.000000
0.000000
0.000000
0.000000
0.000000
0.000000
0.000000
0.000000
0.000000
0.000000
0.000000
0.000000
0.000000
0.000000
0.000000
0.000000
0.000000
0.000000
0.000000
0.000000
0.000000
0.000000
0.000000
0.000000
0.000000
0.000000
0.000000
0.000000
0.000000
0.000000
0.000000
0.000000
0.000000
0.000000
0.000000
0.000000
0.000000
0.000000
0.000000
0.000000
0.000000
0.000000
0.000000
0.000000
0.000000
0.000000
0.000000
0.000000
0.000000
0.000000
0.000000
0.000000
0.000000
0.000000
0.000000
0.000000
0.000000
0.000000
0.000000
0.000000
0.000000
0.000000
0.000000
0.000000
0.000000
0.000000
0.000000
0.000000
0.000000
0.000000
0.000000
0.000000
0.000000
0.000000
0.000000
0.000000
0.000000
0.000000
0.000000
0.000000
0.000000
0.000000
0.000000
0.000000
0.000000
0.000000
0.000000
0.000000
0.000000
0.000000
0.000000
0.000000
0.000000
0.000000
0.000000
0.000000
0.000000
0.000000
0.000000
0.000000
0.000000
0.000000
0.000000
0.000000
0.000000
0.000000
0.000000
0.000000
0.000000
0.000000
0.000000
0.000000
0.000000
0.000000
0.000000
0.000000
0.000000
0.000000
0.000000
0.000000
0.000000
0.000000
0.000000
0.000000
0.000000
0.000000
0.000000
0.000000
0.000000
0.000000
0.000000
0.000000
0.000000
0.000000
0.000000
0.000000
0.000000
0.000000
0.000000
0.000000
0.000000
0.000000
0.000000
0.000000
0.000000
0.000000
0.000000
0.000000
0.000000
0.000000
0.000000
0.000000
0.000000
0.000000
0.000000
0.000000
0.000000
0.000000
0.000000
0.000000
0.000000
0.000000
0.000000
0.000000
0.000000
0.000000
0.000000
0.000000
0.000000
0.000000
0.000000
0.000000
0.000000
0.000000
0.000000
0.000000
0.000000
0.000000
0.000000
0.000000
0.000000
0.000000
0.000000
0.000000
0.000000
0.000000
0.000000
0.000000
0.000000
0.000000
0.000000
0.000000
0.000000
0.000000
0.000000
0.000000
0.000000
0.000000
0.000000
0.000000
0.000000
0.000000
0.000000
0.000000
0.000000
0.000000
0.000000
0.000000
0.000000
0.000000
0.000000
0.000000
0.000000
0.000000
0.000000
0.000000
0.000000
0.000000
0.000000
0.000000
0.000000
0.000000
0.000000
0.000000
0.000000
0.000000
0.000000
0.000000
0.000000
0.000000
0.000000
0.000000
0.000000
0.000000
0.000000
0.000000
0.000000
0.000000
0.000000
0.000000
0.000000
0.000000
0.000000
0.000000
0.000000
0.000000
0.000000
0.000000
0.000000
0.000000
0.000000
0.000000
0.000000
0.000000
0.000000
0.000000
0.000000
0.000000
0.000000
0.000000
0.000000
0.000000
0.000000
0.000000
0.000000
0.000000
0.000000
0.000000
0.000000
0.000000
0.000000
0.000000
0.000000
0.000000
0.000000
0.000000
0.000000
0.000000
0.000000
0.000000
0.000000
0.000000
0.000000
0.000000
0.000000
0.000000
0.000000
0.000000
0.000000
0.000000
0.000000
0.000000
0.000000
0.000000
0.000000
0.000000
0.000000
0.000000
0.000000
0.000000
0.000000
0.000000
0.000000
0.000000
0.000000
0.000000
0.000000
0.000000
0.000000
0.000000
0.000000
0.000000
0.000000
0.000000
0.000000
0.000000
0.000000
0.000000
0.000000
0.000000
0.000000
0.000000
0.000000
0.000000
0.000000
0.000000
0.000000
0.000000
0.000000
0.000000
0.000000
0.000000
0.000000
0.000000
0.000000
0.000000
0.000000
0.000000
0.000000
0.000000
0.000000
0.000000
0.000000
0.000000
0.000000
0.000000
0.000000
0.000000
0.000000
0.000000
0.000000
0.000000
0.000000
0.000000
0.000000
0.000000
0.000000
0.000000
0.000000
0.000000
0.000000
0.000000
0.000000
0.000000
0.000000
0.000000
0.000000
0.000000
0.000000
0.000000
0.000000
0.000000
0.000000
0.000000
0.000000
0.000000
0.000000
0.000000
0.000000
0.000000
0.000000
0.000000
0.000000
0.000000
0.000000
0.000000
0.000000
0.000000
0.000000
0.000000
0.000000
0.000000
0.000000
0.000000
0.000000
0.000000
0.000000
0.000000
0.000000
0.000000
0.000000
0.000000
0.000000
0.000000
0.000000
0.000000
0.000000
0.000000
0.000000
0.000000
0.000000
0.000000
0.000000
0.000000
0.000000
0.000000
0.000000
0.000000
0.000000
0.000000
0.000000
0.000000
0.000000
0.000000
0.000000
0.000000
0.000000
0.000000
0.000000
0.000000
0.000000
0.000000
0.000000
0.000000
0.000000
0.000000
0.000000
0.000000
0.000000
0.000000
0.000000
0.000000
0.000000
0.000000
0.000000
0.000000
0.000000
0.000000
0.000000
0.000000
0.000000
0.000000
0.000000
0.000000
0.000000
0.000000
0.000000
0.000000
0.000000
0.000000
0.000000
0.000000
0.000000
0.000000
0.000000
0.000000
0.000000
0.000000
0.000000
0.000000
0.000000
0.000000
0.000000
0.000000
0.000000
0.000000
0.000000
0.000000
0.000000
0.000000
0.000000
0.000000
0.000000
0.000000
