1.800000
1.853536
1.907497
1.959331
2.010920
2.063065
2.116518
2.170185
2.223917
2.277780
2.329074
2.382316
2.434493
2.488438
2.541663
2.595346
2.648522
2.700847
2.753891
2.806707
2.860210
2.913763
2.967331
3.020670
3.072226
3.124928
3.177023
3.230657
3.283751
3.338089
3.391624
3.443786
3.496340
3.548730
3.601612
3.655164
3.709583
3.763168
3.814151
3.866361
3.919423
3.972271
4.025038
4.079391
4.132927
4.183992
4.236350
4.289411
4.499999
4.499999
4.499999
4.499999
4.499999
4.499999
4.499999
4.499999
4.499999
4.499999
4.499999
4.499999
4.499999
4.499999
4.499999
4.499999
4.499999
4.499999
4.499999
4.499999
4.373693
4.352272
4.330838
4.309666
4.288840
4.268152
4.247334
4.226044
4.204642
4.183097
4.161957
4.141106
4.120510
4.099612
4.078427
4.057052
4.035631
4.014452
3.993574
3.972461
3.951538
3.930195
3.908892
3.887537
3.866188
3.845808
3.824734
3.803804
3.782383
3.760929
3.739568
3.718186
3.697295
3.676509
3.655533
3.634387
3.612947
3.591284
3.570367
3.549483
3.528513
3.507466
3.486346
3.464912
3.443269
3.422038
3.401094
3.380308
3.359313
3.337951
3.316530
3.295018
3.273996
3.253433
3.232313
3.211049
3.189759
3.168260
3.147108
3.125824
3.105143
3.084344
3.063263
3.042137
3.020827
2.999171
2.978136
2.957376
2.936649
2.915830
2.894580
2.873218
2.851804
2.830645
2.809492
2.788497
2.767593
2.746460
2.724895
2.703475
2.682217
2.661562
2.640757
2.619683
2.598491
2.577109
2.555322
2.534523
2.513933
2.492892
2.472021
2.450554
2.429153
2.407961
2.386566
2.365983
2.345073
2.323999
2.303003
2.281523
2.259939
2.238773
2.217824
2.197136
2.176036
2.154811
2.133345
2.111655
2.090634
2.069940
2.049114
2.028446
2.007071
1.985539
1.963981
1.943195
1.922513
1.901584
1.880477
1.859233
1.837655
1.816417
1.795363
1.774662
1.753725
1.732913
1.711728
1.690117
1.668579
1.647649
1.626876
1.605926
1.585049
1.563909
1.542344
1.520917
1.500000
1.552292
1.604094
1.800000
1.800000
1.800000
1.800000
1.800000
1.800000
1.800000
1.800000
1.800000
1.800000
1.800000
1.800000
1.800000
1.800000
1.800000
1.800000
1.800000
1.800000
1.800000
1.800000
1.800000
1.800000
1.800000
1.800000
1.800000
1.800000
1.800000
1.800000
1.800000
1.800000
1.800000
1.800000
1.800000
1.800000
1.800000
1.800000
1.666393
1.645063
1.624382
1.603891
1.583190
1.562240
1.541147
1.520478
1.500000
1.500000
1.554828
1.607088
1.659936
1.713521
1.765388
1.817860
1.869694
1.922134
1.975179
2.029451
2.083281
2.136408
2.190156
2.243479
2.296262
2.350436
2.405019
2.458211
2.510978
2.564497
2.617951
2.670293
2.723550
2.777004
2.830703
2.884059
2.937169
2.990427
3.148226
3.126465
3.105620
3.084376
3.063106
3.041875
3.020722
2.999380
2.978188
2.957160
2.936060
2.914639
2.893441
2.872321
2.851175
2.830134
2.809361
2.788104
2.766794
2.745720
2.724568
2.703514
2.682296
2.661418
2.640154
2.619290
2.598006
2.576631
2.555511
2.534339
2.513383
2.492316
2.470973
2.449808
2.428557
2.407352
2.386468
2.365538
2.344274
2.323102
2.301858
2.280640
2.259677
2.238642
2.217778
2.196665
2.175506
2.154203
2.133149
2.112304
2.091138
2.070110
2.049049
2.027857
2.006796
1.985722
1.964367
1.943326
1.922507
1.901413
1.880150
1.858879
1.837701
1.816587
1.795644
1.774400
1.753398
1.731938
1.710818
1.689692
1.668651
1.647642
1.626745
1.605442
1.584250
1.562947
1.541978
1.520858
1.500000
1.500000
1.500000
1.553683
1.607006
1.800000
1.800000
1.800000
1.800000
1.800000
1.800000
1.800000
1.800000
1.800000
1.800000
1.800000
1.800000
1.800000
1.800000
1.800000
1.800000
1.668049
1.647223
1.626392
1.605187
1.583792
1.562607
1.541893
1.520910
1.500000
1.500000
1.500000
1.553307
1.606188
1.659429
1.712114
1.765175
1.817435
1.869956
1.922805
1.975506
2.027177
2.079469
2.132923
2.186082
2.238342
2.290372
2.342174
2.394613
2.447756
2.501259
2.555204
2.607987
2.659854
2.712441
2.764177
2.817336
2.871215
2.924506
2.977763
3.029417
3.081628
3.134607
3.187603
3.241204
3.295018
3.348832
3.400862
3.452844
3.504972
3.558279
3.611815
3.665514
3.718870
3.770507
3.823258
3.875124
3.928497
3.981443
4.035405
4.088171
4.140447
4.192429
4.244197
4.297275
4.499999
4.499999
4.499999
4.499999
4.499999
4.499999
4.499999
4.499999
4.499999
4.499999
4.499999
4.499999
4.499999
4.499999
4.499999
4.499999
4.499999
4.499999
4.499999
4.499999
4.499999
4.499999
4.499999
4.499999
4.499999
4.499999
4.499999
4.499999
4.499999
4.499999
4.499999
4.499999
4.499999
4.499999
4.499999
4.499999
4.499999
4.499999
4.499999
4.499999
4.499999
4.499999
4.499999
4.499999
4.499999
4.499999
4.499999
4.499999
4.499999
4.499999
4.499999
4.499999
4.499999
4.499999
4.499999
4.499999
4.499999
4.499999
4.499999
4.499999
4.499999
4.499999
4.499999
4.499999
4.499999
4.499999
4.372531
4.351660
4.330376
4.309119
4.287920
4.266657
4.245615
4.225183
4.203899
4.182642
4.161372
4.140173
4.118949
4.097921
4.076997
4.056133
4.034810
4.013514
3.992361
3.971006
3.949925
3.929440
3.908020
3.886808
3.865518
3.844202
3.823174
3.802323
3.781183
3.760136
3.738636
3.717510
3.696508
3.675231
3.654222
3.633391
3.612219
3.590824
3.569776
3.548453
3.527170
3.506345
3.485513
3.464380
3.443385
3.422134
3.400759
3.379803
3.358375
3.337511
3.316332
3.295402
3.273916
3.252803
3.231846
3.210661
3.189934
3.168952
3.147629
3.126463
3.105357
3.084329
3.063222
3.042351
3.021198
3.000000
3.000000
3.084525
3.063471
3.042279
3.021257
3.000000
3.053143
3.106302
3.273479
3.252254
3.231036
3.210041
3.189078
3.167585
3.146537
3.125463
3.104278
3.083217
3.062268
3.041331
3.020192
2.999072
2.978279
2.957094
2.935902
2.914861
2.893813
2.872752
2.851914
2.830827
2.809707
2.788358
2.767206
2.746407
2.725241
2.704337
2.683322
2.662111
2.640480
2.619236
2.598470
2.577180
2.556041
2.535045
2.513553
2.492243
2.470953
2.450246
2.429021
2.407856
2.386834
2.365662
2.344182
2.323017
2.301733
2.280712
2.259775
2.238734
2.217837
2.196481
2.175100
2.154104
2.132939
2.112205
2.091341
2.070280
2.048879
2.027523
2.006639
1.985761
1.964759
1.943784
1.922788
1.901178
1.879613
1.858689
1.837458
1.816659
1.795756
1.774695
1.752992
1.731447
1.710543
1.689430
1.668461
1.647642
1.626503
1.605082
1.583668
1.562502
1.541696
1.520851
1.500000
1.552129
1.604388
1.800000
1.800000
1.800000
1.800000
1.800000
1.800000
1.800000
1.800000
1.800000
1.800000
1.800000
1.800000
1.800000
1.800000
1.800000
1.800000
1.800000
1.800000
1.800000
1.800000
1.800000
1.800000
1.800000
1.800000
1.800000
1.800000
1.800000
1.666642
1.646032
1.625325
1.604604
1.583484
1.562371
1.541264
1.520590
1.500000
1.500000
1.500000
1.552505
1.604863
1.657237
1.709431
1.762263
1.815471
1.867731
1.921136
1.974230
2.027013
2.079845
2.133806
2.188470
2.240861
2.293644
2.346476
2.399194
2.452451
2.506625
2.560782
2.614138
2.666741
2.719050
2.771555
2.825140
2.878855
2.932767
2.986794
3.039446
3.091297
3.144129
3.196732
3.250660
3.304736
3.358484
3.411300
3.463478
3.515737
3.568700
3.622187
3.675788
3.729487
3.781862
3.833450
3.885579
3.939016
3.992732
4.046448
4.099607
4.152226
4.204699
4.256680
4.309577
4.499999
4.499999
4.499999
4.499999
4.499999
4.499999
4.499999
4.499999
4.499999
4.499999
4.499999
4.499999
4.499999
4.499999
4.499999
4.499999
4.499999
4.499999
4.499999
4.499999
4.499999
4.499999
4.499999
4.362587
4.341919
4.321074
4.299934
4.278415
4.257001
4.235927
4.215115
4.194388
4.173589
4.152613
4.130963
4.109569
4.088658
4.067630
4.047001
4.026058
4.004723
3.983380
3.961979
3.940748
3.919798
3.898895
3.878187
3.856799
3.835627
3.814036
3.792884
3.771856
3.750919
3.730192
3.709079
3.687750
3.666414
3.645026
3.624194
3.603401
3.582504
3.561286
3.540127
3.518549
3.497181
3.476382
3.455400
3.434613
3.413474
3.392132
3.370482
3.349408
3.328609
3.307849
3.286886
3.265956
3.244679
3.222846
3.201916
3.180809
3.160056
3.139211
3.118497
3.097430
3.076218
3.055478
3.034816
3.013965
2.993454
2.972170
2.950900
2.929636
2.908595
2.887678
2.866886
2.846087
2.824921
2.803500
2.782033
2.760737
2.739611
2.718556
2.697790
2.676500
2.655073
2.633776
2.612297
2.591419
2.570352
2.549670
2.528243
2.506920
2.485205
2.464262
2.443358
2.422277
2.401472
2.380313
2.358807
2.337465
2.316338
2.295461
2.274642
2.253869
2.232559
2.210910
2.189345
2.168258
2.147321
2.126424
2.105291
2.084387
2.062914
2.041683
2.020498
2.000000
2.000000
2.000000
2.000000
2.000000
2.000000
2.000000
2.000000
2.000000
2.000000
2.000000
2.000000
2.000000
2.000000
2.000000
2.000000
2.000000
2.000000
2.000000
2.000000
2.000000
2.000000
2.000000
2.000000
2.000000
2.000000
2.000000
2.000000
2.000000
2.000000
2.000000
2.000000
2.000000
2.000000
2.000000
2.000000
2.000000
2.000000
2.000000
2.000000
2.000000
2.000000
2.000000
2.000000
2.000000
2.000000
2.000000
2.000000
2.000000
2.000000
2.000000
2.000000
2.000000
2.000000
2.000000
2.000000
2.000000
2.000000
2.000000
2.000000
2.000000
2.000000
2.000000
2.000000
2.000000
2.000000
2.000000
2.000000
1.858533
1.837642
1.816234
1.795383
1.774610
1.753359
1.732121
1.711093
1.689986
1.668697
1.647217
1.626162
1.605579
1.584630
1.563641
1.542632
1.521434
1.500000
1.500000
1.541546
1.520923
1.500000
1.500000
1.553127
1.606204
1.816050
1.794656
1.773713
1.753084
1.732180
1.710825
1.689652
1.668480
1.647302
1.626038
1.604964
1.584230
1.562967
1.542233
1.521231
1.500000
1.500000
1.500000
1.554239
1.606941
1.659069
1.711181
1.763539
1.816993
1.858369
1.837229
1.816286
1.795795
1.774806
1.753424
1.732468
1.711106
1.689934
1.668605
1.647806
1.627033
1.605795
1.584728
1.563634
1.542626
1.521395
1.500000
1.562855
1.541952
1.520838
1.500000
1.552096
1.604404
1.657842
1.711083
1.858362
1.837779
1.816980
1.795749
1.774465
1.753320
1.731905
1.710530
1.689731
1.669024
1.648067
1.626594
1.605546
1.584479
1.563307
1.542089
1.520878
1.500000
1.500000
1.500000
1.500000
1.500000
1.552816
1.605697
1.659609
1.712163
1.764030
1.816911
2.000000
1.858676
1.837262
1.816188
1.795284
1.774603
1.753084
1.731984
1.710616
1.689365
1.668049
1.647132
1.626352
1.605206
1.584230
1.563124
1.542181
1.521277
1.500000
1.500000
1.552701
1.606057
1.657793
1.709938
1.762885
1.815733
2.000000
2.000000
2.000000
2.000000
2.000000
2.000000
2.000000
2.000000
2.000000
2.000000
2.000000
2.000000
2.000000
2.000000
2.000000
2.000000
2.000000
2.000000
2.000000
2.000000
2.000000
2.000000
2.000000
2.052210
2.104912
2.158824
2.212654
2.265535
2.316682
2.500000
2.500000
2.500000
2.553209
2.606859
2.660002
2.712360
2.763474
2.975904
2.954928
2.933717
2.912682
2.891523
2.871006
2.849965
2.828766
2.807254
2.786101
2.764883
2.743881
2.722879
2.701687
2.680437
2.659186
2.637968
2.616927
2.595728
2.575041
2.553842
2.532598
2.511315
2.490117
2.469010
2.448191
2.427333
2.406279
2.385126
2.364026
2.342795
2.321793
2.300523
2.279894
2.258846
2.237772
2.216292
2.194989
2.174020
2.152770
2.132128
2.111237
2.089881
2.068585
2.047380
2.026182
2.005095
1.984184
1.962803
1.941807
1.920648
1.899581
1.878814
1.858244
1.837484
1.816679
1.795539
1.774492
1.753470
1.732128
1.711100
1.690189
1.669213
1.647694
1.626450
1.605278
1.584139
1.563117
1.542168
1.521080
1.500000
1.552701
1.606335
1.800000
1.800000
1.800000
1.800000
1.800000
1.669436
1.647851
1.626719
1.606122
1.585350
1.564282
1.542554
1.522311
1.500000
1.555777
1.609591
1.661671
1.718070
1.768513
1.819153
1.869662
1.920072
1.971628
2.023773
2.076671
2.130239
2.181959
2.234251
2.286675
2.339147
2.393108
2.447527
2.500228
2.552766
2.605926
2.658480
2.711312
2.764390
2.818858
2.871379
2.924162
2.977305
3.030023
3.083084
3.136669
3.190483
3.243348
3.296638
3.349421
3.526870
3.505607
3.483996
3.462883
3.441540
3.420506
3.399621
3.378463
3.357160
3.335621
3.314593
3.293381
3.272255
3.251325
3.230042
3.208529
3.187337
3.166348
3.145327
3.124070
3.103002
3.081850
3.060658
3.039564
3.018405
2.996952
2.975852
2.954712
2.933521
2.912067
2.891006
2.870017
2.848734
2.827411
2.806664
2.785400
2.763967
2.742827
2.721832
2.700627
2.679612
2.658505
2.637143
2.615932
2.595146
2.573836
2.552729
2.531767
2.510745
2.489560
2.468349
2.447072
2.426194
2.405002
2.383902
2.363031
2.341898
2.320582
2.299528
2.278460
2.257412
2.236391
2.215212
2.193857
2.172757
2.151866
2.131394
2.110255
2.088965
2.068061
2.047000
2.025743
2.004892
1.984106
1.963005
1.942049
1.921100
1.900117
1.879063
1.858022
1.837425
1.816293
1.795127
1.773948
1.752691
1.731277
1.710360
1.689711
1.668644
1.647609
1.626660
1.605658
1.584204
1.563052
1.542240
1.521205
1.500000
1.500000
1.500000
1.500000
1.553078
1.605664
1.800000
1.800000
1.800000
1.800000
1.800000
1.800000
1.800000
1.800000
1.800000
1.800000
1.800000
1.800000
1.800000
1.800000
1.800000
1.800000
1.800000
1.800000
1.800000
1.668965
1.647465
1.626863
1.605926
1.585101
1.563582
1.542298
1.521035
1.500000
1.500000
1.552570
1.605157
1.658644
1.711836
1.763490
1.817042
1.869973
1.923132
1.976406
2.029500
2.081890
2.133332
2.185607
2.238390
2.291583
2.500000
2.500000
2.552079
2.604437
2.656304
2.708874
2.762295
2.815913
2.869596
2.921447
2.973412
3.025393
3.078029
3.131516
3.185411
3.238472
3.290699
3.342664
3.394351
3.446823
3.630906
3.610061
3.588987
3.568057
3.547415
3.526583
3.505221
3.484042
3.462478
3.441731
3.420755
3.399969
3.379183
3.357716
3.336341
3.314718
3.293899
3.273126
3.252170
3.231305
3.209603
3.188261
3.166919
3.145969
3.125144
3.104227
3.083441
3.061974
3.040278
3.018962
2.998176
2.977030
2.956277
2.935484
2.913946
2.892401
2.871353
2.850351
2.829486
2.808726
2.787960
2.766277
2.744981
2.723645
2.702761
2.682034
2.661182
2.640285
2.619067
2.597594
2.576369
2.555583
2.534647
2.513717
2.492820
2.471386
2.449958
2.428838
2.407869
2.387038
2.366212
2.345276
2.323757
2.302408
2.281085
2.260339
2.239441
2.218498
2.197581
2.176180
2.154576
2.133443
2.112467
2.091511
2.070594
2.049428
2.028054
2.006646
1.985316
1.964498
1.943411
1.922389
1.901551
1.880195
1.858801
1.837648
1.816672
1.795821
1.774976
1.754066
1.732514
1.711217
1.689757
1.668925
1.648192
1.627151
1.606135
1.584872
1.563268
1.542122
1.521008
1.500000
1.500000
1.500000
1.500000
1.500000
1.500000
1.552898
1.605844
1.800000
1.800000
1.800000
1.800000
1.800000
1.800000
1.669037
1.647472
1.626424
1.605717
1.584682
1.563601
1.542390
1.520950
1.500000
1.552374
1.604895
1.795729
1.774655
1.753307
1.732809
1.711008
1.689757
1.668638
1.647164
1.625875
1.605088
1.584335
1.563431
1.542148
1.521028
1.500000
1.500000
1.500000
1.500000
1.563601
1.542449
1.520969
1.500000
1.500000
1.500000
1.552734
1.605615
1.658677
1.816561
1.795696
1.774695
1.753392
1.731997
1.710491
1.689096
1.668395
1.647708
1.626647
1.605507
1.584224
1.562810
1.541566
1.520917
1.500000
1.500000
1.500000
1.553339
1.607153
1.800000
1.669449
1.648329
1.627295
1.606122
1.584682
1.563595
1.542272
1.521159
1.500000
1.552898
1.606859
1.796129
1.775061
1.753955
1.732579
1.710969
1.689960
1.668971
1.647982
1.626889
1.605848
1.584309
1.562770
1.541611
1.520825
1.500000
1.500000
1.500000
1.500000
1.500000
1.500000
1.583949
1.563425
1.542691
1.521224
1.500000
1.500000
1.552947
1.605517
1.658218
1.816797
1.795422
1.774472
1.753686
1.732625
1.711296
1.689849
1.668258
1.647302
1.626411
1.605560
1.584774
1.563673
1.542102
1.520897
1.500000
1.500000
1.500000
1.520897
1.500000
1.647616
1.626725
1.605612
1.584604
1.563183
1.541880
1.520635
1.500000
1.500000
1.551916
1.605059
1.658856
1.816358
1.795324
1.774439
1.753424
1.732193
1.710864
1.689829
1.668782
1.647537
1.626287
1.605442
1.584322
1.562986
1.541801
1.520871
1.500000
1.500000
1.500000
1.500000
1.500000
1.521558
1.500000
1.500000
1.500000
1.551474
1.603505
1.795644
1.774302
1.753241
1.732102
1.711146
1.690379
1.669155
1.648100
1.626915
1.605730
1.584571
1.563058
1.542154
1.521159
1.500000
1.500000
1.500000
1.500000
1.500000
1.500000
1.500000
1.500000
1.605095
1.583844
1.562980
1.541991
1.521087
1.500000
1.500000
1.553847
1.607661
1.795422
1.774439
1.753392
1.732134
1.711015
1.690163
1.668880
1.647609
1.626313
1.605160
1.584139
1.562895
1.542109
1.521107
1.500000
1.500000
1.500000
1.500000
1.500000
1.500000
1.562993
1.542141
1.521061
1.500000
1.500000
1.552260
1.605353
1.836202
1.815232
1.794630
1.773706
1.752567
1.731401
1.709522
1.688298
1.666969
1.646143
1.625514
1.604382
1.583563
1.562430
1.541552
1.520524
1.500000
1.500000
1.500000
1.500000
1.500000
1.500000
1.500000
1.648028
1.627177
1.606005
1.584492
1.562940
1.542011
1.521094
1.500000
1.552734
1.605239
1.658136
1.817124
1.796031
1.775009
1.753431
1.732134
1.710962
1.690196
1.668742
1.647439
1.626117
1.604801
1.583779
1.562679
1.542089
1.520923
1.500000
1.500000
1.500000
1.500000
1.500000
1.500000
1.500000
1.500000
1.552260
1.605239
1.658382
1.837654
1.816293
1.795075
1.773811
1.753202
1.732389
1.711610
1.690503
1.669154
1.647629
1.626110
1.605455
1.584885
1.563961
1.542966
1.521513
1.500000
1.500000
1.500000
1.500000
1.627465
1.606299
1.584695
1.563176
1.542442
1.521192
1.500000
1.552979
1.605730
1.658775
1.817530
1.795925
1.774838
1.753614
1.732101
1.711086
1.690471
1.669122
1.647904
1.626509
1.605226
1.583884
1.562862
1.542541
1.521519
1.500000
1.500000
1.500000
1.500000
1.500000
1.500000
1.500000
1.500000
1.551818
1.605517
1.794970
1.774079
1.752809
1.731356
1.710131
1.689712
1.668664
1.647852
1.626686
1.605115
1.583583
1.562234
1.541657
1.520884
1.500000
1.500000
1.500000
1.500000
1.500000
1.648185
1.627105
1.605985
1.585166
1.563340
1.542508
1.521277
1.500000
1.500000
1.553503
1.606564
1.777823
1.757017
1.735675
1.714372
1.692918
1.671674
1.650882
1.629657
1.608609
1.587437
1.566010
1.544412
1.523057
1.500000
1.500000
1.500000
1.500000
1.500000
1.500000
1.500000
1.500000
1.500000
1.551589
1.603112
1.816024
1.794924
1.773667
1.752685
1.731388
1.710543
1.689653
1.668598
1.647799
1.626778
1.605514
1.583956
1.562829
1.541840
1.521008
1.500000
1.500000
1.500000
1.500000
1.500000
1.585075
1.564066
1.542626
1.520956
1.500000
1.500000
1.500000
1.500000
1.553061
1.606695
1.660411
1.713701
1.765012
1.817795
1.870136
1.923132
1.977633
2.031070
2.083477
2.136424
2.348146
2.327000
2.305657
2.284387
2.263647
2.242939
2.222212
2.201407
2.180536
2.158958
2.137530
2.116031
2.095566
2.074734
2.053823
2.032717
2.011322
1.989829
1.968533
1.947426
1.927033
1.906234
1.885212
1.863745
1.842508
1.820878
1.800000
1.800000
1.800000
1.800000
1.800000
1.800000
1.800000
1.800000
1.800000
1.800000
1.800000
1.800000
1.800000
1.800000
1.667407
1.646497
1.626117
1.603256
1.582038
1.561789
1.540983
1.520701
1.500000
1.500000
1.500000
1.500000
1.554076
1.604879
1.662178
1.719624
1.769969
1.821378
1.874488
2.099054
2.078058
2.057181
2.035996
2.014601
1.993200
1.971439
1.949893
1.928603
1.907281
1.886030
1.864688
1.843274
1.821414
1.800000
1.800000
1.800000
1.800000
1.800000
1.800000
1.800000
1.800000
1.800000
1.800000
1.800000
1.800000
1.800000
1.800000
1.800000
1.800000
1.800000
1.800000
1.800000
1.800000
1.800000
1.800000
1.800000
1.800000
1.800000
1.800000
1.800000
1.800000
1.800000
1.800000
1.800000
1.800000
1.800000
1.800000
1.800000
1.800000
1.800000
1.800000
1.800000
1.800000
1.800000
1.800000
1.800000
1.800000
1.800000
1.800000
1.800000
1.800000
1.800000
1.800000
1.800000
1.800000
1.800000
1.800000
1.800000
1.800000
1.800000
1.800000
1.800000
1.800000
1.800000
1.800000
1.800000
1.800000
1.800000
1.800000
1.800000
1.800000
1.800000
1.800000
1.800000
1.800000
1.800000
1.800000
1.800000
1.800000
1.800000
1.800000
1.800000
1.800000
1.800000
1.800000
1.800000
1.800000
1.800000
1.800000
1.800000
1.800000
1.800000
1.800000
1.800000
1.800000
1.800000
1.800000
1.800000
1.800000
1.800000
1.800000
1.800000
1.800000
1.800000
1.800000
1.800000
1.800000
1.800000
1.800000
1.800000
1.800000
1.800000
1.800000
1.800000
1.800000
1.800000
1.800000
1.800000
1.800000
1.800000
1.800000
1.800000
1.800000
1.800000
1.800000
1.800000
1.800000
1.800000
1.800000
1.800000
1.800000
1.800000
1.800000
1.800000
1.800000
1.800000
1.800000
1.800000
1.800000
1.800000
1.800000
1.800000
1.800000
1.800000
1.800000
1.800000
1.800000
1.800000
1.800000
1.800000
1.800000
1.800000
1.800000
1.800000
1.800000
1.800000
1.800000
1.800000
1.800000
1.800000
1.800000
1.800000
1.800000
1.800000
1.800000
1.800000
1.800000
1.800000
1.800000
1.800000
1.800000
1.800000
1.800000
1.800000
1.800000
1.800000
1.800000
1.800000
1.800000
1.800000
1.800000
1.800000
1.800000
1.800000
1.800000
1.800000
1.800000
1.800000
1.800000
1.800000
1.800000
1.800000
1.800000
1.800000
1.800000
1.800000
1.800000
1.800000
1.800000
1.800000
1.800000
1.800000
1.800000
1.800000
1.800000
1.800000
1.800000
1.800000
1.800000
1.800000
1.800000
1.800000
1.800000
1.800000
1.800000
1.800000
1.800000
1.800000
1.800000
1.800000
1.800000
1.800000
1.800000
1.800000
1.800000
1.800000
1.800000
1.800000
1.800000
1.800000
1.800000
1.800000
1.800000
1.800000
1.800000
1.800000
1.800000
1.800000
1.800000
1.800000
1.800000
1.800000
1.800000
1.800000
1.800000
1.800000
1.800000
1.800000
1.800000
1.800000
1.800000
1.800000
1.800000
1.800000
1.800000
1.800000
1.800000
1.800000
1.800000
1.800000
1.800000
1.800000
1.800000
1.800000
1.800000
1.800000
1.800000
1.800000
1.800000
1.800000
1.800000
1.800000
1.800000
1.800000
1.800000
1.800000
1.800000
1.800000
1.800000
1.800000
1.800000
1.800000
1.800000
1.800000
1.800000
1.800000
1.800000
1.800000
1.800000
1.800000
1.800000
1.800000
1.800000
1.800000
1.800000
1.800000
1.800000
1.800000
1.800000
1.800000
1.800000
1.800000
1.800000
1.800000
1.800000
1.800000
1.800000
1.800000
1.800000
1.800000
1.800000
1.800000
1.800000
1.800000
1.800000
1.800000
1.800000
1.800000
1.800000
1.800000
1.800000
1.800000
1.800000
1.800000
1.800000
1.800000
1.800000
1.800000
1.800000
1.800000
1.800000
1.800000
1.800000
1.800000
1.800000
1.800000
1.800000
1.800000
1.800000
1.800000
1.800000
1.800000
1.800000
1.800000
1.800000
1.800000
1.800000
1.800000
1.800000
1.800000
1.800000
1.800000
1.800000
1.800000
1.800000
1.800000
1.800000
1.800000
1.800000
1.800000
1.800000
1.800000
1.800000
1.800000
1.800000
1.800000
1.800000
1.800000
1.800000
1.800000
1.800000
1.800000
1.800000
1.800000
1.800000
1.800000
1.800000
1.800000
1.800000
1.800000
1.800000
1.800000
1.800000
1.800000
1.800000
1.800000
1.800000
1.800000
1.800000
1.800000
1.800000
1.800000
1.800000
1.800000
1.800000
1.800000
1.800000
1.800000
1.800000
1.800000
1.800000
1.800000
1.800000
1.800000
1.800000
1.800000
1.800000
1.800000
1.800000
1.800000
1.800000
1.800000
1.800000
1.800000
1.800000
1.800000
1.800000
1.800000
1.800000
1.800000
1.800000
1.800000
1.800000
1.800000
1.800000
1.800000
1.800000
1.800000
1.800000
1.800000
1.800000
1.800000
1.800000
1.800000
1.800000
1.800000
1.800000
1.800000
1.800000
1.800000
1.800000
1.800000
1.800000
1.800000
1.800000
1.800000
1.800000
1.800000
1.800000
1.800000
1.800000
1.800000
1.800000
1.800000
1.800000
1.800000
1.800000
1.800000
1.800000
1.800000
1.800000
1.800000
1.800000
1.800000
1.800000
1.800000
1.800000
1.800000
1.800000
1.800000
1.800000
1.800000
1.800000
1.800000
1.800000
1.800000
1.800000
1.800000
1.800000
1.800000
1.800000
1.800000
1.800000
1.800000
1.800000
1.800000
1.800000
1.800000
1.800000
1.800000
1.800000
1.800000
1.800000
1.800000
1.800000
1.800000
1.800000
1.800000
1.800000
1.800000
1.800000
1.800000
1.800000
1.800000
1.800000
1.800000
1.800000
1.800000
1.800000
1.800000
1.800000
1.800000
1.800000
1.800000
1.800000
1.800000
1.800000
1.800000
1.800000
1.800000
1.800000
1.800000
1.800000
1.800000
1.800000
1.800000
1.800000
1.800000
1.800000
1.800000
1.800000
1.800000
1.800000
1.800000
1.800000
1.800000
1.800000
1.800000
1.800000
1.800000
1.800000
1.800000
1.800000
1.800000
1.800000
1.800000
1.800000
1.800000
1.800000
1.800000
1.800000
1.800000
1.800000
1.800000
1.800000
1.800000
1.800000
1.800000
1.800000
1.800000
1.800000
1.800000
1.800000
1.800000
1.800000
1.800000
1.800000
1.800000
1.800000
1.800000
1.800000
1.800000
1.800000
1.800000
1.800000
1.800000
1.800000
1.800000
1.800000
1.800000
1.800000
1.800000
1.800000
1.800000
1.800000
1.800000
1.800000
1.800000
1.800000
1.800000
1.800000
1.800000
1.800000
1.800000
1.800000
1.800000
1.800000
1.800000
1.800000
1.800000
1.800000
1.800000
1.800000
1.800000
1.800000
1.800000
1.800000
1.800000
1.800000
1.800000
1.800000
1.800000
1.800000
1.800000
1.800000
1.800000
1.800000
1.800000
1.800000
1.800000
1.800000
1.800000
1.800000
1.800000
1.800000
1.800000
1.800000
1.800000
1.800000
1.800000
1.800000
1.800000
1.800000
1.800000
1.800000
1.800000
1.800000
1.800000
1.800000
1.800000
1.800000
1.800000
1.800000
1.800000
1.800000
1.800000
1.800000
1.800000
1.800000
1.800000
1.800000
1.800000
1.800000
1.800000
1.800000
1.800000
1.800000
1.800000
1.800000
1.800000
1.800000
1.800000
1.800000
1.800000
1.800000
1.800000
1.800000
1.800000
1.800000
1.800000
1.800000
1.800000
1.800000
1.800000
1.800000
1.800000
1.800000
1.800000
1.800000
1.800000
1.800000
1.800000
1.800000
1.800000
1.800000
1.800000
1.800000
1.800000
1.800000
1.800000
1.800000
1.800000
1.800000
1.800000
1.800000
1.800000
1.800000
1.800000
1.800000
1.800000
1.800000
1.800000
1.800000
1.800000
1.800000
1.800000
1.800000
1.800000
1.800000
1.800000
1.800000
1.800000
1.800000
1.800000
1.800000
1.800000
1.800000
1.800000
1.800000
1.800000
1.800000
1.800000
1.800000
1.800000
1.800000
1.800000
1.800000
1.800000
1.800000
1.800000
1.800000
1.800000
1.800000
1.800000
1.800000
1.800000
1.800000
1.800000
1.800000
1.800000
1.800000
1.800000
1.800000
1.800000
1.800000
1.800000
1.800000
1.800000
1.800000
1.800000
1.800000
1.800000
1.800000
1.800000
1.800000
1.800000
1.800000
1.800000
1.800000
1.800000
1.800000
1.800000
1.800000
1.800000
1.800000
1.800000
1.800000
1.800000
1.800000
1.800000
1.800000
1.800000
1.800000
1.800000
1.800000
1.800000
1.800000
1.800000
1.800000
1.800000
1.800000
1.800000
1.800000
1.800000
1.800000
1.800000
1.800000
1.800000
1.800000
1.800000
1.800000
1.800000
1.800000
1.800000
1.800000
1.800000
1.800000
1.800000
1.800000
1.800000
1.800000
1.800000
1.800000
1.800000
1.800000
1.800000
1.800000
1.800000
1.800000
1.800000
1.800000
1.800000
1.800000
1.800000
1.800000
1.800000
1.800000
1.800000
1.800000
1.800000
1.800000
1.800000
1.800000
1.800000
1.800000
1.800000
1.800000
1.800000
1.800000
1.800000
1.800000
1.800000
1.800000
1.800000
1.800000
1.800000
1.800000
1.800000
1.800000
1.800000
1.800000
1.800000
1.800000
1.800000
1.800000
1.800000
1.800000
1.800000
1.800000
1.800000
1.800000
1.800000
1.800000
1.800000
1.800000
1.800000
1.800000
1.800000
1.800000
1.800000
1.800000
1.800000
1.800000
1.800000
1.800000
1.800000
1.800000
1.800000
1.800000
1.800000
1.800000
1.800000
1.800000
1.800000
1.800000
1.800000
1.800000
1.800000
1.800000
1.800000
1.800000
1.800000
1.800000
1.800000
1.800000
1.800000
1.800000
1.800000
1.800000
1.800000
1.800000
1.800000
1.800000
1.800000
1.800000
1.800000
1.800000
1.800000
1.800000
1.800000
1.800000
1.800000
1.800000
1.800000
1.800000
1.800000
1.800000
1.800000
1.800000
1.800000
1.800000
1.800000
1.800000
1.800000
1.800000
1.800000
1.800000
1.800000
1.800000
1.800000
1.800000
1.800000
1.800000
1.800000
1.800000
1.800000
1.800000
1.800000
1.800000
1.800000
1.800000
1.800000
1.800000
1.800000
1.800000
1.800000
1.800000
1.800000
1.800000
1.800000
1.800000
1.800000
1.800000
1.800000
1.800000
1.800000
1.800000
1.800000
1.800000
1.800000
1.800000
1.800000
1.800000
1.800000
1.800000
1.800000
1.800000
1.800000
1.800000
1.800000
1.800000
1.800000
1.800000
1.800000
1.800000
1.800000
1.800000
1.800000
1.800000
1.800000
1.800000
1.800000
1.800000
1.800000
1.800000
1.800000
1.800000
1.800000
1.800000
1.800000
1.800000
1.800000
1.800000
1.800000
1.800000
1.800000
1.800000
1.800000
1.800000
1.800000
1.800000
1.800000
1.800000
1.800000
1.800000
1.800000
1.800000
1.800000
1.800000
1.800000
1.800000
1.800000
1.800000
1.800000
1.800000
1.800000
1.800000
1.800000
1.800000
1.800000
1.800000
1.800000
1.800000
1.800000
1.800000
1.800000
1.800000
1.800000
1.800000
1.800000
1.800000
1.800000
1.800000
1.800000
1.800000
1.800000
1.800000
1.800000
1.800000
1.800000
1.800000
1.800000
1.800000
1.800000
1.800000
1.800000
1.800000
1.800000
1.800000
1.800000
1.800000
1.800000
1.800000
1.800000
1.800000
1.800000
1.800000
1.800000
1.800000
1.800000
1.800000
1.800000
1.800000
1.800000
1.800000
1.800000
1.800000
1.800000
1.800000
1.800000
1.800000
1.800000
1.800000
1.800000
1.800000
1.800000
1.800000
1.800000
1.800000
1.800000
1.800000
1.800000
1.800000
1.800000
1.800000
1.800000
1.800000
1.800000
1.800000
1.800000
1.800000
1.800000
1.800000
1.800000
1.800000
1.800000
1.800000
1.800000
1.800000
1.800000
1.800000
1.800000
1.800000
1.800000
1.800000
1.800000
1.800000
1.800000
1.800000
1.800000
1.800000
1.800000
1.800000
1.800000
1.800000
1.800000
1.800000
1.800000
1.800000
1.800000
1.800000
1.800000
1.800000
1.800000
1.800000
1.800000
1.800000
1.800000
1.800000
1.800000
1.800000
1.800000
1.800000
1.800000
1.800000
1.800000
1.800000
1.800000
1.800000
1.800000
1.800000
1.800000
1.800000
1.800000
1.800000
1.800000
1.800000
1.800000
1.800000
1.800000
1.800000
1.800000
1.800000
1.800000
1.800000
1.800000
1.800000
1.800000
1.800000
1.800000
1.800000
1.800000
1.800000
1.800000
1.800000
1.800000
1.800000
1.800000
1.800000
1.800000
1.800000
1.800000
1.800000
1.800000
1.800000
1.800000
1.800000
1.800000
1.800000
1.800000
1.800000
1.800000
1.800000
1.800000
1.800000
1.800000
1.800000
1.800000
1.800000
1.800000
1.800000
1.800000
1.800000
1.800000
1.800000
1.800000
1.800000
1.800000
1.800000
1.800000
1.800000
1.800000
1.800000
1.800000
1.800000
1.800000
1.800000
1.800000
1.800000
1.800000
1.800000
1.800000
1.800000
1.800000
1.800000
1.800000
1.800000
1.800000
1.800000
1.800000
1.800000
1.800000
1.800000
1.800000
1.800000
1.800000
1.800000
1.800000
1.800000
1.800000
1.800000
1.800000
1.800000
1.800000
1.800000
1.800000
1.800000
1.800000
1.800000
1.800000
1.800000
1.800000
1.800000
1.800000
1.800000
1.800000
1.800000
1.800000
1.800000
1.800000
1.800000
1.800000
1.800000
1.800000
1.800000
1.800000
1.800000
1.800000
1.800000
1.800000
1.800000
1.800000
1.800000
1.800000
1.800000
1.800000
1.800000
1.800000
1.800000
1.800000
1.800000
1.800000
1.800000
1.800000
1.800000
1.800000
1.800000
1.800000
1.800000
1.800000
1.800000
1.800000
1.800000
1.800000
1.800000
1.800000
1.800000
1.800000
1.800000
1.800000
1.800000
1.800000
1.800000
1.800000
1.800000
1.800000
1.800000
1.800000
1.800000
1.800000
1.800000
1.800000
1.800000
1.800000
1.800000
1.800000
1.800000
1.800000
1.800000
1.800000
1.800000
1.800000
1.800000
1.800000
1.800000
1.800000
1.800000
1.800000
1.800000
1.800000
1.800000
1.800000
1.800000
1.800000
1.800000
1.800000
1.800000
1.800000
1.800000
1.800000
1.800000
1.800000
1.800000
1.800000
1.800000
1.800000
1.800000
1.800000
1.800000
1.800000
1.800000
1.800000
1.800000
1.800000
1.800000
1.800000
1.800000
1.800000
1.800000
1.800000
1.800000
1.800000
1.800000
1.800000
1.800000
1.800000
1.800000
1.800000
1.800000
1.800000
1.800000
1.800000
1.800000
1.800000
1.800000
1.800000
1.800000
1.800000
1.800000
1.800000
1.800000
1.800000
1.800000
1.800000
1.800000
1.800000
1.800000
1.800000
1.800000
1.800000
1.800000
1.800000
1.800000
1.800000
1.800000
1.800000
1.800000
1.800000
1.800000
1.800000
1.800000
1.800000
1.800000
1.800000
1.800000
1.800000
1.800000
1.800000
1.800000
1.800000
1.800000
1.800000
1.800000
1.800000
1.800000
1.800000
1.800000
1.800000
1.800000
1.800000
1.800000
1.800000
1.800000
1.800000
1.800000
1.800000
1.800000
1.800000
1.800000
1.800000
1.800000
1.800000
1.800000
1.800000
1.800000
1.800000
1.800000
1.800000
1.800000
1.800000
1.800000
1.800000
1.800000
1.800000
1.800000
1.800000
1.800000
1.800000
1.800000
1.800000
1.800000
1.800000
1.800000
1.800000
1.800000
1.800000
1.800000
1.800000
1.800000
1.800000
1.800000
1.800000
1.800000
1.800000
1.800000
1.800000
1.800000
1.800000
1.800000
1.800000
1.800000
1.800000
1.800000
1.800000
1.800000
1.800000
1.800000
1.800000
1.800000
1.800000
1.800000
1.800000
1.800000
1.800000
1.800000
1.800000
1.800000
1.800000
1.800000
1.800000
1.800000
1.800000
1.800000
1.800000
1.800000
1.800000
1.800000
1.800000
1.800000
1.800000
1.800000
1.800000
1.800000
1.800000
1.800000
1.800000
1.800000
1.800000
1.800000
1.800000
1.800000
1.800000
1.800000
1.800000
1.800000
1.800000
1.800000
1.800000
1.800000
1.800000
1.800000
1.800000
1.800000
1.800000
1.800000
1.800000
1.800000
1.800000
1.800000
1.800000
1.800000
1.800000
1.800000
1.800000
1.800000
1.800000
1.800000
1.800000
1.800000
1.800000
1.800000
1.800000
1.800000
1.800000
1.800000
1.800000
1.800000
1.800000
1.800000
1.800000
1.800000
1.800000
1.800000
1.800000
1.800000
1.800000
1.800000
1.800000
1.800000
1.800000
1.800000
1.800000
1.800000
1.800000
1.800000
1.800000
1.800000
1.800000
1.800000
1.800000
1.800000
1.800000
1.800000
1.800000
1.800000
1.800000
1.800000
1.800000
1.800000
1.800000
1.800000
1.800000
1.800000
1.800000
1.800000
1.800000
1.800000
1.800000
1.800000
1.800000
1.800000
1.800000
1.800000
1.800000
1.800000
1.800000
1.800000
1.800000
1.800000
1.800000
1.800000
1.800000
1.800000
1.800000
1.800000
1.800000
1.800000
1.800000
1.800000
1.800000
1.800000
1.800000
1.800000
1.800000
1.800000
1.800000
1.800000
1.800000
1.800000
1.800000
1.800000
1.800000
1.800000
1.800000
1.800000
1.800000
1.800000
1.800000
1.800000
1.800000
1.800000
1.800000
1.800000
1.800000
1.800000
1.800000
1.800000
1.800000
1.800000
1.800000
1.800000
1.800000
1.800000
1.800000
1.800000
1.800000
1.800000
1.800000
1.800000
1.800000
1.800000
1.800000
1.800000
1.800000
1.800000
1.800000
1.800000
1.800000
1.800000
1.800000
1.800000
1.800000
1.800000
1.800000
1.800000
1.800000
1.800000
1.800000
1.800000
1.800000
1.800000
1.800000
1.800000
1.800000
1.800000
1.800000
1.800000
1.800000
1.800000
1.800000
1.800000
1.800000
1.800000
1.800000
1.800000
1.800000
1.800000
1.800000
1.800000
1.800000
1.800000
1.800000
1.800000
1.800000
1.800000
1.800000
1.800000
1.800000
1.800000
1.800000
1.800000
1.800000
1.800000
1.800000
1.800000
1.800000
1.800000
1.800000
1.800000
1.800000
1.800000
1.800000
1.800000
1.800000
1.800000
1.800000
1.800000
1.800000
1.800000
1.800000
1.800000
1.800000
1.800000
1.800000
1.800000
1.800000
1.800000
1.800000
1.800000
1.800000
1.800000
1.800000
1.800000
1.800000
1.800000
1.800000
1.800000
1.800000
1.800000
1.800000
1.800000
1.800000
1.800000
1.800000
1.800000
1.800000
1.800000
1.800000
1.800000
1.800000
1.800000
1.800000
1.800000
1.800000
1.800000
1.800000
1.800000
1.800000
1.800000
1.800000
1.800000
1.800000
1.800000
1.800000
1.800000
1.800000
1.800000
1.800000
1.800000
1.800000
1.800000
1.800000
1.800000
1.800000
1.800000
1.800000
1.800000
1.800000
1.800000
1.800000
1.800000
1.800000
1.800000
1.800000
1.800000
1.800000
1.800000
1.800000
1.800000
1.800000
1.800000
1.800000
1.800000
1.800000
1.800000
1.800000
1.800000
1.800000
1.800000
1.800000
1.800000
1.800000
1.800000
1.800000
1.800000
1.800000
1.800000
1.800000
1.800000
1.800000
1.800000
1.800000
1.800000
1.800000
1.800000
1.800000
1.800000
1.800000
1.800000
1.800000
1.800000
1.800000
1.800000
1.800000
1.800000
1.800000
1.800000
1.800000
1.800000
1.800000
1.800000
1.800000
1.800000
1.800000
1.800000
1.800000
1.800000
1.800000
1.800000
1.800000
1.800000
1.800000
1.800000
1.800000
1.800000
1.800000
1.800000
1.800000
1.800000
1.800000
1.800000
1.800000
1.800000
1.800000
1.800000
1.800000
1.800000
1.800000
1.800000
1.800000
1.800000
1.800000
1.800000
1.800000
1.800000
1.800000
1.800000
1.800000
1.800000
1.800000
1.800000
1.800000
1.800000
1.800000
1.800000
1.800000
1.800000
1.800000
1.800000
1.800000
1.800000
1.800000
1.800000
1.800000
1.800000
1.800000
1.800000
1.800000
1.800000
1.800000
1.800000
1.800000
1.800000
1.800000
1.800000
1.800000
1.800000
1.800000
1.800000
1.800000
1.800000
1.800000
1.800000
1.800000
1.800000
1.800000
1.800000
1.800000
1.800000
1.800000
1.800000
1.800000
1.800000
1.800000
1.800000
1.800000
1.800000
1.800000
1.800000
1.800000
1.800000
1.800000
1.800000
1.800000
1.800000
1.800000
1.800000
1.800000
1.800000
1.800000
1.800000
1.800000
1.800000
1.800000
1.800000
1.800000
1.800000
1.800000
1.800000
1.800000
1.800000
1.800000
1.800000
1.800000
1.800000
1.800000
1.800000
1.800000
1.800000
1.800000
1.800000
1.800000
1.800000
1.800000
1.800000
1.800000
1.800000
1.800000
1.800000
1.800000
1.800000
1.800000
1.800000
1.800000
1.800000
1.800000
1.800000
1.800000
1.800000
1.800000
1.800000
1.800000
1.800000
1.800000
1.800000
1.800000
1.800000
1.800000
1.800000
1.800000
1.800000
1.800000
1.800000
1.800000
1.800000
1.800000
1.800000
1.800000
1.800000
1.800000
1.800000
1.800000
1.800000
1.800000
1.800000
1.800000
1.800000
1.800000
1.800000
1.800000
1.800000
1.800000
1.800000
1.800000
1.800000
1.800000
1.800000
1.800000
1.800000
1.800000
1.800000
1.800000
1.800000
1.800000
1.800000
1.800000
1.800000
1.800000
1.800000
1.800000
1.800000
1.800000
1.800000
1.800000
1.800000
1.800000
1.800000
1.800000
1.800000
1.800000
1.800000
1.800000
1.800000
1.800000
1.800000
1.800000
1.800000
1.800000
1.800000
1.800000
1.800000
1.800000
1.800000
1.800000
1.800000
1.800000
1.800000
1.800000
1.800000
1.800000
1.800000
1.800000
1.800000
1.800000
1.800000
1.800000
1.800000
1.800000
1.800000
1.800000
1.800000
1.800000
1.800000
1.800000
1.800000
1.800000
1.800000
1.800000
1.800000
1.800000
1.800000
1.800000
1.800000
1.800000
1.800000
1.800000
1.800000
1.800000
1.800000
1.800000
1.800000
1.800000
1.800000
1.800000
1.800000
1.800000
1.800000
1.800000
1.800000
1.800000
1.800000
1.800000
1.800000
1.800000
1.800000
1.800000
1.800000
1.800000
1.800000
1.800000
1.800000
1.800000
1.800000
1.800000
1.800000
1.800000
1.800000
1.800000
1.800000
1.800000
1.800000
1.800000
1.800000
1.800000
1.800000
1.800000
1.800000
1.800000
1.800000
1.800000
1.800000
1.800000
1.800000
1.800000
1.800000
1.800000
1.800000
1.800000
1.800000
1.800000
1.800000
1.800000
1.800000
1.800000
1.800000
1.800000
1.800000
1.800000
1.800000
1.800000
1.800000
1.800000
1.800000
1.800000
1.800000
1.800000
1.800000
1.800000
1.800000
1.800000
1.800000
1.800000
1.800000
1.800000
1.800000
1.800000
1.800000
1.800000
1.800000
1.800000
1.800000
1.800000
1.800000
1.800000
1.800000
1.800000
1.800000
1.800000
1.800000
1.800000
1.800000
1.800000
1.800000
1.800000
1.800000
1.800000
1.800000
1.800000
1.800000
1.800000
1.800000
1.800000
1.800000
1.800000
1.800000
1.800000
1.800000
1.800000
1.800000
1.800000
1.800000
1.800000
1.800000
1.800000
1.800000
1.800000
1.800000
1.800000
1.800000
1.800000
1.800000
1.800000
1.800000
1.800000
1.800000
1.800000
1.800000
1.800000
1.800000
1.800000
1.800000
1.800000
1.800000
1.800000
1.800000
1.800000
1.800000
1.800000
1.800000
1.800000
1.800000
1.800000
1.800000
1.800000
1.800000
1.800000
1.800000
1.800000
1.800000
1.800000
1.800000
1.800000
1.800000
1.800000
1.800000
1.800000
1.800000
1.800000
1.800000
1.800000
1.800000
1.800000
1.800000
1.800000
1.800000
1.800000
1.800000
1.800000
1.800000
1.800000
1.800000
1.800000
1.800000
1.800000
1.800000
1.800000
1.800000
1.800000
1.800000
1.800000
1.800000
1.800000
1.800000
1.800000
1.800000
1.800000
1.800000
1.800000
1.800000
1.800000
1.800000
1.800000
1.800000
1.800000
1.800000
1.800000
1.800000
1.800000
1.800000
1.800000
1.800000
1.800000
1.800000
1.800000
1.800000
1.800000
1.800000
1.800000
1.800000
1.800000
1.800000
1.800000
1.800000
1.800000
1.800000
1.800000
1.800000
1.800000
1.800000
1.800000
1.800000
1.800000
1.800000
1.800000
1.800000
1.800000
1.800000
1.800000
1.800000
1.800000
1.800000
1.800000
1.800000
1.800000
1.800000
1.800000
1.800000
1.800000
1.800000
1.800000
1.800000
1.800000
1.800000
1.800000
1.800000
1.800000
1.800000
1.800000
1.800000
1.800000
1.800000
1.800000
1.800000
1.800000
1.800000
1.800000
1.800000
1.800000
1.800000
1.800000
1.800000
1.800000
1.800000
1.800000
1.800000
1.800000
1.800000
1.800000
1.800000
1.800000
1.800000
1.800000
1.800000
1.800000
1.800000
1.800000
1.800000
1.800000
1.800000
1.800000
1.800000
1.800000
1.800000
1.800000
1.800000
1.800000
1.800000
1.800000
1.800000
1.800000
1.800000
1.800000
1.800000
1.800000
1.800000
1.800000
1.800000
1.800000
1.800000
1.800000
1.800000
1.800000
1.800000
1.800000
1.800000
1.800000
1.800000
1.800000
1.800000
1.800000
1.800000
1.800000
1.800000
1.800000
1.800000
1.800000
1.800000
1.800000
1.800000
1.800000
1.800000
1.800000
1.800000
1.800000
1.800000
1.800000
1.800000
1.800000
1.800000
1.800000
1.800000
1.800000
1.800000
1.800000
1.800000
1.800000
1.800000
1.800000
1.800000
1.800000
1.800000
1.800000
1.800000
1.800000
1.800000
1.800000
1.800000
1.800000
1.800000
1.800000
1.800000
1.800000
1.800000
1.800000
1.800000
1.800000
1.800000
1.800000
1.800000
1.800000
1.800000
1.800000
1.800000
1.800000
1.800000
1.800000
1.800000
1.800000
1.800000
1.800000
1.800000
1.800000
1.800000
1.800000
1.800000
1.800000
1.800000
1.800000
1.800000
1.800000
1.800000
1.800000
1.800000
1.800000
1.800000
1.800000
1.800000
1.800000
1.800000
1.800000
1.800000
1.800000
1.800000
1.800000
1.800000
1.800000
1.800000
1.800000
1.800000
1.800000
1.800000
1.800000
1.800000
1.800000
1.800000
1.800000
1.800000
1.800000
1.800000
1.800000
1.800000
1.800000
1.800000
1.800000
1.800000
1.800000
1.800000
1.800000
1.800000
1.800000
1.800000
1.800000
1.800000
1.800000
1.800000
1.800000
1.800000
1.800000
1.800000
1.800000
1.800000
1.800000
1.800000
1.800000
1.800000
1.800000
1.800000
1.800000
1.800000
1.800000
1.800000
1.800000
1.800000
1.800000
1.800000
1.800000
1.800000
1.800000
1.800000
1.800000
1.800000
1.800000
1.800000
1.800000
1.800000
1.800000
1.800000
1.800000
1.800000
1.800000
1.800000
1.800000
1.800000
1.800000
1.800000
1.800000
1.800000
1.800000
1.800000
1.800000
1.800000
1.800000
1.800000
1.800000
1.800000
1.800000
1.800000
1.800000
1.800000
1.800000
1.800000
1.800000
1.800000
1.800000
1.800000
1.800000
1.800000
1.800000
1.800000
1.800000
1.800000
1.800000
1.800000
1.800000
1.800000
1.800000
1.800000
1.800000
1.800000
1.800000
1.800000
1.800000
1.800000
1.800000
1.800000
1.800000
1.800000
1.800000
1.800000
1.800000
1.800000
1.800000
1.800000
1.800000
1.800000
1.800000
1.800000
1.800000
1.800000
1.800000
1.800000
1.800000
1.800000
1.800000
1.800000
1.800000
1.800000
1.800000
1.800000
1.800000
1.800000
1.800000
1.800000
1.800000
1.800000
1.800000
1.800000
1.800000
1.800000
1.800000
1.800000
1.800000
1.800000
1.800000
1.800000
1.800000
1.800000
1.800000
1.800000
1.800000
1.800000
1.800000
1.800000
1.800000
1.800000
1.800000
1.800000
1.800000
1.800000
1.800000
1.800000
1.800000
1.800000
1.800000
1.800000
1.800000
1.800000
1.800000
1.800000
1.800000
1.800000
1.800000
1.800000
1.800000
1.800000
1.800000
1.800000
1.800000
1.800000
1.800000
1.800000
1.800000
1.800000
1.800000
1.800000
1.800000
1.800000
1.800000
1.800000
1.800000
1.800000
1.800000
1.800000
1.800000
1.800000
1.800000
1.800000
1.800000
1.800000
1.800000
1.800000
1.800000
1.800000
1.800000
1.800000
1.800000
1.800000
1.800000
1.800000
1.800000
1.800000
1.800000
1.800000
1.800000
1.800000
1.800000
1.800000
1.800000
1.800000
1.800000
1.800000
1.800000
1.800000
1.800000
1.800000
1.800000
1.800000
1.800000
1.800000
1.800000
1.800000
1.800000
1.800000
1.800000
1.800000
1.800000
1.800000
1.800000
1.800000
1.800000
1.800000
1.800000
1.800000
1.800000
1.800000
1.800000
1.800000
1.800000
1.800000
1.800000
1.800000
1.800000
1.800000
1.800000
1.800000
1.800000
1.800000
1.800000
1.800000
1.800000
1.800000
1.800000
1.800000
1.800000
1.800000
1.800000
1.800000
1.800000
1.800000
1.800000
1.800000
1.800000
1.800000
1.800000
1.800000
1.800000
1.800000
1.800000
1.800000
1.800000
1.800000
1.800000
1.800000
1.800000
1.800000
1.800000
1.800000
1.800000
1.800000
1.800000
1.800000
1.800000
1.800000
1.800000
1.800000
1.800000
1.800000
1.800000
1.800000
1.800000
1.800000
1.800000
1.800000
1.800000
1.800000
1.800000
1.800000
1.800000
1.800000
1.800000
1.800000
1.800000
1.800000
1.800000
1.800000
1.800000
1.800000
1.800000
1.800000
1.800000
1.800000
1.800000
1.800000
1.800000
1.800000
1.800000
1.800000
1.800000
1.800000
1.800000
1.800000
1.800000
1.800000
1.800000
1.800000
1.800000
1.800000
1.800000
1.800000
1.800000
1.800000
1.800000
1.800000
1.800000
1.800000
1.800000
1.800000
1.800000
1.800000
1.800000
1.800000
1.800000
1.800000
1.800000
1.800000
1.800000
1.800000
1.800000
1.800000
1.800000
1.800000
1.800000
1.800000
1.800000
1.800000
1.800000
1.800000
1.800000
1.800000
1.800000
1.800000
1.800000
1.800000
1.800000
1.800000
1.800000
1.800000
1.800000
1.800000
1.800000
1.800000
1.800000
1.800000
1.800000
1.800000
1.800000
1.800000
1.800000
1.800000
1.800000
1.800000
1.800000
1.800000
1.800000
1.800000
1.800000
1.800000
1.800000
1.800000
1.800000
1.800000
1.800000
1.800000
1.800000
1.800000
1.800000
1.800000
1.800000
1.800000
1.800000
1.800000
1.800000
1.800000
1.800000
1.800000
1.800000
1.800000
1.800000
1.800000
1.800000
1.800000
1.800000
1.800000
1.800000
1.800000
1.800000
1.800000
1.800000
1.800000
1.800000
1.800000
1.800000
1.800000
1.800000
1.800000
1.800000
1.800000
1.800000
1.800000
1.800000
1.800000
1.800000
1.800000
1.800000
1.800000
1.800000
1.800000
1.800000
1.800000
1.800000
1.800000
1.800000
1.800000
1.800000
1.800000
1.800000
1.800000
1.800000
1.800000
1.800000
1.800000
1.800000
1.800000
1.800000
1.800000
1.800000
1.800000
1.800000
1.800000
1.800000
1.800000
1.800000
1.800000
1.800000
1.800000
1.800000
1.800000
1.800000
1.800000
1.800000
1.800000
1.800000
1.800000
1.800000
1.800000
1.800000
1.800000
1.800000
1.800000
1.800000
1.800000
1.800000
1.800000
1.800000
1.800000
1.800000
1.800000
1.800000
1.800000
1.800000
1.800000
1.800000
1.800000
1.800000
1.800000
1.800000
1.800000
1.800000
1.800000
1.800000
1.800000
1.800000
1.800000
1.800000
1.800000
1.800000
1.800000
1.800000
1.800000
1.800000
1.800000
1.800000
1.800000
1.800000
1.800000
1.800000
1.800000
1.800000
1.800000
1.800000
1.800000
1.800000
1.800000
1.800000
1.800000
1.800000
1.800000
1.800000
1.800000
1.800000
1.800000
1.800000
1.800000
1.800000
1.800000
1.800000
1.800000
1.800000
1.800000
1.800000
1.800000
1.800000
1.800000
1.800000
1.800000
1.800000
1.800000
1.800000
1.800000
1.800000
1.800000
1.800000
1.800000
1.800000
1.800000
1.800000
1.800000
1.800000
1.800000
1.800000
1.800000
1.800000
1.800000
1.800000
1.800000
1.800000
1.800000
1.800000
1.800000
1.800000
1.800000
1.800000
1.800000
1.800000
1.800000
1.800000
1.800000
1.800000
1.800000
1.800000
1.800000
1.800000
1.800000
1.800000
1.800000
1.800000
1.800000
1.800000
1.800000
1.800000
1.800000
1.800000
1.800000
1.800000
1.800000
1.800000
1.800000
1.800000
1.800000
1.800000
1.800000
1.800000
1.800000
1.800000
1.800000
1.800000
1.800000
1.800000
1.800000
1.800000
1.800000
1.800000
1.800000
1.800000
1.800000
1.800000
1.800000
1.800000
1.800000
1.800000
1.800000
1.800000
1.800000
1.800000
1.800000
1.800000
1.800000
1.800000
1.800000
1.800000
1.800000
1.800000
1.800000
1.800000
1.800000
1.800000
1.800000
1.800000
1.800000
1.800000
1.800000
1.800000
1.800000
1.800000
1.800000
1.800000
1.800000
1.800000
1.800000
1.800000
1.800000
1.800000
1.800000
1.800000
1.800000
1.800000
1.800000
1.800000
1.800000
1.800000
1.800000
1.800000
1.800000
1.800000
1.800000
1.800000
1.800000
1.800000
1.800000
1.800000
1.800000
1.800000
1.800000
1.800000
1.800000
1.800000
1.800000
1.800000
1.800000
1.800000
1.800000
1.800000
1.800000
1.800000
1.800000
1.800000
1.800000
1.800000
1.800000
1.800000
1.800000
1.800000
1.800000
1.800000
1.800000
1.800000
1.800000
1.800000
1.800000
1.800000
1.800000
1.800000
1.800000
1.800000
1.800000
1.800000
1.800000
1.800000
1.800000
1.800000
1.800000
1.800000
1.800000
1.800000
1.800000
1.800000
1.800000
1.800000
1.800000
1.800000
1.800000
1.800000
1.800000
1.800000
1.800000
1.800000
1.800000
1.800000
1.800000
1.800000
1.800000
1.800000
1.800000
1.800000
1.800000
1.800000
1.800000
1.800000
1.800000
1.800000
1.800000
1.800000
1.800000
1.800000
1.800000
1.800000
1.800000
1.800000
1.800000
1.800000
1.800000
1.800000
1.800000
1.800000
1.800000
1.800000
1.800000
1.800000
1.800000
1.800000
1.800000
1.800000
1.800000
1.800000
1.800000
1.800000
1.800000
1.800000
1.800000
1.800000
1.800000
1.800000
1.800000
1.800000
1.800000
1.800000
1.800000
1.800000
1.800000
1.800000
1.800000
1.800000
1.800000
1.800000
1.800000
1.800000
1.800000
1.800000
1.800000
1.800000
1.800000
1.800000
1.800000
1.800000
1.800000
1.800000
1.800000
1.800000
1.800000
1.800000
1.800000
1.800000
1.800000
1.800000
1.800000
1.800000
1.800000
1.800000
1.800000
1.800000
1.800000
1.800000
1.800000
1.800000
1.800000
1.800000
1.800000
1.800000
1.800000
1.800000
1.800000
1.800000
1.800000
1.800000
1.800000
1.800000
1.800000
1.800000
1.800000
1.800000
1.800000
1.800000
1.800000
1.800000
1.800000
1.800000
1.800000
1.800000
1.800000
1.800000
1.800000
1.800000
1.800000
1.800000
1.800000
1.800000
1.800000
1.800000
1.800000
1.800000
1.800000
1.800000
1.800000
1.800000
1.800000
1.800000
1.800000
1.800000
1.800000
1.800000
1.800000
1.800000
1.800000
1.800000
1.800000
1.800000
1.800000
1.800000
1.800000
1.800000
1.800000
1.800000
1.800000
1.800000
1.800000
1.800000
1.800000
1.800000
1.800000
1.800000
1.800000
1.800000
1.800000
1.800000
1.800000
1.800000
1.800000
1.800000
1.800000
1.800000
1.800000
1.800000
1.800000
1.800000
1.800000
1.800000
1.800000
1.800000
1.800000
1.800000
1.800000
1.800000
1.800000
1.800000
1.800000
1.800000
1.800000
1.800000
1.800000
1.800000
1.800000
1.800000
1.800000
1.800000
1.800000
1.800000
1.800000
1.800000
1.800000
1.800000
1.800000
1.800000
1.800000
1.800000
1.800000
1.800000
1.800000
1.800000
1.800000
1.800000
1.800000
1.800000
1.800000
1.800000
1.800000
1.800000
1.800000
1.800000
1.800000
1.800000
1.800000
1.800000
1.800000
1.800000
1.800000
1.800000
1.800000
1.800000
1.800000
1.800000
1.800000
1.800000
1.800000
1.800000
1.800000
1.800000
1.800000
1.800000
1.800000
1.800000
1.800000
1.800000
1.800000
1.800000
1.800000
1.800000
1.800000
1.800000
1.800000
1.800000
1.800000
1.800000
1.800000
1.800000
1.800000
1.800000
1.800000
1.800000
1.800000
1.800000
1.800000
1.800000
1.800000
1.800000
1.800000
1.800000
1.800000
1.800000
1.800000
1.800000
1.800000
1.800000
1.800000
1.800000
1.800000
1.800000
1.800000
1.800000
1.800000
1.800000
1.800000
1.800000
1.800000
1.800000
1.800000
1.800000
1.800000
1.800000
1.800000
1.800000
1.800000
1.800000
1.800000
1.800000
1.800000
1.800000
1.800000
1.800000
1.800000
1.800000
1.800000
1.800000
1.800000
1.800000
1.800000
1.800000
1.800000
1.800000
1.800000
1.800000
1.800000
1.800000
1.800000
1.800000
1.800000
1.800000
1.800000
1.800000
1.800000
1.800000
1.800000
1.800000
1.800000
1.800000
1.800000
1.800000
1.800000
1.800000
1.800000
1.800000
1.800000
1.800000
1.800000
1.800000
1.800000
1.800000
1.800000
1.800000
1.800000
1.800000
1.800000
1.800000
1.800000
1.800000
1.800000
1.800000
1.800000
1.800000
1.800000
1.800000
1.800000
1.800000
1.800000
1.800000
1.800000
1.800000
1.800000
1.800000
1.800000
1.800000
1.800000
1.800000
1.800000
1.800000
1.800000
1.800000
1.800000
1.800000
1.800000
1.800000
1.800000
1.800000
1.800000
1.800000
1.800000
1.800000
1.800000
1.800000
1.800000
1.800000
1.800000
1.800000
1.800000
1.800000
1.800000
1.800000
1.800000
1.800000
1.800000
1.800000
1.800000
1.800000
1.800000
1.800000
1.800000
1.800000
1.800000
1.800000
1.800000
1.800000
1.800000
1.800000
1.800000
1.800000
1.800000
1.800000
1.800000
1.800000
1.800000
1.800000
1.800000
1.800000
1.800000
1.800000
1.800000
1.800000
1.800000
1.800000
1.800000
1.800000
1.800000
1.800000
1.800000
1.800000
1.800000
1.800000
1.800000
1.800000
1.800000
1.800000
1.800000
1.800000
1.800000
1.800000
1.800000
1.800000
1.800000
1.800000
1.800000
1.800000
1.800000
1.800000
1.800000
1.800000
1.800000
1.800000
1.800000
1.800000
1.800000
1.800000
1.800000
1.800000
1.800000
1.800000
1.800000
1.800000
1.800000
1.800000
1.800000
1.800000
1.800000
1.800000
1.800000
1.800000
1.800000
1.800000
1.800000
1.800000
1.800000
1.800000
1.800000
1.800000
1.800000
1.800000
1.800000
1.800000
1.800000
1.800000
1.800000
1.800000
1.800000
1.800000
1.800000
1.800000
1.800000
1.800000
1.800000
1.800000
1.800000
1.800000
1.800000
1.800000
1.800000
1.800000
1.800000
1.800000
1.800000
1.800000
1.800000
1.800000
1.800000
1.800000
1.800000
1.800000
1.800000
1.800000
1.800000
1.800000
1.800000
1.800000
1.800000
1.800000
1.800000
1.800000
1.800000
1.800000
1.800000
1.800000
1.800000
1.800000
1.800000
1.800000
1.800000
1.800000
1.800000
1.800000
1.800000
1.800000
1.800000
1.800000
1.800000
1.800000
1.800000
1.800000
1.800000
1.800000
1.800000
1.800000
1.800000
1.800000
1.800000
1.800000
1.800000
1.800000
1.800000
1.800000
1.800000
1.800000
1.800000
1.800000
1.800000
1.800000
1.800000
1.800000
1.800000
1.800000
1.800000
1.800000
1.800000
1.800000
1.800000
1.800000
1.800000
1.800000
1.800000
1.800000
1.800000
1.800000
1.800000
1.800000
1.800000
1.800000
1.800000
1.800000
1.800000
1.800000
1.800000
1.800000
1.800000
1.800000
1.800000
1.800000
1.800000
1.800000
1.800000
1.800000
1.800000
1.800000
1.800000
1.800000
1.800000
1.800000
1.800000
1.800000
1.800000
1.800000
1.800000
1.800000
1.800000
1.800000
1.800000
1.800000
1.800000
1.800000
1.800000
1.800000
1.800000
1.800000
1.800000
1.800000
1.800000
1.800000
1.800000
1.800000
1.800000
1.800000
1.800000
1.800000
1.800000
1.800000
1.800000
1.800000
1.800000
1.800000
1.800000
1.800000
1.800000
1.800000
1.800000
1.800000
1.800000
1.800000
1.800000
1.800000
1.800000
1.800000
1.800000
1.800000
1.800000
1.800000
1.800000
1.800000
1.800000
1.800000
1.800000
1.800000
1.800000
1.800000
1.800000
1.800000
1.800000
1.800000
1.800000
1.800000
1.800000
1.800000
1.800000
1.800000
1.800000
1.800000
1.800000
1.800000
1.800000
1.800000
1.800000
1.800000
1.800000
1.800000
1.800000
1.800000
1.800000
1.800000
1.800000
1.800000
1.800000
1.800000
1.800000
1.800000
1.800000
1.800000
1.800000
1.800000
1.800000
1.800000
1.800000
1.800000
1.800000
1.800000
1.800000
1.800000
1.800000
1.800000
1.800000
1.800000
1.800000
1.800000
1.800000
1.800000
1.800000
1.800000
1.800000
1.800000
1.800000
1.800000
1.800000
1.800000
1.800000
1.800000
1.800000
1.800000
1.800000
1.800000
1.800000
1.800000
1.800000
1.800000
1.800000
1.800000
1.800000
1.800000
1.800000
1.800000
1.800000
1.800000
1.800000
1.800000
1.800000
1.800000
1.800000
1.800000
1.800000
1.800000
1.800000
1.800000
1.800000
1.800000
1.800000
1.800000
1.800000
1.800000
1.800000
1.800000
1.800000
1.800000
1.800000
1.800000
1.800000
1.800000
1.800000
1.800000
1.800000
1.800000
1.800000
1.800000
1.800000
1.800000
1.800000
1.800000
1.800000
1.800000
1.800000
1.800000
1.800000
1.800000
1.800000
1.800000
1.800000
1.800000
1.800000
1.800000
1.800000
1.800000
1.800000
1.800000
1.800000
1.800000
1.800000
1.800000
1.800000
1.800000
1.800000
1.800000
