-0.003348
0.351588
0.462087
1.567077
1.078203
1.218838
1.496760
1.992331
1.841651
1.670879
1.868438
2.122921
1.992331
1.821560
1.804818
1.814863
1.985634
1.911968
1.895226
1.905272
1.818211
1.982286
1.788076
1.962195
1.881832
1.942104
2.005725
1.824908
1.784727
1.851696
1.801469
1.938756
1.898575
1.778030
1.804818
1.721106
1.824908
1.868438
1.911968
1.824908
1.831605
1.814863
1.791424
1.922014
1.751243
2.005725
2.096133
2.199936
2.347268
2.367358
2.374055
2.872975
2.752431
2.548175
2.946641
2.903111
3.314971
3.070534
3.271441
3.924390
3.120761
4.219055
3.532621
3.783755
3.800498
4.038238
4.168828
3.947830
4.604127
4.125298
4.450098
4.915533
3.964572
4.282675
3.877512
4.483582
4.597430
4.473537
4.530461
4.399871
4.537158
4.399871
4.741414
4.805034
4.453446
4.108556
4.399871
4.446750
4.865307
4.908836
4.547204
4.875352
5.036078
4.764853
4.707929
4.778247
4.805035
4.771550
4.701232
4.567294
4.332902
4.483582
4.523764
4.547204
4.433356
4.701232
4.500325
4.640960
4.644309
4.610824
4.815080
4.815080
4.540506
4.768201
4.577340
4.707929
4.711277
4.664399
4.316160
4.493628
4.121949
4.282675
4.148737
3.874163
3.890906
4.018147
3.937784
3.944481
3.612984
3.415425
3.398683
3.191079
3.150897
3.248003
3.204472
3.187730
2.980126
2.819400
3.134155
2.759128
2.715598
2.785915
2.688810
2.708901
2.430979
2.608447
2.544827
2.246814
2.317132
2.340571
2.045907
2.109527
2.119573
2.092785
2.022468
1.988983
1.942104
1.818211
1.871787
1.791424
1.791424
1.754591
1.868438
1.778030
1.724455
1.824908
1.838302
1.885181
1.834954
1.778030
1.744546
1.788076
1.727803
1.486715
1.757939
1.483366
1.557032
0.723267
1.449881
0.977749
1.044718
1.814863
1.543638
1.677577
1.309246
1.677577
1.590517
1.711061
1.801469
1.844999
2.213329
2.206633
2.280298
2.735689
2.320480
2.464464
2.688810
2.605099
3.063837
3.117413
2.913157
3.475698
3.308275
3.472349
4.065026
3.649817
3.907648
3.736877
4.510370
3.844027
4.761505
4.075071
4.148737
4.265933
4.366386
4.687839
4.322857
4.744762
4.637612
4.563945
4.915533
4.540506
5.076259
4.918882
4.617521
4.738065
4.513719
4.607476
4.654354
4.436704
5.019336
4.741414
4.600778
4.557249
4.624218
4.724672
4.825125
4.443401
4.835170
4.728020
4.677793
4.684490
4.456795
4.624218
4.620869
4.563945
4.587385
4.533809
4.640960
4.724672
4.486931
4.590733
4.748111
4.717975
4.553900
4.637611
4.423310
4.399871
4.366386
4.403220
4.309463
4.299417
4.178873
3.931087
4.031541
3.679953
3.844027
3.559409
3.619681
3.666559
3.629726
3.492440
3.237957
3.184382
3.157594
2.806006
3.047095
2.966732
2.953338
2.789264
2.668720
2.618493
2.735689
2.725643
2.568266
2.364010
2.574963
2.430979
2.588356
2.387449
2.310435
2.464464
2.384101
2.407540
2.337222
2.323828
2.179845
2.149709
2.183193
2.082740
2.153057
1.995680
2.076043
1.885181
2.025816
2.106179
2.203284
2.364010
2.414237
2.410888
2.297041
2.501297
2.297041
2.658674
2.491251
2.792612
2.782567
2.869627
3.167639
3.144200
3.509182
3.174336
3.422122
3.696695
3.465652
3.525924
3.623030
3.850724
3.509182
3.556060
3.609636
3.713438
3.351804
3.311623
3.294881
3.181033
3.274790
2.842839
3.057140
2.986823
2.983474
2.846188
2.728992
2.755780
2.718946
2.605099
2.514691
2.531433
2.364010
1.791424
2.317132
2.230072
2.220026
2.223375
2.136315
2.129618
2.457767
2.002377
1.995680
2.042558
2.049255
1.895226
1.988983
2.076043
1.928711
2.019119
1.988983
2.049255
2.059300
1.988983
1.999028
1.935408
1.955498
2.055952
1.948802
1.794772
2.019119
1.965544
2.045907
1.945453
2.059300
2.055952
2.119573
2.029165
1.938756
1.888529
1.938756
1.945453
1.972241
2.012422
2.109527
2.076043
2.139663
2.223375
2.096133
2.189890
1.878484
2.039210
1.995680
2.099482
2.022468
1.932059
2.079391
2.126270
2.052604
2.009073
2.086088
2.009073
1.915317
1.925362
2.009073
2.112876
1.865090
1.978938
2.032513
1.999028
2.089437
1.932059
1.875135
2.052604
2.009074
1.898575
2.169800
2.029164
1.918665
2.019119
1.888529
2.132967
2.052604
2.049255
1.861742
2.019119
1.935408
2.146360
2.022468
2.132967
2.015770
2.266905
2.246814
2.638583
2.521387
2.330525
2.467812
2.491251
2.588356
2.809355
2.866278
2.876324
3.301578
3.177685
3.525924
3.335062
3.656514
3.669908
3.696695
4.496976
3.505833
4.543855
3.864118
4.004754
4.031541
4.332902
4.198964
4.031541
4.624218
4.239145
4.550552
4.205661
4.691187
4.403220
4.406568
4.728020
4.851913
4.446750
4.600779
4.399871
4.416614
4.513719
4.148737
3.927739
4.239145
4.101859
4.121949
3.957875
3.740226
3.710089
3.649817
3.391986
3.542667
3.274790
3.224563
3.204472
3.107367
3.197776
3.083928
1.841651
2.983474
2.728992
2.708901
2.859581
2.759128
2.708901
2.682113
2.367358
2.524736
2.374055
2.364010
2.270253
2.223375
2.119573
1.838302
2.082740
1.891878
1.808166
1.751243
1.875135
1.932059
1.764636
1.771333
1.798121
1.630698
1.593865
1.667531
1.563729
1.721106
1.580471
1.490063
1.573774
1.573774
1.694319
1.523548
1.536941
1.654137
1.587168
1.476669
1.624001
1.788076
1.724455
1.647440
1.734500
1.724455
1.613956
1.613956
1.533593
1.483366
1.680925
1.513502
1.580471
1.597213
1.690970
1.570426
2.012422
1.660834
1.690970
1.741197
1.888529
2.076043
2.149709
2.283647
2.353965
2.424282
2.662023
2.672068
2.561569
3.224563
2.598402
3.291532
3.231260
3.140852
3.897603
3.147549
4.269281
3.710089
3.743574
3.458955
3.837331
3.623030
3.957875
4.406568
3.388638
4.125298
3.914345
4.128646
4.269281
4.493628
4.279327
4.275978
4.657702
4.065026
4.289372
4.436704
4.363038
4.379781
4.366386
4.232449
4.162131
4.262585
4.222403
3.854073
3.984663
3.837331
3.988011
3.941133
3.633075
3.817240
3.609636
3.535969
3.214518
3.388638
3.284835
3.201124
2.829445
3.073883
3.010262
2.919854
2.447721
2.909808
2.611796
2.494600
2.585008
2.541478
2.317132
2.434328
2.350616
2.266905
2.065997
2.012422
2.076043
1.999028
2.035861
1.938756
1.761288
1.911968
1.721106
1.657486
1.781379
1.734500
1.798121
1.714409
1.573774
1.620653
1.781379
1.617304
1.694319
1.523547
1.553684
1.513502
1.346079
1.520199
1.349428
1.948802
1.995680
1.416397
1.419745
1.711061
1.757939
1.714409
1.928711
2.059300
2.143012
2.320480
2.651977
2.441025
2.524736
2.745734
3.167639
3.010262
3.211170
3.097322
3.351804
3.378592
3.455607
4.272630
3.552712
3.780407
3.864118
3.730180
3.971269
4.647657
4.249191
4.128646
4.369735
4.182222
4.895442
4.363038
3.532621
4.584036
4.004754
4.818428
4.748110
4.195615
4.657702
4.577340
4.818428
4.640960
4.654354
4.798337
4.369735
4.768201
4.714626
4.570642
4.640960
4.818428
4.316160
4.764853
4.483582
4.697884
4.165480
4.540506
4.229100
4.500325
4.349645
4.125298
4.138691
3.763665
4.004754
3.643120
3.676605
3.646469
3.274790
3.452258
3.087276
3.371895
3.298229
3.248003
2.812703
2.785916
2.889718
2.672068
2.812703
2.812703
2.715598
2.417585
2.605099
2.621841
2.410888
2.387449
2.390798
2.009073
2.286995
2.176497
2.019119
2.015770
2.025816
1.955498
1.851696
1.781379
1.834954
1.824908
1.751243
1.734500
1.744546
1.667531
1.593865
1.640743
1.490063
1.583820
1.530244
1.486714
1.580471
1.332685
1.704364
1.443184
1.530244
1.476669
1.647440
1.459927
1.620653
1.647440
1.496760
1.463275
1.640743
1.617304
1.546987
1.600562
1.570426
1.557032
1.523547
1.546987
1.593865
1.543638
1.737849
1.496760
1.536941
1.650789
1.717758
1.557032
1.466624
1.533593
1.560381
1.593865
1.680925
1.583820
1.500108
1.567077
1.637395
1.654137
1.634047
1.560381
1.510154
1.570426
1.573774
1.553684
1.670880
1.587168
1.593865
1.570426
1.654137
1.553684
1.516851
1.466624
1.533593
1.597213
1.607259
1.570426
1.530244
1.630698
1.546987
1.613956
1.593865
1.553684
1.567077
1.466624
1.593865
1.794772
1.707713
1.871787
1.677577
1.590517
1.660834
1.915317
1.446533
1.764636
1.697667
1.540290
1.848348
1.603910
1.660834
1.590517
1.640743
1.654137
1.493411
1.620653
1.640743
1.727803
1.613956
1.573774
1.724455
1.701016
1.603910
1.503457
1.513502
1.493411
1.617304
1.550335
1.634047
1.503457
1.634047
1.784727
1.644092
1.744546
1.573774
1.701016
1.694319
1.593865
1.587168
1.634047
1.520199
1.536941
1.490063
1.546987
1.707713
1.650789
1.205444
1.567077
1.727803
1.617304
1.583820
1.543638
1.634047
1.456578
1.580471
1.590517
1.650789
1.657486
1.727803
1.526896
1.613956
1.737849
1.694319
1.580471
1.563729
1.550335
1.520199
1.523547
1.778030
1.369519
1.610607
1.570426
1.557032
1.553684
1.607259
1.352776
1.500108
1.587168
1.573774
1.650789
1.573774
1.620653
1.664183
1.540290
1.717758
1.516851
1.660834
1.660834
1.724455
1.717758
1.771333
1.657486
1.714409
1.828257
1.841651
1.838302
1.851696
1.868438
1.821560
1.868438
1.767985
1.597213
1.798121
1.811515
1.747894
1.885181
1.878484
1.747894
1.751243
1.764636
1.613956
1.838302
1.597214
1.597214
1.419745
1.704364
1.788076
1.841651
1.352776
1.486714
1.342731
1.429791
1.413048
1.520199
1.687622
1.603910
1.908620
1.811515
1.995680
2.106179
2.250162
2.153057
2.213329
2.146360
2.209981
2.307086
2.109527
1.875135
1.831606
1.881832
1.935408
1.891878
1.891878
1.965544
1.670880
1.918665
1.814863
1.928711
1.516851
1.704364
1.751243
1.577123
1.603910
1.603910
1.751243
1.456578
1.530244
1.925362
1.419745
1.727803
1.399655
1.697667
1.459927
1.490063
1.543638
1.577123
1.707713
1.577123
1.617304
1.814863
1.560381
1.935408
1.982286
1.747894
1.764636
2.193239
1.727803
1.801469
1.922014
1.516851
1.352776
1.764636
1.336034
1.429791
1.550335
1.804818
1.336034
1.500108
1.580471
1.647440
1.771333
1.962195
2.153057
2.122921
2.149709
2.404191
2.417585
2.430979
2.501297
2.822748
2.842839
3.341759
3.027004
3.311623
3.093973
3.244654
3.003565
3.181033
3.177685
3.120761
3.448910
3.395334
3.217866
3.107367
3.067186
3.271441
3.164291
3.251351
3.201124
3.124110
3.167639
3.214518
3.087276
3.107367
3.197776
3.194427
3.150897
2.883021
2.779218
2.759128
2.785916
2.538130
2.755780
2.528084
2.598402
2.417585
2.437676
2.307086
2.246814
2.163102
2.173148
2.129618
2.122921
2.173148
1.962195
1.901923
1.788076
1.831606
1.945453
1.784727
1.674228
1.788076
1.657486
1.630698
1.567077
1.456578
1.597214
1.828257
1.640743
1.875135
1.597214
1.446533
1.533593
1.563729
1.466624
1.486714
1.523547
1.560381
1.526896
1.493411
1.587168
1.486714
1.627350
1.701016
1.650789
2.009073
1.690970
1.731152
1.731152
1.861742
1.674228
1.597213
1.751243
1.875135
1.647440
1.550335
1.704364
1.747894
1.875135
1.731152
1.757939
2.250162
1.788076
1.500108
2.176497
1.044718
2.059300
1.985634
1.346079
1.687622
1.647440
1.911968
1.784727
1.804818
1.701016
1.697667
1.784727
1.674228
1.767985
1.590517
2.286995
1.567077
1.895226
1.446533
1.439836
1.587168
1.490063
1.711061
1.898575
1.543638
2.022468
1.526896
1.915317
1.751243
1.754591
1.848348
2.062649
1.828257
1.694319
1.798121
1.938756
1.821560
1.875135
1.788076
1.811515
1.707713
1.834954
1.503457
1.389609
1.634047
1.536941
1.486715
1.386261
1.540290
2.076043
0.997840
1.647440
1.804818
1.513502
1.677577
1.690970
2.039210
1.680925
1.932059
2.119573
1.915317
1.945453
1.858393
2.116224
1.684273
1.999028
1.613956
1.640743
1.684273
1.647440
1.423094
1.413048
2.035861
1.764636
1.878484
1.573774
1.426442
1.660834
1.734500
1.660834
1.741197
1.690970
1.831606
1.978938
1.811515
2.069346
1.918665
1.898575
1.885181
1.982286
1.938756
1.995680
1.935408
1.895226
1.717758
1.761288
1.737849
1.613956
1.697667
1.727803
1.731152
1.918665
1.781379
1.911968
2.019119
2.156406
2.146360
2.256859
2.384101
2.521387
2.618493
2.826097
2.876324
2.779218
3.060489
3.217866
3.348456
3.338411
3.452258
3.438864
3.562757
4.105207
3.663211
4.369735
4.563945
4.178873
3.482394
4.131995
3.984663
4.537158
4.711277
4.185570
4.473537
4.142040
4.510370
4.476886
4.061677
4.038238
3.810543
3.857421
4.071723
3.716786
3.820589
3.921042
3.616332
3.485743
3.321668
3.535969
3.335062
3.130806
3.201124
2.943293
2.923202
2.926551
2.899763
2.812703
2.578311
2.648629
2.621841
2.705553
2.380752
2.404191
2.293693
2.260208
2.102830
1.978938
1.988983
2.062649
1.932059
1.945453
1.918665
1.908620
1.962195
1.922014
1.674228
1.627350
1.767985
1.580471
1.634047
1.513502
1.560381
1.567077
1.583820
1.751243
1.808166
1.704364
1.717758
1.694319
1.731152
1.701016
1.764636
1.567077
1.513502
1.516851
1.305898
1.563729
1.513502
1.496760
1.583820
1.510154
1.600562
1.747894
1.952150
1.808166
1.801469
1.811515
1.791424
1.711061
1.674228
1.627350
1.634047
1.670880
1.386261
1.463275
1.814863
1.446533
1.664183
1.624001
1.761288
1.798121
1.744546
1.831606
1.640743
1.707713
1.774682
1.774682
1.607259
1.798121
1.593865
1.707713
1.567077
1.664183
1.684273
1.828257
1.764636
1.620653
1.617304
1.362822
1.634047
1.962195
1.436488
1.814863
1.613956
1.557032
1.523548
1.644092
1.687622
1.918665
1.975589
2.119573
2.176497
2.323828
2.169800
2.049255
2.042558
2.256859
2.313783
2.390798
2.246814
2.025816
1.784727
1.938756
2.122921
1.848348
2.012422
1.905272
1.801469
1.848348
1.761288
1.774682
1.600562
1.617304
1.694319
1.557032
1.821560
1.647440
1.587168
1.664183
2.049255
1.804818
1.674228
1.791424
1.731152
1.493411
1.741197
1.747894
1.824908
1.761288
1.620653
1.637395
1.664183
1.536941
1.272413
1.563729
1.774682
0.964355
1.707713
1.406351
1.610607
1.513502
1.677577
1.972241
1.891878
2.149709
2.420934
2.193239
2.394146
2.461115
2.293693
2.725643
2.139663
2.501297
3.047095
2.775870
3.047095
2.856233
2.531433
2.400843
2.739037
2.327177
2.534781
2.484555
2.350616
2.364010
2.374055
2.176497
2.276950
2.179845
2.032513
2.243466
2.035861
2.062649
1.885181
1.851696
1.871787
1.905272
1.794772
1.905272
1.670880
1.858393
1.761288
1.831606
1.684273
1.563729
1.647440
1.778030
1.620653
1.684273
1.640743
1.336034
1.433139
1.583820
1.302549
1.536941
1.449882
1.580471
1.469972
1.610607
1.784727
1.935408
2.025816
2.163102
2.106179
2.487903
2.849536
2.497948
2.621841
2.769173
2.755780
2.812703
2.742385
2.692159
2.692159
2.655326
2.749082
2.564918
2.745734
2.692159
2.427631
2.447721
2.430979
2.327177
2.303738
2.236768
2.045907
2.169800
2.079391
1.958847
1.958847
1.848348
1.915317
1.838302
1.834954
1.761288
1.788076
1.878484
1.610608
1.707713
1.831605
1.744546
1.690970
1.694319
1.701016
1.714409
1.560381
1.546987
1.245626
1.634047
1.734500
1.600562
1.516851
1.654137
1.687622
1.292504
1.878484
1.674228
1.767985
1.784727
1.881832
2.313783
2.213329
2.417585
2.220026
2.561569
2.477857
2.728992
2.578311
2.839491
2.769173
2.765825
2.739037
2.618493
2.635235
2.641932
2.497948
2.420934
2.504645
2.253511
2.340571
2.360662
2.163102
2.096133
2.136315
2.189890
2.065997
2.099482
1.955498
1.844999
1.898575
1.871787
1.841651
1.911968
1.875135
1.771333
1.717758
1.680925
1.634047
1.717758
1.580471
1.627350
1.593865
1.503457
1.389609
1.540290
1.496760
1.275762
1.637395
1.292504
1.473321
1.376215
1.640743
1.771333
1.781379
1.778030
2.062649
2.156406
2.286995
2.293693
2.474509
2.497948
2.494600
2.585008
2.615144
2.662023
2.447721
2.518039
2.353964
2.327177
2.370707
2.544827
2.370707
2.199936
2.223375
1.878484
2.086088
2.106179
2.199936
2.022468
1.731152
1.885181
1.774682
1.798121
1.721106
1.603910
1.617304
1.670880
1.620653
1.697667
1.490063
1.657486
1.724455
1.694319
1.657486
1.771333
1.650789
1.851696
1.714409
1.848348
1.721106
1.523548
1.731152
1.654137
1.660834
1.526896
1.570426
1.607259
1.496760
1.104990
1.356125
1.493411
1.329337
1.610607
1.533593
1.721106
1.757940
2.042558
2.166451
2.163102
2.367358
2.273602
2.424282
2.430979
2.524736
2.310435
2.541478
2.441025
2.454418
2.390798
2.487903
2.507993
2.303738
2.250162
2.146360
2.072694
2.059300
2.096133
1.922014
2.039210
1.942104
1.881832
1.778030
1.851696
1.788076
1.861742
1.496760
1.711061
1.680925
1.577123
1.690970
1.624001
1.714409
1.607259
1.624001
1.707713
1.717758
1.714409
1.583820
1.339382
1.597213
1.808166
1.590517
1.764636
1.570426
1.634047
1.520199
1.965544
1.135127
1.416397
1.891878
1.664183
1.396306
1.513502
1.379564
1.449881
1.613956
1.911968
1.855045
2.022468
2.112876
2.163102
2.163102
2.193239
2.360662
2.447721
2.618493
2.702204
2.578311
2.615144
2.615144
2.333874
2.451070
2.471160
2.266905
2.166451
2.327177
2.230072
2.112876
2.276950
2.213329
2.025816
1.928711
1.855045
1.898575
1.694319
1.844999
1.687622
1.701016
1.590517
1.516851
1.694319
1.603910
1.644092
1.734500
1.711061
1.751243
1.771333
1.694319
1.774682
1.058112
1.868438
1.610607
1.922014
1.801469
1.617304
1.814863
1.627350
1.650789
1.312595
1.734500
1.436488
1.670880
1.717758
1.419745
1.630698
1.563729
1.577123
1.761288
1.741197
1.915317
2.096133
2.179845
2.109527
2.233420
2.558220
2.514691
2.678765
2.394146
2.467812
2.313783
2.467812
2.394146
2.374055
2.390798
2.300389
2.256859
2.173148
2.317132
2.139663
2.122921
2.209981
2.146360
1.999028
1.911968
1.955498
1.945453
1.644092
1.741197
1.784727
1.627350
1.627350
1.664183
1.597213
1.607259
1.677577
1.677577
1.888529
1.804818
1.821560
1.704364
1.607259
1.721106
1.714409
1.583820
1.406352
1.600562
1.664183
1.603910
1.536941
1.647440
1.423094
1.372867
1.751243
1.490063
1.613956
1.379564
1.624001
1.510154
1.560381
1.747894
2.092785
2.076043
2.196587
2.223375
2.571614
2.487903
2.631886
2.598402
2.769173
2.585008
2.785916
2.514691
2.414237
2.246814
2.464464
2.394146
2.293693
2.297041
2.276950
2.032513
2.213329
2.012422
2.009074
1.794772
2.025816
1.781379
1.774682
1.737849
1.687622
1.757940
1.704364
1.496760
1.660834
1.423094
1.607259
1.711061
1.831606
1.848348
1.834954
1.898575
1.637395
1.701016
1.513502
1.557032
1.449881
1.701016
1.717758
1.396306
1.754591
1.419745
1.627350
1.958847
1.808166
1.911968
2.049255
2.025816
2.213329
2.186542
2.514691
2.514691
2.481206
2.802658
2.886369
3.023656
3.207821
3.037050
3.278139
3.998057
3.381940
4.419962
3.445561
4.634263
3.820588
4.148737
4.018147
4.530461
4.192267
3.850725
4.346296
3.988011
4.721323
4.212358
4.346296
4.664399
4.600778
4.647657
4.794989
4.627566
4.540506
4.312812
4.872004
4.677793
4.651005
4.835170
4.624218
4.560597
4.744762
4.681141
4.751459
4.751459
4.577340
4.607475
4.845216
4.590734
4.657702
4.590734
4.510371
4.540506
4.594082
4.778247
4.476886
4.493628
4.557249
4.440053
4.460144
4.259236
4.158782
4.168828
3.877512
3.850724
3.643120
3.807194
3.807194
3.700044
3.522576
3.556061
3.385289
3.090625
3.251351
3.150897
3.083928
2.996868
2.960035
2.956687
2.725643
2.829445
2.574963
2.531433
2.806006
2.819400
2.374055
2.441025
2.417585
2.541478
2.698856
2.303738
2.290344
2.434328
2.350616
2.491251
2.514691
2.300389
2.598402
2.454418
2.501297
2.494600
2.618493
2.531433
2.511342
2.544827
2.407540
2.427631
2.514691
2.497948
2.487903
2.574963
2.504645
2.514691
2.467812
2.464464
2.521387
2.615144
2.581660
2.434328
2.507993
2.641932
2.387449
2.511342
2.518039
2.481206
2.427631
2.444373
2.343920
2.534781
2.521387
2.481206
2.454418
2.461115
2.571614
2.424282
2.427631
2.303738
2.430979
2.156406
2.176497
2.199936
2.206633
2.079391
2.132967
2.169800
2.303738
2.216678
2.404191
2.347268
2.323828
2.216678
2.451070
2.410888
2.441025
2.528084
2.524736
2.554872
2.608447
2.672068
2.524736
2.524736
2.484555
2.494600
2.461115
2.477857
2.471161
2.611796
2.484555
2.521387
2.655326
2.404191
2.595053
2.511342
2.507993
2.491251
2.417585
2.441025
2.648629
2.441025
2.558220
2.491251
2.548175
2.484555
2.507993
2.394146
2.541478
2.611796
2.675416
2.749082
3.100670
3.073883
3.348456
3.060489
3.954527
3.402031
3.653166
3.194427
3.760316
3.311623
3.656514
3.278139
3.150897
3.435516
3.552712
3.278139
2.993520
2.993520
3.221215
2.949990
2.862930
2.929899
2.852885
2.651977
2.672068
2.739037
2.631886
2.427631
2.524736
2.507993
2.377404
2.457767
2.323828
2.169800
2.082740
2.159754
2.059300
2.069346
2.019119
2.099482
2.119573
1.841651
1.784727
1.808166
1.922014
1.885181
1.741197
1.858393
0.000000
0.000000
0.000000
0.000000
0.000000
0.000000
0.000000
0.000000
0.000000
0.000000
0.000000
0.000000
0.000000
0.000000
0.000000
0.000000
0.000000
0.000000
0.000000
0.000000
0.000000
0.000000
0.000000
0.000000
0.000000
0.000000
0.000000
0.000000
0.000000
0.000000
0.000000
0.000000
0.000000
0.000000
0.000000
0.000000
0.000000
0.000000
0.000000
0.000000
0.000000
0.000000
0.000000
0.000000
0.000000
0.000000
0.000000
0.000000
0.000000
0.000000
0.000000
0.000000
0.000000
0.000000
0.000000
0.000000
0.000000
0.000000
0.000000
0.000000
0.000000
0.000000
0.000000
0.000000
0.000000
0.000000
0.000000
0.000000
0.000000
0.000000
0.000000
0.000000
0.000000
0.000000
0.000000
0.000000
0.000000
0.000000
0.000000
0.000000
0.000000
0.000000
0.000000
0.000000
0.000000
0.000000
0.000000
0.000000
0.000000
0.000000
0.000000
0.000000
0.000000
0.000000
0.000000
0.000000
0.000000
0.000000
0.000000
0.000000
0.000000
0.000000
0.000000
0.000000
0.000000
0.000000
0.000000
0.000000
0.000000
0.000000
0.000000
0.000000
0.000000
0.000000
0.000000
0.000000
0.000000
0.000000
0.000000
0.000000
0.000000
0.000000
0.000000
0.000000
0.000000
0.000000
0.000000
0.000000
0.000000
0.000000
0.000000
0.000000
0.000000
0.000000
0.000000
0.000000
0.000000
0.000000
0.000000
0.000000
0.000000
0.000000
0.000000
0.000000
0.000000
0.000000
0.000000
0.000000
0.000000
0.000000
0.000000
0.000000
0.000000
0.000000
0.000000
0.000000
0.000000
0.000000
0.000000
0.000000
0.000000
0.000000
0.000000
0.000000
0.000000
0.000000
0.000000
0.000000
0.000000
0.000000
0.000000
0.000000
0.000000
0.000000
0.000000
0.000000
0.000000
0.000000
0.000000
0.000000
0.000000
0.000000
0.000000
0.000000
0.000000
0.000000
0.000000
0.000000
0.000000
0.000000
0.000000
0.000000
0.000000
0.000000
0.000000
0.000000
0.000000
0.000000
0.000000
0.000000
0.000000
0.000000
0.000000
0.000000
0.000000
0.000000
0.000000
0.000000
0.000000
0.000000
0.000000
0.000000
0.000000
0.000000
0.000000
0.000000
0.000000
0.000000
0.000000
0.000000
0.000000
0.000000
0.000000
0.000000
0.000000
0.000000
0.000000
0.000000
0.000000
0.000000
0.000000
0.000000
0.000000
0.000000
0.000000
0.000000
0.000000
0.000000
0.000000
0.000000
0.000000
0.000000
0.000000
0.000000
0.000000
0.000000
0.000000
0.000000
0.000000
0.000000
0.000000
0.000000
0.000000
0.000000
0.000000
0.000000
0.000000
0.000000
0.000000
0.000000
0.000000
0.000000
0.000000
0.000000
0.000000
0.000000
0.000000
0.000000
0.000000
0.000000
0.000000
0.000000
0.000000
0.000000
0.000000
0.000000
0.000000
0.000000
0.000000
0.000000
0.000000
0.000000
0.000000
0.000000
0.000000
0.000000
0.000000
0.000000
0.000000
0.000000
0.000000
0.000000
0.000000
0.000000
0.000000
0.000000
0.000000
0.000000
0.000000
0.000000
0.000000
0.000000
0.000000
0.000000
0.000000
0.000000
0.000000
0.000000
0.000000
0.000000
0.000000
0.000000
0.000000
0.000000
0.000000
0.000000
0.000000
0.000000
0.000000
0.000000
0.000000
0.000000
0.000000
0.000000
0.000000
0.000000
0.000000
0.000000
0.000000
0.000000
0.000000
0.000000
0.000000
0.000000
0.000000
0.000000
0.000000
0.000000
0.000000
0.000000
0.000000
0.000000
0.000000
0.000000
0.000000
0.000000
0.000000
0.000000
0.000000
0.000000
0.000000
0.000000
0.000000
0.000000
0.000000
0.000000
0.000000
0.000000
0.000000
0.000000
0.000000
0.000000
0.000000
0.000000
0.000000
0.000000
0.000000
0.000000
0.000000
0.000000
0.000000
0.000000
0.000000
0.000000
0.000000
0.000000
0.000000
0.000000
0.000000
0.000000
0.000000
0.000000
0.000000
0.000000
0.000000
0.000000
0.000000
0.000000
0.000000
0.000000
0.000000
0.000000
0.000000
0.000000
0.000000
0.000000
0.000000
0.000000
0.000000
0.000000
0.000000
0.000000
0.000000
0.000000
0.000000
0.000000
0.000000
0.000000
0.000000
0.000000
0.000000
0.000000
0.000000
0.000000
0.000000
0.000000
0.000000
0.000000
0.000000
0.000000
0.000000
0.000000
0.000000
0.000000
0.000000
0.000000
0.000000
0.000000
0.000000
0.000000
0.000000
0.000000
0.000000
0.000000
0.000000
0.000000
0.000000
0.000000
0.000000
0.000000
0.000000
0.000000
0.000000
0.000000
0.000000
0.000000
0.000000
0.000000
0.000000
0.000000
0.000000
0.000000
0.000000
0.000000
0.000000
0.000000
0.000000
0.000000
0.000000
0.000000
0.000000
0.000000
0.000000
0.000000
0.000000
0.000000
0.000000
0.000000
0.000000
0.000000
0.000000
0.000000
0.000000
0.000000
0.000000
0.000000
0.000000
0.000000
0.000000
0.000000
0.000000
0.000000
0.000000
0.000000
0.000000
0.000000
0.000000
0.000000
0.000000
0.000000
0.000000
0.000000
0.000000
0.000000
0.000000
0.000000
0.000000
0.000000
0.000000
0.000000
0.000000
0.000000
0.000000
0.000000
0.000000
0.000000
0.000000
0.000000
0.000000
0.000000
0.000000
0.000000
0.000000
0.000000
0.000000
0.000000
0.000000
0.000000
0.000000
0.000000
0.000000
0.000000
0.000000
0.000000
0.000000
0.000000
0.000000
0.000000
0.000000
0.000000
0.000000
0.000000
0.000000
0.000000
0.000000
0.000000
0.000000
0.000000
0.000000
0.000000
0.000000
0.000000
0.000000
0.000000
0.000000
0.000000
0.000000
0.000000
0.000000
0.000000
0.000000
0.000000
0.000000
0.000000
0.000000
0.000000
0.000000
0.000000
0.000000
0.000000
0.000000
0.000000
0.000000
0.000000
0.000000
0.000000
0.000000
0.000000
0.000000
0.000000
0.000000
0.000000
0.000000
0.000000
0.000000
0.000000
0.000000
0.000000
0.000000
0.000000
0.000000
0.000000
0.000000
0.000000
0.000000
0.000000
0.000000
0.000000
0.000000
0.000000
0.000000
0.000000
0.000000
0.000000
0.000000
0.000000
0.000000
0.000000
0.000000
0.000000
0.000000
0.000000
0.000000
0.000000
0.000000
0.000000
0.000000
0.000000
0.000000
0.000000
0.000000
0.000000
0.000000
0.000000
0.000000
0.000000
0.000000
0.000000
0.000000
0.000000
0.000000
0.000000
0.000000
0.000000
0.000000
0.000000
0.000000
0.000000
0.000000
0.000000
0.000000
0.000000
0.000000
0.000000
0.000000
0.000000
0.000000
0.000000
0.000000
0.000000
0.000000
0.000000
0.000000
0.000000
0.000000
0.000000
0.000000
0.000000
0.000000
0.000000
0.000000
0.000000
0.000000
0.000000
0.000000
0.000000
0.000000
0.000000
0.000000
0.000000
0.000000
0.000000
0.000000
0.000000
0.000000
0.000000
0.000000
0.000000
0.000000
0.000000
0.000000
0.000000
0.000000
0.000000
0.000000
0.000000
0.000000
0.000000
0.000000
0.000000
0.000000
0.000000
0.000000
0.000000
0.000000
0.000000
0.000000
0.000000
0.000000
0.000000
0.000000
0.000000
0.000000
0.000000
0.000000
0.000000
0.000000
0.000000
0.000000
0.000000
0.000000
0.000000
0.000000
0.000000
0.000000
0.000000
0.000000
0.000000
0.000000
0.000000
0.000000
0.000000
0.000000
0.000000
0.000000
0.000000
0.000000
0.000000
0.000000
0.000000
0.000000
0.000000
0.000000
0.000000
0.000000
0.000000
0.000000
0.000000
0.000000
0.000000
0.000000
0.000000
0.000000
0.000000
0.000000
0.000000
0.000000
0.000000
0.000000
0.000000
0.000000
0.000000
0.000000
0.000000
0.000000
0.000000
0.000000
0.000000
0.000000
0.000000
0.000000
0.000000
0.000000
0.000000
0.000000
0.000000
0.000000
0.000000
0.000000
0.000000
0.000000
0.000000
0.000000
0.000000
0.000000
0.000000
0.000000
0.000000
0.000000
0.000000
0.000000
0.000000
0.000000
0.000000
0.000000
0.000000
0.000000
0.000000
0.000000
0.000000
0.000000
0.000000
0.000000
0.000000
0.000000
0.000000
0.000000
0.000000
0.000000
0.000000
0.000000
0.000000
0.000000
0.000000
0.000000
0.000000
0.000000
0.000000
0.000000
0.000000
0.000000
0.000000
0.000000
0.000000
0.000000
0.000000
0.000000
0.000000
0.000000
0.000000
0.000000
0.000000
0.000000
0.000000
0.000000
0.000000
0.000000
0.000000
0.000000
0.000000
0.000000
0.000000
0.000000
0.000000
0.000000
0.000000
0.000000
0.000000
0.000000
0.000000
0.000000
0.000000
0.000000
0.000000
0.000000
0.000000
0.000000
0.000000
0.000000
0.000000
0.000000
0.000000
0.000000
0.000000
0.000000
0.000000
0.000000
0.000000
0.000000
0.000000
0.000000
0.000000
0.000000
0.000000
0.000000
0.000000
0.000000
0.000000
0.000000
0.000000
0.000000
0.000000
0.000000
0.000000
0.000000
0.000000
0.000000
0.000000
0.000000
0.000000
0.000000
0.000000
0.000000
0.000000
0.000000
0.000000
0.000000
0.000000
0.000000
0.000000
0.000000
0.000000
0.000000
0.000000
0.000000
0.000000
0.000000
0.000000
0.000000
0.000000
0.000000
0.000000
0.000000
0.000000
0.000000
0.000000
0.000000
0.000000
0.000000
0.000000
0.000000
0.000000
0.000000
0.000000
0.000000
0.000000
0.000000
0.000000
0.000000
0.000000
0.000000
0.000000
0.000000
0.000000
0.000000
0.000000
0.000000
0.000000
0.000000
0.000000
0.000000
0.000000
0.000000
0.000000
0.000000
0.000000
0.000000
0.000000
0.000000
0.000000
0.000000
0.000000
0.000000
0.000000
0.000000
0.000000
0.000000
0.000000
0.000000
0.000000
0.000000
0.000000
0.000000
0.000000
0.000000
0.000000
0.000000
0.000000
0.000000
0.000000
0.000000
0.000000
0.000000
0.000000
0.000000
0.000000
0.000000
0.000000
0.000000
0.000000
0.000000
0.000000
0.000000
0.000000
0.000000
0.000000
0.000000
0.000000
0.000000
0.000000
0.000000
0.000000
0.000000
0.000000
0.000000
0.000000
0.000000
0.000000
0.000000
0.000000
0.000000
0.000000
0.000000
0.000000
0.000000
0.000000
0.000000
0.000000
0.000000
0.000000
0.000000
0.000000
0.000000
0.000000
0.000000
0.000000
0.000000
0.000000
0.000000
0.000000
0.000000
0.000000
0.000000
0.000000
0.000000
0.000000
0.000000
0.000000
0.000000
0.000000
0.000000
0.000000
0.000000
0.000000
0.000000
0.000000
0.000000
0.000000
0.000000
0.000000
0.000000
0.000000
0.000000
0.000000
0.000000
0.000000
0.000000
0.000000
0.000000
0.000000
0.000000
0.000000
0.000000
0.000000
0.000000
0.000000
0.000000
0.000000
0.000000
0.000000
0.000000
0.000000
0.000000
0.000000
0.000000
0.000000
0.000000
0.000000
0.000000
0.000000
0.000000
0.000000
0.000000
0.000000
0.000000
0.000000
0.000000
0.000000
0.000000
0.000000
0.000000
0.000000
0.000000
0.000000
0.000000
0.000000
0.000000
0.000000
0.000000
0.000000
0.000000
0.000000
0.000000
0.000000
0.000000
0.000000
0.000000
0.000000
0.000000
0.000000
0.000000
0.000000
0.000000
0.000000
0.000000
0.000000
0.000000
0.000000
0.000000
0.000000
0.000000
0.000000
0.000000
0.000000
0.000000
0.000000
0.000000
0.000000
0.000000
0.000000
0.000000
0.000000
0.000000
0.000000
0.000000
0.000000
0.000000
0.000000
0.000000
0.000000
0.000000
0.000000
0.000000
0.000000
0.000000
0.000000
0.000000
0.000000
0.000000
0.000000
0.000000
0.000000
0.000000
0.000000
0.000000
0.000000
0.000000
0.000000
0.000000
0.000000
0.000000
0.000000
0.000000
0.000000
0.000000
0.000000
0.000000
0.000000
0.000000
0.000000
0.000000
0.000000
0.000000
0.000000
0.000000
0.000000
0.000000
0.000000
0.000000
0.000000
0.000000
0.000000
0.000000
0.000000
0.000000
0.000000
0.000000
0.000000
0.000000
0.000000
0.000000
0.000000
0.000000
0.000000
0.000000
0.000000
0.000000
0.000000
0.000000
0.000000
0.000000
0.000000
0.000000
0.000000
0.000000
0.000000
0.000000
0.000000
0.000000
0.000000
0.000000
0.000000
0.000000
0.000000
0.000000
0.000000
0.000000
0.000000
0.000000
0.000000
0.000000
0.000000
0.000000
0.000000
0.000000
0.000000
0.000000
0.000000
0.000000
0.000000
0.000000
0.000000
0.000000
0.000000
0.000000
0.000000
0.000000
0.000000
0.000000
0.000000
0.000000
0.000000
0.000000
0.000000
0.000000
0.000000
0.000000
0.000000
0.000000
0.000000
0.000000
0.000000
0.000000
0.000000
0.000000
0.000000
0.000000
0.000000
0.000000
0.000000
0.000000
0.000000
0.000000
0.000000
0.000000
0.000000
0.000000
0.000000
0.000000
0.000000
0.000000
0.000000
0.000000
0.000000
0.000000
0.000000
0.000000
0.000000
0.000000
0.000000
0.000000
0.000000
0.000000
0.000000
0.000000
0.000000
0.000000
0.000000
0.000000
0.000000
0.000000
0.000000
0.000000
0.000000
0.000000
0.000000
0.000000
0.000000
0.000000
0.000000
0.000000
0.000000
0.000000
0.000000
0.000000
0.000000
0.000000
0.000000
0.000000
0.000000
0.000000
0.000000
0.000000
0.000000
0.000000
0.000000
0.000000
0.000000
0.000000
0.000000
0.000000
0.000000
0.000000
0.000000
0.000000
0.000000
0.000000
0.000000
0.000000
0.000000
0.000000
0.000000
0.000000
0.000000
0.000000
0.000000
0.000000
0.000000
0.000000
0.000000
0.000000
0.000000
0.000000
0.000000
0.000000
0.000000
0.000000
0.000000
0.000000
0.000000
0.000000
0.000000
0.000000
0.000000
0.000000
0.000000
0.000000
0.000000
0.000000
0.000000
0.000000
0.000000
0.000000
0.000000
0.000000
0.000000
0.000000
0.000000
0.000000
0.000000
0.000000
0.000000
0.000000
0.000000
0.000000
0.000000
0.000000
0.000000
0.000000
0.000000
0.000000
0.000000
0.000000
0.000000
0.000000
0.000000
0.000000
0.000000
0.000000
0.000000
0.000000
0.000000
0.000000
0.000000
0.000000
0.000000
0.000000
