0.090408
0.411860
1.600562
1.433139
1.017931
1.255671
1.376215
1.868438
1.908620
1.774682
1.905272
1.737849
1.938756
1.650789
1.898575
1.838302
2.106179
1.888529
2.009073
1.808166
1.888529
1.918665
2.015770
1.999028
2.039210
1.844999
2.042558
1.948802
1.697667
2.065997
1.597213
1.885181
1.851696
1.975589
1.808166
1.764636
1.838302
2.092785
2.260208
2.343919
2.256859
2.598402
2.916505
2.404191
2.648629
2.330525
2.913157
3.783755
2.973429
3.917694
3.244654
3.492440
3.589545
3.572803
4.604127
3.569454
4.446750
3.927739
4.436704
4.014799
4.332902
4.657702
4.232449
4.152085
4.386477
5.079608
4.065026
4.848564
4.677793
4.376432
5.494816
5.099699
5.062866
4.905488
4.620869
4.811731
5.183410
5.170016
5.578528
5.032730
5.454635
4.965760
5.414454
5.749299
5.414454
5.129835
5.337439
4.486931
5.153274
5.367575
5.223591
5.079607
5.538346
5.729208
5.370924
5.387666
4.654354
5.086305
5.307303
5.384317
5.233637
5.133183
5.049472
5.166668
4.928927
4.965760
4.892095
4.801686
4.594082
4.282675
4.255888
4.352993
4.269281
4.182222
3.964572
3.800498
3.636423
3.673257
3.649817
3.405380
3.549363
3.244654
3.572803
3.214518
3.194427
2.893066
2.692159
2.956687
2.836142
2.785916
2.608447
2.564918
2.816051
2.595053
2.374055
2.477857
2.420934
2.206633
2.290344
2.270253
2.233420
2.045907
1.938756
2.002377
1.844999
1.985634
1.895226
1.834954
1.811515
1.831605
1.577123
1.871787
1.781379
1.684273
1.714409
1.714409
1.727803
1.644092
1.798121
1.677577
1.694319
1.610607
1.764636
1.449881
1.282459
2.313783
1.600562
2.591705
2.116224
2.052604
2.290344
1.808166
2.290344
2.996868
2.360662
3.492440
2.548175
3.569454
3.763665
3.452258
3.093973
3.214518
3.388638
3.428819
3.686650
3.609636
3.606287
3.391986
4.175525
3.763665
4.486931
3.974617
4.466840
4.209009
4.155434
4.239145
4.269281
4.751459
3.998056
4.654354
4.282675
4.426659
5.615361
4.684490
4.851913
5.257076
4.761505
5.072911
5.247031
5.113092
5.414454
5.481422
5.173365
5.230289
5.799526
4.999245
5.334091
5.504861
5.762693
5.267121
5.672285
5.488119
5.863146
5.715815
5.675633
5.672284
5.725860
5.910025
5.789481
5.849752
5.612012
5.792829
5.447938
5.391014
5.324045
5.253727
4.965761
4.925579
4.888746
4.674445
4.493628
4.443401
4.309463
4.162131
4.081768
3.864118
3.914345
4.021495
3.837331
3.606287
3.405380
3.505833
3.348456
3.147549
3.288184
3.124110
3.120761
2.970080
2.879672
2.842839
3.087276
2.993520
2.966732
2.641932
2.846188
3.314971
2.949990
2.708901
2.685462
2.832794
2.608447
2.742385
2.792612
2.655326
2.812703
2.742386
3.157594
2.792612
2.708901
3.080580
3.150897
3.057140
3.542667
3.325017
3.057140
3.415425
4.178873
4.443401
3.465652
4.356341
3.606287
3.988011
3.934436
4.416614
4.396523
3.967921
4.131995
4.028193
3.967921
3.787104
3.931087
3.616332
3.381940
3.462303
3.797149
3.462303
3.174336
3.465652
3.304926
3.037050
2.682113
2.414237
3.140852
2.675416
2.739037
2.340571
3.050443
2.772521
2.879672
2.762476
2.638583
2.571614
2.273602
2.501297
2.514691
2.662023
2.628538
2.477858
2.491251
2.430979
2.471161
2.390798
2.554872
2.310435
2.561569
2.434328
2.541478
2.467812
2.367358
2.467812
2.387449
2.534781
2.585008
2.608447
2.394146
2.635235
2.611796
2.447721
2.524736
2.528084
2.568266
2.578311
2.407540
2.528084
2.343919
2.317132
2.662023
2.330525
2.518039
2.625189
2.491251
2.568266
2.568266
2.605099
2.531433
2.511342
2.588356
2.521387
2.286995
2.437676
2.534781
2.404191
2.568266
2.410888
2.424282
2.648629
2.397495
2.601750
2.611796
2.695507
2.611796
2.538130
2.762476
2.782567
3.016959
2.836142
3.063837
3.040398
3.070534
3.201124
3.241305
3.217866
4.001405
3.281487
4.289372
3.559409
4.225751
4.158782
4.048284
4.399871
4.409917
4.148737
4.091813
4.212358
5.186759
4.172176
4.483582
4.346296
5.079607
3.847376
5.069562
5.190107
4.925579
4.754807
4.962412
4.798337
5.283864
5.079608
4.651005
5.180061
4.942321
4.446750
4.731369
4.761505
4.540506
4.456795
4.363038
4.346296
3.921042
3.569454
3.994708
3.971269
3.636423
3.646468
3.602939
3.532621
3.338411
3.211169
3.264745
3.167639
3.073883
2.856233
2.970081
2.685462
2.702204
2.685462
2.474509
2.528084
2.410888
2.384101
2.441025
2.320480
2.270253
2.216678
2.226723
2.009074
1.995680
2.059300
2.055952
2.139663
2.072694
2.213329
2.447721
2.276950
2.708901
2.444373
2.410888
2.494600
2.330525
2.327177
2.685462
2.364010
2.447721
2.745734
2.829445
2.702204
2.816051
2.836142
3.023656
3.191079
3.003565
3.325017
3.800498
3.552712
3.726831
3.726831
3.877512
3.967920
4.379781
4.195615
3.900951
4.165480
4.249191
4.476886
4.356341
3.341759
4.938972
4.034890
5.116441
4.265933
5.052820
5.293909
4.490280
5.233637
4.500325
4.908836
4.470189
4.908836
4.748111
4.661051
4.286024
4.416614
4.423310
4.483582
4.252539
4.319509
4.088465
3.981314
3.964572
3.710089
3.509182
3.381940
3.750271
3.345108
3.448910
3.304926
3.063837
2.816051
3.016959
2.785915
3.006914
2.524736
2.651977
2.471161
2.501297
2.347268
2.340571
2.266905
2.186542
2.166451
2.186542
2.106179
1.915317
1.834954
1.918665
1.945453
1.932059
1.801469
1.677577
1.895226
1.644092
1.577123
1.660834
1.680925
1.654137
1.607259
1.610607
1.761288
1.553684
1.419745
1.664183
1.948802
1.637395
1.851696
2.290344
1.295852
1.851696
2.792612
1.948802
1.828257
3.448910
2.608447
2.749083
3.177685
2.963384
3.040398
2.846188
3.120761
3.425471
3.304926
3.469000
3.388638
3.278139
3.770362
3.910997
3.800498
3.465652
3.941133
3.760316
4.031541
3.703392
4.778246
4.319509
4.513719
4.510370
4.744762
4.540506
4.557249
4.329554
4.540506
4.352993
4.915533
4.694535
4.640960
4.945669
4.386477
4.872004
4.892095
4.791641
5.039426
4.918882
5.079608
5.270470
5.176713
4.791641
4.118601
4.965760
5.310651
5.186759
5.183410
5.190107
5.253727
5.799526
5.250379
4.965760
5.417802
5.257076
5.240334
4.694535
4.945670
4.694535
4.935624
4.312812
4.235797
4.021495
3.837331
4.061677
3.974617
3.934436
3.767013
3.525924
3.371895
3.164291
3.221215
3.124110
3.047095
2.859581
2.648629
2.682113
2.447721
2.665371
2.404191
2.531433
2.752431
1.791424
2.333874
1.855044
2.290344
2.528084
2.143012
1.928711
2.240117
2.129618
1.613956
2.179845
2.635235
2.065997
2.146360
2.082740
2.052604
2.119573
2.076043
2.367358
2.199936
2.481206
2.303738
2.022468
2.193239
2.183193
2.002377
2.139663
2.059300
2.139663
2.266905
2.029164
2.256859
2.102830
2.420934
2.079391
2.146360
1.895226
1.955498
2.129618
2.153057
2.129618
2.009074
2.260208
2.059300
1.978938
2.032513
1.958847
2.206633
2.132967
1.985634
2.102830
2.059300
1.888529
2.390798
2.166451
2.052604
1.908620
1.798121
2.049255
2.189890
2.076043
2.216678
2.109527
2.220026
2.042558
2.126270
2.193239
2.065997
2.055952
2.005725
2.122921
2.199936
2.076043
2.086088
2.132967
2.173148
2.129618
2.035861
2.146360
2.343919
2.025816
2.045907
2.065997
2.136315
1.962195
1.690970
2.136315
1.446533
2.317132
1.811515
2.092785
2.089437
1.915317
2.394146
2.303738
1.885181
2.280298
2.199936
2.397495
2.146360
2.243466
2.297041
2.146360
2.029164
2.253511
2.122921
2.156406
2.035861
2.092785
2.035861
2.183193
2.072694
1.945453
2.052604
2.049255
2.059300
2.052604
2.112876
2.005725
2.032513
2.303738
2.062649
1.982286
2.049255
2.035861
1.952150
2.009073
2.012422
1.901923
1.737849
1.731152
1.908620
1.727803
1.865090
1.761288
1.734500
1.634046
1.701016
1.690970
1.865090
1.711061
1.875135
2.163103
1.185353
2.374055
2.166451
1.737849
2.022468
1.801469
1.958847
2.518039
1.945453
2.347268
2.159754
2.163102
2.203284
2.357313
2.183193
2.233420
2.220026
2.122921
2.079391
2.039210
1.985634
1.955498
1.925362
1.774682
2.045907
2.039210
1.674228
1.788076
1.647440
1.855045
1.724455
1.684273
1.573774
1.754591
1.459927
1.868438
1.851696
1.727803
1.968892
1.771333
1.908620
1.751243
1.764636
1.838302
1.952150
1.878484
2.112876
1.818212
1.634047
1.875135
1.831605
1.858393
1.999028
1.875135
1.764636
1.811515
1.801469
1.677577
1.841651
2.015770
1.761288
1.915317
2.052604
3.093973
1.339382
2.179845
3.700044
1.513502
2.290344
1.704364
1.637395
1.814863
2.812703
2.213329
2.307086
2.769173
2.618493
2.564918
2.973429
3.395334
2.806006
3.264745
3.720135
3.308275
4.195616
3.231260
3.817240
3.720135
4.265933
3.656514
3.797149
3.683302
3.790452
3.358502
4.175525
3.643120
3.666559
3.773710
3.770362
3.529273
3.572803
3.549363
3.455607
3.214518
3.321668
3.298229
3.130806
3.164291
3.067186
2.949990
2.742385
2.846188
2.732340
2.869627
2.648629
2.427631
2.551523
2.380752
2.300389
2.310435
2.273602
2.116224
2.226723
2.089437
2.109527
2.193239
2.260208
2.163102
2.009073
2.086088
1.982286
2.005725
2.059300
2.163102
2.102831
2.086088
1.985634
2.099482
1.901923
1.948802
1.824908
1.831606
1.911968
1.938756
1.767985
1.938756
1.898575
1.771333
1.764636
1.610607
1.741197
1.771333
1.670880
1.680925
1.808166
1.613956
1.808166
1.684273
1.516851
2.025816
2.213329
0.703176
1.677577
1.115036
1.516851
0.740009
1.667531
1.781379
1.747894
2.199936
1.433139
2.065997
1.516851
1.925362
2.089437
1.309246
1.925362
1.684273
1.834954
1.664183
1.687622
1.362822
1.804818
1.895226
2.156406
1.791424
1.557032
2.501297
1.637395
1.453230
1.711061
1.831606
1.724455
1.818212
1.995680
2.009073
0.790236
1.848348
2.176497
1.523547
1.972241
1.915317
1.754591
1.449882
1.674228
2.538130
2.357313
1.339382
1.118384
2.243466
1.640743
1.389609
1.624001
2.360662
2.598402
1.325989
1.379564
1.624001
1.590517
1.607259
1.814863
2.253511
1.791424
2.183193
1.526896
2.153057
2.189890
1.935408
2.166451
1.624001
2.159754
1.674228
1.339382
1.905272
1.741197
2.166451
1.453230
2.119573
1.794772
1.848348
2.153057
2.065997
2.159754
2.193239
2.273602
2.692159
2.246814
2.233420
2.407540
2.213329
2.290344
2.300389
2.477857
2.528084
2.414237
2.852885
2.816052
3.321668
2.628538
1.128430
4.212358
1.573774
3.522576
2.725643
3.535969
2.916505
3.227912
3.261396
3.442213
3.535970
3.572803
4.091813
3.592893
4.279327
3.803846
3.750271
3.653166
4.517067
4.299417
4.155434
4.557249
4.356341
4.637612
4.125298
5.317348
4.892095
4.309463
3.998056
4.654354
4.436704
4.865307
4.915533
4.788292
4.734717
4.989200
4.523764
4.476886
4.419962
4.389826
4.219055
4.456795
4.155434
3.937784
3.549363
3.512530
3.284835
3.335062
3.495788
3.351804
3.348456
3.124110
2.876324
2.648629
2.799309
2.454418
2.605099
2.474509
2.444373
2.347268
2.273602
2.062649
2.109527
2.059300
2.019119
2.079391
1.865090
1.895226
1.992331
1.928711
1.911968
1.908620
2.012422
1.918665
1.885181
1.747894
1.821560
1.814863
2.015770
2.404191
1.871787
1.664183
1.811515
1.647440
1.640743
2.230072
1.617304
1.603910
1.707713
1.851696
1.610607
1.737849
2.055952
1.647440
1.774682
2.307086
2.059300
1.908620
1.925362
1.935408
2.173148
2.163102
2.293693
2.223375
2.360662
2.220026
2.102830
2.220026
2.149709
1.978938
1.844999
1.901923
1.885181
1.891878
1.851696
1.955498
2.025816
1.650789
2.243466
2.002377
2.350616
2.678765
2.668720
2.032513
2.333874
2.353965
2.454418
2.698856
2.732340
2.655326
2.688810
2.906460
2.832794
2.745734
2.849536
2.558220
2.457767
2.839491
2.668720
2.628538
2.501297
2.511342
2.360662
2.397495
2.283647
2.333874
2.223375
1.865090
2.226723
1.962195
1.791424
1.952150
1.791424
1.861742
1.767985
1.731152
1.727803
1.824908
1.680925
1.546987
1.680925
1.711061
1.282459
1.901923
1.891878
2.122921
1.058112
2.253511
2.728992
1.724455
2.273602
3.120761
1.767985
2.437676
2.149709
2.447721
2.163102
3.077231
2.732340
2.702204
2.735689
3.107367
2.936596
3.314971
2.956687
3.254699
3.167639
3.043746
2.953338
3.197776
3.010262
2.799309
3.057141
2.869627
2.735689
2.424282
2.685462
2.417585
2.430979
2.169800
2.216678
1.851696
2.320480
2.122921
1.794772
2.159754
1.757939
1.861742
1.801469
1.744546
1.577123
1.727803
1.496760
1.744545
1.798121
1.607259
1.704364
1.975589
2.059300
2.176497
2.397495
2.913157
2.216678
2.233420
3.033701
2.541478
2.511342
3.060489
3.271441
2.896415
3.244654
3.073883
2.960035
3.137503
3.170988
2.856233
2.829445
2.879672
3.067186
2.956687
2.816051
2.923202
2.658674
2.591705
2.538130
2.430979
2.297041
2.544827
2.350616
2.266905
2.213329
2.086088
1.995680
1.754591
1.844999
1.875135
1.647440
1.958847
1.767985
1.754591
1.737849
1.634047
1.694319
1.640743
1.687622
1.711061
1.399655
2.149709
2.337222
2.243466
1.493411
2.775870
2.199936
1.597214
2.658674
1.855045
2.300389
2.226723
2.260208
2.447721
2.595053
2.876324
2.789264
2.765825
2.956687
3.087276
2.862930
3.020307
3.030353
2.996868
2.996868
2.742385
2.759128
2.722295
2.842839
2.712250
2.682113
2.524736
2.595053
2.534781
2.397495
2.226723
2.260208
1.992331
2.146360
1.821560
2.015770
1.878484
1.878484
1.774682
1.851696
1.808166
1.523548
1.644092
1.677577
1.637395
1.647440
1.500108
1.831605
2.002377
1.473321
2.096133
2.380752
2.039210
1.935408
2.143012
2.220026
2.297041
2.367358
3.298229
2.789264
3.023656
2.909808
3.144200
2.822748
2.769173
2.949990
3.030353
2.795961
2.725643
2.822748
2.883021
3.013610
2.585008
2.732340
2.554872
2.471160
2.286995
2.410888
2.404191
2.286995
2.266905
2.132967
2.112876
2.116224
2.119573
1.885181
1.834954
1.774682
1.834954
1.741197
1.794772
1.647440
1.754591
1.781379
1.654137
1.707712
1.620653
1.657486
1.463275
1.259019
1.711061
2.226723
1.875135
1.423094
2.333874
2.380752
1.480018
2.672068
1.922014
1.747894
2.491251
2.939944
2.199936
2.353965
2.919854
2.317132
2.785916
2.685462
2.705553
3.475698
3.057140
2.672068
3.087276
2.993520
2.929899
2.896415
2.742385
2.852885
2.651977
2.631886
2.645280
2.538130
2.400843
2.313783
2.330525
2.049255
2.263556
2.303738
2.029164
1.922014
1.764636
2.059300
1.801469
1.798121
1.744545
1.731152
1.721106
1.690970
1.634047
1.496760
1.734500
1.834954
1.607259
1.922014
0.997840
1.999028
2.387449
1.339382
1.955498
1.928711
1.721106
2.782567
1.774682
2.009074
2.605099
2.052604
2.641932
2.471161
2.819400
2.538130
2.872975
3.140852
3.000216
3.043746
3.174336
2.923202
2.976778
2.966732
2.872975
2.836142
2.832794
2.722295
2.712249
2.588356
2.598402
2.451070
2.497948
2.276950
2.143012
2.313783
2.233420
2.069346
2.092785
2.042558
1.975589
1.821560
1.918665
1.808166
2.029164
1.754591
1.744545
1.634047
2.002377
1.526896
1.868438
1.757940
1.988983
1.610607
1.918665
1.677577
1.898575
1.356125
2.350616
1.469972
2.477857
2.976778
2.122921
2.477857
2.430979
2.427631
3.073883
2.504645
3.278139
2.953338
2.749082
2.836142
2.889718
2.862930
3.020307
2.949990
2.742386
3.104019
2.728992
2.672068
2.735689
2.551523
2.628538
2.658674
2.454418
2.541478
2.357313
2.313783
2.209981
2.286995
2.149709
2.035861
2.045907
1.861742
1.885181
1.788076
1.948802
1.767985
1.855045
1.634047
1.677577
1.798121
1.563729
1.557032
1.711061
1.821560
1.637395
1.526896
2.032513
1.831605
1.784727
1.881832
2.420934
2.166451
1.469972
2.126270
2.196587
2.132967
2.434328
2.735689
2.742385
2.819400
3.301578
2.926551
3.093973
3.104019
2.973429
2.973429
3.174336
2.842839
3.067186
2.879672
3.010262
3.030353
2.772522
2.739037
2.568266
2.380752
2.655326
2.464464
2.394146
2.317132
2.173148
2.082740
2.049255
2.009073
2.109527
1.958847
1.603910
1.855045
1.848348
1.707713
1.925362
2.022468
1.299201
2.387449
2.116224
2.052604
2.313783
2.461115
2.457767
2.896415
2.879672
2.956687
3.117413
3.328366
3.191079
4.044935
3.080580
3.844027
3.170988
4.352993
4.604127
3.817240
3.907648
4.406568
4.744762
3.803846
3.977966
4.299417
3.964572
4.704581
4.597430
4.667748
4.423310
4.617521
4.356341
5.039426
4.553900
5.183410
4.801686
5.062865
4.805035
5.330742
5.076259
5.293909
5.263773
5.173365
5.136532
5.558437
5.170016
5.551740
5.518256
5.243682
5.625406
5.417802
5.504861
5.210197
5.364227
5.699072
5.243682
5.471377
5.401060
5.170016
5.206849
5.079608
5.062865
4.674445
4.815080
4.409917
4.570642
4.352993
4.460144
4.081768
3.844027
3.880861
3.649817
3.723484
3.509182
3.556060
3.294881
3.264745
3.104019
3.107367
3.057141
3.020307
3.067186
2.923202
3.157594
2.735689
2.789264
4.111904
2.518039
2.742385
2.799309
2.695507
2.923202
2.809355
2.708901
2.702204
2.886369
2.755780
2.906460
2.682113
2.822748
2.899763
2.789264
2.722295
2.749082
2.856233
2.775870
2.983474
2.722295
2.970080
2.889718
2.625189
2.849536
2.909808
2.846188
3.043746
2.792612
2.789264
2.789264
2.802658
2.839491
2.722295
2.926551
2.856233
2.916505
2.986823
2.799309
2.859581
2.718946
2.772522
2.819400
2.548175
2.551523
2.611796
2.648629
2.722295
2.591705
2.651977
2.755780
2.668720
2.772521
2.849536
2.856233
2.799309
2.859581
2.645280
2.725643
2.826097
2.859581
2.538130
2.876324
3.003565
2.702204
2.816051
2.712250
2.859581
2.846188
2.739037
2.715598
2.983474
2.889718
2.799309
2.836142
2.913157
2.698855
2.876324
2.668720
2.735689
2.621841
2.772522
2.943293
2.929899
3.000216
3.505834
3.669908
3.529273
3.522576
3.294881
3.445561
3.522576
3.649817
3.358502
3.539318
3.566106
3.432167
3.649817
3.465652
3.351804
3.485743
3.358502
3.124110
3.345108
2.960035
3.301578
2.956687
2.929899
2.842839
2.682113
2.826097
2.769173
2.528084
2.430979
2.461115
2.397495
2.410888
2.159754
2.297041
2.153057
2.260208
2.116224
1.935408
2.065997
1.851696
1.955498
2.065997
1.881832
1.657486
1.858393
1.848348
1.624001
0.000000
0.000000
0.000000
0.000000
0.000000
0.000000
0.000000
0.000000
0.000000
0.000000
0.000000
0.000000
0.000000
0.000000
0.000000
0.000000
0.000000
0.000000
0.000000
0.000000
0.000000
0.000000
0.000000
0.000000
0.000000
0.000000
0.000000
0.000000
0.000000
0.000000
0.000000
0.000000
0.000000
0.000000
0.000000
0.000000
0.000000
0.000000
0.000000
0.000000
0.000000
0.000000
0.000000
0.000000
0.000000
0.000000
0.000000
0.000000
0.000000
0.000000
0.000000
0.000000
0.000000
0.000000
0.000000
0.000000
0.000000
0.000000
0.000000
0.000000
0.000000
0.000000
0.000000
0.000000
0.000000
0.000000
0.000000
0.000000
0.000000
0.000000
0.000000
0.000000
0.000000
0.000000
0.000000
0.000000
0.000000
0.000000
0.000000
0.000000
0.000000
0.000000
0.000000
0.000000
0.000000
0.000000
0.000000
0.000000
0.000000
0.000000
0.000000
0.000000
0.000000
0.000000
0.000000
0.000000
0.000000
0.000000
0.000000
0.000000
0.000000
0.000000
0.000000
0.000000
0.000000
0.000000
0.000000
0.000000
0.000000
0.000000
0.000000
0.000000
0.000000
0.000000
0.000000
0.000000
0.000000
0.000000
0.000000
0.000000
0.000000
0.000000
0.000000
0.000000
0.000000
0.000000
0.000000
0.000000
0.000000
0.000000
0.000000
0.000000
0.000000
0.000000
0.000000
0.000000
0.000000
0.000000
0.000000
0.000000
0.000000
0.000000
0.000000
0.000000
0.000000
0.000000
0.000000
0.000000
0.000000
0.000000
0.000000
0.000000
0.000000
0.000000
0.000000
0.000000
0.000000
0.000000
0.000000
0.000000
0.000000
0.000000
0.000000
0.000000
0.000000
0.000000
0.000000
0.000000
0.000000
0.000000
0.000000
0.000000
0.000000
0.000000
0.000000
0.000000
0.000000
0.000000
0.000000
0.000000
0.000000
0.000000
0.000000
0.000000
0.000000
0.000000
0.000000
0.000000
0.000000
0.000000
0.000000
0.000000
0.000000
0.000000
0.000000
0.000000
0.000000
0.000000
0.000000
0.000000
0.000000
0.000000
0.000000
0.000000
0.000000
0.000000
0.000000
0.000000
0.000000
0.000000
0.000000
0.000000
0.000000
0.000000
0.000000
0.000000
0.000000
0.000000
0.000000
0.000000
0.000000
0.000000
0.000000
0.000000
0.000000
0.000000
0.000000
0.000000
0.000000
0.000000
0.000000
0.000000
0.000000
0.000000
0.000000
0.000000
0.000000
0.000000
0.000000
0.000000
0.000000
0.000000
0.000000
0.000000
0.000000
0.000000
0.000000
0.000000
0.000000
0.000000
0.000000
0.000000
0.000000
0.000000
0.000000
0.000000
0.000000
0.000000
0.000000
0.000000
0.000000
0.000000
0.000000
0.000000
0.000000
0.000000
0.000000
0.000000
0.000000
0.000000
0.000000
0.000000
0.000000
0.000000
0.000000
0.000000
0.000000
0.000000
0.000000
0.000000
0.000000
0.000000
0.000000
0.000000
0.000000
0.000000
0.000000
0.000000
0.000000
0.000000
0.000000
0.000000
0.000000
0.000000
0.000000
0.000000
0.000000
0.000000
0.000000
0.000000
0.000000
0.000000
0.000000
0.000000
0.000000
0.000000
0.000000
0.000000
0.000000
0.000000
0.000000
0.000000
0.000000
0.000000
0.000000
0.000000
0.000000
0.000000
0.000000
0.000000
0.000000
0.000000
0.000000
0.000000
0.000000
0.000000
0.000000
0.000000
0.000000
0.000000
0.000000
0.000000
0.000000
0.000000
0.000000
0.000000
0.000000
0.000000
0.000000
0.000000
0.000000
0.000000
0.000000
0.000000
0.000000
0.000000
0.000000
0.000000
0.000000
0.000000
0.000000
0.000000
0.000000
0.000000
0.000000
0.000000
0.000000
0.000000
0.000000
0.000000
0.000000
0.000000
0.000000
0.000000
0.000000
0.000000
0.000000
0.000000
0.000000
0.000000
0.000000
0.000000
0.000000
0.000000
0.000000
0.000000
0.000000
0.000000
0.000000
0.000000
0.000000
0.000000
0.000000
0.000000
0.000000
0.000000
0.000000
0.000000
0.000000
0.000000
0.000000
0.000000
0.000000
0.000000
0.000000
0.000000
0.000000
0.000000
0.000000
0.000000
0.000000
0.000000
0.000000
0.000000
0.000000
0.000000
0.000000
0.000000
0.000000
0.000000
0.000000
0.000000
0.000000
0.000000
0.000000
0.000000
0.000000
0.000000
0.000000
0.000000
0.000000
0.000000
0.000000
0.000000
0.000000
0.000000
0.000000
0.000000
0.000000
0.000000
0.000000
0.000000
0.000000
0.000000
0.000000
0.000000
0.000000
0.000000
0.000000
0.000000
0.000000
0.000000
0.000000
0.000000
0.000000
0.000000
0.000000
0.000000
0.000000
0.000000
0.000000
0.000000
0.000000
0.000000
0.000000
0.000000
0.000000
0.000000
0.000000
0.000000
0.000000
0.000000
0.000000
0.000000
0.000000
0.000000
0.000000
0.000000
0.000000
0.000000
0.000000
0.000000
0.000000
0.000000
0.000000
0.000000
0.000000
0.000000
0.000000
0.000000
0.000000
0.000000
0.000000
0.000000
0.000000
0.000000
0.000000
0.000000
0.000000
0.000000
0.000000
0.000000
0.000000
0.000000
0.000000
0.000000
0.000000
0.000000
0.000000
0.000000
0.000000
0.000000
0.000000
0.000000
0.000000
0.000000
0.000000
0.000000
0.000000
0.000000
0.000000
0.000000
0.000000
0.000000
0.000000
0.000000
0.000000
0.000000
0.000000
0.000000
0.000000
0.000000
0.000000
0.000000
0.000000
0.000000
0.000000
0.000000
0.000000
0.000000
0.000000
0.000000
0.000000
0.000000
0.000000
0.000000
0.000000
0.000000
0.000000
0.000000
0.000000
0.000000
0.000000
0.000000
0.000000
0.000000
0.000000
0.000000
0.000000
0.000000
0.000000
0.000000
0.000000
0.000000
0.000000
0.000000
0.000000
0.000000
0.000000
0.000000
0.000000
0.000000
0.000000
0.000000
0.000000
0.000000
0.000000
0.000000
0.000000
0.000000
0.000000
0.000000
0.000000
0.000000
0.000000
0.000000
0.000000
0.000000
0.000000
0.000000
0.000000
0.000000
0.000000
0.000000
0.000000
0.000000
0.000000
0.000000
0.000000
0.000000
0.000000
0.000000
0.000000
0.000000
0.000000
0.000000
0.000000
0.000000
0.000000
0.000000
0.000000
0.000000
0.000000
0.000000
0.000000
0.000000
0.000000
0.000000
0.000000
0.000000
0.000000
0.000000
0.000000
0.000000
0.000000
0.000000
0.000000
0.000000
0.000000
0.000000
0.000000
0.000000
0.000000
0.000000
0.000000
0.000000
0.000000
0.000000
0.000000
0.000000
0.000000
0.000000
0.000000
0.000000
0.000000
0.000000
0.000000
0.000000
0.000000
0.000000
0.000000
0.000000
0.000000
0.000000
0.000000
0.000000
0.000000
0.000000
0.000000
0.000000
0.000000
0.000000
0.000000
0.000000
0.000000
0.000000
0.000000
0.000000
0.000000
0.000000
0.000000
0.000000
0.000000
0.000000
0.000000
0.000000
0.000000
0.000000
0.000000
0.000000
0.000000
0.000000
0.000000
0.000000
0.000000
0.000000
0.000000
0.000000
0.000000
0.000000
0.000000
0.000000
0.000000
0.000000
0.000000
0.000000
0.000000
0.000000
0.000000
0.000000
0.000000
0.000000
0.000000
0.000000
0.000000
0.000000
0.000000
0.000000
0.000000
0.000000
0.000000
0.000000
0.000000
0.000000
0.000000
0.000000
0.000000
0.000000
0.000000
0.000000
0.000000
0.000000
0.000000
0.000000
0.000000
0.000000
0.000000
0.000000
0.000000
0.000000
0.000000
0.000000
0.000000
0.000000
0.000000
0.000000
0.000000
0.000000
0.000000
0.000000
0.000000
0.000000
0.000000
0.000000
0.000000
0.000000
0.000000
0.000000
0.000000
0.000000
0.000000
0.000000
0.000000
0.000000
0.000000
0.000000
0.000000
0.000000
0.000000
0.000000
0.000000
0.000000
0.000000
0.000000
0.000000
0.000000
0.000000
0.000000
0.000000
0.000000
0.000000
0.000000
0.000000
0.000000
0.000000
0.000000
0.000000
0.000000
0.000000
0.000000
0.000000
0.000000
0.000000
0.000000
0.000000
0.000000
0.000000
0.000000
0.000000
0.000000
0.000000
0.000000
0.000000
0.000000
0.000000
0.000000
0.000000
0.000000
0.000000
0.000000
0.000000
0.000000
0.000000
0.000000
0.000000
0.000000
0.000000
0.000000
0.000000
0.000000
0.000000
0.000000
0.000000
0.000000
0.000000
0.000000
0.000000
0.000000
0.000000
0.000000
0.000000
0.000000
0.000000
0.000000
0.000000
0.000000
0.000000
0.000000
0.000000
0.000000
0.000000
0.000000
0.000000
0.000000
0.000000
0.000000
0.000000
0.000000
0.000000
0.000000
0.000000
0.000000
0.000000
0.000000
0.000000
0.000000
0.000000
0.000000
0.000000
0.000000
0.000000
0.000000
0.000000
0.000000
0.000000
0.000000
0.000000
0.000000
0.000000
0.000000
0.000000
0.000000
0.000000
0.000000
0.000000
0.000000
0.000000
0.000000
0.000000
0.000000
0.000000
0.000000
0.000000
0.000000
0.000000
0.000000
0.000000
0.000000
0.000000
0.000000
0.000000
0.000000
0.000000
0.000000
0.000000
0.000000
0.000000
0.000000
0.000000
0.000000
0.000000
0.000000
0.000000
0.000000
0.000000
0.000000
0.000000
0.000000
0.000000
0.000000
0.000000
0.000000
0.000000
0.000000
0.000000
0.000000
0.000000
0.000000
0.000000
0.000000
0.000000
0.000000
0.000000
0.000000
0.000000
0.000000
0.000000
0.000000
0.000000
0.000000
0.000000
0.000000
0.000000
0.000000
0.000000
0.000000
0.000000
0.000000
0.000000
0.000000
0.000000
0.000000
0.000000
0.000000
0.000000
0.000000
0.000000
0.000000
0.000000
0.000000
0.000000
0.000000
0.000000
0.000000
0.000000
0.000000
0.000000
0.000000
0.000000
0.000000
0.000000
0.000000
0.000000
0.000000
0.000000
0.000000
0.000000
0.000000
0.000000
0.000000
0.000000
0.000000
0.000000
0.000000
0.000000
0.000000
0.000000
0.000000
0.000000
0.000000
0.000000
0.000000
0.000000
0.000000
0.000000
0.000000
0.000000
0.000000
0.000000
0.000000
0.000000
0.000000
0.000000
0.000000
0.000000
0.000000
0.000000
0.000000
0.000000
0.000000
0.000000
0.000000
0.000000
0.000000
0.000000
0.000000
0.000000
0.000000
0.000000
0.000000
0.000000
0.000000
0.000000
0.000000
0.000000
0.000000
0.000000
0.000000
0.000000
0.000000
0.000000
0.000000
0.000000
0.000000
0.000000
0.000000
0.000000
0.000000
0.000000
0.000000
0.000000
0.000000
0.000000
0.000000
0.000000
0.000000
0.000000
0.000000
0.000000
0.000000
0.000000
0.000000
0.000000
0.000000
0.000000
0.000000
0.000000
0.000000
0.000000
0.000000
0.000000
0.000000
0.000000
0.000000
0.000000
0.000000
0.000000
0.000000
0.000000
0.000000
0.000000
0.000000
0.000000
0.000000
0.000000
0.000000
0.000000
0.000000
0.000000
0.000000
0.000000
0.000000
0.000000
0.000000
0.000000
0.000000
0.000000
0.000000
0.000000
0.000000
0.000000
0.000000
0.000000
0.000000
0.000000
0.000000
0.000000
0.000000
0.000000
0.000000
0.000000
0.000000
0.000000
0.000000
0.000000
0.000000
0.000000
0.000000
0.000000
0.000000
0.000000
0.000000
0.000000
0.000000
0.000000
0.000000
0.000000
0.000000
0.000000
0.000000
0.000000
0.000000
0.000000
0.000000
0.000000
0.000000
0.000000
0.000000
0.000000
0.000000
0.000000
0.000000
0.000000
0.000000
0.000000
0.000000
0.000000
0.000000
0.000000
0.000000
0.000000
0.000000
0.000000
0.000000
0.000000
0.000000
0.000000
0.000000
0.000000
0.000000
0.000000
0.000000
0.000000
0.000000
0.000000
0.000000
0.000000
0.000000
0.000000
0.000000
0.000000
0.000000
0.000000
0.000000
0.000000
0.000000
0.000000
0.000000
0.000000
0.000000
0.000000
0.000000
0.000000
0.000000
0.000000
0.000000
0.000000
0.000000
0.000000
0.000000
0.000000
0.000000
0.000000
0.000000
0.000000
0.000000
0.000000
0.000000
0.000000
0.000000
0.000000
0.000000
0.000000
0.000000
0.000000
0.000000
0.000000
0.000000
0.000000
0.000000
0.000000
0.000000
0.000000
0.000000
0.000000
0.000000
0.000000
0.000000
0.000000
0.000000
0.000000
0.000000
0.000000
0.000000
0.000000
0.000000
0.000000
0.000000
0.000000
0.000000
0.000000
0.000000
0.000000
0.000000
0.000000
0.000000
0.000000
0.000000
0.000000
0.000000
0.000000
0.000000
0.000000
0.000000
0.000000
0.000000
0.000000
0.000000
0.000000
0.000000
0.000000
0.000000
0.000000
0.000000
0.000000
0.000000
0.000000
0.000000
0.000000
0.000000
0.000000
0.000000
0.000000
0.000000
0.000000
0.000000
0.000000
0.000000
0.000000
0.000000
0.000000
0.000000
0.000000
0.000000
0.000000
0.000000
0.000000
0.000000
0.000000
0.000000
0.000000
0.000000
0.000000
0.000000
0.000000
0.000000
0.000000
0.000000
0.000000
0.000000
0.000000
0.000000
0.000000
0.000000
0.000000
0.000000
0.000000
0.000000
0.000000
0.000000
0.000000
0.000000
0.000000
0.000000
0.000000
0.000000
0.000000
0.000000
0.000000
0.000000
0.000000
0.000000
0.000000
0.000000
0.000000
0.000000
0.000000
0.000000
0.000000
0.000000
0.000000
0.000000
0.000000
0.000000
0.000000
0.000000
0.000000
0.000000
0.000000
0.000000
0.000000
0.000000
0.000000
0.000000
0.000000
0.000000
0.000000
0.000000
0.000000
0.000000
0.000000
0.000000
0.000000
0.000000
0.000000
0.000000
0.000000
0.000000
0.000000
0.000000
0.000000
0.000000
0.000000
0.000000
0.000000
0.000000
0.000000
0.000000
0.000000
0.000000
0.000000
0.000000
0.000000
0.000000
0.000000
0.000000
0.000000
0.000000
0.000000
0.000000
0.000000
0.000000
0.000000
0.000000
0.000000
0.000000
0.000000
0.000000
0.000000
0.000000
0.000000
0.000000
0.000000
0.000000
0.000000
0.000000
0.000000
0.000000
0.000000
0.000000
0.000000
0.000000
0.000000
0.000000
0.000000
0.000000
0.000000
0.000000
0.000000
0.000000
0.000000
0.000000
0.000000
0.000000
0.000000
0.000000
0.000000
0.000000
0.000000
0.000000
0.000000
0.000000
0.000000
0.000000
0.000000
0.000000
0.000000
0.000000
0.000000
0.000000
0.000000
0.000000
0.000000
0.000000
0.000000
0.000000
0.000000
0.000000
0.000000
0.000000
0.000000
0.000000
0.000000
0.000000
0.000000
0.000000
0.000000
0.000000
0.000000
0.000000
0.000000
0.000000
0.000000
0.000000
0.000000
0.000000
0.000000
0.000000
0.000000
0.000000
0.000000
0.000000
0.000000
0.000000
0.000000
0.000000
0.000000
0.000000
0.000000
0.000000
0.000000
0.000000
0.000000
0.000000
0.000000
0.000000
0.000000
0.000000
0.000000
0.000000
0.000000
0.000000
0.000000
0.000000
0.000000
0.000000
0.000000
0.000000
0.000000
0.000000
0.000000
0.000000
0.000000
0.000000
0.000000
0.000000
0.000000
0.000000
0.000000
0.000000
0.000000
0.000000
0.000000
0.000000
0.000000
0.000000
0.000000
0.000000
0.000000
0.000000
0.000000
0.000000
0.000000
0.000000
0.000000
0.000000
0.000000
0.000000
0.000000
0.000000
0.000000
0.000000
0.000000
0.000000
0.000000
0.000000
0.000000
0.000000
0.000000
0.000000
0.000000
0.000000
0.000000
0.000000
0.000000
0.000000
0.000000
0.000000
0.000000
0.000000
0.000000
0.000000
0.000000
0.000000
0.000000
0.000000
0.000000
0.000000
0.000000
0.000000
0.000000
0.000000
0.000000
0.000000
0.000000
0.000000
0.000000
0.000000
0.000000
0.000000
0.000000
0.000000
0.000000
0.000000
0.000000
0.000000
0.000000
0.000000
0.000000
0.000000
0.000000
0.000000
0.000000
0.000000
0.000000
0.000000
0.000000
0.000000
0.000000
0.000000
0.000000
0.000000
0.000000
0.000000
0.000000
0.000000
0.000000
0.000000
0.000000
0.000000
0.000000
0.000000
0.000000
0.000000
0.000000
0.000000
0.000000
0.000000
0.000000
0.000000
0.000000
0.000000
0.000000
0.000000
0.000000
0.000000
0.000000
0.000000
0.000000
0.000000
0.000000
0.000000
0.000000
0.000000
0.000000
0.000000
0.000000
0.000000
0.000000
0.000000
0.000000
0.000000
0.000000
0.000000
0.000000
0.000000
0.000000
0.000000
0.000000
0.000000
0.000000
0.000000
0.000000
0.000000
0.000000
0.000000
0.000000
0.000000
0.000000
0.000000
0.000000
0.000000
0.000000
0.000000
0.000000
0.000000
0.000000
0.000000
0.000000
0.000000
0.000000
0.000000
0.000000
0.000000
0.000000
0.000000
0.000000
0.000000
0.000000
0.000000
0.000000
0.000000
0.000000
0.000000
0.000000
0.000000
0.000000
0.000000
0.000000
0.000000
0.000000
0.000000
0.000000
0.000000
0.000000
0.000000
0.000000
0.000000
0.000000
0.000000
0.000000
0.000000
0.000000
0.000000
0.000000
0.000000
0.000000
0.000000
0.000000
0.000000
0.000000
0.000000
0.000000
0.000000
0.000000
