8.940073
19.650490
30.897573
42.082481
53.797516
63.830555
73.886505
84.207520
94.960480
106.256645
117.477554
129.362747
140.753815
153.110229
163.172729
173.984604
184.727737
195.896301
207.585159
219.234756
230.910522
242.337570
254.818329
267.672150
278.097900
288.356720
301.305420
314.512634
324.581696
335.138336
345.449524
356.425018
366.929291
377.711700
388.503937
399.279785
410.166901
421.947357
435.118561
449.772156
462.864838
473.990845
485.771301
498.111359
510.529938
522.634399
535.763062
546.283630
559.749390
571.713135
584.190674
596.792542
610.016174
622.604919
635.432495
649.182922
659.379578
669.762756
683.896118
696.831726
710.529785
724.866028
739.473816
751.970947
764.585815
778.529358
792.993164
807.394836
821.325317
835.101929
849.284302
863.767700
878.323181
892.760803
906.946472
921.030701
935.386536
949.575439
963.181885
977.099243
990.862732
1004.907715
1018.942871
1032.886475
1046.721924
1060.249756
1074.094971
1086.902954
1100.012085
1113.497559
1126.966553
1139.925049
1153.354736
1166.467041
1179.471313
1192.668701
1205.588013
1218.144043
1229.675781
1241.609985
1254.198608
1266.597534
1279.097900
1291.441284
1303.637329
1315.355713
1326.926758
1338.870850
1350.775635
1362.120850
1373.921021
1385.714722
1397.387329
1408.906006
1420.401855
1431.334717
1442.673462
1453.478760
1464.349487
1475.557251
1486.709473
1497.567139
1508.117188
1518.837402
1529.551025
1540.146973
1550.697021
1561.047485
1571.126221
1584.444702
1597.802490
1611.350098
1621.471436
1634.671997
1647.519287
1660.242188
1672.853882
1685.557129
1698.178589
1710.502197
1722.573853
1734.678345
1746.759888
1758.720337
1770.500732
1782.114258
1793.580444
1805.069580
1816.660278
1828.159424
1839.314819
1850.417969
1861.380493
1872.032104
1882.978149
1893.682129
1904.143799
1914.350342
1924.635376
1934.733887
1945.009033
1957.552124
1969.751343
1981.963745
1993.989624
2005.871582
2017.743652
2029.524170
2041.069092
2052.371582
2063.622070
2074.741455
2085.778809
2096.564453
2107.448242
2118.145508
2128.689209
2139.141113
2149.452393
2159.855225
2169.895020
2179.967285
2191.927979
2203.701904
2215.387939
2226.814941
2244.638184
2255.780518
2266.523682
2277.197998
2287.718506
2298.680908
2309.407959
2319.673096
2330.082520
2340.443115
2350.937744
2361.343994
2372.954346
2383.183838
2393.609619
2404.336182
2414.761963
2424.765381
2435.171387
2445.511963
2456.091309
2466.337402
2476.694580
2486.907471
2497.159668
2507.608154
2517.873535
2529.673828
2540.204102
2550.829590
2561.216064
2571.399658
2581.779541
2592.591064
2603.723877
2614.620605
2625.622070
2636.643066
2648.331787
2658.449951
2668.692383
2680.718262
2692.093018
2702.688965
2713.301025
2724.613281
2736.773438
2747.621582
2759.559082
2771.644043
2784.252197
2794.766113
2806.687256
2817.931152
2829.178223
2841.161377
2852.768311
2864.440674
2875.962646
2887.815186
2900.793457
2913.735596
2927.057617
2940.307373
2953.242920
2966.525635
2976.738525
2987.399658
2997.867920
3008.427979
3019.266113
3029.639404
3040.182861
3050.556152
3061.096436
3071.806641
3082.383057
3093.011719
3103.512695
3113.948242
3124.468750
3135.129883
3145.539307
3156.060059
3166.593994
3176.780762
3187.164062
3197.498047
3207.779541
3217.940186
3231.189941
3244.308838
3257.309814
3270.647949
3283.750488
3296.816650
3309.749023
3322.449219
3334.982666
3347.662842
3360.149902
3372.326416
3384.679443
3396.810059
3408.649658
3420.449707
3432.361328
3444.085938
3455.669922
3467.083740
3478.294678
3489.476318
3500.690430
3511.721680
3522.805176
3533.741455
3544.350342
3554.772705
3565.332764
3575.863281
3586.249756
3596.551025
3606.839111
3619.185791
3631.398193
3643.695557
3655.888184
3668.031738
3679.786133
3691.239258
3702.820068
3714.204834
3725.484619
3736.764160
3747.929443
3758.872559
3769.507568
3779.972412
3790.636963
3801.167236
3813.140869
3823.347168
3833.586182
3843.489258
3853.581299
3863.637207
3875.447266
3887.155762
3898.704102
3910.504150
3922.186523
3933.963623
3945.324707
3956.954590
3968.499512
3980.123047
3991.808838
4003.425537
4014.976807
4026.790283
4038.227051
4049.723145
4061.127441
4072.636475
4084.106201
4095.991455
4106.014160
4116.167969
4126.325195
4136.669434
4147.331055
4158.901855
4170.682129
4182.842285
4194.574219
4206.806641
4219.379395
4229.461426
4240.302734
4251.186523
4261.971680
4272.976562
4283.932617
4295.101074
4306.037109
4317.353027
4328.538086
4340.625977
4353.368652
4365.669434
4377.590332
4389.904297
4402.627441
4415.520020
4425.690430
4437.179199
4448.914062
4459.647949
4472.518066
4485.784180
4496.612305
4508.445801
4520.739746
4533.010742
4543.403809
4554.516602
4566.362793
4579.118652
4593.330566
4605.628418
4616.361328
4627.562500
4638.986816
4650.934082
4662.835449
4675.119629
4686.631836
4698.477539
4710.479980
4722.777344
4735.788086
4748.752930
4760.700195
4773.200684
4786.087402
4800.070312
4813.719238
4826.514160
4839.093262
4851.953613
4865.409180
4879.359375
4893.770508
4907.079102
4920.437012
4934.056641
4948.032715
4962.224609
4976.010742
4989.754395
5003.772949
5018.190918
5033.070312
5043.142578
5057.187500
5071.429199
5085.899414
5100.494629
5110.599609
5120.609375
5134.919434
5149.791992
5164.808594
5175.470215
5185.915527
5200.346680
5214.813477
5224.850098
5234.883301
5249.958984
5264.838379
5279.305664
5294.086914
5308.743652
5323.430176
5337.867676
5352.452637
5367.067383
5381.570312
5396.430176
5410.651855
5424.562500
5438.856445
5452.675293
5466.880371
5481.105469
5494.525391
5508.413086
5522.258301
5535.809082
5549.294922
5562.505371
5575.856445
5589.128906
5602.349609
5615.242188
5627.876953
5640.380371
5652.972656
5665.322754
5677.989746
5690.633789
5702.757812
5714.989746
5726.914062
5738.851562
5751.027832
5762.909668
5774.929199
5786.497070
5798.041992
5809.916992
5821.399414
5832.538574
5843.772461
5854.882324
5865.647949
5876.394043
5887.719727
5898.606445
5909.375977
5920.194336
5930.940918
5941.605469
5952.135742
5962.754883
5973.187500
5983.577148
5993.613281
6003.626953
6013.630371
6026.850586
6040.025391
6052.974121
6064.165527
6076.738281
6089.271484
6102.197266
6114.851562
6127.787109
6140.938965
6154.162109
6164.349121
6177.782227
6188.014648
6198.214844
6208.483398
6218.944824
6229.356934
6239.642090
6250.146484
6260.660645
6271.410645
6281.901367
6292.346680
6303.207520
6313.512207
6323.859375
6334.445312
6344.874023
6355.411133
6365.807617
6376.301758
6386.580566
6396.607422
6406.885742
6416.938477
6430.345215
6444.010742
6457.208008
6470.291016
6483.340820
6496.306152
6507.736328
6520.475586
6533.283691
6545.774414
6558.494141
6570.847168
6583.173828
6595.490723
6607.634277
6619.614258
6631.505859
6643.329102
6655.060547
6666.788574
6678.369141
6689.707520
6700.804199
6712.044922
6723.134766
6734.136719
6745.321289
6756.103516
6766.601074
6777.193359
6787.661621
6797.959961
6808.373047
6818.674805
6828.724121
6841.129395
6853.525391
6865.725098
6877.928223
6889.957031
6901.914062
6913.418945
6925.071777
6936.479004
6947.797852
6959.306641
6970.550293
6981.352051
6992.229004
7002.922852
7013.620117
7024.098145
7034.690430
7045.100098
7055.306152
7065.355469
7077.286621
7089.162109
7100.994141
7112.804199
7124.450195
7135.922852
7147.209473
7158.250977
7169.331055
7169.081055
7179.967773
7190.793457
7201.333984
7211.884277
7222.117188
7233.874512
7244.548828
7254.774902
7265.108887
7275.528320
7285.810059
7296.147461
7306.464844
7316.674316
7327.106934
7337.388672
7347.602051
7357.703613
7368.116211
7378.627441
7389.321289
7400.021484
7411.003418
7422.194824
7433.526855
7445.084473
7456.795898
7468.344238
7478.373535
7489.132812
7501.312012
7512.592285
7523.360840
7535.046875
7547.317871
7557.985352
7568.185059
7580.182129
7590.640625
7601.642578
7612.595215
7623.544434
7634.303711
7645.308594
7656.660645
7669.042480
7682.177246
7694.969238
7706.975586
7719.263184
7731.767090
7744.382324
7754.683594
7765.485840
7776.716309
7789.498047
7802.496094
7815.664062
7825.916504
7837.441895
7850.485840
7864.020508
7875.473633
7885.666992
7895.978027
7907.784668
7920.834473
7934.820312
7949.117188
7959.523438
7970.659180
7982.092773
7994.246094
8006.042969
8017.214844
8028.671387
8040.343750
8052.255371
8064.258301
8076.418457
8088.162598
8100.496094
8112.656250
8125.562500
8139.159180
8152.569336
8164.984863
8177.436523
8190.457031
8203.772461
8218.056641
8232.742188
8246.004883
8259.265625
8269.936523
8283.352539
8297.535156
8311.294922
8324.862305
8338.999023
8349.767578
8364.279297
8377.990234
8392.279297
8406.768555
8421.595703
8436.370117
8450.892578
8465.375977
8479.817383
8494.795898
8504.972656
8519.495117
8534.014648
8548.811523
8563.297852
8573.337891
8587.601562
8601.558594
8615.933594
8630.060547
8644.632812
8658.940430
8672.979492
8687.142578
8701.328125
8715.594727
8729.767578
8743.073242
8756.997070
8770.394531
8781.899414
8795.295898
8808.555664
8822.106445
8835.789062
8848.744141
8821.086914
8834.005859
8847.196289
8860.213867
8873.094727
8886.003906
8899.007812
8911.331055
8923.775391
8935.771484
8948.311523
8960.775391
8973.219727
8985.203125
8997.062500
9008.754883
9020.601562
9031.904297
9043.523438
9055.140625
9066.511719
9077.906250
9089.097656
9100.355469
9111.101562
9122.174805
9133.130859
9144.205078
9155.085938
9165.624023
9176.071289
9188.519531
9198.686523
9209.249023
9219.498047
9229.848633
9240.096680
9250.277344
9260.313477
9273.573242
9286.597656
9299.474609
9312.162109
9324.650391
9336.920898
9349.178711
9361.230469
9373.213867
9385.131836
9415.959961
9429.107422
9440.237305
9451.212891
9462.074219
9472.895508
9483.752930
9494.476562
9504.948242
9515.445312
9525.893555
9536.306641
9546.536133
9556.751953
9566.898438
9577.062500
9587.161133
9599.596680
9612.120117
9624.571289
9634.679688
9647.026367
9657.042969
9667.072266
9677.160156
9687.206055
9699.631836
9711.797852
9724.055664
9736.245117
9748.572266
9760.857422
9773.109375
9785.142578
9797.417969
9809.666992
9822.072266
9834.410156
9846.530273
9858.768555
9870.831055
9882.895508
9895.228516
9907.384766
9919.699219
9931.970703
9944.188477
9956.491211
9968.656250
9980.855469
9993.026367
10005.386719
10017.772461
10030.038086
10042.064453
10054.119141
10066.311523
10078.572266
10090.983398
10103.231445
10115.539062
10127.496094
10139.862305
10152.136719
10164.356445
10176.581055
10188.733398
10201.122070
10213.148438
10225.468750
10237.658203
10249.831055
10262.219727
10274.409180
10286.749023
10298.775391
10310.965820
10323.119141
10335.402344
10347.808594
10360.043945
10372.168945
10384.177734
10396.412109
10408.658203
10420.897461
10433.234375
10445.342773
10457.518555
10469.635742
10482.015625
10494.242188
10506.449219
10518.556641
10530.850586
10543.049805
10555.208984
10567.378906
10579.696289
10591.870117
10604.115234
10616.491211
10628.563477
10640.631836
10652.786133
10665.132812
10677.593750
10689.806641
10702.031250
10713.935547
10726.308594
10738.534180
10750.790039
10763.147461
10775.363281
10787.664062
10799.687500
10811.961914
10824.083008
10836.125000
10848.503906
10860.739258
10873.040039
10885.262695
10897.311523
10909.474609
10921.794922
10934.138672
10946.518555
10958.697266
10970.641602
10982.762695
10995.083984
11007.358398
11019.667969
11031.864258
11043.849609
11056.048828
11068.340820
11080.648438
11092.880859
11104.989258
11117.463867
11129.565430
11141.680664
11153.887695
11166.074219
11178.230469
11190.596680
11202.903320
11215.096680
11226.964844
11239.406250
11251.570312
11263.936523
11276.302734
11288.462891
11299.359375
11311.441406
11323.791016
11336.137695
11348.526367
11360.869141
11373.016602
11385.164062
11397.474609
11409.670898
11421.870117
11434.147461
11446.435547
11458.794922
11470.873047
11482.845703
11495.029297
11507.211914
11519.582031
11532.072266
11544.261719
11556.153320
11568.307617
11580.533203
11592.893555
11605.148438
11617.442383
11629.534180
11641.674805
11654.019531
11666.417969
11678.627930
11690.821289
11703.198242
11715.472656
11727.459961
11739.833984
11752.026367
11764.352539
11776.663086
11789.094727
11799.193359
11811.679688
11821.902344
11832.236328
11842.865234
11853.662109
11864.470703
11875.468750
11886.258789
11897.750977
11909.475586
11921.034180
11932.756836
11944.811523
11956.818359
11968.870117
11981.083008
11993.651367
12006.023438
12018.651367
12031.204102
12043.380859
12055.862305
12068.301758
12080.825195
12093.283203
12105.564453
12117.531250
12129.808594
12142.028320
12154.145508
12166.217773
12178.040039
12189.742188
12201.365234
12212.890625
12224.573242
12236.187500
12247.590820
12258.801758
12269.875977
12280.953125
12291.925781
12302.993164
12313.875977
12324.655273
12334.973633
12345.211914
12355.598633
12365.853516
12388.362305
12398.490234
12408.594727
12419.717773
12432.168945
12444.666992
12457.066406
12469.118164
12480.953125
12492.478516
12503.946289
12515.501953
12526.722656
12537.897461
12548.860352
12559.649414
12570.144531
12580.674805
12591.313477
12601.752930
12612.083984
12622.224609
12632.295898
12643.912109
12655.764648
12667.302734
12678.804688
12690.086914
12701.222656
12712.084961
12722.958984
12733.702148
12744.443359
12755.150391
12765.785156
12784.579102
12795.166016
12805.719727
12817.090820
12828.036133
12839.625977
12849.933594
12861.612305
12873.314453
12884.000977
12894.916992
12905.454102
12916.291992
12928.753906
12941.100586
12952.734375
12964.671875
12975.074219
12985.293945
12996.043945
13007.490234
13018.159180
13028.601562
13039.432617
13050.454102
13061.894531
13073.671875
13086.417969
13098.211914
13110.535156
13122.950195
13135.696289
13148.097656
13158.231445
13169.374023
13179.590820
13189.898438
13203.390625
13214.055664
13224.848633
13236.769531
13248.147461
13259.116211
13269.753906
13280.778320
13291.845703
13303.233398
13315.088867
13327.134766
13338.218750
13349.288086
13360.403320
13371.540039
13383.090820
13394.589844
13405.873047
13417.273438
13428.179688
13439.544922
13450.743164
13461.833984
13472.777344
13483.837891
13494.777344
13507.249023
13518.453125
13529.461914
13540.381836
13551.488281
13562.323242
13573.059570
13583.901367
13594.657227
13605.207031
13615.766602
13626.248047
13636.846680
13647.255859
13657.570312
13667.806641
13677.924805
13688.127930
13698.331055
13711.659180
13724.846680
13738.027344
13751.142578
13763.784180
13776.592773
13789.337891
13801.812500
13814.228516
13826.591797
13838.754883
13850.675781
13862.586914
13874.364258
13887.262695
13898.739258
13910.545898
13922.109375
13933.582031
13944.808594
13956.005859
13967.354492
13978.100586
13988.686523
13999.066406
14009.649414
14020.202148
14030.916016
14041.453125
14051.708008
14064.214844
14074.270508
14086.583984
14098.995117
14111.237305
14123.118164
14134.691406
14146.354492
14157.847656
14169.270508
14180.772461
14191.842773
14202.666992
14213.498047
14224.201172
14234.928711
14245.557617
14256.084961
14266.266602
14276.401367
14286.461914
14290.260742
14302.194336
14314.199219
14325.767578
14337.443359
14349.177734
14361.059570
14372.853516
14384.428711
14395.650391
14407.103516
14418.781250
14430.610352
14442.234375
14453.808594
14465.314453
14476.967773
14488.454102
14500.198242
14511.192383
14522.829102
14534.517578
14544.999023
14555.021484
14566.562500
14578.130859
14589.928711
14600.060547
14610.374023
14620.708008
14631.068359
14642.475586
14654.062500
14665.447266
14677.397461
14688.310547
14700.136719
14710.693359
14720.907227
14731.188477
14741.626953
14752.148438
14763.123047
14774.280273
14785.377930
14796.742188
14808.114258
14819.525391
14830.716797
14840.889648
14854.044922
14866.505859
14878.819336
14891.215820
14903.527344
14914.054688
14925.141602
14935.976562
14946.775391
14959.988281
14973.224609
14986.758789
14997.125977
15008.087891
15019.577148
15031.563477
15042.852539
15052.973633
15063.975586
15075.297852
15087.072266
15099.337891
15111.321289
15122.594727
15133.698242
15145.049805
15156.391602
15168.205078
15179.645508
15190.977539
15202.166016
15213.681641
15225.125000
15236.967773
15248.604492
15260.129883
15270.206055
15283.792969
15295.262695
15306.381836
15317.753906
15329.034180
15340.068359
15351.237305
15362.641602
15373.673828
15384.426758
15395.323242
15406.217773
15417.009766
15427.752930
15438.483398
15449.445312
15459.749023
15470.796875
15481.108398
15491.694336
15502.071289
15512.526367
15522.797852
15533.305664
15543.486328
15556.732422
15569.959961
15580.042969
15593.299805
15606.491211
15619.401367
15631.675781
15644.101562
15656.622070
15669.066406
15681.428711
15693.650391
15705.228516
15716.957031
15728.459961
15739.952148
15751.764648
15763.408203
15774.570312
15785.706055
15796.681641
15807.732422
15818.819336
15829.709961
15840.384766
15850.718750
15861.075195
15871.381836
15881.748047
15891.991211
15902.125000
15912.301758
15924.295898
15936.132812
15948.293945
15960.323242
15972.198242
15983.900391
15995.289062
16006.490234
16017.590820
16028.861328
16045.011719
16056.170898
16066.936523
16076.993164
16087.317383
16097.467773
16107.900391
16118.290039
16128.431641
16140.251953
16152.033203
16163.852539
16175.779297
16187.630859
16199.187500
16210.900391
16222.689453
16234.473633
16246.250977
16257.726562
16269.327148
16280.838867
16291.096680
16301.750977
16312.264648
16322.540039
16333.201172
16343.875000
16354.873047
16365.891602
16376.795898
16387.437500
16398.314453
16409.125000
16419.697266
16430.474609
16441.537109
16452.238281
16462.593750
16472.708984
16482.826172
16493.150391
16503.468750
16513.644531
16523.847656
16534.095703
16544.121094
16554.228516
16564.687500
16575.324219
16586.083984
16597.021484
16608.037109
16619.226562
16630.369141
16641.535156
16652.398438
16663.501953
16674.457031
16685.533203
16696.498047
16707.554688
16718.333984
16729.126953
16739.925781
16750.441406
16760.949219
16771.408203
16783.404297
16793.406250
16803.541016
16813.873047
16824.056641
16834.193359
16845.755859
16857.458984
16869.214844
16881.207031
16891.236328
16901.240234
16913.066406
16923.251953
16933.507812
16944.187500
16954.878906
16965.675781
16976.207031
16987.558594
16998.927734
17010.083984
17021.224609
17032.203125
17043.220703
17054.085938
17065.273438
17076.056641
17086.900391
17097.626953
17108.359375
17118.544922
17128.933594
17139.181641
17149.369141
17159.474609
17169.654297
17179.832031
17190.035156
17200.380859
17210.587891
17221.009766
17231.695312
17242.464844
17253.464844
17264.498047
17275.488281
17286.689453
17297.792969
17308.730469
17319.984375
17331.041016
17342.134766
17352.992188
17363.679688
17374.273438
17384.914062
17395.462891
17406.125000
17416.675781
17426.894531
17438.804688
17448.935547
17458.951172
17469.017578
17479.083984
17489.197266
17500.503906
17512.259766
17524.158203
17534.244141
17544.505859
17555.169922
17565.796875
17577.150391
17588.156250
17599.322266
17610.550781
17621.582031
17632.642578
17644.029297
17655.302734
17666.578125
17677.531250
17688.621094
17699.537109
17710.064453
17720.800781
17731.763672
17742.546875
17753.232422
17763.675781
17774.189453
17784.527344
17794.652344
17804.990234
17815.191406
17825.582031
17836.500000
17847.496094
17858.742188
17869.875000
17880.904297
17892.222656
17903.533203
17915.082031
17926.800781
17938.179688
17949.617188
17960.566406
17971.738281
17982.832031
17994.074219
18005.287109
18016.179688
18026.519531
18037.244141
18047.750000
18058.507812
18069.164062
18079.521484
18091.236328
18101.345703
18111.503906
18121.556641
18133.552734
18143.691406
18153.937500
18164.525391
18175.281250
18186.283203
18197.121094
18208.123047
18219.097656
18230.203125
18241.353516
18252.712891
18264.089844
18274.955078
18285.882812
18296.914062
18307.806641
18318.888672
18329.798828
18340.599609
18351.132812
18361.531250
18371.693359
18382.074219
18392.369141
18404.478516
18414.564453
18424.609375
18435.060547
18445.421875
18455.785156
18466.462891
18477.304688
18488.238281
18499.570312
18511.056641
18522.531250
18534.162109
18544.955078
18556.158203
18567.228516
18578.787109
18590.154297
18601.375000
18612.224609
18622.904297
18634.095703
18644.910156
18655.755859
18666.187500
18676.638672
18686.960938
18697.353516
18707.580078
18717.742188
18727.767578
18739.587891
18751.490234
18763.425781
18773.476562
18783.695312
18795.574219
18805.687500
18816.197266
18826.927734
18838.417969
18849.796875
18861.058594
18872.785156
18884.824219
18896.806641
18908.914062
18918.998047
18931.044922
18943.343750
18955.500000
18967.724609
18977.722656
18990.248047
19002.599609
19014.826172
19026.628906
19038.576172
19048.632812
19058.699219
19071.179688
19083.658203
19095.988281
19108.011719
19119.974609
19131.892578
19143.734375
19155.792969
19166.009766
19176.548828
19187.869141
19199.580078
19210.962891
19222.402344
19233.767578
19245.013672
19255.833984
19266.697266
19277.406250
19288.140625
19298.646484
19309.023438
19320.994141
19331.146484
19341.160156
19351.300781
19361.443359
19371.472656
19383.111328
19393.408203
19403.648438
19414.376953
19425.181641
19436.669922
19448.183594
19460.400391
19472.603516
19484.525391
19496.714844
19506.718750
19518.996094
19531.367188
19543.566406
19555.820312
19568.169922
19580.542969
19592.623047
19604.998047
19615.005859
19627.298828
19639.679688
19652.142578
19664.398438
19676.460938
19688.265625
19699.990234
19711.806641
19723.759766
19735.455078
19746.853516
19758.529297
19769.578125
19780.964844
19792.195312
19803.333984
19814.294922
19825.203125
19835.634766
19846.181641
19856.826172
19867.298828
19877.648438
19888.076172
19899.878906
19911.615234
19923.490234
19935.443359
19945.546875
19957.378906
19967.619141
19977.962891
19988.390625
19999.179688
20010.257812
20021.769531
20033.189453
20045.072266
20056.978516
20069.146484
20081.115234
20093.027344
20104.996094
20117.287109
20129.679688
20141.951172
20154.117188
20166.433594
20178.445312
20190.740234
20203.076172
20215.312500
20227.656250
20239.841797
20252.166016
20264.267578
20275.771484
20287.505859
20299.199219
20311.091797
20322.593750
20333.951172
20345.212891
20356.523438
20367.632812
20378.574219
20389.855469
20400.996094
20411.806641
20422.113281
20432.605469
20443.199219
20453.802734
20464.195312
20476.136719
20486.154297
20496.406250
20506.496094
20516.945312
20527.380859
20537.708984
20548.548828
20559.931641
20571.437500
20583.177734
20594.832031
20606.419922
20618.820312
20631.146484
20642.863281
20654.992188
20666.988281
20678.767578
20690.423828
20702.406250
20714.167969
20726.025391
20737.562500
20748.859375
20760.156250
20771.361328
20782.638672
20793.833984
20804.898438
20815.707031
20826.525391
20837.078125
20847.505859
20857.902344
20868.511719
20878.734375
20888.869141
20898.962891
20908.964844
20920.482422
20931.917969
20943.419922
20954.759766
20965.794922
20976.437500
20987.589844
20998.332031
21009.123047
21019.787109
21030.308594
21041.005859
21051.281250
21061.857422
21072.162109
21082.765625
21094.302734
21104.599609
21114.865234
21125.263672
21135.458984
21146.347656
21157.664062
21168.355469
21180.250000
21190.400391
21201.789062
21211.806641
21223.541016
21235.636719
21246.367188
21256.751953
21267.052734
21277.458984
21288.033203
21298.726562
21309.494141
21320.111328
21330.609375
21340.656250
21350.851562
21361.306641
21371.441406
21381.736328
21391.873047
21403.679688
21415.126953
21426.640625
21437.982422
21449.451172
21460.765625
21471.923828
21482.515625
21493.234375
21504.025391
21514.923828
21525.751953
0.000000
0.000000
0.000000
0.000000
0.000000
0.000000
0.000000
0.000000
0.000000
0.000000
0.000000
0.000000
0.000000
0.000000
0.000000
0.000000
0.000000
0.000000
0.000000
0.000000
0.000000
0.000000
0.000000
0.000000
0.000000
0.000000
0.000000
0.000000
0.000000
0.000000
0.000000
0.000000
0.000000
0.000000
0.000000
0.000000
0.000000
0.000000
0.000000
0.000000
0.000000
0.000000
0.000000
0.000000
0.000000
0.000000
0.000000
0.000000
0.000000
0.000000
0.000000
0.000000
0.000000
0.000000
0.000000
0.000000
0.000000
0.000000
0.000000
0.000000
0.000000
0.000000
0.000000
0.000000
0.000000
0.000000
0.000000
0.000000
0.000000
0.000000
0.000000
0.000000
0.000000
0.000000
0.000000
0.000000
0.000000
0.000000
0.000000
0.000000
0.000000
0.000000
0.000000
0.000000
0.000000
0.000000
0.000000
0.000000
0.000000
0.000000
0.000000
0.000000
0.000000
0.000000
0.000000
0.000000
0.000000
0.000000
0.000000
0.000000
0.000000
0.000000
0.000000
0.000000
0.000000
0.000000
0.000000
0.000000
0.000000
0.000000
0.000000
0.000000
0.000000
0.000000
0.000000
0.000000
0.000000
0.000000
0.000000
0.000000
0.000000
0.000000
0.000000
0.000000
0.000000
0.000000
0.000000
0.000000
0.000000
0.000000
0.000000
0.000000
0.000000
0.000000
0.000000
0.000000
0.000000
0.000000
0.000000
0.000000
0.000000
0.000000
0.000000
0.000000
0.000000
0.000000
0.000000
0.000000
0.000000
0.000000
0.000000
0.000000
0.000000
0.000000
0.000000
0.000000
0.000000
0.000000
0.000000
0.000000
0.000000
0.000000
0.000000
0.000000
0.000000
0.000000
0.000000
0.000000
0.000000
0.000000
0.000000
0.000000
0.000000
0.000000
0.000000
0.000000
0.000000
0.000000
0.000000
0.000000
0.000000
0.000000
0.000000
0.000000
0.000000
0.000000
0.000000
0.000000
0.000000
0.000000
0.000000
0.000000
0.000000
0.000000
0.000000
0.000000
0.000000
0.000000
0.000000
0.000000
0.000000
0.000000
0.000000
0.000000
0.000000
0.000000
0.000000
0.000000
0.000000
0.000000
0.000000
0.000000
0.000000
0.000000
0.000000
0.000000
0.000000
0.000000
0.000000
0.000000
0.000000
0.000000
0.000000
0.000000
0.000000
0.000000
0.000000
0.000000
0.000000
0.000000
0.000000
0.000000
0.000000
0.000000
0.000000
0.000000
0.000000
0.000000
0.000000
0.000000
0.000000
0.000000
0.000000
0.000000
0.000000
0.000000
0.000000
0.000000
0.000000
0.000000
0.000000
0.000000
0.000000
0.000000
0.000000
0.000000
0.000000
0.000000
0.000000
0.000000
0.000000
0.000000
0.000000
0.000000
0.000000
0.000000
0.000000
0.000000
0.000000
0.000000
0.000000
0.000000
0.000000
0.000000
0.000000
0.000000
0.000000
0.000000
0.000000
0.000000
0.000000
0.000000
0.000000
0.000000
0.000000
0.000000
0.000000
0.000000
0.000000
0.000000
0.000000
0.000000
0.000000
0.000000
0.000000
0.000000
0.000000
0.000000
0.000000
0.000000
0.000000
0.000000
0.000000
0.000000
0.000000
0.000000
0.000000
0.000000
0.000000
0.000000
0.000000
0.000000
0.000000
0.000000
0.000000
0.000000
0.000000
0.000000
0.000000
0.000000
0.000000
0.000000
0.000000
0.000000
0.000000
0.000000
0.000000
0.000000
0.000000
0.000000
0.000000
0.000000
0.000000
0.000000
0.000000
0.000000
0.000000
0.000000
0.000000
0.000000
0.000000
0.000000
0.000000
0.000000
0.000000
0.000000
0.000000
0.000000
0.000000
0.000000
0.000000
0.000000
0.000000
0.000000
0.000000
0.000000
0.000000
0.000000
0.000000
0.000000
0.000000
0.000000
0.000000
0.000000
0.000000
0.000000
0.000000
0.000000
0.000000
0.000000
0.000000
0.000000
0.000000
0.000000
0.000000
0.000000
0.000000
0.000000
0.000000
0.000000
0.000000
0.000000
0.000000
0.000000
0.000000
0.000000
0.000000
0.000000
0.000000
0.000000
0.000000
0.000000
0.000000
0.000000
0.000000
0.000000
0.000000
0.000000
0.000000
0.000000
0.000000
0.000000
0.000000
0.000000
0.000000
0.000000
0.000000
0.000000
0.000000
0.000000
0.000000
0.000000
0.000000
0.000000
0.000000
0.000000
0.000000
0.000000
0.000000
0.000000
0.000000
0.000000
0.000000
0.000000
0.000000
0.000000
0.000000
0.000000
0.000000
0.000000
0.000000
0.000000
0.000000
0.000000
0.000000
0.000000
0.000000
0.000000
0.000000
0.000000
0.000000
0.000000
0.000000
0.000000
0.000000
0.000000
0.000000
0.000000
0.000000
0.000000
0.000000
0.000000
0.000000
0.000000
0.000000
0.000000
0.000000
0.000000
0.000000
0.000000
0.000000
0.000000
0.000000
0.000000
0.000000
0.000000
0.000000
0.000000
0.000000
0.000000
0.000000
0.000000
0.000000
0.000000
0.000000
0.000000
0.000000
0.000000
0.000000
0.000000
0.000000
0.000000
0.000000
0.000000
0.000000
0.000000
0.000000
0.000000
0.000000
0.000000
0.000000
0.000000
0.000000
0.000000
0.000000
0.000000
0.000000
0.000000
0.000000
0.000000
0.000000
0.000000
0.000000
0.000000
0.000000
0.000000
0.000000
0.000000
0.000000
0.000000
0.000000
0.000000
0.000000
0.000000
0.000000
0.000000
0.000000
0.000000
0.000000
0.000000
0.000000
0.000000
0.000000
0.000000
0.000000
0.000000
0.000000
0.000000
0.000000
0.000000
0.000000
0.000000
0.000000
0.000000
0.000000
0.000000
0.000000
0.000000
0.000000
0.000000
0.000000
0.000000
0.000000
0.000000
0.000000
0.000000
0.000000
0.000000
0.000000
0.000000
0.000000
0.000000
0.000000
0.000000
0.000000
0.000000
0.000000
0.000000
0.000000
0.000000
0.000000
0.000000
0.000000
0.000000
0.000000
0.000000
0.000000
0.000000
0.000000
0.000000
0.000000
0.000000
0.000000
0.000000
0.000000
0.000000
0.000000
0.000000
0.000000
0.000000
0.000000
0.000000
0.000000
0.000000
0.000000
0.000000
0.000000
0.000000
0.000000
0.000000
0.000000
0.000000
0.000000
0.000000
0.000000
0.000000
0.000000
0.000000
0.000000
0.000000
0.000000
0.000000
0.000000
0.000000
0.000000
0.000000
0.000000
0.000000
0.000000
0.000000
0.000000
0.000000
0.000000
0.000000
0.000000
0.000000
0.000000
0.000000
0.000000
0.000000
0.000000
0.000000
0.000000
0.000000
0.000000
0.000000
0.000000
0.000000
0.000000
0.000000
0.000000
0.000000
0.000000
0.000000
0.000000
0.000000
0.000000
0.000000
0.000000
0.000000
0.000000
0.000000
0.000000
0.000000
0.000000
0.000000
0.000000
0.000000
0.000000
0.000000
0.000000
0.000000
0.000000
0.000000
0.000000
0.000000
0.000000
0.000000
0.000000
0.000000
0.000000
0.000000
0.000000
0.000000
0.000000
0.000000
0.000000
0.000000
0.000000
0.000000
0.000000
0.000000
0.000000
0.000000
0.000000
0.000000
0.000000
0.000000
0.000000
0.000000
0.000000
0.000000
0.000000
0.000000
0.000000
0.000000
0.000000
0.000000
0.000000
0.000000
0.000000
0.000000
0.000000
0.000000
0.000000
0.000000
0.000000
0.000000
0.000000
0.000000
0.000000
0.000000
0.000000
0.000000
0.000000
0.000000
0.000000
0.000000
0.000000
0.000000
0.000000
0.000000
0.000000
0.000000
0.000000
0.000000
0.000000
0.000000
0.000000
0.000000
0.000000
0.000000
0.000000
0.000000
0.000000
0.000000
0.000000
0.000000
0.000000
0.000000
0.000000
0.000000
0.000000
0.000000
0.000000
0.000000
0.000000
0.000000
0.000000
0.000000
0.000000
0.000000
0.000000
0.000000
0.000000
0.000000
0.000000
0.000000
0.000000
0.000000
0.000000
0.000000
0.000000
0.000000
0.000000
0.000000
0.000000
0.000000
0.000000
0.000000
0.000000
0.000000
0.000000
0.000000
0.000000
0.000000
0.000000
0.000000
0.000000
0.000000
0.000000
0.000000
0.000000
0.000000
0.000000
0.000000
0.000000
0.000000
0.000000
0.000000
0.000000
0.000000
0.000000
0.000000
0.000000
0.000000
0.000000
0.000000
0.000000
0.000000
0.000000
0.000000
0.000000
0.000000
0.000000
0.000000
0.000000
0.000000
0.000000
0.000000
0.000000
0.000000
0.000000
0.000000
0.000000
0.000000
0.000000
0.000000
0.000000
0.000000
0.000000
0.000000
0.000000
0.000000
0.000000
0.000000
0.000000
0.000000
0.000000
0.000000
0.000000
0.000000
0.000000
0.000000
0.000000
0.000000
0.000000
0.000000
0.000000
0.000000
0.000000
0.000000
0.000000
0.000000
0.000000
0.000000
0.000000
0.000000
0.000000
0.000000
0.000000
0.000000
0.000000
0.000000
0.000000
0.000000
0.000000
0.000000
0.000000
0.000000
0.000000
0.000000
0.000000
0.000000
0.000000
0.000000
0.000000
0.000000
0.000000
0.000000
0.000000
0.000000
0.000000
0.000000
0.000000
0.000000
0.000000
0.000000
0.000000
0.000000
0.000000
0.000000
0.000000
0.000000
0.000000
0.000000
0.000000
0.000000
0.000000
0.000000
0.000000
0.000000
0.000000
0.000000
0.000000
0.000000
0.000000
0.000000
0.000000
0.000000
0.000000
0.000000
0.000000
0.000000
0.000000
0.000000
0.000000
0.000000
0.000000
0.000000
0.000000
0.000000
0.000000
0.000000
0.000000
0.000000
0.000000
0.000000
0.000000
0.000000
0.000000
0.000000
0.000000
0.000000
0.000000
0.000000
0.000000
0.000000
0.000000
0.000000
0.000000
0.000000
0.000000
0.000000
0.000000
0.000000
0.000000
0.000000
0.000000
0.000000
0.000000
0.000000
0.000000
0.000000
0.000000
0.000000
0.000000
0.000000
0.000000
0.000000
0.000000
0.000000
0.000000
0.000000
0.000000
0.000000
0.000000
0.000000
0.000000
0.000000
0.000000
0.000000
0.000000
0.000000
0.000000
0.000000
0.000000
0.000000
0.000000
0.000000
0.000000
0.000000
0.000000
0.000000
0.000000
0.000000
0.000000
0.000000
0.000000
0.000000
0.000000
0.000000
0.000000
0.000000
0.000000
0.000000
0.000000
0.000000
0.000000
0.000000
0.000000
0.000000
0.000000
0.000000
0.000000
0.000000
0.000000
0.000000
0.000000
0.000000
0.000000
0.000000
0.000000
0.000000
0.000000
0.000000
0.000000
0.000000
0.000000
0.000000
0.000000
0.000000
0.000000
0.000000
0.000000
0.000000
0.000000
0.000000
0.000000
0.000000
0.000000
0.000000
0.000000
0.000000
0.000000
0.000000
0.000000
0.000000
0.000000
0.000000
0.000000
0.000000
0.000000
0.000000
0.000000
0.000000
0.000000
0.000000
0.000000
0.000000
0.000000
0.000000
0.000000
0.000000
0.000000
0.000000
0.000000
0.000000
0.000000
0.000000
0.000000
0.000000
0.000000
0.000000
0.000000
0.000000
0.000000
0.000000
0.000000
0.000000
0.000000
0.000000
0.000000
0.000000
0.000000
0.000000
0.000000
0.000000
0.000000
0.000000
0.000000
0.000000
0.000000
0.000000
0.000000
0.000000
0.000000
0.000000
0.000000
0.000000
0.000000
0.000000
0.000000
0.000000
0.000000
0.000000
0.000000
0.000000
0.000000
0.000000
0.000000
0.000000
0.000000
0.000000
0.000000
0.000000
0.000000
0.000000
0.000000
0.000000
0.000000
0.000000
0.000000
0.000000
0.000000
0.000000
0.000000
0.000000
0.000000
0.000000
0.000000
0.000000
0.000000
0.000000
0.000000
0.000000
0.000000
0.000000
0.000000
0.000000
0.000000
0.000000
0.000000
0.000000
0.000000
0.000000
0.000000
0.000000
0.000000
0.000000
0.000000
0.000000
0.000000
0.000000
0.000000
0.000000
0.000000
0.000000
0.000000
0.000000
0.000000
0.000000
0.000000
0.000000
0.000000
0.000000
0.000000
0.000000
0.000000
0.000000
0.000000
0.000000
0.000000
0.000000
0.000000
0.000000
0.000000
0.000000
0.000000
0.000000
0.000000
0.000000
0.000000
0.000000
0.000000
0.000000
0.000000
0.000000
0.000000
0.000000
0.000000
0.000000
0.000000
0.000000
0.000000
0.000000
0.000000
0.000000
0.000000
0.000000
0.000000
0.000000
0.000000
0.000000
0.000000
0.000000
0.000000
0.000000
0.000000
0.000000
0.000000
0.000000
0.000000
0.000000
0.000000
0.000000
0.000000
0.000000
0.000000
0.000000
0.000000
0.000000
0.000000
0.000000
0.000000
0.000000
0.000000
0.000000
0.000000
0.000000
0.000000
0.000000
0.000000
0.000000
0.000000
0.000000
0.000000
0.000000
0.000000
0.000000
0.000000
0.000000
0.000000
0.000000
0.000000
0.000000
0.000000
0.000000
0.000000
0.000000
0.000000
0.000000
0.000000
0.000000
0.000000
0.000000
0.000000
0.000000
0.000000
0.000000
0.000000
0.000000
0.000000
0.000000
0.000000
0.000000
0.000000
0.000000
0.000000
0.000000
0.000000
0.000000
0.000000
0.000000
0.000000
0.000000
0.000000
0.000000
0.000000
0.000000
0.000000
0.000000
0.000000
0.000000
0.000000
0.000000
0.000000
0.000000
0.000000
0.000000
0.000000
0.000000
0.000000
0.000000
0.000000
0.000000
0.000000
0.000000
0.000000
0.000000
0.000000
0.000000
0.000000
0.000000
0.000000
0.000000
0.000000
0.000000
0.000000
0.000000
0.000000
0.000000
0.000000
0.000000
0.000000
0.000000
0.000000
0.000000
0.000000
0.000000
0.000000
0.000000
0.000000
0.000000
0.000000
0.000000
0.000000
0.000000
0.000000
0.000000
0.000000
0.000000
0.000000
0.000000
0.000000
0.000000
0.000000
0.000000
0.000000
0.000000
0.000000
0.000000
0.000000
0.000000
0.000000
0.000000
0.000000
0.000000
0.000000
0.000000
0.000000
0.000000
0.000000
0.000000
0.000000
0.000000
0.000000
0.000000
0.000000
0.000000
0.000000
0.000000
0.000000
0.000000
0.000000
0.000000
0.000000
0.000000
0.000000
0.000000
0.000000
0.000000
0.000000
0.000000
0.000000
0.000000
0.000000
0.000000
0.000000
0.000000
0.000000
0.000000
0.000000
0.000000
0.000000
0.000000
0.000000
0.000000
0.000000
0.000000
0.000000
0.000000
0.000000
0.000000
0.000000
0.000000
0.000000
0.000000
0.000000
0.000000
0.000000
0.000000
0.000000
0.000000
0.000000
0.000000
0.000000
0.000000
0.000000
0.000000
0.000000
0.000000
0.000000
0.000000
0.000000
0.000000
0.000000
0.000000
0.000000
0.000000
0.000000
0.000000
0.000000
0.000000
0.000000
0.000000
0.000000
0.000000
0.000000
0.000000
0.000000
0.000000
0.000000
0.000000
0.000000
0.000000
0.000000
0.000000
0.000000
0.000000
0.000000
0.000000
0.000000
0.000000
0.000000
0.000000
0.000000
0.000000
0.000000
0.000000
0.000000
0.000000
0.000000
0.000000
0.000000
0.000000
0.000000
0.000000
0.000000
0.000000
0.000000
0.000000
0.000000
0.000000
0.000000
0.000000
0.000000
0.000000
0.000000
0.000000
0.000000
0.000000
0.000000
0.000000
0.000000
0.000000
0.000000
0.000000
0.000000
0.000000
0.000000
0.000000
0.000000
0.000000
0.000000
0.000000
0.000000
0.000000
0.000000
0.000000
0.000000
0.000000
0.000000
0.000000
0.000000
0.000000
0.000000
0.000000
0.000000
0.000000
0.000000
0.000000
0.000000
0.000000
0.000000
0.000000
0.000000
0.000000
0.000000
0.000000
0.000000
0.000000
0.000000
0.000000
0.000000
0.000000
0.000000
0.000000
0.000000
0.000000
0.000000
0.000000
0.000000
0.000000
0.000000
0.000000
0.000000
0.000000
0.000000
0.000000
0.000000
0.000000
0.000000
0.000000
0.000000
0.000000
0.000000
0.000000
0.000000
0.000000
0.000000
0.000000
0.000000
0.000000
0.000000
0.000000
0.000000
0.000000
0.000000
0.000000
0.000000
0.000000
0.000000
0.000000
0.000000
0.000000
0.000000
0.000000
0.000000
0.000000
0.000000
0.000000
0.000000
0.000000
0.000000
0.000000
0.000000
0.000000
0.000000
0.000000
0.000000
0.000000
0.000000
0.000000
0.000000
0.000000
0.000000
0.000000
0.000000
0.000000
0.000000
0.000000
0.000000
0.000000
0.000000
0.000000
0.000000
0.000000
0.000000
0.000000
0.000000
0.000000
0.000000
0.000000
0.000000
0.000000
0.000000
0.000000
0.000000
0.000000
0.000000
0.000000
0.000000
0.000000
0.000000
0.000000
0.000000
0.000000
0.000000
0.000000
0.000000
0.000000
0.000000
0.000000
0.000000
0.000000
0.000000
0.000000
0.000000
0.000000
0.000000
0.000000
0.000000
0.000000
0.000000
0.000000
0.000000
0.000000
0.000000
0.000000
0.000000
0.000000
0.000000
0.000000
0.000000
0.000000
0.000000
0.000000
0.000000
0.000000
0.000000
0.000000
0.000000
0.000000
0.000000
0.000000
0.000000
0.000000
0.000000
0.000000
0.000000
0.000000
0.000000
0.000000
0.000000
0.000000
0.000000
0.000000
0.000000
0.000000
0.000000
0.000000
0.000000
0.000000
0.000000
0.000000
0.000000
0.000000
0.000000
0.000000
0.000000
0.000000
0.000000
0.000000
0.000000
0.000000
0.000000
0.000000
0.000000
0.000000
0.000000
0.000000
0.000000
0.000000
0.000000
0.000000
0.000000
0.000000
0.000000
0.000000
0.000000
0.000000
0.000000
0.000000
0.000000
0.000000
0.000000
0.000000
0.000000
0.000000
0.000000
0.000000
0.000000
0.000000
0.000000
0.000000
0.000000
0.000000
0.000000
0.000000
0.000000
0.000000
0.000000
0.000000
0.000000
0.000000
0.000000
0.000000
0.000000
0.000000
0.000000
0.000000
0.000000
0.000000
0.000000
0.000000
0.000000
0.000000
0.000000
0.000000
0.000000
0.000000
0.000000
0.000000
0.000000
0.000000
0.000000
0.000000
0.000000
0.000000
0.000000
0.000000
0.000000
0.000000
0.000000
0.000000
0.000000
0.000000
0.000000
0.000000
0.000000
0.000000
0.000000
0.000000
0.000000
0.000000
0.000000
0.000000
0.000000
0.000000
0.000000
0.000000
0.000000
0.000000
0.000000
0.000000
0.000000
0.000000
0.000000
0.000000
0.000000
0.000000
0.000000
0.000000
0.000000
0.000000
0.000000
0.000000
0.000000
0.000000
0.000000
0.000000
0.000000
0.000000
0.000000
0.000000
0.000000
0.000000
0.000000
0.000000
0.000000
0.000000
0.000000
0.000000
0.000000
0.000000
0.000000
0.000000
0.000000
0.000000
0.000000
0.000000
0.000000
0.000000
0.000000
0.000000
0.000000
0.000000
0.000000
0.000000
0.000000
0.000000
0.000000
0.000000
0.000000
0.000000
0.000000
0.000000
0.000000
0.000000
0.000000
0.000000
0.000000
0.000000
0.000000
0.000000
0.000000
0.000000
0.000000
0.000000
0.000000
0.000000
0.000000
0.000000
0.000000
0.000000
0.000000
0.000000
0.000000
0.000000
0.000000
0.000000
0.000000
0.000000
0.000000
0.000000
0.000000
0.000000
0.000000
0.000000
0.000000
0.000000
0.000000
0.000000
0.000000
0.000000
0.000000
0.000000
0.000000
0.000000
0.000000
0.000000
0.000000
0.000000
0.000000
0.000000
0.000000
0.000000
0.000000
0.000000
0.000000
0.000000
0.000000
0.000000
0.000000
0.000000
0.000000
0.000000
0.000000
0.000000
0.000000
0.000000
0.000000
0.000000
0.000000
0.000000
0.000000
0.000000
0.000000
0.000000
0.000000
0.000000
0.000000
0.000000
0.000000
0.000000
0.000000
0.000000
0.000000
0.000000
0.000000
0.000000
0.000000
0.000000
0.000000
0.000000
0.000000
0.000000
0.000000
0.000000
0.000000
0.000000
0.000000
0.000000
0.000000
0.000000
0.000000
0.000000
0.000000
0.000000
0.000000
0.000000
0.000000
0.000000
0.000000
0.000000
0.000000
0.000000
0.000000
0.000000
0.000000
0.000000
0.000000
0.000000
0.000000
0.000000
0.000000
0.000000
0.000000
0.000000
0.000000
0.000000
0.000000
0.000000
0.000000
0.000000
0.000000
0.000000
0.000000
0.000000
0.000000
0.000000
0.000000
0.000000
0.000000
0.000000
0.000000
0.000000
0.000000
0.000000
0.000000
0.000000
0.000000
0.000000
0.000000
0.000000
0.000000
0.000000
0.000000
0.000000
0.000000
0.000000
0.000000
0.000000
0.000000
0.000000
0.000000
0.000000
0.000000
0.000000
0.000000
0.000000
0.000000
0.000000
0.000000
0.000000
0.000000
0.000000
0.000000
0.000000
0.000000
0.000000
0.000000
0.000000
0.000000
0.000000
0.000000
0.000000
0.000000
0.000000
0.000000
0.000000
0.000000
0.000000
0.000000
0.000000
0.000000
0.000000
0.000000
0.000000
0.000000
0.000000
0.000000
0.000000
0.000000
0.000000
0.000000
0.000000
0.000000
0.000000
0.000000
0.000000
0.000000
0.000000
0.000000
0.000000
0.000000
0.000000
0.000000
0.000000
0.000000
0.000000
0.000000
0.000000
0.000000
0.000000
0.000000
0.000000
0.000000
0.000000
0.000000
0.000000
0.000000
0.000000
0.000000
0.000000
0.000000
0.000000
0.000000
0.000000
0.000000
0.000000
0.000000
0.000000
0.000000
0.000000
0.000000
0.000000
0.000000
0.000000
0.000000
0.000000
0.000000
0.000000
0.000000
0.000000
0.000000
0.000000
0.000000
0.000000
0.000000
0.000000
0.000000
0.000000
0.000000
0.000000
0.000000
0.000000
0.000000
0.000000
0.000000
0.000000
0.000000
0.000000
0.000000
0.000000
0.000000
0.000000
0.000000
0.000000
0.000000
0.000000
0.000000
0.000000
0.000000
0.000000
0.000000
0.000000
0.000000
0.000000
0.000000
0.000000
0.000000
0.000000
0.000000
0.000000
0.000000
0.000000
0.000000
0.000000
0.000000
0.000000
0.000000
0.000000
0.000000
0.000000
0.000000
0.000000
0.000000
0.000000
0.000000
0.000000
0.000000
0.000000
0.000000
0.000000
0.000000
0.000000
0.000000
0.000000
0.000000
0.000000
0.000000
0.000000
0.000000
0.000000
0.000000
0.000000
0.000000
0.000000
0.000000
0.000000
0.000000
0.000000
0.000000
0.000000
0.000000
0.000000
0.000000
0.000000
0.000000
0.000000
0.000000
0.000000
0.000000
0.000000
0.000000
0.000000
0.000000
0.000000
0.000000
0.000000
0.000000
0.000000
0.000000
0.000000
0.000000
0.000000
0.000000
0.000000
0.000000
0.000000
0.000000
0.000000
0.000000
0.000000
0.000000
0.000000
0.000000
0.000000
0.000000
0.000000
0.000000
0.000000
0.000000
0.000000
0.000000
0.000000
0.000000
0.000000
0.000000
0.000000
0.000000
0.000000
0.000000
0.000000
0.000000
0.000000
0.000000
0.000000
0.000000
0.000000
0.000000
0.000000
0.000000
0.000000
0.000000
0.000000
0.000000
0.000000
0.000000
0.000000
0.000000
0.000000
0.000000
0.000000
0.000000
0.000000
0.000000
0.000000
0.000000
0.000000
0.000000
0.000000
0.000000
0.000000
0.000000
0.000000
0.000000
0.000000
0.000000
0.000000
0.000000
0.000000
0.000000
0.000000
0.000000
0.000000
0.000000
0.000000
0.000000
0.000000
0.000000
0.000000
0.000000
0.000000
0.000000
0.000000
0.000000
0.000000
0.000000
0.000000
0.000000
0.000000
0.000000
0.000000
0.000000
0.000000
0.000000
0.000000
0.000000
0.000000
0.000000
0.000000
0.000000
0.000000
0.000000
0.000000
0.000000
0.000000
0.000000
0.000000
0.000000
0.000000
0.000000
0.000000
0.000000
0.000000
0.000000
0.000000
0.000000
0.000000
0.000000
0.000000
0.000000
0.000000
0.000000
0.000000
0.000000
0.000000
0.000000
0.000000
0.000000
0.000000
0.000000
0.000000
0.000000
0.000000
0.000000
0.000000
0.000000
0.000000
0.000000
0.000000
0.000000
0.000000
0.000000
0.000000
0.000000
0.000000
0.000000
0.000000
0.000000
0.000000
0.000000
0.000000
0.000000
0.000000
0.000000
0.000000
0.000000
0.000000
0.000000
0.000000
0.000000
0.000000
0.000000
0.000000
0.000000
0.000000
0.000000
0.000000
0.000000
0.000000
0.000000
0.000000
0.000000
0.000000
0.000000
0.000000
0.000000
0.000000
0.000000
0.000000
0.000000
0.000000
0.000000
0.000000
0.000000
0.000000
0.000000
0.000000
0.000000
0.000000
0.000000
0.000000
0.000000
0.000000
0.000000
0.000000
0.000000
0.000000
0.000000
0.000000
0.000000
0.000000
0.000000
0.000000
0.000000
0.000000
0.000000
0.000000
0.000000
0.000000
0.000000
0.000000
0.000000
0.000000
0.000000
0.000000
0.000000
0.000000
0.000000
0.000000
0.000000
0.000000
0.000000
0.000000
0.000000
0.000000
0.000000
0.000000
0.000000
0.000000
0.000000
0.000000
0.000000
0.000000
0.000000
0.000000
0.000000
0.000000
0.000000
0.000000
0.000000
0.000000
0.000000
0.000000
0.000000
0.000000
0.000000
0.000000
0.000000
0.000000
0.000000
0.000000
0.000000
0.000000
0.000000
0.000000
0.000000
0.000000
0.000000
0.000000
0.000000
0.000000
0.000000
0.000000
0.000000
0.000000
0.000000
0.000000
0.000000
0.000000
0.000000
0.000000
0.000000
0.000000
0.000000
0.000000
0.000000
0.000000
0.000000
0.000000
0.000000
0.000000
0.000000
0.000000
0.000000
0.000000
0.000000
0.000000
0.000000
0.000000
0.000000
0.000000
0.000000
0.000000
0.000000
0.000000
0.000000
0.000000
0.000000
0.000000
0.000000
0.000000
0.000000
0.000000
0.000000
0.000000
0.000000
0.000000
0.000000
0.000000
0.000000
0.000000
0.000000
0.000000
0.000000
0.000000
0.000000
0.000000
0.000000
0.000000
0.000000
0.000000
0.000000
0.000000
0.000000
0.000000
0.000000
0.000000
0.000000
0.000000
0.000000
0.000000
0.000000
0.000000
0.000000
0.000000
0.000000
0.000000
0.000000
0.000000
0.000000
0.000000
0.000000
0.000000
0.000000
0.000000
0.000000
0.000000
0.000000
0.000000
0.000000
0.000000
0.000000
0.000000
0.000000
0.000000
0.000000
0.000000
0.000000
0.000000
0.000000
0.000000
0.000000
0.000000
0.000000
0.000000
0.000000
0.000000
0.000000
0.000000
0.000000
0.000000
0.000000
0.000000
0.000000
0.000000
0.000000
0.000000
0.000000
0.000000
0.000000
0.000000
0.000000
0.000000
0.000000
0.000000
0.000000
0.000000
0.000000
0.000000
0.000000
0.000000
0.000000
0.000000
0.000000
0.000000
0.000000
0.000000
0.000000
0.000000
0.000000
0.000000
0.000000
0.000000
0.000000
0.000000
0.000000
0.000000
0.000000
0.000000
0.000000
0.000000
0.000000
0.000000
0.000000
0.000000
0.000000
0.000000
0.000000
0.000000
0.000000
0.000000
0.000000
0.000000
0.000000
0.000000
0.000000
0.000000
0.000000
0.000000
0.000000
0.000000
0.000000
0.000000
0.000000
0.000000
0.000000
0.000000
0.000000
0.000000
0.000000
0.000000
0.000000
0.000000
0.000000
0.000000
0.000000
0.000000
0.000000
0.000000
0.000000
0.000000
0.000000
0.000000
0.000000
0.000000
0.000000
0.000000
0.000000
0.000000
0.000000
0.000000
0.000000
0.000000
0.000000
0.000000
0.000000
0.000000
0.000000
0.000000
0.000000
0.000000
0.000000
0.000000
0.000000
0.000000
0.000000
0.000000
0.000000
0.000000
0.000000
0.000000
0.000000
0.000000
0.000000
0.000000
0.000000
0.000000
0.000000
0.000000
0.000000
0.000000
0.000000
0.000000
0.000000
0.000000
0.000000
0.000000
0.000000
0.000000
0.000000
0.000000
0.000000
0.000000
0.000000
0.000000
0.000000
0.000000
0.000000
0.000000
0.000000
0.000000
0.000000
0.000000
0.000000
0.000000
0.000000
0.000000
0.000000
0.000000
0.000000
0.000000
0.000000
0.000000
0.000000
0.000000
0.000000
0.000000
0.000000
0.000000
0.000000
0.000000
0.000000
0.000000
0.000000
0.000000
0.000000
0.000000
0.000000
0.000000
0.000000
0.000000
0.000000
0.000000
0.000000
0.000000
0.000000
0.000000
0.000000
0.000000
0.000000
0.000000
0.000000
0.000000
0.000000
0.000000
0.000000
0.000000
0.000000
0.000000
0.000000
0.000000
0.000000
0.000000
0.000000
0.000000
0.000000
0.000000
0.000000
0.000000
0.000000
0.000000
0.000000
0.000000
0.000000
0.000000
0.000000
0.000000
0.000000
0.000000
0.000000
0.000000
0.000000
0.000000
0.000000
0.000000
0.000000
0.000000
0.000000
0.000000
0.000000
0.000000
0.000000
0.000000
0.000000
0.000000
0.000000
0.000000
0.000000
0.000000
0.000000
0.000000
0.000000
0.000000
0.000000
0.000000
0.000000
0.000000
0.000000
0.000000
0.000000
0.000000
0.000000
0.000000
0.000000
0.000000
0.000000
0.000000
0.000000
0.000000
0.000000
0.000000
0.000000
0.000000
0.000000
0.000000
0.000000
0.000000
0.000000
0.000000
0.000000
0.000000
0.000000
0.000000
0.000000
0.000000
0.000000
0.000000
0.000000
0.000000
0.000000
0.000000
0.000000
0.000000
0.000000
0.000000
0.000000
0.000000
0.000000
0.000000
0.000000
0.000000
0.000000
0.000000
0.000000
0.000000
0.000000
0.000000
0.000000
0.000000
0.000000
0.000000
0.000000
0.000000
0.000000
0.000000
0.000000
0.000000
0.000000
0.000000
0.000000
0.000000
0.000000
0.000000
0.000000
0.000000
0.000000
0.000000
0.000000
0.000000
0.000000
0.000000
0.000000
0.000000
0.000000
0.000000
0.000000
0.000000
0.000000
0.000000
0.000000
0.000000
0.000000
0.000000
0.000000
0.000000
0.000000
0.000000
0.000000
0.000000
0.000000
0.000000
0.000000
0.000000
0.000000
0.000000
0.000000
0.000000
0.000000
0.000000
0.000000
0.000000
0.000000
0.000000
0.000000
0.000000
0.000000
0.000000
0.000000
0.000000
0.000000
0.000000
0.000000
0.000000
0.000000
0.000000
0.000000
0.000000
0.000000
0.000000
0.000000
0.000000
0.000000
0.000000
0.000000
0.000000
0.000000
0.000000
0.000000
0.000000
0.000000
0.000000
0.000000
0.000000
0.000000
0.000000
0.000000
0.000000
0.000000
0.000000
0.000000
0.000000
0.000000
0.000000
0.000000
0.000000
0.000000
0.000000
0.000000
0.000000
0.000000
0.000000
0.000000
0.000000
0.000000
0.000000
0.000000
0.000000
0.000000
0.000000
0.000000
0.000000
0.000000
0.000000
0.000000
0.000000
0.000000
0.000000
0.000000
0.000000
0.000000
0.000000
0.000000
0.000000
0.000000
0.000000
0.000000
0.000000
0.000000
0.000000
0.000000
0.000000
0.000000
0.000000
0.000000
0.000000
0.000000
0.000000
0.000000
0.000000
0.000000
0.000000
0.000000
0.000000
0.000000
0.000000
0.000000
0.000000
0.000000
0.000000
0.000000
0.000000
0.000000
0.000000
0.000000
0.000000
0.000000
0.000000
0.000000
0.000000
0.000000
0.000000
0.000000
0.000000
0.000000
0.000000
0.000000
0.000000
0.000000
0.000000
0.000000
0.000000
0.000000
0.000000
0.000000
0.000000
0.000000
0.000000
0.000000
0.000000
0.000000
0.000000
0.000000
0.000000
0.000000
0.000000
0.000000
0.000000
0.000000
0.000000
0.000000
0.000000
0.000000
0.000000
0.000000
0.000000
0.000000
0.000000
0.000000
0.000000
0.000000
0.000000
0.000000
0.000000
0.000000
0.000000
0.000000
0.000000
0.000000
0.000000
0.000000
0.000000
0.000000
0.000000
0.000000
0.000000
0.000000
0.000000
0.000000
0.000000
0.000000
0.000000
0.000000
0.000000
0.000000
0.000000
0.000000
0.000000
0.000000
0.000000
0.000000
0.000000
0.000000
0.000000
0.000000
0.000000
0.000000
0.000000
0.000000
0.000000
0.000000
0.000000
0.000000
0.000000
0.000000
0.000000
0.000000
0.000000
0.000000
0.000000
0.000000
0.000000
0.000000
0.000000
0.000000
0.000000
0.000000
0.000000
0.000000
0.000000
0.000000
0.000000
0.000000
0.000000
0.000000
0.000000
0.000000
0.000000
0.000000
0.000000
0.000000
0.000000
0.000000
0.000000
0.000000
0.000000
0.000000
0.000000
0.000000
0.000000
0.000000
0.000000
0.000000
0.000000
0.000000
0.000000
0.000000
0.000000
0.000000
0.000000
0.000000
0.000000
0.000000
0.000000
0.000000
0.000000
0.000000
0.000000
0.000000
0.000000
0.000000
0.000000
0.000000
0.000000
0.000000
0.000000
0.000000
0.000000
0.000000
0.000000
0.000000
0.000000
0.000000
0.000000
0.000000
0.000000
0.000000
0.000000
0.000000
0.000000
0.000000
0.000000
0.000000
0.000000
0.000000
0.000000
0.000000
0.000000
0.000000
0.000000
0.000000
0.000000
0.000000
0.000000
0.000000
0.000000
0.000000
0.000000
0.000000
0.000000
0.000000
0.000000
0.000000
0.000000
0.000000
0.000000
0.000000
0.000000
0.000000
0.000000
0.000000
0.000000
0.000000
0.000000
0.000000
0.000000
0.000000
0.000000
0.000000
0.000000
0.000000
0.000000
0.000000
0.000000
0.000000
0.000000
0.000000
0.000000
0.000000
0.000000
0.000000
0.000000
0.000000
0.000000
0.000000
0.000000
0.000000
0.000000
0.000000
0.000000
0.000000
0.000000
0.000000
0.000000
0.000000
0.000000
0.000000
0.000000
0.000000
0.000000
0.000000
0.000000
0.000000
0.000000
0.000000
0.000000
0.000000
0.000000
0.000000
0.000000
0.000000
0.000000
0.000000
0.000000
0.000000
0.000000
0.000000
0.000000
0.000000
0.000000
0.000000
0.000000
0.000000
0.000000
0.000000
0.000000
0.000000
0.000000
0.000000
0.000000
0.000000
0.000000
0.000000
0.000000
0.000000
0.000000
0.000000
0.000000
0.000000
0.000000
0.000000
0.000000
0.000000
0.000000
0.000000
0.000000
0.000000
0.000000
0.000000
0.000000
0.000000
0.000000
0.000000
0.000000
0.000000
0.000000
0.000000
0.000000
0.000000
0.000000
0.000000
0.000000
0.000000
0.000000
0.000000
0.000000
0.000000
0.000000
0.000000
0.000000
0.000000
0.000000
0.000000
0.000000
0.000000
0.000000
0.000000
0.000000
0.000000
0.000000
0.000000
0.000000
0.000000
0.000000
0.000000
0.000000
0.000000
0.000000
0.000000
0.000000
0.000000
0.000000
0.000000
0.000000
0.000000
0.000000
0.000000
0.000000
0.000000
0.000000
0.000000
0.000000
0.000000
0.000000
0.000000
0.000000
0.000000
0.000000
0.000000
0.000000
0.000000
0.000000
0.000000
0.000000
0.000000
0.000000
0.000000
0.000000
0.000000
0.000000
0.000000
0.000000
0.000000
0.000000
0.000000
0.000000
0.000000
0.000000
0.000000
0.000000
0.000000
0.000000
0.000000
0.000000
0.000000
0.000000
0.000000
0.000000
0.000000
0.000000
0.000000
0.000000
0.000000
0.000000
0.000000
0.000000
0.000000
0.000000
0.000000
0.000000
0.000000
0.000000
0.000000
0.000000
0.000000
0.000000
0.000000
0.000000
0.000000
0.000000
0.000000
0.000000
0.000000
0.000000
0.000000
0.000000
0.000000
0.000000
0.000000
0.000000
0.000000
0.000000
0.000000
0.000000
0.000000
0.000000
0.000000
0.000000
0.000000
0.000000
0.000000
0.000000
0.000000
0.000000
0.000000
0.000000
0.000000
0.000000
0.000000
0.000000
0.000000
0.000000
0.000000
0.000000
0.000000
0.000000
0.000000
0.000000
0.000000
0.000000
0.000000
0.000000
0.000000
0.000000
0.000000
0.000000
0.000000
0.000000
0.000000
0.000000
0.000000
0.000000
0.000000
0.000000
0.000000
0.000000
0.000000
0.000000
0.000000
0.000000
0.000000
0.000000
0.000000
0.000000
0.000000
0.000000
0.000000
0.000000
0.000000
0.000000
0.000000
0.000000
0.000000
0.000000
0.000000
0.000000
0.000000
0.000000
0.000000
0.000000
0.000000
0.000000
0.000000
0.000000
0.000000
0.000000
0.000000
0.000000
0.000000
0.000000
0.000000
0.000000
0.000000
0.000000
0.000000
0.000000
0.000000
0.000000
0.000000
0.000000
0.000000
0.000000
0.000000
0.000000
0.000000
0.000000
0.000000
0.000000
0.000000
0.000000
0.000000
0.000000
0.000000
0.000000
0.000000
0.000000
0.000000
0.000000
0.000000
0.000000
0.000000
0.000000
0.000000
0.000000
0.000000
0.000000
0.000000
0.000000
0.000000
0.000000
0.000000
0.000000
0.000000
0.000000
0.000000
0.000000
0.000000
0.000000
0.000000
0.000000
0.000000
0.000000
0.000000
0.000000
0.000000
0.000000
0.000000
0.000000
0.000000
0.000000
0.000000
0.000000
0.000000
0.000000
0.000000
0.000000
0.000000
0.000000
0.000000
0.000000
0.000000
0.000000
0.000000
0.000000
0.000000
0.000000
0.000000
0.000000
0.000000
0.000000
0.000000
0.000000
0.000000
0.000000
0.000000
0.000000
0.000000
0.000000
0.000000
0.000000
0.000000
0.000000
0.000000
0.000000
0.000000
0.000000
0.000000
0.000000
0.000000
0.000000
0.000000
0.000000
0.000000
0.000000
0.000000
0.000000
0.000000
0.000000
0.000000
0.000000
0.000000
0.000000
0.000000
0.000000
0.000000
0.000000
0.000000
0.000000
0.000000
0.000000
0.000000
0.000000
0.000000
0.000000
0.000000
0.000000
0.000000
0.000000
0.000000
0.000000
0.000000
0.000000
0.000000
0.000000
0.000000
0.000000
0.000000
0.000000
0.000000
0.000000
0.000000
0.000000
0.000000
0.000000
0.000000
0.000000
0.000000
0.000000
0.000000
0.000000
0.000000
0.000000
0.000000
0.000000
0.000000
0.000000
0.000000
0.000000
0.000000
0.000000
0.000000
0.000000
0.000000
0.000000
0.000000
0.000000
0.000000
0.000000
0.000000
0.000000
0.000000
0.000000
0.000000
0.000000
0.000000
0.000000
0.000000
0.000000
0.000000
0.000000
0.000000
0.000000
0.000000
0.000000
0.000000
0.000000
0.000000
0.000000
0.000000
0.000000
0.000000
0.000000
0.000000
0.000000
0.000000
0.000000
0.000000
0.000000
0.000000
0.000000
0.000000
0.000000
0.000000
0.000000
0.000000
0.000000
0.000000
0.000000
0.000000
0.000000
0.000000
0.000000
0.000000
0.000000
0.000000
0.000000
0.000000
0.000000
0.000000
0.000000
0.000000
0.000000
0.000000
0.000000
0.000000
0.000000
0.000000
0.000000
0.000000
0.000000
0.000000
0.000000
0.000000
0.000000
0.000000
0.000000
0.000000
0.000000
0.000000
0.000000
0.000000
0.000000
0.000000
0.000000
0.000000
0.000000
0.000000
0.000000
0.000000
0.000000
0.000000
0.000000
0.000000
0.000000
0.000000
0.000000
0.000000
0.000000
0.000000
0.000000
0.000000
0.000000
0.000000
0.000000
0.000000
0.000000
0.000000
0.000000
0.000000
0.000000
0.000000
0.000000
0.000000
0.000000
0.000000
0.000000
0.000000
0.000000
0.000000
0.000000
0.000000
0.000000
0.000000
0.000000
0.000000
0.000000
0.000000
0.000000
0.000000
0.000000
0.000000
0.000000
0.000000
0.000000
0.000000
0.000000
0.000000
0.000000
0.000000
0.000000
0.000000
0.000000
0.000000
0.000000
0.000000
0.000000
0.000000
0.000000
0.000000
0.000000
0.000000
0.000000
0.000000
0.000000
0.000000
0.000000
0.000000
0.000000
0.000000
0.000000
0.000000
0.000000
0.000000
0.000000
0.000000
0.000000
0.000000
0.000000
0.000000
0.000000
0.000000
0.000000
0.000000
0.000000
0.000000
0.000000
0.000000
0.000000
0.000000
0.000000
0.000000
0.000000
0.000000
0.000000
0.000000
0.000000
0.000000
0.000000
0.000000
0.000000
0.000000
0.000000
0.000000
0.000000
0.000000
0.000000
0.000000
0.000000
0.000000
0.000000
0.000000
0.000000
0.000000
0.000000
0.000000
0.000000
0.000000
0.000000
0.000000
0.000000
0.000000
0.000000
0.000000
0.000000
0.000000
0.000000
0.000000
0.000000
0.000000
0.000000
0.000000
0.000000
0.000000
0.000000
0.000000
0.000000
0.000000
0.000000
0.000000
0.000000
0.000000
0.000000
0.000000
0.000000
0.000000
0.000000
0.000000
0.000000
0.000000
0.000000
0.000000
0.000000
0.000000
0.000000
0.000000
0.000000
0.000000
0.000000
0.000000
0.000000
0.000000
0.000000
0.000000
0.000000
0.000000
0.000000
0.000000
0.000000
0.000000
0.000000
0.000000
0.000000
0.000000
0.000000
0.000000
0.000000
0.000000
0.000000
0.000000
0.000000
0.000000
0.000000
0.000000
0.000000
0.000000
0.000000
0.000000
0.000000
0.000000
0.000000
0.000000
0.000000
0.000000
0.000000
0.000000
0.000000
0.000000
0.000000
0.000000
0.000000
0.000000
0.000000
0.000000
0.000000
0.000000
0.000000
0.000000
0.000000
0.000000
0.000000
0.000000
0.000000
0.000000
0.000000
0.000000
0.000000
0.000000
0.000000
0.000000
0.000000
0.000000
0.000000
0.000000
0.000000
0.000000
0.000000
0.000000
0.000000
0.000000
0.000000
0.000000
0.000000
0.000000
0.000000
0.000000
0.000000
0.000000
0.000000
0.000000
0.000000
0.000000
0.000000
0.000000
0.000000
0.000000
0.000000
0.000000
0.000000
0.000000
0.000000
0.000000
0.000000
0.000000
0.000000
0.000000
0.000000
0.000000
0.000000
0.000000
0.000000
0.000000
0.000000
0.000000
0.000000
0.000000
0.000000
0.000000
0.000000
0.000000
0.000000
0.000000
0.000000
0.000000
0.000000
0.000000
0.000000
0.000000
0.000000
0.000000
0.000000
0.000000
0.000000
0.000000
0.000000
0.000000
0.000000
0.000000
0.000000
0.000000
0.000000
0.000000
0.000000
0.000000
0.000000
0.000000
0.000000
0.000000
0.000000
0.000000
0.000000
0.000000
0.000000
0.000000
0.000000
0.000000
0.000000
0.000000
0.000000
0.000000
0.000000
0.000000
0.000000
0.000000
0.000000
0.000000
0.000000
0.000000
0.000000
0.000000
0.000000
0.000000
0.000000
0.000000
0.000000
0.000000
0.000000
0.000000
0.000000
0.000000
0.000000
0.000000
0.000000
0.000000
0.000000
0.000000
0.000000
0.000000
0.000000
0.000000
0.000000
0.000000
0.000000
0.000000
0.000000
0.000000
0.000000
0.000000
0.000000
0.000000
0.000000
0.000000
0.000000
0.000000
0.000000
0.000000
0.000000
0.000000
0.000000
0.000000
0.000000
0.000000
0.000000
0.000000
0.000000
0.000000
0.000000
0.000000
0.000000
0.000000
0.000000
0.000000
0.000000
0.000000
0.000000
0.000000
0.000000
0.000000
0.000000
0.000000
0.000000
0.000000
0.000000
0.000000
0.000000
0.000000
0.000000
0.000000
0.000000
0.000000
0.000000
0.000000
0.000000
0.000000
0.000000
0.000000
0.000000
0.000000
0.000000
0.000000
0.000000
0.000000
0.000000
0.000000
0.000000
0.000000
0.000000
0.000000
0.000000
0.000000
0.000000
0.000000
0.000000
0.000000
0.000000
0.000000
0.000000
0.000000
0.000000
0.000000
0.000000
0.000000
0.000000
0.000000
0.000000
0.000000
0.000000
0.000000
0.000000
0.000000
0.000000
0.000000
0.000000
0.000000
0.000000
0.000000
0.000000
0.000000
0.000000
0.000000
0.000000
0.000000
0.000000
0.000000
0.000000
0.000000
0.000000
0.000000
0.000000
0.000000
0.000000
0.000000
0.000000
