1.800000
1.800000
1.800000
1.800000
1.800000
1.800000
1.800000
1.800000
1.800000
1.800000
1.800000
1.800000
1.800000
1.800000
1.800000
1.800000
1.800000
1.800000
1.800000
1.800000
1.800000
1.800000
1.800000
1.800000
1.800000
1.800000
1.800000
1.800000
1.800000
1.800000
1.800000
1.800000
1.800000
1.800000
1.800000
1.800000
1.874125
2.023819
2.173444
2.323848
2.471572
2.619182
2.769494
2.917264
3.141679
3.290021
3.512718
3.737614
3.958822
4.182389
4.404238
4.625583
4.999999
4.999999
4.999999
4.999999
4.999999
4.999999
4.999999
4.999999
4.999999
4.999999
4.999999
4.999999
4.999999
4.999999
4.999999
4.999999
4.999999
4.999999
4.999999
4.999999
4.999999
4.999999
4.999999
4.999999
4.999999
4.999999
4.999999
4.999999
4.999999
4.999999
4.999999
4.999999
4.999999
4.999999
4.999999
4.999999
4.999999
4.999999
4.999999
4.999999
4.999999
4.999999
4.999999
4.999999
4.999999
4.999999
4.999999
4.999999
4.828992
4.723275
4.617270
4.512038
4.427572
4.322025
4.237618
4.131993
4.047252
3.963061
3.878444
3.794397
3.709787
3.625118
3.561555
3.477482
3.413985
3.330069
3.266461
3.203651
3.118982
3.055839
2.992060
2.929022
2.865760
2.823802
2.760665
2.697287
2.634032
2.591936
2.528623
2.486226
2.444105
2.380457
2.338506
2.296135
2.232534
2.190471
2.148087
2.105651
2.063241
2.021185
1.863412
1.821139
1.800000
1.800000
1.800000
1.800000
1.800000
1.800000
1.800000
1.800000
1.800000
1.800000
1.800000
1.800000
1.800000
1.800000
1.800000
1.800000
1.800000
1.800000
2.000000
2.000000
2.000000
2.077103
2.227530
2.500000
2.500000
2.500000
2.580631
2.800000
2.800000
3.000000
3.074973
3.299892
3.452082
3.678009
3.904165
4.132176
4.358263
4.583571
4.999999
4.999999
4.999999
4.999999
4.999999
4.999999
4.999999
4.999999
4.999999
4.999999
4.999999
4.999999
4.999999
4.999999
4.999999
4.999999
4.999999
4.999999
4.999999
4.999999
4.999999
4.999999
4.999999
4.999999
4.999999
4.999999
4.999999
4.999999
4.999999
4.999999
4.999999
4.999999
4.999999
4.999999
4.999999
4.999999
4.999999
4.999999
4.999999
4.999999
4.999999
4.999999
4.999999
4.999999
4.999999
4.999999
4.999999
4.999999
4.999999
4.804889
4.699381
4.594122
4.488484
4.383003
4.298426
4.192866
4.087215
4.002847
3.918269
3.833751
3.749429
3.664616
3.580333
3.495638
3.411453
3.348336
3.263759
3.200445
3.137289
3.052711
2.989718
2.926346
2.863386
2.800000
2.800000
2.800000
2.800000
3.000000
3.000000
3.126607
3.063307
3.000000
3.000000
2.820557
2.668736
2.626444
2.563372
2.521172
2.500000
2.500000
2.800000
3.000000
3.105638
3.042979
3.000000
3.000000
3.000000
3.000000
3.220864
3.442782
3.665800
3.887306
4.108766
4.330684
4.645500
4.561184
4.498296
4.413503
4.329233
4.265998
4.181669
4.118139
4.033816
3.949422
3.865205
3.780811
3.717615
3.633411
3.548990
3.485834
3.401263
3.337924
3.253438
3.190209
3.126581
3.063451
3.000000
2.820943
2.800000
2.669881
2.606757
2.563150
2.500000
2.500000
2.500000
2.541991
2.500000
2.500000
2.500000
2.500000
2.500000
2.500000
2.500000
2.500000
2.500000
2.500000
2.500000
2.500000
2.500000
2.500000
2.500000
2.500000
2.500000
2.500000
2.500000
2.500000
2.500000
2.500000
2.500000
2.500000
2.500000
2.626300
2.584708
2.521185
2.500000
2.500000
2.500000
2.500000
2.500000
2.500000
2.500000
2.500000
2.500000
2.500000
2.500000
2.500000
2.500000
2.500000
2.500000
2.500000
2.500000
2.500000
2.500000
2.500000
2.500000
2.500000
2.500000
2.500000
2.500000
2.500000
2.500000
2.500000
2.500000
2.500000
2.500000
2.500000
2.800000
2.800000
2.800000
2.800000
2.800000
3.000000
3.126725
3.063680
3.000000
3.222079
3.369917
3.591262
3.886321
4.108903
4.329676
4.552877
4.999999
4.999999
4.999999
4.999999
4.999999
4.999999
4.999999
4.999999
4.999999
4.999999
4.999999
4.999999
4.999999
4.999999
4.999999
4.999999
4.999999
4.999999
4.999999
4.999999
4.849298
4.743870
4.659031
4.553943
4.448233
4.363420
4.258338
4.173578
4.067842
3.983834
3.898949
3.793213
3.708747
3.624281
3.540273
3.476469
3.392461
3.307910
3.244766
3.160150
3.097412
3.033909
2.970798
2.907661
2.844223
2.781316
2.717904
2.654407
2.590805
2.548821
2.485651
2.442973
2.379725
2.337754
2.295344
2.232226
2.190091
2.147878
2.105743
2.063268
2.021022
2.000000
2.000000
2.000000
2.000000
2.148503
2.297509
2.443309
2.669227
2.627360
2.563929
2.521316
2.500000
2.500000
2.500000
2.500000
2.500000
2.800000
2.800000
3.000000
3.000000
3.021008
3.000000
3.221300
3.443951
3.664975
3.813386
4.036015
4.331164
4.553998
4.775596
4.999999
4.999999
4.999999
4.999999
4.999999
4.999999
4.999999
4.999999
4.999999
4.999999
4.999999
4.999999
4.999999
4.999999
4.999999
4.818173
4.755554
4.670485
4.565947
4.481356
4.375771
4.312621
4.207263
4.123406
4.017741
3.933111
3.869752
3.784834
3.700656
3.595136
3.489386
3.426151
3.341581
3.257677
3.194096
3.088772
3.004070
2.940351
2.877358
2.814228
2.729801
2.645662
2.581812
2.518387
2.476135
2.412873
2.349475
2.307176
2.265179
2.201773
2.159442
2.117105
2.074603
2.011283
1.969220
1.927013
1.905920
1.863320
1.821296
1.800000
1.800000
1.800000
1.800000
1.800000
1.800000
1.800000
1.800000
1.800000
1.800000
1.800000
1.800000
1.800000
1.800000
1.800000
1.800000
2.000000
2.000000
2.158559
2.241091
2.382080
2.458267
2.614718
2.774308
2.926499
3.071680
3.295660
3.447736
3.676190
3.610449
3.565886
3.500000
3.729637
3.882607
4.112451
4.340279
4.567946
4.643079
4.643079
4.999999
4.999999
4.999999
4.999999
4.999999
4.999999
4.999999
4.999999
4.999999
4.999999
4.999999
4.999999
4.999999
4.999999
4.999999
4.999999
4.999999
4.999999
4.999999
4.999999
4.999999
4.999999
4.999999
4.999999
4.999999
4.999999
4.999999
4.999999
4.999999
4.999999
4.999999
4.999999
4.999999
4.872437
4.745692
4.661580
4.555967
4.450519
4.365713
4.260100
4.133316
4.048491
3.942695
3.837142
3.752309
3.646455
3.562067
3.456559
3.372466
3.287280
3.203174
3.119473
3.055898
2.971680
2.887116
2.823927
2.739592
2.675957
2.612231
2.528256
2.464374
2.422402
2.359240
2.295730
2.253549
2.190157
2.147760
2.084604
2.000000
2.169187
2.106005
2.063431
2.020930
2.000000
2.000000
2.000000
2.000000
2.073301
2.232121
2.190065
2.147701
2.105115
2.063438
2.021414
2.000000
2.000000
2.000000
2.000000
2.274073
2.231847
2.189875
2.148283
2.105337
2.062718
2.020707
2.000000
2.000000
2.000000
2.072911
2.253738
2.211885
2.169397
2.127465
2.085350
2.042881
2.000000
2.000000
2.000000
2.000000
2.254361
2.212088
2.169744
2.127812
2.085238
2.042691
2.000000
2.000000
2.000000
2.000000
2.000000
2.254059
2.232619
2.190732
2.148297
2.106600
2.064250
2.021486
2.000000
2.000000
2.000000
2.000000
2.252476
2.210779
2.168926
2.125790
2.084067
2.041611
2.000000
2.000000
2.000000
2.000000
2.073370
2.232056
2.189888
2.147609
2.105108
2.063503
2.021513
2.000000
2.000000
2.000000
2.000000
2.254000
2.233024
2.190935
2.149043
2.106574
2.063948
2.020982
2.000000
2.000000
2.000000
2.000000
2.074217
2.220200
2.421806
2.379554
2.337249
2.295585
2.253562
2.210779
2.168363
2.126693
2.084715
2.042292
2.000000
2.000000
2.000000
2.000000
2.000000
2.000000
2.084996
2.042665
2.000000
2.000000
2.000000
2.000000
2.000000
2.000000
2.000000
2.000000
2.000000
2.000000
2.000000
2.000000
2.000000
1.863510
1.821467
1.800000
1.800000
1.800000
1.800000
1.800000
1.800000
1.800000
1.800000
1.800000
1.800000
1.800000
1.800000
2.000000
2.000000
2.000000
2.075431
2.221643
2.500000
2.500000
2.500000
2.407028
2.364318
2.342360
2.277240
2.255728
2.190098
2.146104
2.102569
2.059118
2.015550
1.972198
1.929042
1.885546
1.863876
1.821408
1.800000
1.800000
1.800000
1.800000
1.800000
1.800000
1.800000
1.800000
1.800000
1.800000
1.800000
1.800000
1.800000
1.800000
1.800000
2.000000
2.000000
2.000000
2.015112
1.971825
1.949259
1.905782
1.885199
1.843038
1.800000
1.800000
1.800000
1.800000
1.800000
1.800000
1.800000
1.800000
1.800000
1.800000
1.800000
1.800000
1.800000
1.820845
1.800000
2.000000
2.158169
2.305137
2.380843
2.540502
2.800000
3.000000
3.000000
3.144700
3.295333
3.619130
3.597441
3.552479
3.529880
3.485945
3.441637
3.396675
3.330246
3.285650
3.241166
3.175280
3.109028
3.065270
3.000000
3.077722
3.279479
3.192605
3.128604
3.042528
3.074377
3.255754
3.170523
3.106666
3.021067
3.000000
3.000000
3.169416
3.084728
3.021152
3.000000
3.000000
3.021159
3.000000
3.000000
3.000000
3.000000
2.867240
2.803972
2.739834
2.677437
2.612978
2.550122
2.507719
2.443600
2.380758
2.338054
2.274668
2.232926
2.190052
2.126843
2.085036
2.042148
2.000000
2.000000
2.000000
2.000000
2.000000
2.000000
2.000000
2.000000
2.000000
2.000000
2.000000
2.000000
2.000000
2.000000
2.147132
2.104971
2.063392
2.042521
2.000000
1.862672
1.820950
1.800000
1.800000
1.800000
1.800000
1.800000
1.800000
1.800000
1.800000
1.800000
1.800000
1.800000
1.800000
1.800000
1.822586
2.000000
2.130966
2.085664
2.064282
2.020151
2.000000
1.844314
1.800000
1.800000
1.800000
1.800000
1.800000
1.800000
1.800000
1.800000
1.800000
1.800000
1.800000
1.800000
1.800000
1.800000
1.800000
1.800000
1.800000
1.800000
2.000000
2.002696
1.979809
1.934114
1.889774
1.866350
1.822488
1.800000
1.800000
1.800000
1.800000
1.800000
1.800000
1.800000
1.800000
1.800000
1.800000
1.800000
1.800000
1.800000
1.800000
1.800000
1.800000
1.800000
2.000000
2.000000
2.147957
2.127400
2.085160
2.062587
2.020832
1.862921
1.841749
1.800000
1.800000
1.800000
1.800000
1.800000
1.800000
1.800000
1.800000
1.800000
1.800000
1.800000
1.800000
1.800000
1.800000
1.800000
1.800000
2.000000
2.076302
2.262385
2.217966
2.175235
2.152492
2.109421
2.066422
2.022049
2.000000
2.000000
2.000000
2.000000
2.000000
2.000000
2.000000
2.000000
2.000000
2.000000
2.000000
2.000000
2.000000
2.075729
2.303557
2.457465
2.800000
2.800000
3.000000
3.076920
3.228103
3.380019
3.532530
3.759396
3.986101
4.212990
4.437107
4.589458
4.999999
4.999999
4.999999
4.999999
4.999999
4.999999
4.999999
4.999999
4.999999
4.999999
4.999999
4.999999
4.999999
4.840951
4.757034
4.672712
4.588442
4.503787
4.418549
4.313382
4.207338
4.122780
4.038942
3.954364
3.870121
3.764436
3.679761
3.574417
3.490010
3.405635
3.320986
3.215780
3.131229
3.046782
2.983266
2.898518
2.814045
2.750601
2.666063
2.602540
2.539475
2.475841
2.412795
2.349128
2.285893
2.222534
2.180379
2.116882
2.074774
2.011270
1.969233
1.926954
1.884499
1.842325
1.800000
1.800000
1.800000
1.800000
1.800000
1.800000
2.000000
2.000000
2.000000
1.930070
1.887431
1.843117
1.820694
1.800000
1.800000
1.800000
1.800000
1.800000
1.800000
1.800000
1.800000
1.800000
1.800000
1.800000
1.800000
1.800000
1.800000
1.800000
1.800000
1.800000
1.800000
2.000000
2.000000
2.142387
2.288897
2.500000
2.363382
2.322851
2.280886
2.237292
2.194280
2.151582
2.108341
2.064407
2.021480
1.865264
1.822023
1.800000
1.800000
1.800000
1.800000
1.800000
1.800000
1.800000
2.000000
2.072018
2.217680
2.377362
2.563981
2.540682
2.500000
2.648113
2.796502
2.940561
2.896954
2.854282
2.789751
2.745961
2.682045
2.639072
2.617468
2.617468
2.617468
2.553147
2.510403
2.445381
2.382434
2.340207
2.297372
2.233712
2.191328
2.148401
2.085101
2.042652
2.000000
1.842436
1.800000
1.800000
1.800000
1.800000
1.800000
1.800000
1.800000
1.800000
1.800000
1.800000
1.800000
1.800000
1.800000
1.800000
1.800000
1.800000
2.000000
2.070140
2.216787
2.291256
2.452174
2.800000
2.800000
2.800000
2.951229
3.024942
3.258346
3.236617
3.170064
3.125757
3.083039
3.015648
3.015648
2.993265
2.949226
2.883052
2.816629
2.772675
2.708007
2.644196
2.579599
2.536647
2.471638
2.406643
2.364135
2.299480
2.234910
2.192533
2.149409
2.085238
2.043064
2.000000
1.842194
1.800000
1.800000
1.800000
1.800000
1.800000
1.800000
1.800000
1.800000
1.800000
1.800000
1.800000
1.800000
1.800000
1.800000
2.000000
2.000000
2.070437
2.148709
2.302892
2.500000
2.500000
2.573324
2.800000
3.000000
3.250034
3.183893
3.140030
3.073935
3.030243
2.964324
2.899139
2.855807
2.790510
2.725711
2.661252
2.639615
2.639615
2.596197
2.553415
2.488858
2.425191
2.382650
2.318845
2.276161
2.233640
2.169763
2.127340
2.085153
2.042351
1.863641
1.821303
1.800000
1.800000
1.800000
1.800000
1.800000
1.800000
1.800000
1.800000
1.800000
1.800000
1.800000
1.800000
1.800000
1.800000
1.820197
1.800000
2.000000
2.150633
2.295677
2.565401
2.520609
2.500000
2.500000
2.573782
2.820897
3.000000
3.228993
3.186682
3.120684
3.077162
3.033875
3.011833
2.967735
2.902261
2.858595
2.792951
2.750031
2.684734
2.620171
2.577132
2.512261
2.448274
2.405196
2.340999
2.298413
2.233450
2.190975
2.149128
2.084086
2.042083
2.000000
1.842796
1.800000
1.800000
1.800000
1.800000
1.800000
1.800000
1.800000
1.800000
1.800000
1.800000
1.800000
1.800000
1.800000
1.800000
1.800000
2.000000
2.082028
2.239235
2.500000
2.500000
2.500000
2.500000
2.500000
2.800000
3.000000
3.000000
3.072790
3.005955
2.961903
2.896214
2.851579
2.786446
2.720750
2.677319
2.612677
2.568769
2.568769
2.504205
2.461632
2.397141
2.354220
2.268693
2.225937
2.183488
2.119186
2.076606
2.034072
1.991551
1.948860
1.906476
1.864027
1.821107
1.800000
1.800000
1.800000
1.800000
1.800000
1.800000
1.800000
1.800000
1.800000
1.800000
1.800000
1.800000
1.800000
1.800000
1.800000
1.800000
2.000000
2.000000
2.152970
2.152970
2.500000
2.500000
2.500000
2.500000
2.821022
2.800000
3.000000
3.088229
3.045249
2.979436
2.936725
2.893556
2.871703
2.849648
2.806433
2.741555
2.676082
2.633142
2.590255
2.525632
2.461140
2.418449
2.354108
2.311384
2.247318
2.204967
2.140908
2.098145
2.055807
1.991832
1.948958
1.906764
1.864472
1.821506
1.800000
1.800000
1.800000
1.800000
1.800000
1.800000
1.800000
1.800000
1.800000
1.800000
1.800000
1.800000
1.800000
1.800000
1.800000
2.000000
2.000000
2.000000
2.156978
2.301953
2.372139
2.628918
2.586580
2.542613
2.500000
2.500000
2.800000
3.000000
3.054838
3.010942
2.945613
2.900998
2.834562
2.790981
2.724467
2.659295
2.615354
2.549965
2.549965
2.528316
2.462921
2.398645
2.356059
2.291122
2.248712
2.206172
2.140855
2.098367
2.056140
2.013129
1.970411
1.906862
1.864001
1.821067
1.800000
1.800000
1.800000
1.800000
1.800000
1.800000
1.800000
1.800000
1.800000
1.800000
1.800000
1.800000
1.800000
1.800000
1.800000
1.800000
2.000000
2.000000
2.145869
2.218620
2.500000
2.500000
2.800000
2.842501
2.800000
3.000000
3.070794
3.026631
2.961000
2.917072
2.872594
2.807605
2.785615
2.785615
2.785615
2.763978
2.698596
2.655787
2.590576
2.547898
2.483046
2.439707
2.375850
2.332930
2.268602
2.226650
2.183625
2.119068
2.076940
2.034170
1.990896
1.948932
1.906633
1.863294
1.821015
1.800000
1.800000
1.800000
1.800000
1.800000
1.800000
1.800000
1.800000
1.800000
1.800000
1.800000
1.800000
1.800000
1.800000
1.800000
2.000000
2.000000
2.070644
2.223041
2.500000
2.500000
2.500000
2.500000
2.800000
2.800000
3.000000
3.229569
3.163213
3.119461
3.053746
2.987631
2.944409
2.878524
2.813463
2.748415
2.705076
2.705076
2.640820
2.575929
2.533087
2.469014
2.404627
2.340784
2.297601
2.255329
2.191472
2.148460
2.106266
2.064210
2.021617
1.862908
1.820982
1.800000
1.800000
1.800000
1.800000
1.800000
2.000000
2.000000
2.000000
2.155398
2.227759
2.543261
2.500000
2.500000
2.500000
2.800000
3.000000
3.075660
3.298197
3.521512
3.673153
3.895301
4.122212
4.419264
4.644389
4.999999
4.999999
4.999999
4.999999
4.999999
4.999999
4.999999
4.999999
4.999999
4.999999
4.999999
4.999999
4.999999
4.999999
4.999999
4.999999
4.999999
4.999999
4.999999
4.999999
4.999999
4.999999
4.999999
4.999999
4.999999
4.999999
4.999999
4.999999
4.999999
4.999999
4.999999
4.999999
4.999999
4.999999
4.999999
4.999999
4.999999
4.999999
4.999999
4.999999
4.999999
4.794398
4.688950
4.583592
4.477921
4.394064
4.288354
4.182369
4.098550
3.992656
3.908072
3.824045
3.739022
3.655034
3.569848
3.485860
3.422291
3.337923
3.274289
3.190274
3.126660
3.063818
3.000000
2.821048
2.800000
2.842076
2.821362
2.821362
2.800000
2.800000
2.800000
2.800000
2.800000
2.800000
2.800000
2.800000
2.800000
2.800000
2.800000
2.800000
2.800000
2.800000
2.800000
2.800000
2.800000
2.800000
2.800000
2.800000
2.800000
2.800000
2.800000
2.800000
2.800000
2.800000
2.800000
2.800000
2.800000
2.800000
2.800000
2.800000
2.800000
2.800000
2.800000
2.800000
2.800000
2.800000
2.800000
2.800000
2.863111
2.820786
2.800000
2.800000
2.800000
2.800000
2.800000
2.625391
2.583445
2.520871
2.500000
2.800000
2.800000
2.800000
2.800000
2.800000
2.800000
2.800000
2.800000
2.800000
2.800000
2.800000
2.800000
2.800000
2.800000
2.800000
2.800000
2.800000
2.800000
2.800000
2.800000
2.800000
2.800000
2.800000
2.800000
2.800000
2.800000
2.800000
2.800000
2.800000
2.800000
2.800000
2.800000
2.800000
2.800000
2.800000
3.000000
3.074148
3.295837
3.442256
3.665434
4.056872
3.994030
3.931607
3.867658
3.784207
3.720016
3.657449
3.593991
3.509872
3.446539
3.383291
3.299296
3.235498
3.173055
3.109002
3.046454
2.982427
2.919597
2.856415
2.792682
2.729434
2.686848
2.623776
2.560175
2.517608
2.454766
2.412042
2.348447
2.306705
2.264072
2.221021
2.179476
2.116391
2.073896
2.032331
1.990634
1.947839
1.905625
1.884963
1.842874
1.800000
1.800000
1.800000
1.800000
1.800000
1.800000
0.000000
0.000000
0.000000
0.000000
0.000000
0.000000
0.000000
0.000000
0.000000
0.000000
0.000000
0.000000
0.000000
0.000000
0.000000
0.000000
0.000000
0.000000
0.000000
0.000000
0.000000
0.000000
0.000000
0.000000
0.000000
0.000000
0.000000
0.000000
0.000000
0.000000
0.000000
0.000000
0.000000
0.000000
0.000000
0.000000
0.000000
0.000000
0.000000
0.000000
0.000000
0.000000
0.000000
0.000000
0.000000
0.000000
0.000000
0.000000
0.000000
0.000000
0.000000
0.000000
0.000000
0.000000
0.000000
0.000000
0.000000
0.000000
0.000000
0.000000
0.000000
0.000000
0.000000
0.000000
0.000000
0.000000
0.000000
0.000000
0.000000
0.000000
0.000000
0.000000
0.000000
0.000000
0.000000
0.000000
0.000000
0.000000
0.000000
0.000000
0.000000
0.000000
0.000000
0.000000
0.000000
0.000000
0.000000
0.000000
0.000000
0.000000
0.000000
0.000000
0.000000
0.000000
0.000000
0.000000
0.000000
0.000000
0.000000
0.000000
0.000000
0.000000
0.000000
0.000000
0.000000
0.000000
0.000000
0.000000
0.000000
0.000000
0.000000
0.000000
0.000000
0.000000
0.000000
0.000000
0.000000
0.000000
0.000000
0.000000
0.000000
0.000000
0.000000
0.000000
0.000000
0.000000
0.000000
0.000000
0.000000
0.000000
0.000000
0.000000
0.000000
0.000000
0.000000
0.000000
0.000000
0.000000
0.000000
0.000000
0.000000
0.000000
0.000000
0.000000
0.000000
0.000000
0.000000
0.000000
0.000000
0.000000
0.000000
0.000000
0.000000
0.000000
0.000000
0.000000
0.000000
0.000000
0.000000
0.000000
0.000000
0.000000
0.000000
0.000000
0.000000
0.000000
0.000000
0.000000
0.000000
0.000000
0.000000
0.000000
0.000000
0.000000
0.000000
0.000000
0.000000
0.000000
0.000000
0.000000
0.000000
0.000000
0.000000
0.000000
0.000000
0.000000
0.000000
0.000000
0.000000
0.000000
0.000000
0.000000
0.000000
0.000000
0.000000
0.000000
0.000000
0.000000
0.000000
0.000000
0.000000
0.000000
0.000000
0.000000
0.000000
0.000000
0.000000
0.000000
0.000000
0.000000
0.000000
0.000000
0.000000
0.000000
0.000000
0.000000
0.000000
0.000000
0.000000
0.000000
0.000000
0.000000
0.000000
0.000000
0.000000
0.000000
0.000000
0.000000
0.000000
0.000000
0.000000
0.000000
0.000000
0.000000
0.000000
0.000000
0.000000
0.000000
0.000000
0.000000
0.000000
0.000000
0.000000
0.000000
0.000000
0.000000
0.000000
0.000000
0.000000
0.000000
0.000000
0.000000
0.000000
0.000000
0.000000
0.000000
0.000000
0.000000
0.000000
0.000000
0.000000
0.000000
0.000000
0.000000
0.000000
0.000000
0.000000
0.000000
0.000000
0.000000
0.000000
0.000000
0.000000
0.000000
0.000000
0.000000
0.000000
0.000000
0.000000
0.000000
0.000000
0.000000
0.000000
0.000000
0.000000
0.000000
0.000000
0.000000
0.000000
0.000000
0.000000
0.000000
0.000000
0.000000
0.000000
0.000000
0.000000
0.000000
0.000000
0.000000
0.000000
0.000000
0.000000
0.000000
0.000000
0.000000
0.000000
0.000000
0.000000
0.000000
0.000000
0.000000
0.000000
0.000000
0.000000
0.000000
0.000000
0.000000
0.000000
0.000000
0.000000
0.000000
0.000000
0.000000
0.000000
0.000000
0.000000
0.000000
0.000000
0.000000
0.000000
0.000000
0.000000
0.000000
0.000000
0.000000
0.000000
0.000000
0.000000
0.000000
0.000000
0.000000
0.000000
0.000000
0.000000
0.000000
0.000000
0.000000
0.000000
0.000000
0.000000
0.000000
0.000000
0.000000
0.000000
0.000000
0.000000
0.000000
0.000000
0.000000
0.000000
0.000000
0.000000
0.000000
0.000000
0.000000
0.000000
0.000000
0.000000
0.000000
0.000000
0.000000
0.000000
0.000000
0.000000
0.000000
0.000000
0.000000
0.000000
0.000000
0.000000
0.000000
0.000000
0.000000
0.000000
0.000000
0.000000
0.000000
0.000000
0.000000
0.000000
0.000000
0.000000
0.000000
0.000000
0.000000
0.000000
0.000000
0.000000
0.000000
0.000000
0.000000
0.000000
0.000000
0.000000
0.000000
0.000000
0.000000
0.000000
0.000000
0.000000
0.000000
0.000000
0.000000
0.000000
0.000000
0.000000
0.000000
0.000000
0.000000
0.000000
0.000000
0.000000
0.000000
0.000000
0.000000
0.000000
0.000000
0.000000
0.000000
0.000000
0.000000
0.000000
0.000000
0.000000
0.000000
0.000000
0.000000
0.000000
0.000000
0.000000
0.000000
0.000000
0.000000
0.000000
0.000000
0.000000
0.000000
0.000000
0.000000
0.000000
0.000000
0.000000
0.000000
0.000000
0.000000
0.000000
0.000000
0.000000
0.000000
0.000000
0.000000
0.000000
0.000000
0.000000
0.000000
0.000000
0.000000
0.000000
0.000000
0.000000
0.000000
0.000000
0.000000
0.000000
0.000000
0.000000
0.000000
0.000000
0.000000
0.000000
0.000000
0.000000
0.000000
0.000000
0.000000
0.000000
0.000000
0.000000
0.000000
0.000000
0.000000
0.000000
0.000000
0.000000
0.000000
0.000000
0.000000
0.000000
0.000000
0.000000
0.000000
0.000000
0.000000
0.000000
0.000000
0.000000
0.000000
0.000000
0.000000
0.000000
0.000000
0.000000
0.000000
0.000000
0.000000
0.000000
0.000000
0.000000
0.000000
0.000000
0.000000
0.000000
0.000000
0.000000
0.000000
0.000000
0.000000
0.000000
0.000000
0.000000
0.000000
0.000000
0.000000
0.000000
0.000000
0.000000
0.000000
0.000000
0.000000
0.000000
0.000000
0.000000
0.000000
0.000000
0.000000
0.000000
0.000000
0.000000
0.000000
0.000000
0.000000
0.000000
0.000000
0.000000
0.000000
0.000000
0.000000
0.000000
0.000000
0.000000
0.000000
0.000000
0.000000
0.000000
0.000000
0.000000
0.000000
0.000000
0.000000
0.000000
0.000000
0.000000
0.000000
0.000000
0.000000
0.000000
0.000000
0.000000
0.000000
0.000000
0.000000
0.000000
0.000000
0.000000
0.000000
0.000000
0.000000
0.000000
0.000000
0.000000
0.000000
0.000000
0.000000
0.000000
0.000000
0.000000
0.000000
0.000000
0.000000
0.000000
0.000000
0.000000
0.000000
0.000000
0.000000
0.000000
0.000000
0.000000
0.000000
0.000000
0.000000
0.000000
0.000000
0.000000
0.000000
0.000000
0.000000
0.000000
0.000000
0.000000
0.000000
0.000000
0.000000
0.000000
0.000000
0.000000
0.000000
0.000000
0.000000
0.000000
0.000000
0.000000
0.000000
0.000000
0.000000
0.000000
0.000000
0.000000
0.000000
0.000000
0.000000
0.000000
0.000000
0.000000
0.000000
0.000000
0.000000
0.000000
0.000000
0.000000
0.000000
0.000000
0.000000
0.000000
0.000000
0.000000
0.000000
0.000000
0.000000
0.000000
0.000000
0.000000
0.000000
0.000000
0.000000
0.000000
0.000000
0.000000
0.000000
0.000000
0.000000
0.000000
0.000000
0.000000
0.000000
0.000000
0.000000
0.000000
0.000000
0.000000
0.000000
0.000000
0.000000
0.000000
0.000000
0.000000
0.000000
0.000000
0.000000
0.000000
0.000000
0.000000
0.000000
0.000000
0.000000
0.000000
0.000000
0.000000
0.000000
0.000000
0.000000
0.000000
0.000000
0.000000
0.000000
0.000000
0.000000
0.000000
0.000000
0.000000
0.000000
0.000000
0.000000
0.000000
0.000000
0.000000
0.000000
0.000000
0.000000
0.000000
0.000000
0.000000
0.000000
0.000000
0.000000
0.000000
0.000000
0.000000
0.000000
0.000000
0.000000
0.000000
0.000000
0.000000
0.000000
0.000000
0.000000
0.000000
0.000000
0.000000
0.000000
0.000000
0.000000
0.000000
0.000000
0.000000
0.000000
0.000000
0.000000
0.000000
0.000000
0.000000
0.000000
0.000000
0.000000
0.000000
0.000000
0.000000
0.000000
0.000000
0.000000
0.000000
0.000000
0.000000
0.000000
0.000000
0.000000
0.000000
0.000000
0.000000
0.000000
0.000000
0.000000
0.000000
0.000000
0.000000
0.000000
0.000000
0.000000
0.000000
0.000000
0.000000
0.000000
0.000000
0.000000
0.000000
0.000000
0.000000
0.000000
0.000000
0.000000
0.000000
0.000000
0.000000
0.000000
0.000000
0.000000
0.000000
0.000000
0.000000
0.000000
0.000000
0.000000
0.000000
0.000000
0.000000
0.000000
0.000000
0.000000
0.000000
0.000000
0.000000
0.000000
0.000000
0.000000
0.000000
0.000000
0.000000
0.000000
0.000000
0.000000
0.000000
0.000000
0.000000
0.000000
0.000000
0.000000
0.000000
0.000000
0.000000
0.000000
0.000000
0.000000
0.000000
0.000000
0.000000
0.000000
0.000000
0.000000
0.000000
0.000000
0.000000
0.000000
0.000000
0.000000
0.000000
0.000000
0.000000
0.000000
0.000000
0.000000
0.000000
0.000000
0.000000
0.000000
0.000000
0.000000
0.000000
0.000000
0.000000
0.000000
0.000000
0.000000
0.000000
0.000000
0.000000
0.000000
0.000000
0.000000
0.000000
0.000000
0.000000
0.000000
0.000000
0.000000
0.000000
0.000000
0.000000
0.000000
0.000000
0.000000
0.000000
0.000000
0.000000
0.000000
0.000000
0.000000
0.000000
0.000000
0.000000
0.000000
0.000000
0.000000
0.000000
0.000000
0.000000
0.000000
0.000000
0.000000
0.000000
0.000000
0.000000
0.000000
0.000000
0.000000
0.000000
0.000000
0.000000
0.000000
0.000000
0.000000
0.000000
0.000000
0.000000
0.000000
0.000000
0.000000
0.000000
0.000000
0.000000
0.000000
0.000000
0.000000
0.000000
0.000000
0.000000
0.000000
0.000000
0.000000
0.000000
0.000000
0.000000
0.000000
0.000000
0.000000
0.000000
0.000000
0.000000
0.000000
0.000000
0.000000
0.000000
0.000000
0.000000
0.000000
0.000000
0.000000
0.000000
0.000000
0.000000
0.000000
0.000000
0.000000
0.000000
0.000000
0.000000
0.000000
0.000000
0.000000
0.000000
0.000000
0.000000
0.000000
0.000000
0.000000
0.000000
0.000000
0.000000
0.000000
0.000000
0.000000
0.000000
0.000000
0.000000
0.000000
0.000000
0.000000
0.000000
0.000000
0.000000
0.000000
0.000000
0.000000
0.000000
0.000000
0.000000
0.000000
0.000000
0.000000
0.000000
0.000000
0.000000
0.000000
0.000000
0.000000
0.000000
0.000000
0.000000
0.000000
0.000000
0.000000
0.000000
0.000000
0.000000
0.000000
0.000000
0.000000
0.000000
0.000000
0.000000
0.000000
0.000000
0.000000
0.000000
0.000000
0.000000
0.000000
0.000000
0.000000
0.000000
0.000000
0.000000
0.000000
0.000000
0.000000
0.000000
0.000000
0.000000
0.000000
0.000000
0.000000
0.000000
0.000000
0.000000
0.000000
0.000000
0.000000
0.000000
0.000000
0.000000
0.000000
0.000000
0.000000
0.000000
0.000000
0.000000
0.000000
0.000000
0.000000
0.000000
0.000000
0.000000
0.000000
0.000000
0.000000
0.000000
0.000000
0.000000
0.000000
0.000000
0.000000
0.000000
0.000000
0.000000
0.000000
0.000000
0.000000
0.000000
0.000000
0.000000
0.000000
0.000000
0.000000
0.000000
0.000000
0.000000
0.000000
0.000000
0.000000
0.000000
0.000000
0.000000
0.000000
0.000000
0.000000
0.000000
0.000000
0.000000
0.000000
0.000000
0.000000
0.000000
0.000000
0.000000
0.000000
0.000000
0.000000
0.000000
0.000000
0.000000
0.000000
0.000000
0.000000
0.000000
0.000000
0.000000
0.000000
0.000000
0.000000
0.000000
0.000000
0.000000
0.000000
0.000000
0.000000
0.000000
0.000000
0.000000
0.000000
0.000000
0.000000
0.000000
0.000000
0.000000
0.000000
0.000000
0.000000
0.000000
0.000000
0.000000
0.000000
0.000000
0.000000
0.000000
0.000000
0.000000
0.000000
0.000000
0.000000
0.000000
0.000000
0.000000
0.000000
0.000000
0.000000
0.000000
0.000000
0.000000
0.000000
0.000000
0.000000
0.000000
0.000000
0.000000
0.000000
0.000000
0.000000
0.000000
0.000000
0.000000
0.000000
0.000000
0.000000
0.000000
0.000000
0.000000
0.000000
0.000000
0.000000
0.000000
0.000000
0.000000
0.000000
0.000000
0.000000
0.000000
0.000000
0.000000
0.000000
0.000000
0.000000
0.000000
0.000000
0.000000
0.000000
0.000000
0.000000
0.000000
0.000000
0.000000
0.000000
0.000000
0.000000
0.000000
0.000000
0.000000
0.000000
0.000000
0.000000
0.000000
0.000000
0.000000
0.000000
0.000000
0.000000
0.000000
0.000000
0.000000
0.000000
0.000000
0.000000
0.000000
0.000000
0.000000
0.000000
0.000000
0.000000
0.000000
0.000000
0.000000
0.000000
0.000000
0.000000
0.000000
0.000000
0.000000
0.000000
0.000000
0.000000
0.000000
0.000000
0.000000
0.000000
0.000000
0.000000
0.000000
0.000000
0.000000
0.000000
0.000000
0.000000
0.000000
0.000000
0.000000
0.000000
0.000000
0.000000
0.000000
0.000000
0.000000
0.000000
0.000000
0.000000
0.000000
0.000000
0.000000
0.000000
0.000000
0.000000
0.000000
0.000000
0.000000
0.000000
0.000000
0.000000
0.000000
0.000000
0.000000
0.000000
0.000000
0.000000
0.000000
0.000000
0.000000
0.000000
0.000000
0.000000
0.000000
0.000000
0.000000
0.000000
0.000000
0.000000
0.000000
0.000000
0.000000
0.000000
0.000000
0.000000
0.000000
0.000000
0.000000
0.000000
0.000000
0.000000
0.000000
0.000000
0.000000
0.000000
0.000000
0.000000
0.000000
0.000000
0.000000
0.000000
0.000000
0.000000
0.000000
0.000000
0.000000
0.000000
0.000000
0.000000
0.000000
0.000000
0.000000
0.000000
0.000000
0.000000
0.000000
0.000000
0.000000
0.000000
0.000000
0.000000
0.000000
0.000000
0.000000
0.000000
0.000000
0.000000
0.000000
0.000000
0.000000
0.000000
0.000000
0.000000
0.000000
0.000000
0.000000
0.000000
0.000000
0.000000
0.000000
0.000000
0.000000
0.000000
0.000000
0.000000
0.000000
0.000000
0.000000
0.000000
0.000000
0.000000
0.000000
0.000000
0.000000
0.000000
0.000000
0.000000
0.000000
0.000000
0.000000
0.000000
0.000000
0.000000
0.000000
0.000000
0.000000
0.000000
0.000000
0.000000
0.000000
0.000000
0.000000
0.000000
0.000000
0.000000
0.000000
0.000000
0.000000
0.000000
0.000000
0.000000
0.000000
0.000000
0.000000
0.000000
0.000000
0.000000
0.000000
0.000000
0.000000
0.000000
0.000000
0.000000
0.000000
0.000000
0.000000
0.000000
0.000000
0.000000
0.000000
0.000000
0.000000
0.000000
0.000000
0.000000
0.000000
0.000000
0.000000
0.000000
0.000000
0.000000
0.000000
0.000000
0.000000
0.000000
0.000000
0.000000
0.000000
0.000000
0.000000
0.000000
0.000000
0.000000
0.000000
0.000000
0.000000
0.000000
0.000000
0.000000
0.000000
0.000000
0.000000
0.000000
0.000000
0.000000
0.000000
0.000000
0.000000
0.000000
0.000000
0.000000
0.000000
0.000000
0.000000
0.000000
0.000000
0.000000
0.000000
0.000000
0.000000
0.000000
0.000000
0.000000
0.000000
0.000000
0.000000
0.000000
0.000000
0.000000
0.000000
0.000000
0.000000
0.000000
0.000000
0.000000
0.000000
0.000000
0.000000
0.000000
0.000000
0.000000
0.000000
0.000000
0.000000
0.000000
0.000000
0.000000
0.000000
0.000000
0.000000
0.000000
0.000000
0.000000
0.000000
0.000000
0.000000
0.000000
0.000000
0.000000
0.000000
0.000000
0.000000
0.000000
0.000000
0.000000
0.000000
0.000000
0.000000
0.000000
0.000000
0.000000
0.000000
0.000000
0.000000
0.000000
0.000000
0.000000
0.000000
0.000000
0.000000
0.000000
0.000000
0.000000
0.000000
0.000000
0.000000
0.000000
0.000000
0.000000
0.000000
0.000000
0.000000
0.000000
0.000000
0.000000
0.000000
0.000000
0.000000
0.000000
0.000000
0.000000
0.000000
0.000000
0.000000
0.000000
0.000000
0.000000
0.000000
0.000000
0.000000
0.000000
0.000000
0.000000
0.000000
0.000000
0.000000
0.000000
0.000000
0.000000
0.000000
0.000000
0.000000
0.000000
0.000000
0.000000
0.000000
0.000000
0.000000
0.000000
0.000000
0.000000
0.000000
0.000000
0.000000
0.000000
0.000000
0.000000
0.000000
0.000000
0.000000
0.000000
0.000000
0.000000
0.000000
0.000000
0.000000
0.000000
0.000000
0.000000
0.000000
0.000000
0.000000
0.000000
0.000000
0.000000
0.000000
0.000000
0.000000
0.000000
0.000000
0.000000
0.000000
0.000000
0.000000
0.000000
0.000000
0.000000
0.000000
0.000000
0.000000
0.000000
0.000000
0.000000
0.000000
0.000000
0.000000
0.000000
0.000000
0.000000
0.000000
0.000000
0.000000
0.000000
0.000000
0.000000
0.000000
0.000000
0.000000
0.000000
0.000000
0.000000
0.000000
0.000000
0.000000
0.000000
0.000000
0.000000
0.000000
0.000000
0.000000
0.000000
0.000000
0.000000
0.000000
0.000000
0.000000
0.000000
0.000000
0.000000
0.000000
