10.821677
10.710418
11.247084
11.184909
11.715031
10.033039
10.055947
10.321007
10.752957
11.296168
11.220904
11.885193
11.391068
12.356412
10.062490
10.811860
10.743141
11.168547
11.688851
11.649583
11.675762
11.427063
12.480761
12.853809
10.425722
10.258833
12.948708
13.207224
10.069036
10.556616
10.311190
10.975478
10.504259
10.782410
10.792227
10.775865
10.887124
11.780478
13.171227
14.653605
13.092691
11.126006
11.780478
12.340050
12.418587
12.104441
13.128688
10.520620
13.465740
11.963729
12.477489
12.601839
13.223585
12.588749
12.827631
13.750435
10.196657
10.383182
14.133301
12.935619
13.698076
14.336187
14.607792
12.497122
12.614927
13.943503
14.463808
14.401633
13.930414
13.776613
14.182384
14.483442
14.555433
14.437630
14.185658
14.084215
14.355820
14.188931
13.606451
13.917326
13.763524
14.044947
14.035130
13.943502
13.835516
13.527915
13.845333
12.807997
13.109054
13.485374
13.469013
12.958524
13.429745
13.112327
13.004337
13.197407
12.919256
12.556026
11.531778
11.934278
12.588748
12.398952
12.500397
12.343323
12.196068
11.718302
11.571046
11.944096
11.904826
11.345254
11.800112
11.793567
11.672489
11.518689
11.495783
10.932938
11.338709
10.805315
10.870763
11.207815
11.152185
10.857674
10.550072
10.720234
10.713690
10.595885
10.550072
10.350458
10.078853
13.318484
13.357751
13.547550
10.121393
13.200680
12.847265
12.722915
12.611655
12.703281
12.621472
12.323689
12.071716
12.104441
12.081533
11.960457
11.780477
11.613587
11.466331
11.489238
11.590680
11.499055
11.155457
11.103100
10.962388
10.651515
10.946027
10.703872
10.461719
10.206474
10.285011
10.098486
10.275194
12.542936
12.199339
12.212428
12.025904
11.881920
11.872103
11.780478
11.544867
11.302713
11.250357
11.119462
11.037653
10.785682
10.883852
10.697329
10.543528
10.451901
10.311190
10.402816
10.039584
10.072308
11.960458
11.773932
11.685579
11.427063
11.361616
11.142368
10.743141
10.674421
10.520620
10.962388
10.726779
10.265377
10.409361
10.360275
10.494442
10.406088
11.610314
10.229382
10.425722
10.726779
10.425722
10.003588
10.406088
10.340641
10.579523
10.245744
10.357002
10.213019
10.252288
10.448629
10.265376
11.800112
10.530438
10.625336
10.386455
10.183569
10.379910
10.811860
11.132551
10.896941
11.001657
11.021291
11.688851
10.118122
10.242470
12.025904
11.374705
10.595884
10.612247
11.312531
12.160070
10.847857
11.937550
12.084805
12.608383
10.514076
11.921188
11.243810
11.247083
11.983362
11.607042
11.672489
11.521961
11.852468
12.978159
12.942163
13.321756
13.249764
12.935618
13.282488
10.213019
10.661332
10.468263
10.559889
10.838039
10.373364
10.543528
10.373365
10.540255
10.710418
10.576250
10.628609
10.500987
10.435538
10.520620
10.661331
10.409361
10.520621
10.533710
10.186840
10.383182
10.334096
10.281738
10.160662
13.249764
13.118870
13.001064
13.338119
13.102509
13.066513
12.932346
12.700008
12.533119
12.680376
12.487306
12.176434
12.353140
12.130619
11.839379
11.800111
11.911372
11.724846
11.584136
11.413975
11.211088
11.181637
11.214360
11.031109
11.083466
10.936210
10.608974
10.422450
10.559889
10.530437
10.386455
10.301373
10.288284
12.346595
12.212427
12.297508
12.192794
12.143708
11.754298
11.453241
11.580864
11.384522
11.279807
11.279807
11.165275
10.942754
10.635153
10.464991
10.664604
10.530437
11.973545
10.206474
10.239199
10.082125
10.091943
10.055946
11.809929
11.708486
11.548140
11.800112
11.682306
11.777205
11.361615
11.629949
11.544868
11.623404
11.685579
11.616859
11.551412
11.813201
11.436879
11.495783
11.404157
11.508871
11.469604
11.885193
10.023223
10.154117
10.157390
10.343913
10.661331
11.571047
11.780478
12.160070
11.731392
12.232061
12.572388
10.082126
10.841311
10.883852
10.785682
11.004930
10.955844
11.168547
10.936211
11.315803
11.184909
12.088078
12.742549
12.300782
11.921188
12.313871
12.722916
12.893078
10.170479
11.489238
11.734665
10.733324
12.870172
13.266126
10.828221
11.832835
12.294237
12.271331
10.392998
11.112917
11.845924
12.755639
14.211837
12.297508
10.733324
11.201270
11.423790
11.947368
11.901554
12.284420
11.512144
11.845924
12.002997
12.297508
13.010881
12.965070
11.947367
12.500395
12.886534
13.982773
13.648992
12.794908
12.578932
12.860353
13.455923
13.950048
14.411449
13.308666
13.357752
13.619541
13.976228
14.192203
13.786430
13.743889
14.018767
14.417994
14.879397
10.072308
14.044947
14.241288
14.470352
14.594702
10.105032
10.010134
14.310008
14.872852
15.016835
10.661331
10.445356
14.431086
14.467081
10.036312
10.033039
15.075739
14.879396
14.467081
14.781227
14.656877
14.686329
14.437630
14.584886
14.614336
14.503077
14.859763
14.221653
13.910780
14.293646
13.819155
14.205293
14.224926
13.419928
13.887874
13.845333
13.550821
13.485374
13.210497
13.351208
13.272671
13.220313
12.893078
12.634562
12.503668
12.592021
12.349867
12.667286
12.644379
12.124075
12.232061
11.924461
11.937551
12.176432
11.881920
12.019360
11.567775
11.544868
11.875375
11.482693
11.139095
11.233994
11.109644
10.766047
10.746412
11.325621
10.887125
10.769320
10.818405
10.746412
10.664604
10.530437
10.618792
10.432267
10.389727
10.036312
10.013405
10.003588
13.220313
13.174500
12.948708
11.191453
12.572387
12.533119
12.925800
12.654196
12.935618
13.151594
13.223585
10.186840
13.433018
10.232654
10.199930
10.268648
10.461718
10.412634
10.285010
10.504258
10.514076
10.749685
10.491170
10.445356
10.860946
10.304646
10.347185
10.586067
10.428995
10.536983
10.396271
10.494442
10.278466
10.026495
10.278466
10.052673
13.406837
13.665354
13.197408
13.082874
13.050150
12.965071
11.430335
12.739277
12.807997
12.490578
12.719643
12.353140
12.326961
12.317144
12.143708
11.980090
11.891737
11.823018
11.731392
11.728119
11.580864
11.338710
11.096555
11.240540
11.090010
11.001657
11.184908
10.782409
10.497714
10.592613
10.468264
10.298100
10.412633
10.301373
10.049402
12.405499
12.395680
12.199338
12.202611
12.029176
11.957185
11.505600
11.652855
11.407428
11.319077
11.508872
11.243811
10.802043
10.877308
10.694056
10.697328
10.478080
10.592612
10.409360
10.206474
10.049401
11.931005
11.875375
11.832834
11.809928
11.646311
11.472876
11.286351
11.040925
11.080194
10.752958
10.887124
10.824949
10.540255
10.550072
10.232654
11.757571
10.674421
10.226109
10.334096
10.419178
10.281739
10.337369
10.317735
10.209747
10.432267
10.281739
10.213019
10.101759
10.412633
10.510804
10.694056
10.700601
10.982022
11.191453
11.332165
11.557957
11.711758
11.548141
10.029767
10.759503
12.179705
11.279807
10.769319
11.685578
12.271330
10.667876
10.199930
11.996453
10.458447
11.001657
10.952572
10.949299
10.759503
11.004929
11.351799
12.382591
13.135232
12.791636
12.006269
12.287691
12.503668
12.614928
10.301373
10.802044
11.230721
12.781817
12.997794
13.167955
10.252287
11.525234
13.043606
13.534458
11.453241
10.193386
10.311190
11.806656
13.050152
13.986044
14.296919
10.406088
11.135823
11.433608
12.153524
11.796839
11.171819
11.456514
11.672489
11.911371
12.002997
12.160070
11.744481
12.333506
12.160070
12.906167
13.596634
13.410110
12.415315
12.451309
13.020700
13.315211
14.283829
14.686329
13.262854
13.259582
10.671148
13.416656
14.182386
13.760252
13.567183
14.136573
10.769320
14.512894
13.711166
14.290373
14.489986
14.827040
14.774681
14.522710
14.483442
14.440902
14.977568
10.177023
14.522711
14.519438
14.797588
14.486713
10.039584
14.264194
13.956593
14.375454
14.126756
14.571796
14.306736
14.038403
14.162751
14.185658
14.267467
14.172567
13.305394
13.923870
13.397020
11.505599
13.397021
13.259582
13.550820
13.681715
12.955253
12.536390
12.919256
13.190863
13.017427
12.879989
12.909439
13.004337
12.323689
12.444767
11.996452
12.539663
12.464399
12.444765
11.983363
11.859015
11.692123
11.845924
11.302713
11.620131
11.616859
11.371433
11.394339
11.191454
11.256900
10.746413
11.073648
10.955843
11.073648
10.880580
10.536983
10.448629
12.448037
10.167207
10.563161
10.249015
10.350458
10.249016
10.180296
10.036313
13.259582
13.023973
12.876717
12.686919
12.487305
12.271331
12.258242
12.052082
11.983363
11.917915
11.521960
13.148321
11.129279
10.975478
10.860946
10.821677
10.857674
10.723507
10.471536
10.497714
10.448629
10.412633
10.229382
10.216291
10.147573
10.163935
10.098488
12.434949
12.523302
12.451310
10.108304
12.346594
10.016678
10.029768
10.088670
10.046129
12.425131
12.166615
12.258242
12.189522
12.326961
12.284420
12.251697
12.032448
12.274603
12.248425
12.405498
12.336778
12.120803
12.238606
12.061900
12.065172
12.333505
12.156798
12.313870
12.271330
12.218973
12.304054
12.166615
12.199338
12.169888
12.359684
12.385862
12.264786
12.025904
12.055354
12.192793
12.261514
12.412043
12.248424
12.307326
11.957184
12.366229
12.274603
12.218973
12.225517
12.153525
12.389135
12.025904
12.320416
12.189522
12.173160
12.389134
12.189521
12.340051
12.025904
12.189522
12.153525
12.284420
12.405498
12.235335
12.124075
12.009542
12.235335
12.245152
12.238607
12.336777
12.107714
12.176433
12.117529
12.379318
12.225518
12.205884
12.107713
12.294237
12.199339
12.160070
12.169888
12.317143
12.173161
12.245152
12.376046
12.071717
12.068444
12.153526
12.346594
12.461126
12.212428
12.225517
11.904826
12.372774
12.225517
12.254969
12.356413
12.215701
12.300781
12.022631
12.274603
12.120802
12.042266
12.379318
12.235335
12.300781
12.222245
12.048810
12.163343
12.320416
12.343323
12.379318
12.179705
11.944096
12.120802
12.320416
12.274603
12.310599
12.196066
11.986635
12.199338
12.290964
12.307326
12.232062
12.107712
12.474217
12.101168
12.114257
12.205884
12.186249
12.156798
12.366229
12.307326
12.192793
11.868832
12.441492
12.163343
12.366228
12.366228
12.160070
10.896942
12.081533
12.349867
12.346595
12.389135
12.343322
12.146981
12.146981
12.310598
12.196067
12.199339
12.277875
12.287692
12.359684
12.078261
11.973547
12.182977
12.182977
12.369501
12.490579
12.189522
11.891737
12.153526
12.225517
12.359684
12.254969
12.294236
12.091352
12.140437
12.343323
12.398952
12.209156
12.192794
12.376046
12.274603
11.986635
12.372774
12.192795
12.326962
12.310598
12.431677
10.098487
12.487307
10.222836
10.334096
10.628609
10.795499
10.808588
10.998384
10.788954
11.492510
11.724847
11.557958
11.721575
12.055355
12.006270
12.052082
12.212428
12.569115
12.372774
12.628017
12.552753
12.176432
12.480762
12.438220
12.523302
12.457855
12.281148
11.967001
12.277876
12.218972
12.117529
12.071717
11.823018
11.701941
11.623405
11.525233
11.682307
11.613588
11.404156
11.211087
11.073648
11.076921
10.972206
11.067104
10.883852
10.779137
10.317735
10.239198
10.386454
10.255560
12.300781
10.127938
10.105032
11.122733
12.451310
12.497124
12.398952
12.052082
11.836108
11.525233
11.466331
11.554685
11.220904
11.175092
10.962388
10.788954
10.494441
10.530437
10.638426
10.438812
10.330824
10.141028
10.072308
11.616859
11.852469
11.538322
11.502328
11.283079
11.135822
10.860946
10.874035
10.743141
10.739868
10.707145
10.635153
10.239198
10.586067
10.553345
11.371433
10.946027
11.590681
10.307919
11.679034
11.701941
10.687511
10.916575
10.536982
10.838039
12.461126
12.346594
11.633223
11.937550
10.402816
10.219564
10.749685
11.446697
10.667877
10.442083
10.831495
11.021292
11.440152
11.777205
12.745821
11.793567
12.323689
12.415314
12.745822
12.402225
10.134483
11.142368
10.216292
10.307918
13.491919
10.664604
10.792226
11.921189
11.377978
10.968933
10.638426
11.024564
11.067104
11.387794
11.855742
12.045538
11.083467
11.070376
11.116190
11.135823
11.551413
11.499055
11.283080
11.400885
10.906758
11.364888
11.197998
11.090010
10.942755
11.060558
10.939482
12.470943
11.204542
11.008202
10.919847
11.106372
10.834767
10.736596
10.841311
10.756230
10.550071
10.559889
10.481353
10.599156
10.409361
10.314462
10.235926
10.118121
10.203202
10.203202
13.328301
13.187591
13.181045
13.115598
12.641106
12.807997
12.745823
12.474216
12.415315
12.362956
12.163342
11.921188
11.911371
11.777205
12.899622
11.476148
11.806656
11.564503
11.472876
11.227448
11.197998
11.348526
10.746412
10.586068
10.379910
10.582795
10.553345
10.713690
10.536982
10.255560
12.506940
10.055946
12.313871
12.412042
12.241879
11.881920
11.574319
11.662672
11.492510
11.423790
11.502327
11.070376
10.824949
10.831493
10.703873
10.726780
10.628609
10.527165
10.180295
10.134482
10.059218
12.055355
11.934278
12.006269
11.567775
11.675762
11.734665
11.881920
11.793567
11.574320
11.220904
11.453241
11.679033
11.829562
11.623405
11.574319
11.505600
11.652855
11.485965
11.744482
10.995112
11.636494
11.688851
10.481352
10.023223
11.541595
11.567775
11.796839
10.131210
10.314463
10.334097
10.360275
11.407429
11.587408
11.384523
11.950640
10.913303
11.826290
10.556616
10.213018
10.281739
10.438812
10.520621
10.975477
11.158730
11.096555
11.364888
11.371433
11.410701
11.191452
10.173751
13.154866
12.461127
12.313871
12.395680
12.310598
10.527165
11.086738
10.834767
10.798771
13.213769
13.236675
13.534459
10.366820
10.962388
11.489237
11.986635
11.289624
10.121393
11.001657
11.322348
11.773932
12.264786
11.983364
11.273262
11.103100
11.351799
11.341981
11.813201
11.440152
11.332165
11.188181
11.515417
11.443424
11.842651
11.636494
11.525234
10.075581
13.586817
11.469604
11.119461
11.371433
11.279806
11.034381
11.168547
11.404156
11.031108
10.752958
10.896942
10.893669
10.792226
10.743141
10.730051
10.962389
10.304646
11.047469
10.311190
10.586067
10.376637
10.455173
10.271922
10.507531
10.180296
13.246493
13.226858
10.082125
13.256310
13.190862
12.909439
12.274603
12.425131
12.520029
12.444765
12.362957
12.222245
11.577591
11.728119
11.502327
11.492510
11.813202
11.643039
11.162003
11.135823
10.975477
11.050741
11.086739
10.890397
10.674421
10.334097
10.357003
10.307918
10.366819
10.242470
10.134482
10.177023
11.993180
11.836106
12.160069
12.029177
11.875376
11.701940
11.387794
11.201269
11.099828
11.269990
11.132551
11.158730
10.766047
10.055946
10.324279
10.150845
10.432267
10.389728
10.141027
11.819745
11.780477
11.819746
11.927733
11.852468
11.557957
11.711758
11.787022
11.783750
11.777205
11.476148
11.600497
11.512144
10.258832
10.654788
10.514075
10.275193
10.661332
10.674420
10.998384
11.018019
10.903486
10.641697
10.874036
10.811860
10.569706
10.775865
11.063831
10.700601
10.357002
10.114848
10.114848
10.324280
10.317735
10.173751
10.203202
10.249015
10.023222
10.108304
10.458447
10.638425
10.759501
10.936210
11.014746
11.188181
11.142368
11.165275
10.860945
11.103100
10.955844
11.073648
10.965662
11.057287
10.782410
10.792227
10.798771
10.514076
10.507531
10.458446
11.993180
10.000316
10.134483
10.330824
10.183569
10.137755
11.561230
11.705213
11.754298
11.993180
10.029768
10.003589
11.826290
10.186841
10.255560
10.677692
10.690783
10.798771
10.530437
11.351799
11.371433
11.155457
11.142368
10.978750
11.018019
10.867490
11.188181
10.782409
10.844584
10.726778
10.733324
10.183569
10.386454
10.245743
10.186841
10.105031
10.180296
10.177023
10.203201
10.343914
10.206475
10.422450
10.687510
10.772593
10.998384
11.034381
10.991840
11.201271
11.103100
10.936210
11.253628
11.057287
11.093283
10.857674
10.690784
10.592613
10.641698
10.546801
10.661333
10.550072
10.219564
11.908099
10.131210
10.016678
10.065763
10.065763
10.114849
11.305985
11.754298
11.898282
10.085397
10.262106
10.664604
10.625336
11.355072
11.004930
11.165275
11.227448
11.031108
11.060560
11.387794
11.273262
11.276535
10.952572
11.090010
10.916576
10.527166
10.736595
10.962388
10.782408
10.684239
10.442085
10.514075
10.337368
10.124666
10.337369
10.199930
10.389727
10.919847
10.995112
11.247083
11.132550
11.027836
11.319075
11.309258
11.548140
11.718303
11.381249
11.436880
10.949299
11.175091
11.093283
11.243812
11.211087
10.893669
10.340641
10.723506
10.504259
10.756231
10.658059
10.357002
11.715031
10.111578
10.157390
10.052673
11.996452
10.137755
10.245743
10.586067
10.756230
11.001657
10.838039
11.001657
10.975478
11.106373
11.148912
11.358343
11.377978
10.864218
10.926394
11.031108
10.890397
11.080193
10.910031
10.802042
10.533710
10.399544
10.160662
10.379910
10.291556
12.110985
10.088669
10.046130
10.448629
10.360276
10.363548
10.677693
10.841311
10.932937
11.332165
11.485965
11.476149
11.629949
10.795499
11.204542
11.070375
11.557957
11.368160
11.220903
10.851128
10.680966
11.191454
10.815132
10.844584
10.432267
10.451900
10.321008
10.392998
10.226109
10.160662
10.026494
11.823017
11.904827
11.934278
10.052673
10.219564
11.878648
10.111577
10.510803
10.726780
11.492510
11.381249
11.260172
11.728120
12.038994
11.983362
12.107713
10.085398
12.045538
12.297510
12.156798
12.225518
10.000317
12.526574
12.349867
12.228789
11.800112
11.947368
10.055945
10.065763
12.480761
12.477489
12.330233
12.025904
11.963728
11.917917
11.842651
12.061900
10.216290
10.540255
11.322348
11.711758
11.384521
11.440152
11.364888
11.247084
10.821677
10.864219
10.710417
10.733324
10.507531
10.376637
11.970274
10.154117
10.013405
10.141027
10.144300
10.029768
11.639767
10.298100
10.239199
10.726780
10.805316
11.489237
11.515417
12.215699
12.202610
11.921188
12.189521
10.003589
12.277876
12.369501
12.199339
12.251696
12.349867
12.372773
12.078261
12.376045
10.006861
12.290964
12.379318
12.464399
12.258241
12.061900
11.803384
11.724848
11.816474
11.953913
11.695395
11.397612
11.675761
11.050742
11.387794
11.230722
11.135823
10.962389
10.906759
10.432266
10.546800
10.644970
10.471535
10.350458
10.428994
11.803383
11.737937
11.875376
11.953913
10.105031
11.832835
10.242470
10.343914
10.428995
10.788954
11.076920
11.512144
11.420517
11.885193
11.904827
12.169888
11.970273
11.911371
11.970274
12.290964
12.392407
12.271330
12.166615
12.313871
12.009542
12.294237
12.336777
12.238607
12.343322
12.186249
12.323688
12.101168
11.505600
11.734665
11.692123
11.895010
11.502327
11.358343
11.260174
11.309258
11.109644
10.942755
11.279808
11.139095
10.808588
10.307918
10.491170
10.592613
10.605702
10.392999
11.940823
10.016679
10.252288
10.088670
10.448629
10.435539
10.327552
10.841312
11.384522
11.508871
11.737936
11.652855
11.587408
12.402225
12.326960
11.715030
12.130619
11.996452
11.777205
11.656128
11.983363
11.760843
11.859014
11.538322
11.292897
11.296169
11.207815
11.276535
11.194727
11.063831
10.808588
10.818405
10.550072
10.428995
10.396271
10.608974
10.219563
10.137756
10.095214
10.000317
11.515417
11.436880
11.502327
11.338709
11.034380
10.641698
11.152185
10.739868
10.792226
10.664604
10.520621
10.697328
10.275194
10.576250
10.304645
10.605701
11.535050
10.298100
10.265377
10.399544
10.196657
10.890397
11.315804
10.690783
11.895009
10.150845
11.387794
10.016678
11.734665
12.097896
10.730052
10.386454
10.301373
10.406089
10.572977
10.694056
10.766047
10.615519
10.497714
10.046129
10.196657
10.455173
10.134482
10.294828
10.137756
11.806657
11.449969
11.515416
11.341981
11.469604
11.315803
11.158729
10.592612
10.720234
10.792226
10.900213
10.828222
0.000000
0.000000
0.000000
0.000000
0.000000
0.000000
0.000000
0.000000
0.000000
0.000000
0.000000
0.000000
0.000000
0.000000
0.000000
0.000000
0.000000
0.000000
0.000000
0.000000
0.000000
0.000000
0.000000
0.000000
0.000000
0.000000
0.000000
0.000000
0.000000
0.000000
0.000000
0.000000
0.000000
0.000000
0.000000
0.000000
0.000000
0.000000
0.000000
0.000000
0.000000
0.000000
0.000000
0.000000
0.000000
0.000000
0.000000
0.000000
0.000000
0.000000
0.000000
0.000000
0.000000
0.000000
0.000000
0.000000
0.000000
0.000000
0.000000
0.000000
0.000000
0.000000
0.000000
0.000000
0.000000
0.000000
0.000000
0.000000
0.000000
0.000000
0.000000
0.000000
0.000000
0.000000
0.000000
0.000000
0.000000
0.000000
0.000000
0.000000
0.000000
0.000000
0.000000
0.000000
0.000000
0.000000
0.000000
0.000000
0.000000
0.000000
0.000000
0.000000
0.000000
0.000000
0.000000
0.000000
0.000000
0.000000
0.000000
0.000000
0.000000
0.000000
0.000000
0.000000
0.000000
0.000000
0.000000
0.000000
0.000000
0.000000
0.000000
0.000000
0.000000
0.000000
0.000000
0.000000
0.000000
0.000000
0.000000
0.000000
0.000000
0.000000
0.000000
0.000000
0.000000
0.000000
0.000000
0.000000
0.000000
0.000000
0.000000
0.000000
0.000000
0.000000
0.000000
0.000000
0.000000
0.000000
0.000000
0.000000
0.000000
0.000000
0.000000
0.000000
0.000000
0.000000
0.000000
0.000000
0.000000
0.000000
0.000000
0.000000
0.000000
0.000000
0.000000
0.000000
0.000000
0.000000
0.000000
0.000000
0.000000
0.000000
0.000000
0.000000
0.000000
0.000000
0.000000
0.000000
0.000000
0.000000
0.000000
0.000000
0.000000
0.000000
0.000000
0.000000
0.000000
0.000000
0.000000
0.000000
0.000000
0.000000
0.000000
0.000000
0.000000
0.000000
0.000000
0.000000
0.000000
0.000000
0.000000
0.000000
0.000000
0.000000
0.000000
0.000000
0.000000
0.000000
0.000000
0.000000
0.000000
0.000000
0.000000
0.000000
0.000000
0.000000
0.000000
0.000000
0.000000
0.000000
0.000000
0.000000
0.000000
0.000000
0.000000
0.000000
0.000000
0.000000
0.000000
0.000000
0.000000
0.000000
0.000000
0.000000
0.000000
0.000000
0.000000
0.000000
0.000000
0.000000
0.000000
0.000000
0.000000
0.000000
0.000000
0.000000
0.000000
0.000000
0.000000
0.000000
0.000000
0.000000
0.000000
0.000000
0.000000
0.000000
0.000000
0.000000
0.000000
0.000000
0.000000
0.000000
0.000000
0.000000
0.000000
0.000000
0.000000
0.000000
0.000000
0.000000
0.000000
0.000000
0.000000
0.000000
0.000000
0.000000
0.000000
0.000000
0.000000
0.000000
0.000000
0.000000
0.000000
0.000000
0.000000
0.000000
0.000000
0.000000
0.000000
0.000000
0.000000
0.000000
0.000000
0.000000
0.000000
0.000000
0.000000
0.000000
0.000000
0.000000
0.000000
0.000000
0.000000
0.000000
0.000000
0.000000
0.000000
0.000000
0.000000
0.000000
0.000000
0.000000
0.000000
0.000000
0.000000
0.000000
0.000000
0.000000
0.000000
0.000000
0.000000
0.000000
0.000000
0.000000
0.000000
0.000000
0.000000
0.000000
0.000000
0.000000
0.000000
0.000000
0.000000
0.000000
0.000000
0.000000
0.000000
0.000000
0.000000
0.000000
0.000000
0.000000
0.000000
0.000000
0.000000
0.000000
0.000000
0.000000
0.000000
0.000000
0.000000
0.000000
0.000000
0.000000
0.000000
0.000000
0.000000
0.000000
0.000000
0.000000
0.000000
0.000000
0.000000
0.000000
0.000000
0.000000
0.000000
0.000000
0.000000
0.000000
0.000000
0.000000
0.000000
0.000000
0.000000
0.000000
0.000000
0.000000
0.000000
0.000000
0.000000
0.000000
0.000000
0.000000
0.000000
0.000000
0.000000
0.000000
0.000000
0.000000
0.000000
0.000000
0.000000
0.000000
0.000000
0.000000
0.000000
0.000000
0.000000
0.000000
0.000000
0.000000
0.000000
0.000000
0.000000
0.000000
0.000000
0.000000
0.000000
0.000000
0.000000
0.000000
0.000000
0.000000
0.000000
0.000000
0.000000
0.000000
0.000000
0.000000
0.000000
0.000000
0.000000
0.000000
0.000000
0.000000
0.000000
0.000000
0.000000
0.000000
0.000000
0.000000
0.000000
0.000000
0.000000
0.000000
0.000000
0.000000
0.000000
0.000000
0.000000
0.000000
0.000000
0.000000
0.000000
0.000000
0.000000
0.000000
0.000000
0.000000
0.000000
0.000000
0.000000
0.000000
0.000000
0.000000
0.000000
0.000000
0.000000
0.000000
0.000000
0.000000
0.000000
0.000000
0.000000
0.000000
0.000000
0.000000
0.000000
0.000000
0.000000
0.000000
0.000000
0.000000
0.000000
0.000000
0.000000
0.000000
0.000000
0.000000
0.000000
0.000000
0.000000
0.000000
0.000000
0.000000
0.000000
0.000000
0.000000
0.000000
0.000000
0.000000
0.000000
0.000000
0.000000
0.000000
0.000000
0.000000
0.000000
0.000000
0.000000
0.000000
0.000000
0.000000
0.000000
0.000000
0.000000
0.000000
0.000000
0.000000
0.000000
0.000000
0.000000
0.000000
0.000000
0.000000
0.000000
0.000000
0.000000
0.000000
0.000000
0.000000
0.000000
0.000000
0.000000
0.000000
0.000000
0.000000
0.000000
0.000000
0.000000
0.000000
0.000000
0.000000
0.000000
0.000000
0.000000
0.000000
0.000000
0.000000
0.000000
0.000000
0.000000
0.000000
0.000000
0.000000
0.000000
0.000000
0.000000
0.000000
0.000000
0.000000
0.000000
0.000000
0.000000
0.000000
0.000000
0.000000
0.000000
0.000000
0.000000
0.000000
0.000000
0.000000
0.000000
0.000000
0.000000
0.000000
0.000000
0.000000
0.000000
0.000000
0.000000
0.000000
0.000000
0.000000
0.000000
0.000000
0.000000
0.000000
0.000000
0.000000
0.000000
0.000000
0.000000
0.000000
0.000000
0.000000
0.000000
0.000000
0.000000
0.000000
0.000000
0.000000
0.000000
0.000000
0.000000
0.000000
0.000000
0.000000
0.000000
0.000000
0.000000
0.000000
0.000000
0.000000
0.000000
0.000000
0.000000
0.000000
0.000000
0.000000
0.000000
0.000000
0.000000
0.000000
0.000000
0.000000
0.000000
0.000000
0.000000
0.000000
0.000000
0.000000
0.000000
0.000000
0.000000
0.000000
0.000000
0.000000
0.000000
0.000000
0.000000
0.000000
0.000000
0.000000
0.000000
0.000000
0.000000
0.000000
0.000000
0.000000
0.000000
0.000000
0.000000
0.000000
0.000000
0.000000
0.000000
0.000000
0.000000
0.000000
0.000000
0.000000
0.000000
0.000000
0.000000
0.000000
0.000000
0.000000
0.000000
0.000000
0.000000
0.000000
0.000000
0.000000
0.000000
0.000000
0.000000
0.000000
0.000000
0.000000
0.000000
0.000000
0.000000
0.000000
0.000000
0.000000
0.000000
0.000000
0.000000
0.000000
0.000000
0.000000
0.000000
0.000000
0.000000
0.000000
0.000000
0.000000
0.000000
0.000000
0.000000
0.000000
0.000000
0.000000
0.000000
0.000000
0.000000
0.000000
0.000000
0.000000
0.000000
0.000000
0.000000
0.000000
0.000000
0.000000
0.000000
0.000000
0.000000
0.000000
0.000000
0.000000
0.000000
0.000000
0.000000
0.000000
0.000000
0.000000
0.000000
0.000000
0.000000
0.000000
0.000000
0.000000
0.000000
0.000000
0.000000
0.000000
0.000000
0.000000
0.000000
0.000000
0.000000
0.000000
0.000000
0.000000
0.000000
0.000000
0.000000
0.000000
0.000000
0.000000
0.000000
0.000000
0.000000
0.000000
0.000000
0.000000
0.000000
0.000000
0.000000
0.000000
0.000000
0.000000
0.000000
0.000000
0.000000
0.000000
0.000000
0.000000
0.000000
0.000000
0.000000
0.000000
0.000000
0.000000
0.000000
0.000000
0.000000
0.000000
0.000000
0.000000
0.000000
0.000000
0.000000
0.000000
0.000000
0.000000
0.000000
0.000000
0.000000
0.000000
0.000000
0.000000
0.000000
0.000000
0.000000
0.000000
0.000000
0.000000
0.000000
0.000000
0.000000
0.000000
0.000000
0.000000
0.000000
0.000000
0.000000
0.000000
0.000000
0.000000
0.000000
0.000000
0.000000
0.000000
0.000000
0.000000
0.000000
0.000000
0.000000
0.000000
0.000000
0.000000
0.000000
0.000000
0.000000
0.000000
0.000000
0.000000
0.000000
0.000000
0.000000
0.000000
0.000000
0.000000
0.000000
0.000000
0.000000
0.000000
0.000000
0.000000
0.000000
0.000000
0.000000
0.000000
0.000000
0.000000
0.000000
0.000000
0.000000
0.000000
0.000000
0.000000
0.000000
0.000000
0.000000
0.000000
0.000000
0.000000
0.000000
0.000000
0.000000
0.000000
0.000000
0.000000
0.000000
0.000000
0.000000
0.000000
0.000000
0.000000
0.000000
0.000000
0.000000
0.000000
0.000000
0.000000
0.000000
0.000000
0.000000
0.000000
0.000000
0.000000
0.000000
0.000000
0.000000
0.000000
0.000000
0.000000
0.000000
0.000000
0.000000
0.000000
0.000000
0.000000
0.000000
0.000000
0.000000
0.000000
0.000000
0.000000
0.000000
0.000000
0.000000
0.000000
0.000000
0.000000
0.000000
0.000000
0.000000
0.000000
0.000000
0.000000
0.000000
0.000000
0.000000
0.000000
0.000000
0.000000
0.000000
0.000000
0.000000
0.000000
0.000000
0.000000
0.000000
0.000000
0.000000
0.000000
0.000000
0.000000
0.000000
0.000000
0.000000
0.000000
0.000000
0.000000
0.000000
0.000000
0.000000
0.000000
0.000000
0.000000
0.000000
0.000000
0.000000
0.000000
0.000000
0.000000
0.000000
0.000000
0.000000
0.000000
0.000000
0.000000
0.000000
0.000000
0.000000
0.000000
0.000000
0.000000
0.000000
0.000000
0.000000
0.000000
0.000000
0.000000
0.000000
0.000000
0.000000
0.000000
0.000000
0.000000
0.000000
0.000000
0.000000
0.000000
0.000000
0.000000
0.000000
0.000000
0.000000
0.000000
0.000000
0.000000
0.000000
0.000000
0.000000
0.000000
0.000000
0.000000
0.000000
0.000000
0.000000
0.000000
0.000000
0.000000
0.000000
0.000000
0.000000
0.000000
0.000000
0.000000
0.000000
0.000000
0.000000
0.000000
0.000000
0.000000
0.000000
0.000000
0.000000
0.000000
0.000000
0.000000
0.000000
0.000000
0.000000
0.000000
0.000000
0.000000
0.000000
0.000000
0.000000
0.000000
0.000000
0.000000
0.000000
0.000000
0.000000
0.000000
0.000000
0.000000
0.000000
0.000000
0.000000
0.000000
0.000000
0.000000
0.000000
0.000000
0.000000
0.000000
0.000000
0.000000
0.000000
0.000000
0.000000
0.000000
0.000000
0.000000
0.000000
0.000000
0.000000
0.000000
0.000000
0.000000
0.000000
0.000000
0.000000
0.000000
0.000000
0.000000
0.000000
0.000000
0.000000
0.000000
0.000000
0.000000
0.000000
0.000000
0.000000
0.000000
0.000000
0.000000
0.000000
0.000000
0.000000
0.000000
0.000000
0.000000
0.000000
0.000000
0.000000
0.000000
0.000000
0.000000
0.000000
0.000000
0.000000
0.000000
0.000000
0.000000
0.000000
0.000000
0.000000
0.000000
0.000000
0.000000
0.000000
0.000000
0.000000
0.000000
0.000000
0.000000
0.000000
0.000000
0.000000
0.000000
0.000000
0.000000
0.000000
0.000000
0.000000
0.000000
0.000000
0.000000
0.000000
0.000000
0.000000
0.000000
0.000000
0.000000
0.000000
0.000000
0.000000
0.000000
0.000000
0.000000
0.000000
0.000000
0.000000
0.000000
0.000000
0.000000
0.000000
0.000000
0.000000
0.000000
0.000000
0.000000
0.000000
0.000000
0.000000
0.000000
0.000000
0.000000
0.000000
0.000000
0.000000
0.000000
0.000000
0.000000
0.000000
0.000000
0.000000
0.000000
0.000000
0.000000
0.000000
0.000000
0.000000
0.000000
0.000000
0.000000
0.000000
0.000000
0.000000
0.000000
0.000000
0.000000
0.000000
0.000000
0.000000
0.000000
0.000000
0.000000
0.000000
0.000000
0.000000
0.000000
0.000000
0.000000
0.000000
0.000000
0.000000
0.000000
0.000000
0.000000
0.000000
0.000000
0.000000
0.000000
0.000000
0.000000
0.000000
0.000000
0.000000
0.000000
0.000000
0.000000
0.000000
0.000000
0.000000
0.000000
0.000000
0.000000
0.000000
0.000000
0.000000
0.000000
0.000000
0.000000
0.000000
0.000000
0.000000
0.000000
0.000000
0.000000
0.000000
0.000000
0.000000
0.000000
0.000000
0.000000
0.000000
0.000000
0.000000
0.000000
0.000000
0.000000
0.000000
0.000000
0.000000
0.000000
0.000000
0.000000
0.000000
0.000000
0.000000
0.000000
0.000000
0.000000
0.000000
0.000000
0.000000
0.000000
0.000000
0.000000
0.000000
0.000000
0.000000
0.000000
0.000000
0.000000
0.000000
0.000000
0.000000
0.000000
0.000000
0.000000
0.000000
0.000000
0.000000
0.000000
0.000000
0.000000
0.000000
0.000000
0.000000
0.000000
0.000000
0.000000
0.000000
0.000000
0.000000
0.000000
0.000000
0.000000
0.000000
0.000000
0.000000
0.000000
0.000000
0.000000
0.000000
0.000000
0.000000
0.000000
0.000000
0.000000
0.000000
0.000000
0.000000
0.000000
0.000000
0.000000
0.000000
0.000000
0.000000
0.000000
0.000000
0.000000
0.000000
0.000000
0.000000
0.000000
0.000000
0.000000
0.000000
0.000000
0.000000
0.000000
0.000000
0.000000
0.000000
0.000000
0.000000
0.000000
0.000000
0.000000
0.000000
0.000000
0.000000
0.000000
0.000000
0.000000
0.000000
0.000000
0.000000
0.000000
0.000000
0.000000
0.000000
0.000000
0.000000
0.000000
0.000000
0.000000
0.000000
0.000000
0.000000
0.000000
0.000000
0.000000
0.000000
0.000000
0.000000
0.000000
0.000000
0.000000
0.000000
0.000000
0.000000
0.000000
0.000000
0.000000
0.000000
0.000000
0.000000
0.000000
0.000000
0.000000
0.000000
0.000000
0.000000
0.000000
0.000000
0.000000
0.000000
0.000000
0.000000
0.000000
0.000000
0.000000
0.000000
0.000000
0.000000
0.000000
0.000000
0.000000
0.000000
0.000000
0.000000
0.000000
0.000000
0.000000
0.000000
0.000000
0.000000
0.000000
0.000000
0.000000
0.000000
0.000000
0.000000
0.000000
0.000000
0.000000
0.000000
0.000000
0.000000
0.000000
0.000000
0.000000
0.000000
0.000000
0.000000
0.000000
0.000000
0.000000
0.000000
0.000000
0.000000
0.000000
0.000000
0.000000
0.000000
0.000000
0.000000
0.000000
0.000000
0.000000
0.000000
0.000000
0.000000
0.000000
0.000000
0.000000
0.000000
0.000000
0.000000
0.000000
0.000000
0.000000
0.000000
0.000000
0.000000
0.000000
0.000000
0.000000
0.000000
0.000000
0.000000
0.000000
0.000000
0.000000
0.000000
0.000000
0.000000
0.000000
0.000000
0.000000
0.000000
0.000000
0.000000
0.000000
0.000000
0.000000
0.000000
0.000000
0.000000
0.000000
0.000000
0.000000
0.000000
0.000000
0.000000
0.000000
0.000000
0.000000
0.000000
0.000000
0.000000
0.000000
0.000000
0.000000
0.000000
0.000000
0.000000
0.000000
0.000000
0.000000
0.000000
0.000000
0.000000
0.000000
0.000000
0.000000
0.000000
0.000000
0.000000
0.000000
0.000000
0.000000
0.000000
0.000000
0.000000
0.000000
0.000000
0.000000
0.000000
0.000000
0.000000
0.000000
0.000000
0.000000
0.000000
0.000000
0.000000
0.000000
0.000000
0.000000
0.000000
0.000000
0.000000
0.000000
0.000000
0.000000
0.000000
0.000000
0.000000
0.000000
0.000000
0.000000
0.000000
0.000000
0.000000
0.000000
0.000000
0.000000
0.000000
0.000000
0.000000
0.000000
0.000000
0.000000
0.000000
0.000000
0.000000
0.000000
0.000000
0.000000
0.000000
0.000000
0.000000
0.000000
0.000000
0.000000
0.000000
0.000000
0.000000
0.000000
0.000000
0.000000
0.000000
0.000000
0.000000
0.000000
0.000000
0.000000
0.000000
0.000000
0.000000
0.000000
0.000000
0.000000
0.000000
0.000000
0.000000
0.000000
0.000000
0.000000
0.000000
0.000000
0.000000
0.000000
0.000000
0.000000
0.000000
0.000000
0.000000
0.000000
0.000000
0.000000
0.000000
0.000000
0.000000
0.000000
0.000000
0.000000
0.000000
0.000000
0.000000
0.000000
0.000000
0.000000
0.000000
0.000000
0.000000
0.000000
0.000000
0.000000
0.000000
0.000000
0.000000
0.000000
0.000000
0.000000
0.000000
0.000000
0.000000
0.000000
0.000000
0.000000
0.000000
0.000000
0.000000
0.000000
0.000000
0.000000
0.000000
0.000000
0.000000
0.000000
0.000000
0.000000
0.000000
0.000000
0.000000
0.000000
0.000000
0.000000
0.000000
0.000000
0.000000
0.000000
0.000000
0.000000
0.000000
0.000000
0.000000
0.000000
0.000000
0.000000
0.000000
0.000000
0.000000
0.000000
0.000000
0.000000
0.000000
0.000000
0.000000
0.000000
0.000000
0.000000
0.000000
0.000000
0.000000
0.000000
0.000000
0.000000
0.000000
0.000000
0.000000
0.000000
0.000000
0.000000
0.000000
0.000000
0.000000
0.000000
0.000000
0.000000
0.000000
0.000000
0.000000
0.000000
0.000000
0.000000
0.000000
0.000000
0.000000
0.000000
0.000000
0.000000
0.000000
0.000000
0.000000
0.000000
0.000000
0.000000
0.000000
0.000000
0.000000
0.000000
0.000000
0.000000
0.000000
0.000000
0.000000
0.000000
0.000000
0.000000
0.000000
0.000000
0.000000
0.000000
0.000000
0.000000
0.000000
0.000000
0.000000
0.000000
0.000000
0.000000
0.000000
0.000000
0.000000
0.000000
0.000000
0.000000
0.000000
0.000000
0.000000
0.000000
0.000000
0.000000
0.000000
0.000000
0.000000
0.000000
0.000000
0.000000
0.000000
0.000000
0.000000
0.000000
0.000000
0.000000
0.000000
0.000000
0.000000
0.000000
0.000000
0.000000
0.000000
0.000000
0.000000
0.000000
0.000000
0.000000
0.000000
0.000000
0.000000
0.000000
0.000000
0.000000
0.000000
0.000000
0.000000
0.000000
0.000000
0.000000
0.000000
0.000000
0.000000
0.000000
0.000000
0.000000
0.000000
0.000000
0.000000
0.000000
0.000000
0.000000
0.000000
0.000000
0.000000
0.000000
0.000000
0.000000
0.000000
0.000000
0.000000
0.000000
0.000000
0.000000
0.000000
0.000000
0.000000
0.000000
0.000000
0.000000
0.000000
0.000000
0.000000
0.000000
0.000000
0.000000
0.000000
0.000000
0.000000
0.000000
0.000000
0.000000
0.000000
0.000000
0.000000
0.000000
0.000000
0.000000
0.000000
0.000000
0.000000
0.000000
0.000000
0.000000
0.000000
0.000000
0.000000
0.000000
0.000000
0.000000
0.000000
0.000000
0.000000
0.000000
0.000000
0.000000
0.000000
0.000000
0.000000
0.000000
0.000000
0.000000
0.000000
0.000000
0.000000
0.000000
0.000000
0.000000
0.000000
0.000000
0.000000
0.000000
0.000000
0.000000
0.000000
0.000000
0.000000
0.000000
0.000000
0.000000
0.000000
0.000000
0.000000
0.000000
0.000000
0.000000
0.000000
0.000000
0.000000
0.000000
0.000000
0.000000
0.000000
0.000000
0.000000
0.000000
0.000000
0.000000
0.000000
0.000000
0.000000
0.000000
0.000000
0.000000
0.000000
0.000000
0.000000
0.000000
0.000000
0.000000
0.000000
0.000000
0.000000
0.000000
0.000000
0.000000
0.000000
0.000000
0.000000
0.000000
0.000000
0.000000
0.000000
0.000000
0.000000
0.000000
0.000000
0.000000
0.000000
0.000000
0.000000
0.000000
0.000000
0.000000
0.000000
0.000000
0.000000
0.000000
0.000000
0.000000
0.000000
0.000000
0.000000
0.000000
0.000000
0.000000
0.000000
0.000000
0.000000
0.000000
0.000000
0.000000
0.000000
0.000000
0.000000
0.000000
0.000000
0.000000
0.000000
0.000000
0.000000
0.000000
0.000000
0.000000
0.000000
0.000000
0.000000
0.000000
0.000000
0.000000
0.000000
0.000000
0.000000
0.000000
0.000000
0.000000
0.000000
0.000000
0.000000
0.000000
0.000000
0.000000
0.000000
0.000000
0.000000
0.000000
0.000000
0.000000
0.000000
0.000000
0.000000
0.000000
0.000000
0.000000
0.000000
0.000000
0.000000
0.000000
0.000000
0.000000
0.000000
0.000000
0.000000
0.000000
0.000000
0.000000
0.000000
0.000000
0.000000
0.000000
0.000000
0.000000
0.000000
0.000000
0.000000
0.000000
0.000000
0.000000
0.000000
0.000000
0.000000
0.000000
0.000000
0.000000
0.000000
0.000000
0.000000
0.000000
0.000000
0.000000
0.000000
0.000000
0.000000
0.000000
0.000000
0.000000
0.000000
0.000000
0.000000
0.000000
0.000000
0.000000
0.000000
0.000000
0.000000
0.000000
0.000000
0.000000
0.000000
0.000000
0.000000
0.000000
0.000000
0.000000
0.000000
0.000000
0.000000
0.000000
0.000000
0.000000
0.000000
0.000000
0.000000
0.000000
0.000000
0.000000
0.000000
0.000000
0.000000
0.000000
0.000000
0.000000
0.000000
0.000000
0.000000
0.000000
0.000000
0.000000
0.000000
0.000000
0.000000
0.000000
0.000000
0.000000
0.000000
0.000000
0.000000
0.000000
0.000000
0.000000
0.000000
0.000000
0.000000
0.000000
0.000000
0.000000
0.000000
0.000000
0.000000
0.000000
0.000000
0.000000
0.000000
0.000000
0.000000
0.000000
0.000000
0.000000
0.000000
0.000000
0.000000
0.000000
0.000000
0.000000
0.000000
0.000000
0.000000
0.000000
0.000000
0.000000
0.000000
0.000000
0.000000
0.000000
0.000000
0.000000
0.000000
0.000000
0.000000
0.000000
0.000000
0.000000
0.000000
0.000000
0.000000
0.000000
0.000000
0.000000
0.000000
0.000000
0.000000
0.000000
0.000000
0.000000
0.000000
0.000000
0.000000
0.000000
0.000000
0.000000
0.000000
0.000000
0.000000
0.000000
0.000000
0.000000
0.000000
0.000000
0.000000
0.000000
0.000000
0.000000
0.000000
0.000000
0.000000
0.000000
0.000000
0.000000
0.000000
0.000000
0.000000
0.000000
0.000000
0.000000
0.000000
0.000000
0.000000
0.000000
0.000000
0.000000
0.000000
0.000000
0.000000
0.000000
0.000000
0.000000
0.000000
0.000000
0.000000
0.000000
0.000000
0.000000
0.000000
0.000000
0.000000
0.000000
0.000000
0.000000
0.000000
0.000000
0.000000
0.000000
0.000000
0.000000
0.000000
0.000000
0.000000
0.000000
0.000000
0.000000
0.000000
0.000000
0.000000
0.000000
0.000000
0.000000
0.000000
0.000000
0.000000
0.000000
0.000000
0.000000
0.000000
0.000000
0.000000
0.000000
0.000000
0.000000
0.000000
0.000000
0.000000
0.000000
0.000000
0.000000
0.000000
0.000000
0.000000
0.000000
0.000000
0.000000
0.000000
0.000000
0.000000
0.000000
0.000000
0.000000
0.000000
0.000000
0.000000
0.000000
0.000000
0.000000
0.000000
0.000000
0.000000
0.000000
0.000000
0.000000
0.000000
0.000000
0.000000
0.000000
0.000000
0.000000
0.000000
0.000000
0.000000
0.000000
0.000000
0.000000
0.000000
0.000000
0.000000
0.000000
0.000000
0.000000
0.000000
0.000000
0.000000
0.000000
0.000000
0.000000
0.000000
0.000000
0.000000
0.000000
0.000000
0.000000
0.000000
0.000000
0.000000
0.000000
0.000000
0.000000
0.000000
0.000000
0.000000
0.000000
0.000000
0.000000
0.000000
0.000000
0.000000
0.000000
0.000000
0.000000
0.000000
0.000000
0.000000
0.000000
0.000000
0.000000
0.000000
0.000000
0.000000
0.000000
0.000000
0.000000
0.000000
0.000000
0.000000
0.000000
0.000000
0.000000
0.000000
0.000000
0.000000
0.000000
0.000000
0.000000
0.000000
0.000000
0.000000
0.000000
0.000000
0.000000
0.000000
0.000000
0.000000
0.000000
0.000000
0.000000
0.000000
0.000000
0.000000
0.000000
0.000000
0.000000
0.000000
0.000000
0.000000
0.000000
0.000000
0.000000
0.000000
0.000000
0.000000
0.000000
0.000000
0.000000
0.000000
0.000000
0.000000
0.000000
0.000000
0.000000
0.000000
0.000000
0.000000
0.000000
0.000000
0.000000
0.000000
0.000000
0.000000
0.000000
0.000000
0.000000
0.000000
0.000000
0.000000
0.000000
0.000000
0.000000
0.000000
0.000000
0.000000
0.000000
0.000000
0.000000
0.000000
0.000000
0.000000
0.000000
0.000000
0.000000
0.000000
0.000000
0.000000
0.000000
0.000000
0.000000
0.000000
0.000000
0.000000
0.000000
0.000000
0.000000
0.000000
0.000000
0.000000
0.000000
0.000000
0.000000
0.000000
0.000000
0.000000
0.000000
0.000000
0.000000
0.000000
0.000000
0.000000
0.000000
0.000000
0.000000
0.000000
0.000000
0.000000
0.000000
0.000000
0.000000
0.000000
0.000000
0.000000
0.000000
0.000000
0.000000
0.000000
0.000000
0.000000
0.000000
0.000000
0.000000
0.000000
0.000000
0.000000
0.000000
0.000000
0.000000
0.000000
0.000000
0.000000
0.000000
0.000000
0.000000
0.000000
0.000000
0.000000
0.000000
0.000000
0.000000
0.000000
0.000000
0.000000
0.000000
0.000000
0.000000
0.000000
0.000000
0.000000
0.000000
0.000000
0.000000
0.000000
0.000000
0.000000
0.000000
0.000000
0.000000
0.000000
0.000000
0.000000
0.000000
0.000000
0.000000
0.000000
0.000000
0.000000
0.000000
0.000000
0.000000
0.000000
0.000000
0.000000
0.000000
0.000000
0.000000
0.000000
0.000000
0.000000
0.000000
0.000000
0.000000
0.000000
0.000000
0.000000
0.000000
0.000000
0.000000
0.000000
0.000000
0.000000
0.000000
0.000000
0.000000
0.000000
0.000000
0.000000
0.000000
0.000000
0.000000
0.000000
0.000000
0.000000
0.000000
0.000000
0.000000
0.000000
0.000000
0.000000
0.000000
0.000000
0.000000
0.000000
0.000000
0.000000
0.000000
0.000000
0.000000
0.000000
0.000000
0.000000
0.000000
0.000000
0.000000
0.000000
0.000000
0.000000
0.000000
0.000000
0.000000
0.000000
0.000000
0.000000
0.000000
0.000000
0.000000
0.000000
0.000000
0.000000
0.000000
0.000000
0.000000
0.000000
0.000000
0.000000
0.000000
0.000000
0.000000
0.000000
0.000000
0.000000
0.000000
0.000000
0.000000
0.000000
0.000000
0.000000
0.000000
0.000000
0.000000
0.000000
0.000000
0.000000
0.000000
0.000000
0.000000
0.000000
0.000000
0.000000
0.000000
0.000000
0.000000
0.000000
0.000000
0.000000
0.000000
0.000000
0.000000
0.000000
0.000000
0.000000
0.000000
0.000000
0.000000
0.000000
0.000000
0.000000
0.000000
0.000000
0.000000
0.000000
0.000000
0.000000
0.000000
0.000000
0.000000
0.000000
0.000000
0.000000
0.000000
0.000000
0.000000
0.000000
0.000000
0.000000
0.000000
0.000000
0.000000
0.000000
0.000000
0.000000
0.000000
0.000000
0.000000
0.000000
0.000000
0.000000
0.000000
0.000000
0.000000
0.000000
0.000000
0.000000
0.000000
0.000000
0.000000
0.000000
0.000000
0.000000
0.000000
0.000000
0.000000
0.000000
0.000000
0.000000
0.000000
0.000000
0.000000
0.000000
0.000000
0.000000
0.000000
0.000000
0.000000
0.000000
0.000000
0.000000
0.000000
0.000000
0.000000
0.000000
0.000000
0.000000
0.000000
0.000000
0.000000
0.000000
0.000000
0.000000
0.000000
0.000000
0.000000
0.000000
0.000000
0.000000
0.000000
0.000000
0.000000
0.000000
0.000000
0.000000
0.000000
0.000000
0.000000
0.000000
0.000000
0.000000
0.000000
0.000000
0.000000
0.000000
0.000000
0.000000
0.000000
0.000000
0.000000
0.000000
0.000000
0.000000
0.000000
0.000000
0.000000
0.000000
0.000000
0.000000
0.000000
0.000000
0.000000
0.000000
0.000000
0.000000
0.000000
0.000000
0.000000
0.000000
0.000000
0.000000
0.000000
0.000000
0.000000
0.000000
0.000000
0.000000
0.000000
0.000000
0.000000
0.000000
0.000000
0.000000
0.000000
0.000000
0.000000
0.000000
0.000000
0.000000
0.000000
0.000000
0.000000
0.000000
0.000000
0.000000
0.000000
0.000000
0.000000
0.000000
0.000000
0.000000
0.000000
0.000000
0.000000
0.000000
0.000000
0.000000
0.000000
0.000000
0.000000
0.000000
0.000000
0.000000
0.000000
0.000000
0.000000
0.000000
0.000000
0.000000
0.000000
0.000000
0.000000
0.000000
0.000000
0.000000
0.000000
0.000000
0.000000
0.000000
0.000000
0.000000
0.000000
0.000000
0.000000
0.000000
0.000000
0.000000
0.000000
0.000000
0.000000
0.000000
0.000000
0.000000
0.000000
0.000000
0.000000
0.000000
0.000000
0.000000
0.000000
0.000000
0.000000
0.000000
0.000000
0.000000
0.000000
0.000000
0.000000
0.000000
0.000000
0.000000
0.000000
0.000000
0.000000
0.000000
0.000000
0.000000
0.000000
0.000000
0.000000
0.000000
0.000000
0.000000
0.000000
0.000000
0.000000
0.000000
0.000000
0.000000
0.000000
0.000000
0.000000
0.000000
0.000000
0.000000
0.000000
0.000000
0.000000
0.000000
0.000000
0.000000
0.000000
0.000000
0.000000
0.000000
0.000000
0.000000
0.000000
0.000000
0.000000
0.000000
0.000000
0.000000
0.000000
0.000000
0.000000
0.000000
0.000000
0.000000
0.000000
0.000000
0.000000
0.000000
0.000000
0.000000
0.000000
0.000000
0.000000
0.000000
0.000000
0.000000
0.000000
0.000000
0.000000
0.000000
0.000000
0.000000
0.000000
0.000000
0.000000
0.000000
0.000000
0.000000
0.000000
0.000000
0.000000
0.000000
0.000000
0.000000
0.000000
0.000000
0.000000
0.000000
0.000000
0.000000
0.000000
0.000000
0.000000
0.000000
0.000000
0.000000
0.000000
0.000000
0.000000
0.000000
0.000000
0.000000
0.000000
0.000000
0.000000
0.000000
0.000000
0.000000
0.000000
0.000000
0.000000
0.000000
0.000000
0.000000
0.000000
0.000000
0.000000
0.000000
0.000000
0.000000
0.000000
0.000000
0.000000
0.000000
0.000000
0.000000
0.000000
0.000000
0.000000
0.000000
0.000000
0.000000
0.000000
0.000000
0.000000
0.000000
0.000000
0.000000
0.000000
0.000000
0.000000
0.000000
0.000000
0.000000
0.000000
0.000000
0.000000
0.000000
0.000000
0.000000
0.000000
0.000000
0.000000
0.000000
0.000000
0.000000
0.000000
0.000000
0.000000
0.000000
0.000000
0.000000
0.000000
0.000000
0.000000
0.000000
0.000000
0.000000
0.000000
0.000000
0.000000
0.000000
0.000000
0.000000
0.000000
0.000000
0.000000
0.000000
0.000000
0.000000
0.000000
0.000000
0.000000
0.000000
0.000000
0.000000
0.000000
0.000000
0.000000
0.000000
0.000000
0.000000
0.000000
0.000000
0.000000
0.000000
0.000000
0.000000
0.000000
0.000000
0.000000
0.000000
0.000000
0.000000
0.000000
0.000000
0.000000
0.000000
0.000000
0.000000
0.000000
0.000000
0.000000
0.000000
0.000000
0.000000
0.000000
0.000000
0.000000
0.000000
0.000000
0.000000
0.000000
0.000000
0.000000
0.000000
0.000000
0.000000
0.000000
0.000000
0.000000
0.000000
0.000000
0.000000
0.000000
0.000000
0.000000
0.000000
0.000000
0.000000
0.000000
0.000000
0.000000
0.000000
0.000000
0.000000
0.000000
0.000000
0.000000
0.000000
0.000000
0.000000
0.000000
0.000000
0.000000
0.000000
0.000000
0.000000
0.000000
0.000000
0.000000
0.000000
0.000000
0.000000
0.000000
0.000000
0.000000
0.000000
0.000000
0.000000
0.000000
0.000000
0.000000
0.000000
0.000000
0.000000
0.000000
0.000000
0.000000
0.000000
0.000000
0.000000
0.000000
0.000000
0.000000
0.000000
0.000000
0.000000
0.000000
0.000000
0.000000
0.000000
0.000000
0.000000
0.000000
0.000000
0.000000
0.000000
0.000000
0.000000
0.000000
0.000000
0.000000
0.000000
0.000000
0.000000
0.000000
0.000000
0.000000
0.000000
0.000000
0.000000
0.000000
0.000000
0.000000
0.000000
0.000000
0.000000
0.000000
0.000000
0.000000
0.000000
0.000000
0.000000
0.000000
0.000000
0.000000
0.000000
0.000000
0.000000
0.000000
0.000000
0.000000
0.000000
0.000000
0.000000
0.000000
0.000000
0.000000
0.000000
0.000000
0.000000
0.000000
0.000000
0.000000
0.000000
0.000000
0.000000
0.000000
0.000000
0.000000
0.000000
0.000000
0.000000
0.000000
0.000000
0.000000
0.000000
0.000000
0.000000
0.000000
0.000000
0.000000
0.000000
0.000000
0.000000
0.000000
0.000000
0.000000
0.000000
0.000000
0.000000
0.000000
0.000000
0.000000
0.000000
0.000000
0.000000
0.000000
0.000000
0.000000
0.000000
0.000000
0.000000
0.000000
0.000000
0.000000
0.000000
0.000000
0.000000
0.000000
0.000000
0.000000
0.000000
0.000000
0.000000
0.000000
0.000000
0.000000
0.000000
0.000000
0.000000
0.000000
0.000000
0.000000
0.000000
0.000000
0.000000
0.000000
0.000000
0.000000
0.000000
0.000000
0.000000
0.000000
0.000000
0.000000
0.000000
0.000000
0.000000
0.000000
0.000000
0.000000
0.000000
0.000000
0.000000
0.000000
0.000000
0.000000
0.000000
0.000000
0.000000
0.000000
0.000000
0.000000
0.000000
0.000000
0.000000
0.000000
0.000000
0.000000
0.000000
0.000000
0.000000
0.000000
0.000000
0.000000
0.000000
0.000000
0.000000
0.000000
0.000000
0.000000
0.000000
0.000000
0.000000
0.000000
0.000000
0.000000
0.000000
0.000000
0.000000
0.000000
0.000000
0.000000
0.000000
0.000000
0.000000
0.000000
0.000000
0.000000
0.000000
0.000000
0.000000
0.000000
0.000000
0.000000
0.000000
0.000000
0.000000
0.000000
0.000000
0.000000
0.000000
0.000000
0.000000
0.000000
0.000000
0.000000
0.000000
0.000000
0.000000
0.000000
0.000000
0.000000
0.000000
0.000000
0.000000
0.000000
0.000000
0.000000
0.000000
0.000000
0.000000
0.000000
0.000000
0.000000
0.000000
0.000000
0.000000
0.000000
0.000000
0.000000
0.000000
0.000000
0.000000
0.000000
0.000000
0.000000
0.000000
0.000000
0.000000
0.000000
0.000000
0.000000
0.000000
0.000000
0.000000
0.000000
0.000000
0.000000
0.000000
0.000000
0.000000
0.000000
0.000000
0.000000
0.000000
0.000000
0.000000
0.000000
0.000000
0.000000
0.000000
0.000000
0.000000
0.000000
0.000000
0.000000
0.000000
0.000000
0.000000
0.000000
0.000000
0.000000
0.000000
0.000000
0.000000
0.000000
0.000000
0.000000
0.000000
0.000000
0.000000
0.000000
0.000000
0.000000
0.000000
0.000000
0.000000
0.000000
0.000000
0.000000
0.000000
0.000000
0.000000
0.000000
0.000000
0.000000
0.000000
0.000000
0.000000
0.000000
0.000000
0.000000
0.000000
0.000000
0.000000
0.000000
0.000000
0.000000
0.000000
0.000000
0.000000
0.000000
0.000000
0.000000
0.000000
0.000000
0.000000
0.000000
0.000000
0.000000
0.000000
0.000000
0.000000
0.000000
0.000000
0.000000
0.000000
0.000000
0.000000
0.000000
0.000000
0.000000
0.000000
0.000000
0.000000
0.000000
0.000000
0.000000
0.000000
0.000000
0.000000
0.000000
0.000000
0.000000
0.000000
0.000000
0.000000
0.000000
0.000000
0.000000
0.000000
0.000000
0.000000
0.000000
0.000000
0.000000
0.000000
0.000000
0.000000
0.000000
0.000000
0.000000
0.000000
0.000000
0.000000
0.000000
0.000000
0.000000
0.000000
0.000000
0.000000
0.000000
0.000000
0.000000
0.000000
0.000000
0.000000
0.000000
0.000000
0.000000
0.000000
0.000000
0.000000
0.000000
0.000000
0.000000
0.000000
0.000000
0.000000
0.000000
0.000000
0.000000
0.000000
0.000000
0.000000
0.000000
0.000000
0.000000
0.000000
0.000000
0.000000
0.000000
0.000000
0.000000
0.000000
0.000000
0.000000
0.000000
0.000000
0.000000
0.000000
0.000000
0.000000
0.000000
0.000000
0.000000
0.000000
0.000000
0.000000
0.000000
0.000000
0.000000
0.000000
0.000000
0.000000
0.000000
0.000000
0.000000
0.000000
0.000000
0.000000
0.000000
0.000000
0.000000
0.000000
0.000000
0.000000
0.000000
0.000000
0.000000
0.000000
0.000000
0.000000
0.000000
0.000000
0.000000
0.000000
0.000000
0.000000
0.000000
0.000000
0.000000
0.000000
0.000000
0.000000
0.000000
0.000000
0.000000
0.000000
0.000000
0.000000
0.000000
0.000000
0.000000
0.000000
0.000000
0.000000
0.000000
0.000000
0.000000
0.000000
0.000000
0.000000
0.000000
0.000000
0.000000
0.000000
0.000000
0.000000
0.000000
0.000000
0.000000
0.000000
0.000000
0.000000
0.000000
0.000000
0.000000
0.000000
0.000000
0.000000
0.000000
0.000000
0.000000
0.000000
0.000000
0.000000
0.000000
0.000000
0.000000
0.000000
0.000000
0.000000
0.000000
0.000000
0.000000
0.000000
0.000000
0.000000
0.000000
0.000000
0.000000
0.000000
0.000000
0.000000
0.000000
0.000000
0.000000
0.000000
0.000000
0.000000
0.000000
0.000000
0.000000
0.000000
0.000000
0.000000
0.000000
0.000000
0.000000
0.000000
0.000000
0.000000
0.000000
0.000000
0.000000
0.000000
0.000000
0.000000
0.000000
0.000000
0.000000
0.000000
0.000000
0.000000
0.000000
0.000000
0.000000
0.000000
0.000000
0.000000
0.000000
0.000000
0.000000
0.000000
0.000000
0.000000
0.000000
0.000000
0.000000
0.000000
0.000000
0.000000
0.000000
0.000000
0.000000
0.000000
0.000000
0.000000
0.000000
0.000000
0.000000
0.000000
0.000000
0.000000
0.000000
0.000000
0.000000
0.000000
0.000000
0.000000
0.000000
0.000000
0.000000
0.000000
0.000000
0.000000
0.000000
0.000000
0.000000
0.000000
0.000000
0.000000
0.000000
0.000000
0.000000
0.000000
0.000000
0.000000
0.000000
0.000000
0.000000
0.000000
0.000000
0.000000
0.000000
0.000000
0.000000
0.000000
0.000000
0.000000
0.000000
0.000000
0.000000
0.000000
0.000000
0.000000
0.000000
0.000000
0.000000
0.000000
0.000000
0.000000
0.000000
0.000000
0.000000
0.000000
0.000000
0.000000
0.000000
0.000000
0.000000
0.000000
0.000000
0.000000
0.000000
0.000000
0.000000
0.000000
0.000000
0.000000
0.000000
0.000000
0.000000
0.000000
0.000000
0.000000
0.000000
0.000000
0.000000
0.000000
0.000000
0.000000
0.000000
0.000000
0.000000
0.000000
0.000000
0.000000
0.000000
0.000000
0.000000
0.000000
0.000000
0.000000
0.000000
0.000000
0.000000
0.000000
0.000000
0.000000
0.000000
0.000000
0.000000
0.000000
0.000000
0.000000
0.000000
0.000000
0.000000
0.000000
0.000000
0.000000
0.000000
0.000000
0.000000
0.000000
0.000000
0.000000
0.000000
0.000000
0.000000
0.000000
0.000000
0.000000
0.000000
0.000000
0.000000
0.000000
0.000000
0.000000
0.000000
0.000000
0.000000
0.000000
0.000000
0.000000
0.000000
0.000000
0.000000
0.000000
0.000000
0.000000
0.000000
0.000000
0.000000
0.000000
0.000000
0.000000
0.000000
0.000000
0.000000
0.000000
0.000000
0.000000
0.000000
0.000000
0.000000
0.000000
0.000000
0.000000
0.000000
0.000000
0.000000
0.000000
0.000000
0.000000
0.000000
0.000000
0.000000
0.000000
0.000000
0.000000
0.000000
0.000000
0.000000
0.000000
0.000000
0.000000
0.000000
0.000000
0.000000
0.000000
0.000000
0.000000
0.000000
0.000000
0.000000
0.000000
0.000000
0.000000
0.000000
0.000000
0.000000
0.000000
0.000000
0.000000
0.000000
0.000000
0.000000
0.000000
0.000000
0.000000
0.000000
0.000000
0.000000
0.000000
0.000000
0.000000
0.000000
0.000000
0.000000
0.000000
0.000000
0.000000
0.000000
0.000000
0.000000
0.000000
0.000000
0.000000
0.000000
0.000000
0.000000
0.000000
0.000000
0.000000
0.000000
0.000000
0.000000
0.000000
0.000000
0.000000
0.000000
0.000000
0.000000
0.000000
0.000000
0.000000
0.000000
0.000000
0.000000
0.000000
0.000000
0.000000
0.000000
0.000000
0.000000
0.000000
0.000000
0.000000
0.000000
0.000000
0.000000
0.000000
0.000000
0.000000
0.000000
0.000000
0.000000
0.000000
0.000000
0.000000
0.000000
0.000000
0.000000
0.000000
0.000000
0.000000
0.000000
0.000000
0.000000
0.000000
0.000000
0.000000
0.000000
0.000000
0.000000
0.000000
0.000000
0.000000
0.000000
0.000000
0.000000
0.000000
0.000000
0.000000
0.000000
0.000000
0.000000
0.000000
0.000000
0.000000
0.000000
0.000000
0.000000
0.000000
0.000000
0.000000
0.000000
0.000000
0.000000
0.000000
0.000000
0.000000
0.000000
0.000000
0.000000
0.000000
0.000000
0.000000
0.000000
0.000000
0.000000
0.000000
0.000000
0.000000
0.000000
0.000000
0.000000
0.000000
0.000000
0.000000
0.000000
0.000000
0.000000
0.000000
0.000000
0.000000
0.000000
0.000000
0.000000
0.000000
0.000000
0.000000
0.000000
0.000000
0.000000
0.000000
0.000000
0.000000
0.000000
0.000000
0.000000
0.000000
0.000000
0.000000
0.000000
0.000000
0.000000
0.000000
0.000000
0.000000
0.000000
0.000000
0.000000
0.000000
0.000000
0.000000
0.000000
0.000000
0.000000
0.000000
0.000000
0.000000
0.000000
0.000000
0.000000
0.000000
0.000000
0.000000
0.000000
0.000000
0.000000
0.000000
0.000000
0.000000
0.000000
0.000000
0.000000
0.000000
0.000000
0.000000
0.000000
0.000000
0.000000
0.000000
0.000000
0.000000
0.000000
0.000000
0.000000
0.000000
0.000000
0.000000
0.000000
0.000000
0.000000
0.000000
0.000000
0.000000
0.000000
0.000000
0.000000
0.000000
0.000000
0.000000
0.000000
0.000000
0.000000
0.000000
0.000000
0.000000
0.000000
0.000000
0.000000
0.000000
0.000000
0.000000
0.000000
0.000000
0.000000
0.000000
0.000000
0.000000
0.000000
0.000000
0.000000
0.000000
0.000000
0.000000
0.000000
0.000000
0.000000
0.000000
0.000000
0.000000
0.000000
0.000000
0.000000
0.000000
0.000000
0.000000
0.000000
0.000000
0.000000
0.000000
0.000000
0.000000
0.000000
0.000000
0.000000
0.000000
0.000000
0.000000
0.000000
0.000000
0.000000
0.000000
0.000000
0.000000
0.000000
0.000000
0.000000
0.000000
0.000000
0.000000
0.000000
0.000000
0.000000
0.000000
0.000000
0.000000
0.000000
0.000000
0.000000
0.000000
0.000000
0.000000
0.000000
0.000000
0.000000
0.000000
0.000000
0.000000
0.000000
0.000000
0.000000
0.000000
0.000000
0.000000
0.000000
0.000000
0.000000
0.000000
0.000000
0.000000
0.000000
0.000000
0.000000
0.000000
0.000000
0.000000
0.000000
0.000000
0.000000
0.000000
0.000000
0.000000
0.000000
0.000000
0.000000
