-0.001748
-0.000480
-0.000413
-0.001968
-0.001647
-0.000944
-0.000464
0.000170
-0.000520
-0.002004
-0.001249
-0.001959
-0.001347
-0.000700
-0.000900
-0.001021
-0.000818
-0.000812
-0.000910
-0.001190
-0.001920
-0.001698
-0.000495
-0.000638
-0.000113
-0.000618
-0.000428
0.001859
0.000645
0.000861
-0.000312
-0.000055
0.000018
0.001688
0.001229
0.002688
0.002299
0.001977
0.002047
0.002978
0.003601
0.002651
0.003504
0.002850
0.002187
0.001447
0.003069
0.002263
0.001870
0.001885
0.001310
-0.000657
-0.000341
0.000406
0.000019
0.000455
0.000759
0.000261
0.001420
0.001060
0.001595
0.001088
0.000002
0.000062
0.000675
0.000253
0.000832
0.000449
0.000292
0.000132
0.001044
0.000747
0.000593
0.000116
-0.000184
0.000709
-0.001318
-0.000625
-0.004281
-0.001198
-0.001740
-0.001454
-0.000582
0.001136
0.000660
0.000520
-0.001015
-0.000330
-0.001440
-0.001358
-0.001007
-0.002468
-0.001905
-0.003989
-0.004419
-0.003153
-0.004738
-0.004045
-0.003939
-0.002535
-0.002133
-0.001462
-0.002740
-0.001157
0.000117
0.000285
0.000472
0.000376
0.001401
0.001026
0.000751
0.000812
0.001835
0.001392
0.001237
0.001622
0.004543
0.002797
0.001950
0.002231
0.001280
0.001146
0.000560
0.000401
0.000906
0.000134
-0.000072
-0.000029
-0.000129
-0.001045
-0.001873
-0.001806
-0.001480
-0.001243
-0.001562
-0.001025
-0.001347
-0.001301
-0.001508
-0.001457
-0.002089
-0.001329
-0.002418
-0.001985
-0.000948
-0.001760
-0.004513
-0.001888
-0.001428
-0.001722
-0.001432
-0.001474
-0.000535
-0.000209
-0.000781
0.000063
0.000894
0.000755
0.000807
0.001132
0.001113
0.000444
0.000624
0.001407
0.001199
0.001147
0.001621
0.001199
0.001787
0.000508
0.000520
0.001724
0.004241
0.003932
0.003095
0.002382
0.001993
0.001754
-0.000458
-0.000266
0.000063
0.000970
0.000288
0.000367
0.000526
0.000498
0.000048
0.000314
0.000164
0.000016
0.000531
0.000614
0.000299
-0.000268
-0.000545
-0.001638
-0.001367
-0.000579
0.000224
0.000787
0.001060
0.000732
0.001239
0.000778
0.000058
-0.000209
-0.000191
0.000151
0.000531
-0.000444
-0.000879
-0.000998
-0.001449
-0.000974
-0.000539
-0.001754
-0.002355
-0.000930
-0.002365
-0.001967
-0.001511
-0.001834
-0.001403
-0.000830
-0.000622
-0.001360
-0.001888
-0.000688
-0.000779
-0.000605
-0.000448
-0.000133
0.000000
0.000390
0.000216
0.000733
-0.000483
0.000356
0.001335
0.000164
0.000404
0.000919
0.000547
0.000656
-0.000169
0.000886
0.000279
0.000345
-0.000016
0.000255
0.000326
-0.000177
0.000630
0.000377
0.000308
0.000675
0.001230
0.001177
0.001074
0.001520
0.000549
0.000853
-0.000426
-0.000752
0.000010
0.000588
0.001010
0.000343
-0.000104
-0.000084
0.000218
-0.000003
0.001370
0.001243
0.001373
0.000632
-0.000717
0.000658
-0.000439
0.000186
-0.000199
-0.001383
-0.001127
-0.001489
-0.001675
-0.000145
-0.001678
-0.001147
-0.002307
-0.001781
-0.002221
-0.002261
-0.001582
-0.001740
-0.001327
-0.000819
0.000286
-0.000164
0.000639
0.000276
0.001391
0.001314
0.000618
0.002688
0.001825
0.001676
0.001088
0.000855
0.000002
0.001731
0.001343
0.002187
0.000599
0.000841
0.000746
0.000196
-0.000286
-0.001006
0.002637
0.001582
0.002050
0.000570
-0.000007
-0.000304
-0.000195
-0.000960
-0.001524
-0.001709
-0.001788
-0.001754
-0.000826
-0.000743
-0.000421
0.000696
-0.000311
-0.000710
0.001080
0.000509
-0.000082
-0.001341
-0.001989
-0.000824
-0.000256
0.000842
-0.000291
0.000529
0.001238
0.001398
0.000428
0.000084
0.000128
-0.000088
-0.000446
-0.000032
-0.000330
0.000174
0.000481
0.000107
0.000171
0.000096
0.000392
-0.000152
-0.000750
-0.002408
-0.005368
-0.009359
-0.015108
-0.020959
-0.033679
-0.037027
-0.043933
-0.049793
-0.055888
-0.060650
-0.066455
-0.070448
-0.088800
-0.081198
-0.086738
-0.105008
-0.109138
-0.098269
-0.121872
-0.127523
-0.131205
-0.135089
-0.134282
-0.134590
-0.151353
-0.106130
-0.133664
-0.079468
-0.075687
-0.081196
-0.060644
-0.045737
-0.052362
-0.060494
-0.053814
-0.040063
-0.035840
-0.030598
-0.032470
-0.024157
-0.020901
-0.015332
-0.013192
-0.012543
-0.014816
-0.013492
-0.010399
-0.009811
-0.007201
-0.009442
-0.010280
-0.012907
-0.011046
-0.008021
-0.008109
-0.008140
-0.009380
-0.008083
-0.006491
-0.005273
-0.004603
-0.001919
-0.001328
-0.000086
0.001349
0.000951
0.001146
0.000909
-0.000211
-0.000307
-0.000870
-0.001162
-0.002060
-0.002382
-0.003453
-0.003037
-0.001918
-0.000935
-0.000793
-0.000134
-0.000270
0.000030
0.000287
0.000356
-0.000515
0.000316
0.001566
0.002261
0.002019
0.000815
0.001394
0.000683
-0.001478
-0.000660
-0.001784
-0.000985
-0.001090
-0.001457
-0.001292
-0.001393
-0.000866
-0.001285
0.000348
0.000060
0.000911
0.000315
-0.002887
-0.001371
-0.001573
-0.000973
-0.000664
-0.000659
0.001337
0.000481
0.001020
0.000384
0.001160
0.000652
0.001052
0.000564
0.001119
0.001493
0.000876
0.000814
-0.000089
0.000690
0.000049
0.000201
0.000543
-0.000467
-0.000328
0.000453
-0.000100
0.000526
0.000900
0.000863
0.001173
0.002253
0.000931
-0.000249
0.000748
0.000291
-0.000516
-0.000003
0.000005
-0.000903
-0.000641
0.000921
0.000650
0.000573
0.001216
0.001904
0.003025
0.002540
0.002652
0.001774
0.001652
0.002743
0.002559
0.001585
0.000992
0.001468
0.000881
0.001628
0.001636
0.000938
0.001161
0.000199
0.000345
-0.000789
-0.002136
-0.002058
-0.001133
-0.000787
-0.000694
-0.001306
-0.001655
-0.001241
-0.000550
-0.000780
0.000216
-0.001088
-0.002757
-0.001960
-0.001834
-0.001394
-0.000872
-0.000882
-0.000413
0.000153
0.000237
0.000311
0.000484
0.000593
0.001535
0.001352
0.000594
0.000064
0.000546
0.000228
0.000027
0.000597
0.000117
0.002457
0.004553
0.004242
0.003483
0.002952
0.003316
0.003150
0.001641
0.001211
0.001353
0.001686
0.000872
0.000700
0.001616
0.001329
0.000910
0.001205
0.001199
0.000498
0.000835
0.000695
0.000558
0.000238
-0.000245
-0.000373
0.000031
0.000310
-0.000998
0.000909
0.002651
0.001533
0.000270
0.000895
0.001371
0.001176
0.000544
0.000401
-0.000032
0.000255
0.001093
0.001734
0.000923
0.000955
0.001705
0.001609
0.001216
0.000781
0.000240
0.000307
-0.000195
0.000811
0.001074
0.000682
0.000773
0.000370
0.000874
0.000268
-0.000237
-0.000130
0.000493
0.000480
0.000413
0.000756
0.001123
0.001031
0.001353
0.001297
0.001535
0.002268
0.001842
0.001446
0.001710
0.002784
0.002827
0.002367
0.002497
0.002904
0.003357
0.002938
0.002573
0.003756
0.003212
0.002746
0.003772
0.002546
0.002465
0.002796
0.002616
0.002792
0.002699
0.001138
0.000127
0.000806
0.000299
0.000144
0.000628
-0.000657
-0.001142
-0.001441
-0.001431
-0.000952
-0.000366
0.000160
-0.000129
0.001357
0.003758
0.003018
0.003630
0.001941
0.003080
0.003769
0.003127
0.002915
0.002822
0.002191
0.002145
0.001774
0.000278
0.001069
-0.000116
-0.000743
-0.000429
-0.000978
-0.001009
-0.001321
-0.000383
-0.000880
-0.000384
-0.001105
-0.000868
0.000496
0.000221
0.000117
0.001058
0.001954
0.000969
0.001648
0.002110
0.002816
0.002571
0.004171
0.002974
0.002290
0.001552
0.001068
0.001662
0.001864
0.002172
0.001179
0.000982
0.000090
0.000156
-0.001266
-0.000546
0.000342
0.000290
0.004102
0.005857
0.006152
0.008108
0.009337
0.009279
0.011276
0.010376
0.010915
0.010634
0.011780
0.010809
0.011812
0.011254
0.009408
0.008454
0.007202
0.003792
-0.000609
-0.002337
-0.004824
-0.005714
-0.008485
-0.009393
-0.010648
-0.011917
-0.012249
-0.013410
-0.014088
-0.013959
-0.018490
-0.014555
-0.015143
-0.015839
-0.014949
-0.015930
-0.015446
-0.015399
-0.014572
-0.015327
-0.014530
-0.013546
-0.012234
-0.011636
-0.011566
-0.010244
-0.009554
-0.007543
-0.005617
-0.003375
-0.002125
-0.000550
0.000928
0.003025
0.005434
0.006344
0.007640
0.007599
0.008326
0.007095
0.010153
0.009376
0.008414
0.005652
0.006359
0.006537
0.005721
0.004741
0.003551
0.004203
0.003439
0.002584
0.003185
0.003214
0.003228
0.003049
0.003363
0.003445
0.002232
0.002030
0.002232
0.002217
0.001427
0.001182
0.001637
0.000903
0.000685
0.000535
0.000824
0.000053
0.000177
0.000511
0.000303
0.000571
0.001217
0.000304
0.000223
0.000133
0.000317
-0.000240
0.000386
0.000542
0.001086
-0.000042
-0.000733
-0.000811
0.000032
0.000176
-0.000454
-0.000465
-0.000165
-0.000019
-0.001064
-0.000014
0.000936
-0.000459
0.001690
0.000278
-0.000200
-0.000255
-0.000152
0.000365
0.000720
0.000538
0.000334
0.002168
0.002391
0.001598
0.001116
0.001185
0.000385
0.001109
0.001145
0.001351
0.000045
0.000764
-0.001090
0.000034
-0.000175
-0.000250
-0.001922
-0.002252
-0.002002
-0.003572
-0.004017
-0.004047
-0.004373
-0.005558
-0.002307
0.001430
0.004405
0.006505
0.009908
0.012904
0.014761
0.016271
0.018506
0.025821
0.027154
0.022101
0.023677
0.028894
0.022830
0.022739
0.021408
0.020411
0.019485
0.018371
0.018212
0.017242
0.015493
0.014881
0.014134
0.018060
0.017276
0.016312
0.016781
0.015445
0.016583
0.015530
0.014550
0.011093
0.014099
0.013533
0.013719
0.018372
0.020584
0.019954
0.019828
0.019835
0.020633
0.020736
0.021467
0.022683
0.022519
0.016265
0.020515
0.020982
0.021167
0.016008
0.020487
0.020083
0.020626
0.020025
0.019196
0.015771
0.021259
0.020696
0.021127
0.020703
0.020653
0.020890
0.021128
0.020794
0.019570
0.018914
0.014765
0.015414
0.014901
0.019725
0.020484
0.021633
0.014840
0.014155
0.014783
0.019425
0.018272
0.018006
0.015166
0.015692
0.015596
0.020749
0.020814
0.020332
0.021323
0.021048
0.020875
0.021763
0.017167
0.022675
0.022138
0.022769
0.022423
0.024968
0.024704
0.023603
0.016266
0.016572
0.020145
0.020299
0.019660
0.015873
0.019858
0.018649
0.018934
0.018132
0.018048
0.015180
0.018037
0.018236
0.018742
0.017958
0.018200
0.019584
0.020154
0.019068
0.019946
0.020734
0.021063
0.020942
0.022266
0.021780
0.022975
0.022783
0.022627
0.022265
0.021836
0.021506
0.021273
0.020761
0.016398
0.020113
0.020150
0.020341
0.020835
0.020305
0.020978
0.019256
0.020564
0.019805
0.019336
0.016218
0.020178
0.016317
0.016940
0.015904
0.015122
0.013752
0.013373
0.013582
0.011850
0.012529
0.012906
0.010832
0.008153
0.009595
0.009776
0.009746
0.008511
0.007924
0.006517
0.005912
0.004747
0.005124
0.003203
0.003231
0.003300
0.002714
0.004782
0.003285
0.003208
0.003078
0.003712
0.005944
0.004917
0.004090
0.003944
0.003937
0.003052
0.003916
0.004501
0.003099
0.002469
0.003963
0.003145
0.003157
0.002184
0.001716
0.001875
0.001291
0.001974
0.001987
0.000633
0.001096
0.000495
-0.000206
0.000260
0.000136
0.000095
0.000097
0.000810
0.000364
0.000710
0.000218
0.000546
0.001174
0.000966
0.001094
0.000685
0.000904
0.000411
0.001359
0.001010
0.001808
0.002634
0.001985
0.002323
0.002544
0.002802
0.002716
0.002276
0.002171
0.002237
0.003380
0.001402
0.000492
0.000174
0.000395
-0.000319
-0.000065
0.000959
0.001165
0.000898
0.000453
0.001931
0.001184
0.001242
0.001767
0.001533
0.001471
0.002126
0.003311
0.001619
0.002427
0.001785
0.002546
0.004087
0.002075
0.001927
0.002121
0.002214
0.001810
0.000763
0.001480
0.000379
0.000527
0.000107
-0.000022
0.000591
0.000474
-0.000113
-0.000661
-0.000856
0.001043
-0.000170
-0.000253
0.000924
0.000840
0.000927
0.001189
0.001132
0.001691
0.001124
0.001168
0.001833
0.001826
0.002582
0.002172
0.002012
0.004374
0.003568
0.004158
0.003038
0.002798
0.001960
0.001765
0.002134
0.001236
0.000472
0.000758
-0.000158
0.000765
0.000048
0.000343
-0.000018
0.000173
-0.000969
-0.001459
-0.001657
-0.001095
-0.000454
-0.001472
-0.001186
-0.001589
-0.000392
-0.000368
-0.002192
-0.001578
-0.001089
-0.002402
-0.001974
-0.001586
-0.002227
-0.002196
-0.001760
-0.001843
-0.002050
-0.001092
-0.000886
0.000046
0.000510
0.000173
-0.000080
-0.000267
0.000946
-0.000057
0.000057
-0.000644
0.000202
-0.001232
-0.000998
-0.000866
0.000280
0.002841
0.004067
0.004640
0.002734
0.002695
0.002630
0.002703
0.004560
0.004075
0.003438
0.003715
0.003991
0.003140
0.002936
0.002940
0.002867
0.001981
0.001669
0.002074
0.001947
0.002115
-0.000818
-0.001190
-0.001720
-0.001407
-0.000421
0.001006
0.000594
0.001555
0.001217
0.000449
0.000496
0.000071
-0.000562
-0.001100
0.000083
-0.001071
-0.000489
0.001791
0.004517
0.009571
0.013124
0.013047
0.019051
0.022309
0.025806
0.023678
0.025439
0.027236
0.029029
0.030597
0.031811
0.033142
0.031901
0.031056
0.028712
0.021192
0.022588
0.020608
0.016318
0.010679
0.006759
0.001966
-0.001023
-0.004191
-0.007271
-0.011337
-0.016511
-0.015153
-0.016187
-0.019035
-0.016489
-0.017039
-0.019351
-0.025419
-0.020264
-0.019692
-0.020054
-0.019423
-0.019651
-0.018267
-0.016785
-0.016016
-0.015978
-0.013722
-0.012895
-0.012376
-0.011214
-0.009732
-0.008790
-0.008022
-0.007983
-0.007984
-0.006439
-0.004893
-0.005765
-0.005467
-0.003421
-0.003346
-0.003754
-0.003364
-0.003419
-0.004638
-0.002547
-0.002883
-0.002884
-0.003668
-0.003940
-0.004199
-0.004289
-0.004526
-0.003030
-0.004614
-0.003311
-0.002681
-0.002792
-0.002626
-0.001859
-0.001740
-0.001194
-0.000463
0.000003
-0.000641
0.000281
0.001086
0.001691
0.001685
0.000158
0.000550
-0.000032
0.000469
-0.000937
-0.001206
-0.001554
-0.002157
-0.001537
-0.001836
-0.000732
-0.001636
-0.001396
-0.001323
-0.002813
-0.003585
-0.004065
-0.003864
-0.003567
-0.004058
-0.003726
-0.004523
-0.002875
-0.003095
-0.001722
-0.001723
-0.001753
-0.002402
-0.002127
-0.001009
-0.001557
-0.001150
-0.000792
-0.000046
-0.000089
-0.001306
-0.000737
-0.001968
-0.001505
-0.001010
-0.000993
-0.002149
-0.000947
-0.000277
-0.001321
-0.000281
-0.000577
-0.000169
-0.000454
0.000161
-0.000084
0.000705
0.001427
0.001281
0.000244
0.000596
0.000434
0.000384
0.000231
0.000219
-0.000012
-0.001073
-0.001515
-0.003415
-0.002815
-0.003415
-0.001832
-0.001149
-0.001639
-0.001450
-0.000703
-0.001806
-0.001884
-0.000482
-0.000448
-0.000922
0.000370
0.000845
0.000218
-0.000452
0.000646
-0.000388
0.002084
0.000282
0.001867
0.001277
0.001177
0.000810
0.000075
-0.000357
0.000497
0.000103
0.000625
-0.000622
0.000870
-0.001391
-0.000361
-0.000499
-0.000678
-0.000657
-0.000017
-0.001122
-0.002351
-0.001562
-0.002250
-0.003284
-0.002367
-0.003319
-0.001474
-0.000591
0.000891
0.000986
0.001144
0.001318
0.004122
0.003192
0.004199
0.005625
0.006313
0.005239
0.006416
0.006910
0.005738
0.005724
0.004646
0.003429
0.003015
0.002345
0.001291
0.000589
0.000384
-0.000258
-0.000337
0.000140
0.000112
0.000296
0.000557
0.000565
0.000474
0.000299
0.000293
-0.001614
-0.001381
-0.001521
-0.001074
-0.001469
-0.001244
-0.001027
0.000923
0.000199
-0.000170
0.000570
-0.000002
0.000320
0.000654
0.006404
0.007442
0.008514
0.012005
0.017732
0.023918
0.030781
0.037960
0.044764
0.049809
0.057109
0.062981
0.069829
0.087792
0.093781
0.085500
0.106155
0.095268
0.097992
0.117025
0.118567
0.121469
0.123075
0.122352
0.122733
0.121898
0.121333
0.103961
0.121377
0.105468
0.105757
0.107190
0.106671
0.103832
0.083257
0.122455
0.080329
0.069663
0.059412
0.034355
0.030167
0.032378
0.030017
0.020044
0.008371
0.004794
0.002249
-0.002191
-0.006427
-0.006558
-0.007269
-0.007511
-0.007288
-0.008029
-0.005443
-0.003513
-0.005002
-0.004014
-0.003546
-0.003103
-0.002863
-0.002428
-0.002471
-0.001719
-0.001705
-0.001476
-0.001847
-0.001766
-0.000936
-0.002432
-0.000820
-0.001779
-0.001341
-0.002266
-0.002114
-0.001553
-0.001754
-0.000833
-0.001130
-0.001353
-0.001516
-0.001956
-0.000910
-0.000479
-0.000041
-0.000080
0.000266
0.001891
0.001809
0.002827
0.002919
0.002205
0.003339
0.002516
0.002388
0.001338
0.001094
0.001038
0.000486
0.000807
0.000317
-0.000898
-0.000124
0.000041
0.001064
0.000547
0.000716
0.000248
0.000834
0.000861
0.000627
0.000142
0.000383
0.000583
0.000126
0.000282
-0.000100
-0.001313
-0.000227
-0.000430
-0.000814
-0.000843
-0.001310
-0.000327
-0.000390
-0.000129
0.000766
0.001157
0.000731
0.000956
-0.000373
0.000314
0.000876
0.000749
0.000756
0.000596
0.000578
0.000263
0.000266
0.000555
0.001525
0.000985
0.001496
0.000095
-0.000337
0.000446
-0.000516
-0.000749
0.000933
0.001193
0.000580
0.000561
0.000678
-0.000096
-0.000909
0.000249
-0.000300
0.000582
0.000053
-0.000389
-0.000136
0.000412
-0.000353
0.000059
0.001474
0.001184
0.000902
0.000412
-0.000070
-0.000324
-0.000413
-0.000950
-0.000708
-0.001113
-0.000276
-0.000147
-0.001414
-0.001769
-0.001843
-0.002092
-0.001986
-0.003003
-0.003128
-0.002557
-0.002972
-0.002614
-0.003344
-0.000353
-0.000631
-0.000215
0.001239
0.001580
0.000462
0.002621
0.002215
0.002305
0.001882
0.001983
0.002461
0.002021
0.002341
0.002805
0.002962
0.003250
0.002913
0.003124
0.002931
0.003928
0.002714
0.002737
0.002068
0.003530
0.002645
0.002519
0.002169
0.002087
0.001835
0.001447
0.000723
0.000187
-0.000171
-0.000331
-0.000488
-0.001050
-0.001008
-0.001277
-0.002277
-0.002390
-0.002331
-0.003251
-0.003240
-0.003673
-0.004304
-0.006720
-0.006713
-0.005762
-0.003468
-0.002609
-0.001826
-0.001599
-0.002675
-0.001607
-0.001214
-0.000598
0.000052
0.000984
0.001547
0.001863
0.004020
0.004482
0.005838
0.005064
0.005894
0.005353
0.005039
0.005134
0.005034
0.004183
0.003800
0.003115
0.002990
0.002067
0.001466
0.001413
0.000700
-0.000154
-0.000383
-0.000832
-0.001159
-0.001953
-0.001676
-0.002918
-0.003481
-0.003043
-0.003167
-0.002831
-0.002283
-0.001834
-0.001064
-0.001553
-0.000466
-0.001132
-0.000215
-0.000915
-0.001014
-0.000674
-0.001165
-0.001244
-0.000689
-0.000188
-0.000544
-0.000231
-0.000473
-0.001312
-0.000759
-0.001710
-0.001328
-0.001573
-0.000240
-0.000192
-0.000045
-0.000130
0.000260
-0.000028
-0.000238
0.000421
0.000058
-0.000059
-0.000623
-0.000296
-0.000241
0.000024
-0.000791
-0.003187
-0.006558
-0.008613
-0.014149
-0.018996
-0.022929
-0.026845
-0.028652
-0.024516
-0.024395
-0.030732
-0.033820
-0.023267
-0.018303
-0.018184
-0.008739
-0.003130
0.004022
0.009074
0.015676
0.020978
0.031693
0.031352
0.033351
0.034684
0.035711
0.037462
0.047723
0.047626
0.037667
0.039942
0.028004
0.021808
0.014176
0.007780
0.001624
-0.003849
-0.008456
-0.012445
-0.018489
-0.018589
-0.021730
-0.023656
-0.025507
-0.026714
-0.028941
-0.030781
-0.031898
-0.032419
-0.031416
-0.029707
-0.025907
-0.022451
-0.021521
-0.012793
-0.006707
-0.001889
0.001806
0.005760
0.008972
0.012972
0.015485
0.018794
0.021117
0.024212
0.026454
0.028394
0.029750
0.031405
0.038407
0.031033
0.028807
0.026649
0.022584
0.018768
0.013634
0.008064
0.003130
-0.000038
-0.005628
-0.010312
-0.014176
-0.014632
-0.017139
-0.019403
-0.020764
-0.024198
-0.026190
-0.027915
-0.029568
-0.030005
-0.029182
-0.026482
-0.023666
-0.024755
-0.016116
-0.012869
-0.009694
-0.004145
0.001118
0.007721
0.009706
0.013358
0.016250
0.018768
0.021477
0.024525
0.026108
0.028047
0.030189
0.033423
0.039079
0.031619
0.032787
0.021741
0.016855
0.012728
0.008762
0.001790
-0.004430
-0.008186
-0.009975
-0.016660
-0.016829
-0.019315
-0.021737
-0.024328
-0.027123
-0.028769
-0.029889
-0.029610
-0.029363
-0.027457
-0.025070
-0.022297
-0.019312
-0.015327
-0.011456
-0.008805
-0.002920
0.001920
0.007377
0.013118
0.014762
0.017908
0.020446
0.022751
0.024701
0.027135
0.028295
0.029596
0.030702
0.036640
0.028684
0.026152
0.022755
0.019134
0.013730
0.009444
0.005998
-0.000112
-0.005044
-0.008952
-0.012443
-0.018336
-0.020931
-0.020435
-0.023474
-0.025534
-0.027273
-0.028334
-0.036079
-0.030843
-0.044315
-0.024275
-0.027229
-0.027913
-0.022681
-0.011441
-0.010818
-0.004527
0.002240
0.008264
0.009082
0.014633
0.016868
0.020413
0.028097
0.020573
0.033513
0.031716
0.041323
0.035726
0.035901
0.040863
0.030642
0.031377
0.019751
0.012900
0.007405
0.001758
-0.002258
-0.005992
-0.011079
-0.014648
-0.017258
-0.018575
-0.019530
-0.019077
-0.020645
-0.021203
-0.021930
-0.021743
-0.021424
-0.021631
-0.021988
-0.022758
-0.023735
-0.024335
-0.024596
-0.024422
-0.025611
-0.025634
-0.025471
-0.025676
-0.025804
-0.031986
-0.027455
-0.027566
-0.027084
-0.026467
-0.026157
-0.030676
-0.023754
-0.024430
-0.024723
-0.024725
-0.024647
-0.026417
-0.026371
-0.026069
-0.033838
-0.034152
-0.034285
-0.033726
-0.027656
-0.027057
-0.027115
-0.032866
-0.033487
-0.033407
-0.033469
-0.032130
-0.030884
-0.031373
-0.032297
-0.032101
-0.032453
-0.034224
-0.037763
-0.042256
-0.046767
-0.052596
-0.059705
-0.066585
-0.071671
-0.075877
-0.092759
-0.084014
-0.087142
-0.106706
-0.112759
-0.116923
-0.099174
-0.096080
-0.097237
-0.079689
-0.077490
-0.091011
-0.132897
-0.066393
-0.061204
-0.056733
-0.060139
-0.054414
-0.055144
-0.034040
-0.036479
-0.031567
-0.026999
-0.019094
-0.017682
-0.017108
-0.016601
-0.016311
-0.013954
-0.013816
-0.013505
-0.012993
-0.011330
-0.009886
-0.008323
-0.007736
-0.006790
-0.006487
-0.005643
-0.006393
-0.005928
-0.005627
-0.003445
-0.002566
-0.001680
-0.000832
-0.000844
-0.001320
-0.000934
-0.000242
-0.000573
0.001480
0.005296
0.009941
0.015087
0.021793
0.029060
0.035963
0.044245
0.052272
0.060676
0.067675
0.087398
0.095739
0.087398
0.105914
0.094218
0.113232
0.100055
0.117616
0.100185
0.116337
0.097675
0.096419
0.095928
0.096266
0.095645
0.093363
0.091773
0.090659
0.087981
0.083712
0.077237
0.069984
0.062925
0.056464
0.051260
0.046444
0.042136
0.037971
0.034171
0.028493
0.022038
0.014481
0.008382
0.001149
-0.008540
-0.016874
-0.023971
-0.032609
-0.041485
-0.051804
-0.059633
-0.065967
-0.071885
-0.078012
-0.084920
-0.089314
-0.094058
-0.097575
-0.100230
-0.102995
-0.107000
-0.112070
-0.116562
-0.139420
-0.115495
-0.111672
-0.087732
-0.067114
-0.064128
-0.089809
-0.108364
-0.075810
-0.047843
-0.045787
-0.043136
-0.071496
-0.040747
-0.025423
-0.026574
-0.016329
-0.017356
-0.017505
-0.012669
-0.010658
-0.010402
-0.013087
-0.012035
-0.012129
-0.011422
-0.007555
-0.007137
-0.007012
-0.007743
-0.005210
-0.005135
-0.004588
-0.003436
-0.002856
-0.002403
-0.001416
-0.001333
-0.001457
-0.000670
-0.000264
0.000482
0.000532
0.000611
0.000113
0.001176
0.001340
0.001576
0.001851
0.002380
0.002305
0.002775
0.003856
0.003870
0.004311
0.006727
0.004351
0.004230
0.003776
0.003775
0.003869
0.003832
0.003001
0.002825
0.002317
0.002130
0.002128
0.002659
0.002395
0.002471
0.002954
0.003380
0.003449
0.003943
0.004112
0.003584
0.003232
0.003451
0.003312
0.003365
0.003738
0.002938
0.003358
0.003873
0.004356
0.004376
0.005752
0.006456
0.006149
0.006606
0.005791
0.006530
0.005776
0.006543
0.006506
0.006079
0.005113
0.005801
0.005730
0.006350
0.006911
0.006897
0.006408
0.006109
0.005108
0.005886
0.005568
0.005595
0.005354
0.004532
0.004947
0.004950
0.003693
0.005324
0.004078
0.006009
0.006033
0.006096
0.005726
0.005856
0.005347
0.004939
0.004370
0.004373
0.004966
0.003955
0.004436
0.003895
0.004823
0.005479
0.005389
0.005553
0.005511
0.005197
0.005298
0.005058
0.003172
0.003616
0.004332
0.003232
0.003702
0.003340
0.003760
0.003583
0.005166
0.004925
0.003596
0.003382
0.003928
0.003481
0.003042
0.005622
0.006660
0.006489
0.006182
0.006164
0.006183
0.007107
0.005390
0.005405
0.004261
0.003782
0.003764
0.004306
0.003044
0.004244
0.005479
0.009365
0.012819
0.015902
0.019081
0.017576
0.019881
0.026966
0.030590
0.033231
0.036203
0.038778
0.041329
0.043001
0.044059
0.037933
0.047083
0.050568
0.052057
0.042928
0.049197
0.037597
0.033765
0.032748
0.024075
0.017707
0.006037
-0.001026
-0.007015
-0.012898
-0.019038
-0.028048
-0.035942
-0.051701
-0.053334
-0.060043
-0.065372
-0.070577
-0.076864
-0.083835
-0.088401
-0.107483
-0.095156
-0.098082
-0.101603
-0.122593
-0.105944
-0.123979
-0.122614
-0.104011
-0.103512
-0.103465
-0.102639
-0.099398
-0.078933
-0.100740
-0.076390
-0.055525
-0.076615
-0.052084
-0.035586
-0.035766
-0.020628
-0.009592
0.012043
0.024073
0.035160
0.037921
0.043229
0.047989
0.073036
0.064277
0.073683
0.084083
0.109781
0.099251
0.102009
0.103686
0.139027
0.105563
0.105798
0.123321
0.104942
0.104022
0.121521
0.105844
0.106118
0.106498
0.125153
0.109514
0.109802
0.109911
0.090573
0.088651
0.117279
0.091516
0.094923
0.070216
0.049675
0.053459
0.035218
0.019717
0.007712
-0.001317
-0.008772
-0.016428
-0.024108
-0.034334
-0.045754
-0.055910
-0.053466
-0.072529
-0.125952
-0.075441
-0.091593
-0.076031
-0.091578
-0.125750
-0.130020
-0.095424
-0.093607
-0.076799
-0.107706
-0.110905
-0.098448
-0.100164
-0.084101
-0.084165
-0.083761
-0.084285
-0.116267
-0.150279
-0.098498
-0.079053
-0.076224
-0.086743
-0.068706
-0.098412
-0.069220
-0.040789
-0.035562
-0.027317
-0.022305
-0.023794
-0.005391
0.003104
0.009213
0.012000
0.020134
0.029396
0.034242
0.041295
0.047034
0.043992
0.072950
0.058941
0.063987
0.068910
0.101997
0.093770
0.097699
0.100461
0.102561
0.120870
0.104926
0.125661
0.110983
0.091326
0.090514
0.107615
0.121305
0.118096
0.082164
0.094212
0.091442
0.073144
0.069503
0.065418
0.082976
0.061672
0.044798
0.039089
0.039188
0.034914
0.026005
0.022593
0.025892
0.019132
0.017546
0.015475
0.012964
0.010220
0.007160
0.003937
0.001255
-0.001307
-0.005947
-0.011879
-0.016141
-0.018344
-0.020287
-0.023406
-0.027430
-0.031016
-0.034327
-0.036100
-0.037250
-0.039011
-0.040391
-0.040522
-0.042218
-0.042583
-0.045301
-0.046315
-0.037915
-0.037834
-0.037945
-0.046253
-0.037363
-0.037009
-0.036152
-0.036806
-0.044758
-0.044597
-0.070896
-0.034172
-0.024107
-0.022998
-0.020667
-0.037301
-0.021134
-0.017643
-0.011757
-0.014049
-0.011824
-0.010723
-0.009274
-0.008333
-0.007414
-0.005894
-0.005502
-0.004690
-0.003117
-0.002791
-0.001481
-0.002491
-0.001936
-0.002615
-0.001049
-0.001067
-0.001092
-0.001259
-0.001309
-0.001446
-0.000387
0.000048
-0.000003
0.001279
-0.000769
-0.000091
-0.000153
0.000249
-0.000634
-0.001032
0.000077
0.000452
0.000609
0.000392
0.001185
-0.000394
0.000805
0.000693
0.000608
0.000645
-0.000206
-0.000257
0.000021
0.000276
0.000299
-0.000294
-0.001142
-0.001284
-0.000859
-0.000717
-0.001811
-0.001100
-0.002250
-0.002273
-0.002162
-0.001140
-0.001109
-0.001438
-0.001296
-0.001282
-0.002610
-0.002095
-0.001565
-0.000510
-0.001296
-0.002622
-0.000765
-0.000936
-0.000770
-0.000597
-0.000183
-0.000966
-0.001886
-0.001782
-0.001697
-0.001714
-0.001135
-0.000645
-0.001150
-0.001301
-0.001441
-0.002320
-0.001683
-0.002801
-0.002416
-0.002400
-0.002161
-0.001985
-0.002405
-0.001514
-0.002442
-0.002119
-0.001509
-0.001604
0.000608
-0.000153
0.000410
0.000291
0.000938
-0.000794
-0.000691
-0.000336
-0.001504
0.001271
0.001803
0.000642
0.000957
0.000955
0.001351
0.000809
0.001247
-0.000479
0.000559
-0.000297
0.000495
-0.000436
0.001293
0.000217
0.000447
0.001318
0.001327
0.001603
0.002207
0.002540
0.002309
0.002659
0.002805
0.003373
0.002327
0.001483
0.001363
0.000969
0.000672
0.000417
-0.000147
-0.000347
-0.000619
-0.000216
-0.000532
0.000017
-0.000648
-0.000381
-0.000534
-0.001848
-0.001046
-0.001343
-0.001682
-0.001664
-0.000946
-0.000461
-0.000445
-0.000463
-0.000308
-0.000582
-0.000617
-0.000217
0.000279
0.000335
-0.000754
-0.001064
-0.001412
-0.001817
-0.001846
-0.000733
-0.000950
-0.000702
-0.000321
0.000034
-0.000520
-0.001032
-0.000629
-0.000548
-0.001605
-0.000973
0.000112
0.000295
-0.000145
-0.000225
-0.001213
-0.000948
-0.001202
-0.000253
0.000204
-0.001775
-0.002058
-0.001357
-0.000497
-0.001430
-0.004077
-0.008072
-0.013767
-0.020927
-0.030391
-0.040326
-0.047367
-0.054993
-0.061430
-0.067159
-0.072690
-0.075620
-0.080003
-0.096901
-0.082708
-0.079723
-0.063390
-0.059576
-0.085887
-0.063540
-0.046161
-0.041542
-0.043821
-0.039009
-0.029622
-0.022986
-0.033979
-0.037050
-0.040197
-0.045244
-0.054933
-0.054631
-0.050779
-0.078668
-0.072542
-0.075919
-0.066554
-0.080805
-0.095795
-0.081391
-0.066573
-0.065375
-0.074724
-0.070523
-0.052567
-0.055800
-0.048987
-0.043499
-0.038974
-0.035022
-0.026863
-0.024936
-0.023139
-0.021805
-0.022283
-0.022154
-0.021774
-0.020860
-0.018928
-0.017586
-0.015665
-0.014078
-0.011666
-0.010302
-0.009215
-0.008768
-0.009603
-0.006674
-0.006983
-0.003848
-0.000462
0.004354
0.011370
0.019423
0.028246
0.035882
0.036335
0.050774
0.059266
0.064525
0.070255
0.074231
0.077781
0.067707
0.069230
0.069223
0.067601
0.065250
0.061427
0.046549
0.055326
0.050309
0.036723
0.041992
0.045802
0.033423
0.029274
0.026235
0.022679
0.019978
0.018179
0.012978
0.011857
0.011101
0.009909
0.009114
0.008543
0.008003
0.007525
0.007174
0.005156
0.004580
0.003887
0.004299
0.004401
0.003349
0.003655
0.003065
0.002029
0.002522
0.002711
0.003180
0.002968
0.003409
0.000248
0.000852
0.000624
-0.000287
-0.001547
-0.001656
-0.001547
-0.000209
0.000202
-0.000318
0.000191
0.000434
-0.000105
0.000713
-0.000058
0.001245
0.002272
0.001522
0.001855
0.002047
0.002037
0.002843
0.002401
0.001216
0.000451
-0.001024
-0.005693
-0.013746
-0.023388
-0.038131
-0.046728
-0.054446
-0.061310
-0.067281
-0.073114
-0.078876
-0.084700
-0.088010
-0.105427
-0.107884
-0.095089
-0.112415
-0.114471
-0.118194
-0.119737
-0.120944
-0.121701
-0.122920
-0.122998
-0.104823
-0.104130
-0.085267
-0.083467
-0.156299
-0.082842
-0.063175
-0.047401
-0.044579
-0.042339
-0.050040
-0.060435
-0.034156
-0.022274
-0.018016
-0.015462
-0.022826
-0.017818
-0.017003
-0.017776
-0.019878
-0.014720
-0.010165
-0.012465
-0.011850
-0.011579
-0.011169
-0.008856
-0.007757
-0.007791
-0.008551
-0.006630
-0.004464
-0.004477
-0.004046
-0.003750
-0.003213
-0.002792
-0.002741
-0.002562
-0.002969
-0.002836
-0.002218
-0.002510
-0.000625
-0.001831
-0.001423
-0.001356
0.000025
-0.000867
-0.000142
-0.000446
-0.000360
-0.001247
-0.001214
-0.001328
-0.001373
-0.001099
-0.000662
0.000558
0.000693
0.000936
0.001792
0.002692
0.003031
0.002255
0.000839
0.000937
0.001456
0.000928
0.001290
0.001396
0.000096
0.000348
-0.000154
-0.000049
0.000358
0.000006
0.000412
0.000633
0.001385
0.002762
0.005498
0.008866
0.019709
0.022433
0.030431
0.045960
0.056521
0.066443
0.073978
0.079621
0.084163
0.088317
0.091740
0.091944
0.093049
0.094367
0.110281
0.109826
0.092773
0.106856
0.105973
0.103989
0.087927
0.072430
0.100754
0.100354
0.101908
0.087242
0.085956
0.083795
0.066987
0.075085
0.057993
0.053738
0.040256
0.036963
0.041476
0.036394
0.031852
0.028662
0.026743
0.019985
0.023631
0.017617
0.021082
0.019614
0.014760
0.014018
0.012823
0.011611
0.010728
0.009117
0.009142
0.008384
0.007675
0.007447
0.006768
0.005470
0.004787
0.004004
0.003555
0.003043
0.003280
0.001680
0.001498
0.001521
0.001867
0.001816
0.002086
0.002762
0.001950
0.000840
0.000902
0.000306
-0.000600
0.000023
0.000066
0.000025
-0.000406
-0.000364
-0.001134
-0.001626
-0.001039
-0.000798
-0.000086
0.000008
0.000158
0.000187
-0.000068
0.000481
0.001059
0.000335
0.000460
-0.000087
0.000284
-0.001666
-0.002136
-0.002454
-0.002986
-0.002501
-0.000161
-0.000489
-0.000588
-0.001081
-0.002493
-0.006068
-0.011099
-0.016726
-0.025244
-0.034324
-0.042639
-0.049017
-0.056421
-0.064465
-0.069634
-0.076188
-0.081805
-0.086506
-0.089712
-0.092161
-0.110612
-0.114141
-0.115844
-0.116997
-0.118664
-0.121023
-0.122605
-0.121593
-0.120102
-0.102063
-0.100583
-0.081124
-0.078182
-0.074384
-0.085659
-0.088396
-0.054956
-0.040501
-0.037845
-0.053439
-0.055078
-0.032909
-0.022391
-0.024823
-0.024279
-0.020951
-0.015541
-0.011335
-0.012802
-0.012772
-0.012363
-0.012249
-0.011831
-0.009483
-0.010027
-0.013811
-0.014373
-0.012599
-0.010976
-0.010343
-0.010469
-0.008883
-0.008502
-0.007707
-0.006742
-0.005687
-0.004410
-0.004014
-0.003613
-0.002744
-0.002339
-0.001839
-0.002098
-0.000166
-0.000155
-0.000438
-0.001424
-0.002246
-0.002378
-0.002190
-0.001539
-0.000905
-0.000741
-0.000246
-0.000305
-0.000774
0.000890
0.000035
-0.000428
-0.000300
-0.000634
-0.000612
-0.000151
0.001031
0.000035
0.000330
0.000433
0.000906
0.000755
0.000371
-0.000281
0.000968
0.001758
0.001794
0.002364
0.002868
0.003476
0.003398
0.002944
0.003726
0.006594
0.012503
0.020330
0.027043
0.036404
0.046740
0.055313
0.062199
0.070642
0.078209
0.084902
0.088379
0.091482
0.110046
0.095967
0.098116
0.115890
0.117203
0.115974
0.114592
0.099410
0.115296
0.097592
0.095600
0.109096
0.093104
0.106960
0.090019
0.071907
0.068887
0.064409
0.059888
0.064984
0.056306
0.047647
0.034626
0.030209
0.027823
0.024955
0.022800
0.021179
0.020058
0.015063
0.014618
0.015540
0.016174
0.015431
0.016014
0.014900
0.014602
0.013055
0.013498
0.012172
0.010803
0.009107
0.007763
0.006116
0.004931
0.004904
0.004106
0.004689
0.003990
0.003629
0.003222
0.003812
0.002776
0.003159
0.001963
0.002874
0.001610
0.001948
0.001723
0.001332
0.001832
0.002821
0.002516
0.002368
0.002507
0.002844
0.002629
0.001849
0.001505
0.001843
0.001697
0.001075
-0.000036
0.001880
0.001843
0.001267
0.001422
0.001464
0.001425
0.001993
0.001866
0.001330
0.001501
0.000939
0.000319
0.000372
0.000738
0.000728
0.000964
0.001176
-0.000935
-0.004781
-0.009329
-0.015642
-0.023704
-0.030950
-0.038698
-0.046423
-0.053654
-0.060120
-0.070134
-0.075190
-0.080171
-0.084098
-0.101282
-0.105219
-0.110725
-0.115579
-0.119751
-0.122470
-0.124388
-0.126625
-0.146465
-0.144493
-0.106484
-0.105764
-0.087315
-0.083397
-0.096515
-0.199620
-0.059015
-0.042909
-0.040010
-0.046500
-0.062480
-0.037359
-0.020930
-0.017788
-0.015722
-0.022286
-0.020843
-0.019867
-0.016712
-0.011851
-0.012726
-0.015615
-0.014124
-0.013037
-0.012148
-0.010089
-0.007875
-0.007677
-0.009204
-0.006873
-0.006420
-0.004419
-0.004073
-0.006111
-0.006060
-0.006650
-0.007008
-0.007117
-0.007718
-0.007903
-0.007721
-0.006749
-0.006289
-0.006008
-0.004500
-0.005364
-0.004053
-0.003802
-0.002767
-0.001825
-0.001047
-0.000489
0.000275
-0.000234
0.000989
0.001399
0.003077
0.001612
0.001343
0.001338
0.000546
0.001008
0.000765
0.000822
0.001175
0.001293
0.000833
0.001262
0.001201
0.001306
0.001093
0.000180
-0.001131
-0.001013
-0.001335
-0.001568
-0.002485
-0.001393
-0.001154
-0.001149
-0.000527
0.000120
0.000894
0.003870
0.007978
0.015091
0.022365
0.031412
0.041242
0.049653
0.056025
0.063576
0.071554
0.079252
0.084374
0.090911
0.095481
0.114714
0.099466
0.118258
0.119275
0.119621
0.120944
0.120135
0.119130
0.116401
0.098387
0.113567
0.127403
0.094094
0.076417
0.075149
0.073140
0.122682
0.071783
0.072391
0.054261
0.054627
0.033947
0.024621
0.027889
0.027845
0.023012
0.015593
0.011831
0.008587
0.007678
0.009692
0.011354
0.010214
0.010146
0.013478
0.012952
0.010656
0.008781
0.009295
0.008522
0.007789
0.006925
0.006057
0.005328
0.004671
0.003827
0.002893
0.002886
0.001585
0.001642
0.001876
0.001842
0.002069
0.002722
0.002024
0.001626
0.000153
0.000885
0.003795
0.003132
0.002877
0.001824
0.000542
-0.000048
-0.000242
0.000398
-0.000015
0.000638
-0.000010
-0.000843
-0.000879
-0.000792
-0.000497
0.000327
-0.000722
-0.000372
0.000908
0.000962
0.001068
0.001455
0.000293
0.000109
0.000971
0.001759
0.001094
0.001220
0.000722
-0.000560
-0.000584
-0.000123
0.000545
0.000716
-0.000333
-0.002889
-0.007775
-0.014103
-0.021912
-0.030992
-0.040067
-0.047145
-0.053712
-0.059402
-0.065715
-0.085324
-0.080762
-0.099245
-0.103298
-0.089300
-0.089772
-0.105998
-0.126327
-0.099971
-0.114369
-0.095146
-0.091452
-0.118496
-0.106042
-0.089649
-0.087020
-0.084050
-0.067695
-0.079576
-0.089943
-0.060662
-0.058072
-0.052927
-0.060414
-0.046576
-0.035702
-0.033505
-0.033218
-0.030966
-0.041315
-0.031356
-0.022856
-0.024946
-0.017944
-0.020090
-0.018115
-0.013282
-0.010919
-0.006908
-0.007481
-0.009802
-0.009112
-0.010425
-0.011069
-0.012366
-0.012752
-0.012536
-0.014464
-0.010372
-0.009143
-0.007638
-0.006052
-0.005055
-0.004151
-0.003508
-0.002484
-0.001961
-0.002362
-0.001305
-0.000974
-0.000926
-0.001217
-0.000686
-0.000651
-0.001100
-0.000316
-0.000540
-0.000417
-0.000431
-0.000137
-0.000112
-0.000360
-0.001307
-0.001847
-0.001986
-0.001910
-0.001508
-0.004027
-0.001969
-0.002613
-0.001818
-0.002041
-0.002735
-0.003468
-0.002403
-0.001496
-0.000596
-0.000472
-0.001369
-0.000529
-0.000305
-0.000444
-0.000646
-0.000572
-0.000437
-0.000344
-0.000870
-0.000793
0.000505
0.001672
0.003859
0.008349
0.013240
0.018834
0.027198
0.036330
0.044590
0.051176
0.058153
0.065539
0.071580
0.076802
0.080559
0.084034
0.103273
0.108530
0.115575
0.118743
0.120837
0.121806
0.121162
0.121686
0.122312
0.104365
0.119644
0.101505
0.099898
0.111299
0.088334
0.068809
0.064190
0.068908
0.051842
0.055932
0.049432
0.036651
0.033210
0.029973
0.027604
0.025928
0.023565
0.022334
0.016903
0.020095
0.015344
0.014226
0.014022
0.013362
0.012890
0.011777
0.010897
0.010636
0.010091
0.009454
0.008654
0.007028
0.007035
0.005843
0.004830
0.004232
0.002870
0.002797
0.002727
0.002926
0.003412
0.002689
0.002743
0.001594
0.002146
0.002067
0.002090
0.002179
0.002137
0.002228
0.001472
0.001457
0.001502
0.000580
0.000829
0.001115
0.000668
0.000549
0.000348
0.000355
0.000096
0.001150
0.000350
0.000490
-0.000257
-0.001090
-0.000002
-0.000403
0.000135
-0.000356
0.000451
0.000768
0.000085
-0.001347
-0.001711
-0.001788
-0.002413
-0.002868
-0.002882
-0.003065
-0.005567
-0.009655
-0.015893
-0.022824
-0.031438
-0.038911
-0.046800
-0.055087
-0.064207
-0.069319
-0.075386
-0.078784
-0.081851
-0.083353
-0.082265
-0.091876
-0.073537
-0.056904
-0.053657
-0.048141
-0.044223
-0.040461
-0.036237
-0.032343
-0.028876
-0.026436
-0.023518
-0.021331
-0.018646
-0.013287
-0.012184
-0.011050
-0.010480
-0.010656
-0.010345
-0.010144
-0.009526
-0.008177
-0.008094
-0.007294
-0.006899
-0.005833
-0.003996
-0.003539
-0.003461
-0.002282
-0.003084
-0.004555
-0.004718
-0.003909
-0.003404
-0.003062
-0.002718
-0.002611
-0.002934
-0.001227
-0.001775
-0.000865
-0.001329
-0.002947
-0.001649
-0.001311
-0.001176
-0.001065
-0.001143
-0.000857
-0.000179
-0.000682
-0.001186
-0.000682
-0.001267
-0.002026
-0.001495
-0.001291
-0.001650
-0.002544
-0.002609
-0.002961
-0.002052
-0.001692
-0.002099
-0.002422
-0.000423
0.000246
0.000516
0.000263
0.000114
0.002244
0.001983
0.001479
0.001867
0.001791
0.003454
0.003009
0.003208
0.002553
0.002081
0.001839
0.001664
0.002408
0.001491
0.001537
0.001868
0.001458
0.002035
0.001575
-0.000128
-0.000849
-0.000793
-0.000884
-0.000945
-0.000741
-0.001148
-0.000331
-0.000069
0.000251
-0.000139
-0.000360
0.000086
0.000279
0.000103
0.001406
0.002530
0.003186
0.003225
0.003367
0.002597
0.001164
0.001748
0.001287
0.000207
0.001158
0.001985
0.001434
0.001118
0.001437
0.001605
0.000966
0.000496
0.000646
0.000582
0.000108
0.000365
0.000656
0.000858
-0.000430
0.000389
0.000111
0.000199
0.000936
0.000546
0.000715
0.000460
0.000969
0.000787
0.001219
0.001012
0.001280
0.001188
0.001050
0.000894
0.001287
0.000808
0.000453
0.001346
0.001692
0.001269
0.001604
0.001654
0.002234
0.001835
0.001144
0.001236
0.001645
0.001069
0.001247
0.001261
0.001434
0.000295
-0.000232
-0.000197
-0.000297
0.000321
-0.000143
-0.000827
0.000479
0.001572
0.001274
0.000927
0.000729
0.000936
0.000917
0.000602
0.000662
0.000544
0.000241
0.001133
0.000300
-0.000303
0.000191
0.000172
0.000513
0.000519
0.000336
0.000383
0.000253
-0.000001
-0.000358
0.000763
0.001023
0.000721
0.000771
0.000927
0.001206
0.001735
0.001106
0.001430
0.000820
0.001278
0.001491
0.000664
0.001214
0.001456
0.001228
0.000806
0.000397
0.001103
0.000450
0.000023
0.000403
0.000864
0.000986
0.001881
0.001026
0.000263
0.000390
0.000621
0.000777
0.000383
0.000979
0.001176
0.002112
0.001777
0.002710
0.002212
0.002145
0.002049
0.003239
0.001903
0.000964
0.001079
0.000004
-0.000153
0.000571
0.000296
0.000370
0.000665
0.000611
0.000943
0.000536
0.000072
-0.000157
-0.000724
-0.000627
-0.001570
-0.002385
-0.002246
-0.002083
-0.002136
-0.002274
-0.002305
-0.002108
-0.002593
-0.001894
-0.000521
-0.000231
-0.000429
-0.000443
-0.000360
-0.000873
-0.000282
0.000422
0.000217
0.001336
0.001881
0.001269
0.000899
0.001160
0.001358
0.000804
0.000707
0.000849
0.000217
0.000791
0.000412
-0.000018
-0.001432
-0.002968
-0.004592
-0.004841
-0.004323
-0.004801
-0.004792
-0.005249
-0.004655
-0.003645
-0.004895
-0.004868
-0.006231
-0.005862
-0.005205
-0.005007
-0.006101
-0.006971
-0.006839
-0.006981
-0.007140
-0.005389
-0.012432
-0.013954
-0.020191
-0.016518
-0.016629
-0.015689
-0.014934
-0.013927
-0.012702
-0.011701
-0.008830
-0.007323
-0.007990
-0.008068
-0.007348
-0.007589
-0.007587
-0.009061
-0.008858
-0.010140
-0.010553
-0.012115
-0.012445
-0.013069
-0.014353
-0.016194
-0.015915
-0.015785
-0.015233
-0.014388
-0.015425
-0.014927
-0.015743
-0.015790
-0.015398
-0.014865
-0.014476
-0.014605
-0.014484
-0.013812
-0.013871
-0.013495
-0.012527
-0.011733
-0.011869
-0.012231
-0.011112
-0.011677
-0.011614
-0.010851
-0.010911
-0.011120
-0.011286
-0.012359
-0.012448
-0.012860
-0.012930
-0.013200
-0.013544
-0.014031
-0.013742
-0.014218
-0.014096
-0.014347
-0.014490
-0.014197
-0.014597
-0.014655
-0.013858
-0.013856
-0.014093
-0.013967
-0.013779
-0.013783
-0.013179
-0.013848
-0.013773
-0.013874
-0.012926
-0.012156
-0.012618
-0.012645
-0.013571
-0.013682
-0.013525
-0.012931
-0.012137
-0.012697
-0.012810
-0.012494
-0.012469
-0.012215
-0.014218
-0.013534
-0.013336
-0.012949
-0.012109
-0.010689
-0.010507
-0.010573
-0.010460
-0.009183
-0.009919
-0.008922
-0.009719
-0.010323
-0.009983
-0.009640
-0.010358
-0.010693
-0.010558
-0.011082
-0.012156
-0.011775
-0.012332
-0.013119
-0.011864
-0.012494
-0.013178
-0.013423
-0.013626
-0.014068
-0.013905
-0.013720
-0.013888
-0.012695
-0.013892
-0.013911
-0.014481
-0.014166
-0.014499
-0.014232
-0.013761
-0.013623
-0.013426
-0.012925
-0.014401
-0.014374
-0.015518
-0.017753
-0.016423
-0.015532
-0.015598
-0.014803
-0.014855
-0.014528
-0.014474
-0.014532
-0.013445
-0.013775
-0.013464
-0.013677
-0.013967
-0.013845
-0.014275
-0.014529
-0.013397
-0.014217
-0.014855
-0.014530
-0.014693
-0.015099
-0.014594
-0.014724
-0.014563
-0.014792
-0.014017
-0.013965
-0.013578
-0.014318
-0.014548
-0.013694
-0.013330
-0.013886
-0.013504
-0.012914
-0.013407
-0.012924
-0.015158
-0.014552
-0.013724
-0.013705
-0.013121
-0.013136
-0.013327
-0.014069
-0.012734
-0.013412
-0.013287
-0.013322
-0.013519
-0.013678
-0.013232
-0.013222
-0.013603
-0.013751
-0.013574
-0.013833
-0.013337
-0.013688
-0.013609
-0.013959
-0.014372
-0.014413
-0.014753
-0.014068
-0.013756
-0.013172
-0.013705
-0.011930
-0.011420
-0.010278
-0.009348
-0.008564
-0.006480
-0.005585
-0.006053
-0.006495
-0.004888
-0.004360
-0.002399
-0.002543
-0.001498
-0.001255
-0.001219
-0.001234
-0.000255
-0.001297
-0.000081
-0.000502
-0.000280
-0.000077
-0.000461
-0.001597
-0.001503
-0.002679
-0.003117
-0.003173
-0.002855
-0.002599
-0.001664
-0.001274
-0.001776
-0.001690
-0.001466
-0.001061
-0.000631
-0.000962
-0.000610
-0.000550
0.000035
-0.000198
0.000059
0.000359
-0.000721
-0.000787
-0.001405
-0.000608
-0.001142
-0.002382
-0.002316
-0.000799
-0.001598
-0.001338
-0.000606
-0.002004
-0.001544
-0.000374
-0.000247
0.000966
-0.000705
-0.000130
-0.000287
0.000312
-0.000273
-0.000771
0.000208
0.000324
0.000573
0.001094
-0.000038
0.000596
0.000473
0.000135
0.000455
0.000287
-0.000050
-0.000727
-0.001534
-0.002094
-0.002090
-0.001902
-0.001633
-0.001036
-0.000747
-0.000356
-0.001785
-0.001546
-0.000860
-0.000484
-0.001139
-0.001096
-0.001329
-0.001162
-0.000697
0.000235
0.000289
-0.000365
-0.001002
-0.001251
-0.001169
-0.001891
-0.001228
-0.002905
-0.002126
-0.001861
-0.001815
-0.001252
-0.000286
0.000255
0.001258
0.000430
0.000242
0.000561
-0.000368
0.000561
0.000000
0.000000
0.000000
0.000000
0.000000
0.000000
0.000000
0.000000
0.000000
0.000000
0.000000
0.000000
0.000000
0.000000
0.000000
0.000000
0.000000
0.000000
0.000000
0.000000
0.000000
0.000000
0.000000
0.000000
0.000000
0.000000
0.000000
0.000000
0.000000
0.000000
0.000000
0.000000
0.000000
0.000000
0.000000
0.000000
0.000000
0.000000
0.000000
0.000000
0.000000
0.000000
0.000000
0.000000
0.000000
0.000000
0.000000
0.000000
0.000000
0.000000
0.000000
0.000000
0.000000
0.000000
0.000000
0.000000
0.000000
0.000000
0.000000
0.000000
0.000000
0.000000
0.000000
0.000000
0.000000
0.000000
0.000000
0.000000
0.000000
0.000000
0.000000
0.000000
0.000000
0.000000
0.000000
0.000000
0.000000
0.000000
0.000000
0.000000
0.000000
0.000000
0.000000
0.000000
0.000000
0.000000
0.000000
0.000000
0.000000
0.000000
0.000000
0.000000
0.000000
0.000000
0.000000
0.000000
0.000000
0.000000
0.000000
0.000000
0.000000
0.000000
0.000000
0.000000
0.000000
0.000000
0.000000
0.000000
0.000000
0.000000
0.000000
0.000000
0.000000
0.000000
0.000000
0.000000
0.000000
0.000000
0.000000
0.000000
0.000000
0.000000
0.000000
0.000000
0.000000
0.000000
0.000000
0.000000
0.000000
0.000000
0.000000
0.000000
0.000000
0.000000
0.000000
0.000000
0.000000
0.000000
0.000000
0.000000
0.000000
0.000000
0.000000
0.000000
0.000000
0.000000
0.000000
0.000000
0.000000
0.000000
0.000000
0.000000
0.000000
0.000000
0.000000
0.000000
0.000000
0.000000
0.000000
0.000000
0.000000
0.000000
0.000000
0.000000
0.000000
0.000000
0.000000
0.000000
0.000000
0.000000
0.000000
0.000000
0.000000
0.000000
0.000000
0.000000
0.000000
0.000000
0.000000
0.000000
0.000000
0.000000
0.000000
0.000000
0.000000
0.000000
0.000000
0.000000
0.000000
0.000000
0.000000
0.000000
0.000000
0.000000
0.000000
0.000000
0.000000
0.000000
0.000000
0.000000
0.000000
0.000000
0.000000
0.000000
0.000000
0.000000
0.000000
0.000000
0.000000
0.000000
0.000000
0.000000
0.000000
0.000000
0.000000
0.000000
0.000000
0.000000
0.000000
0.000000
0.000000
0.000000
0.000000
0.000000
0.000000
0.000000
0.000000
0.000000
0.000000
0.000000
0.000000
0.000000
0.000000
0.000000
0.000000
0.000000
0.000000
0.000000
0.000000
0.000000
0.000000
0.000000
0.000000
0.000000
0.000000
0.000000
0.000000
0.000000
0.000000
0.000000
0.000000
0.000000
0.000000
0.000000
0.000000
0.000000
0.000000
0.000000
0.000000
0.000000
0.000000
0.000000
0.000000
0.000000
0.000000
0.000000
0.000000
0.000000
0.000000
0.000000
0.000000
0.000000
0.000000
0.000000
0.000000
0.000000
0.000000
0.000000
0.000000
0.000000
0.000000
0.000000
0.000000
0.000000
0.000000
0.000000
0.000000
0.000000
0.000000
0.000000
0.000000
0.000000
0.000000
0.000000
0.000000
0.000000
0.000000
0.000000
0.000000
0.000000
0.000000
0.000000
0.000000
0.000000
0.000000
0.000000
0.000000
0.000000
0.000000
0.000000
0.000000
0.000000
0.000000
0.000000
0.000000
0.000000
0.000000
0.000000
0.000000
0.000000
0.000000
0.000000
0.000000
0.000000
0.000000
0.000000
0.000000
0.000000
0.000000
0.000000
0.000000
0.000000
0.000000
0.000000
0.000000
0.000000
0.000000
0.000000
0.000000
0.000000
0.000000
0.000000
0.000000
0.000000
0.000000
0.000000
0.000000
0.000000
0.000000
0.000000
0.000000
0.000000
0.000000
0.000000
0.000000
0.000000
0.000000
0.000000
0.000000
0.000000
0.000000
0.000000
0.000000
0.000000
0.000000
0.000000
0.000000
0.000000
0.000000
0.000000
0.000000
0.000000
0.000000
0.000000
0.000000
0.000000
0.000000
0.000000
0.000000
0.000000
0.000000
0.000000
0.000000
0.000000
0.000000
0.000000
0.000000
0.000000
0.000000
0.000000
0.000000
0.000000
0.000000
0.000000
0.000000
0.000000
0.000000
0.000000
0.000000
0.000000
0.000000
0.000000
0.000000
0.000000
0.000000
0.000000
0.000000
0.000000
0.000000
0.000000
0.000000
0.000000
0.000000
0.000000
0.000000
0.000000
0.000000
0.000000
0.000000
0.000000
0.000000
0.000000
0.000000
0.000000
0.000000
0.000000
0.000000
0.000000
0.000000
0.000000
0.000000
0.000000
0.000000
0.000000
0.000000
0.000000
0.000000
0.000000
0.000000
0.000000
0.000000
0.000000
0.000000
0.000000
0.000000
0.000000
0.000000
0.000000
0.000000
0.000000
0.000000
0.000000
0.000000
0.000000
0.000000
0.000000
0.000000
0.000000
0.000000
0.000000
0.000000
0.000000
0.000000
0.000000
0.000000
0.000000
0.000000
0.000000
0.000000
0.000000
0.000000
0.000000
0.000000
0.000000
0.000000
0.000000
0.000000
0.000000
0.000000
0.000000
0.000000
0.000000
0.000000
0.000000
0.000000
0.000000
0.000000
0.000000
0.000000
0.000000
0.000000
0.000000
0.000000
0.000000
0.000000
0.000000
0.000000
0.000000
0.000000
0.000000
0.000000
0.000000
0.000000
0.000000
0.000000
0.000000
0.000000
0.000000
0.000000
0.000000
0.000000
0.000000
0.000000
0.000000
0.000000
0.000000
0.000000
0.000000
0.000000
0.000000
0.000000
0.000000
0.000000
0.000000
0.000000
0.000000
0.000000
0.000000
0.000000
0.000000
0.000000
0.000000
0.000000
0.000000
0.000000
0.000000
0.000000
0.000000
0.000000
0.000000
0.000000
0.000000
0.000000
0.000000
0.000000
0.000000
0.000000
0.000000
0.000000
0.000000
0.000000
0.000000
0.000000
0.000000
0.000000
0.000000
0.000000
0.000000
0.000000
0.000000
0.000000
0.000000
0.000000
0.000000
0.000000
0.000000
0.000000
0.000000
0.000000
0.000000
0.000000
0.000000
0.000000
0.000000
0.000000
0.000000
0.000000
0.000000
0.000000
0.000000
0.000000
0.000000
0.000000
0.000000
0.000000
0.000000
0.000000
0.000000
0.000000
0.000000
0.000000
0.000000
0.000000
0.000000
0.000000
0.000000
0.000000
0.000000
0.000000
0.000000
0.000000
0.000000
0.000000
0.000000
0.000000
0.000000
0.000000
0.000000
0.000000
0.000000
0.000000
0.000000
0.000000
0.000000
0.000000
0.000000
0.000000
0.000000
0.000000
0.000000
0.000000
0.000000
0.000000
0.000000
0.000000
0.000000
0.000000
0.000000
0.000000
0.000000
0.000000
0.000000
0.000000
0.000000
0.000000
0.000000
0.000000
0.000000
0.000000
0.000000
0.000000
0.000000
0.000000
0.000000
0.000000
0.000000
0.000000
0.000000
0.000000
0.000000
0.000000
0.000000
0.000000
0.000000
0.000000
0.000000
0.000000
0.000000
0.000000
0.000000
0.000000
0.000000
0.000000
0.000000
0.000000
0.000000
0.000000
0.000000
0.000000
0.000000
0.000000
0.000000
0.000000
0.000000
0.000000
0.000000
0.000000
0.000000
0.000000
0.000000
0.000000
0.000000
0.000000
0.000000
0.000000
0.000000
0.000000
0.000000
0.000000
0.000000
0.000000
0.000000
0.000000
0.000000
0.000000
0.000000
0.000000
0.000000
0.000000
0.000000
0.000000
0.000000
0.000000
0.000000
0.000000
0.000000
0.000000
0.000000
0.000000
0.000000
0.000000
0.000000
0.000000
0.000000
0.000000
0.000000
0.000000
0.000000
0.000000
0.000000
0.000000
0.000000
0.000000
0.000000
0.000000
0.000000
0.000000
0.000000
0.000000
0.000000
0.000000
0.000000
0.000000
0.000000
0.000000
0.000000
0.000000
0.000000
0.000000
0.000000
0.000000
0.000000
0.000000
0.000000
0.000000
0.000000
0.000000
0.000000
0.000000
0.000000
0.000000
0.000000
0.000000
0.000000
0.000000
0.000000
0.000000
0.000000
0.000000
0.000000
0.000000
0.000000
0.000000
0.000000
0.000000
0.000000
0.000000
0.000000
0.000000
0.000000
0.000000
0.000000
0.000000
0.000000
0.000000
0.000000
0.000000
0.000000
0.000000
0.000000
0.000000
0.000000
0.000000
0.000000
0.000000
0.000000
0.000000
0.000000
0.000000
0.000000
0.000000
0.000000
0.000000
0.000000
0.000000
0.000000
0.000000
0.000000
0.000000
0.000000
0.000000
0.000000
0.000000
0.000000
0.000000
0.000000
0.000000
0.000000
0.000000
0.000000
0.000000
0.000000
0.000000
0.000000
0.000000
0.000000
0.000000
0.000000
0.000000
0.000000
0.000000
0.000000
0.000000
0.000000
0.000000
0.000000
0.000000
0.000000
0.000000
0.000000
0.000000
0.000000
0.000000
0.000000
0.000000
0.000000
0.000000
0.000000
0.000000
0.000000
0.000000
0.000000
0.000000
0.000000
0.000000
0.000000
0.000000
0.000000
0.000000
0.000000
0.000000
0.000000
0.000000
0.000000
0.000000
0.000000
0.000000
0.000000
0.000000
0.000000
0.000000
0.000000
0.000000
0.000000
0.000000
0.000000
0.000000
0.000000
0.000000
0.000000
0.000000
0.000000
0.000000
0.000000
0.000000
0.000000
0.000000
0.000000
0.000000
0.000000
0.000000
0.000000
0.000000
0.000000
0.000000
0.000000
0.000000
0.000000
0.000000
0.000000
0.000000
0.000000
0.000000
0.000000
0.000000
0.000000
0.000000
0.000000
0.000000
0.000000
0.000000
0.000000
0.000000
0.000000
0.000000
0.000000
0.000000
0.000000
0.000000
0.000000
0.000000
0.000000
0.000000
0.000000
0.000000
0.000000
0.000000
0.000000
0.000000
0.000000
0.000000
0.000000
0.000000
0.000000
0.000000
0.000000
0.000000
0.000000
0.000000
0.000000
0.000000
0.000000
0.000000
0.000000
0.000000
0.000000
0.000000
0.000000
0.000000
0.000000
0.000000
0.000000
0.000000
0.000000
0.000000
0.000000
0.000000
0.000000
0.000000
0.000000
0.000000
0.000000
0.000000
0.000000
0.000000
0.000000
0.000000
0.000000
0.000000
0.000000
0.000000
0.000000
0.000000
0.000000
0.000000
0.000000
0.000000
0.000000
0.000000
0.000000
0.000000
0.000000
0.000000
0.000000
0.000000
0.000000
0.000000
0.000000
0.000000
0.000000
0.000000
0.000000
0.000000
0.000000
0.000000
0.000000
0.000000
0.000000
0.000000
0.000000
0.000000
0.000000
0.000000
0.000000
0.000000
0.000000
0.000000
0.000000
0.000000
0.000000
0.000000
0.000000
0.000000
0.000000
0.000000
0.000000
0.000000
0.000000
0.000000
0.000000
0.000000
0.000000
0.000000
0.000000
0.000000
0.000000
0.000000
0.000000
0.000000
0.000000
0.000000
0.000000
0.000000
0.000000
0.000000
0.000000
0.000000
0.000000
0.000000
0.000000
0.000000
0.000000
0.000000
0.000000
0.000000
0.000000
0.000000
0.000000
0.000000
0.000000
0.000000
0.000000
0.000000
0.000000
0.000000
0.000000
0.000000
0.000000
0.000000
0.000000
0.000000
0.000000
0.000000
0.000000
0.000000
0.000000
0.000000
0.000000
0.000000
0.000000
0.000000
0.000000
0.000000
0.000000
0.000000
0.000000
0.000000
0.000000
0.000000
0.000000
0.000000
0.000000
0.000000
0.000000
0.000000
0.000000
0.000000
0.000000
0.000000
0.000000
0.000000
0.000000
0.000000
0.000000
0.000000
0.000000
0.000000
0.000000
0.000000
0.000000
0.000000
0.000000
0.000000
0.000000
0.000000
0.000000
0.000000
0.000000
0.000000
0.000000
0.000000
0.000000
0.000000
0.000000
0.000000
0.000000
0.000000
0.000000
0.000000
0.000000
0.000000
0.000000
0.000000
0.000000
0.000000
0.000000
0.000000
0.000000
0.000000
0.000000
0.000000
0.000000
0.000000
0.000000
0.000000
0.000000
0.000000
0.000000
0.000000
0.000000
0.000000
0.000000
0.000000
0.000000
0.000000
0.000000
0.000000
0.000000
0.000000
0.000000
0.000000
0.000000
0.000000
0.000000
0.000000
0.000000
0.000000
0.000000
0.000000
0.000000
0.000000
0.000000
0.000000
0.000000
0.000000
0.000000
0.000000
0.000000
0.000000
0.000000
0.000000
0.000000
0.000000
0.000000
0.000000
0.000000
0.000000
0.000000
0.000000
0.000000
0.000000
0.000000
0.000000
0.000000
0.000000
0.000000
0.000000
0.000000
0.000000
0.000000
0.000000
0.000000
0.000000
0.000000
0.000000
0.000000
0.000000
0.000000
0.000000
0.000000
0.000000
0.000000
0.000000
0.000000
0.000000
0.000000
0.000000
0.000000
0.000000
0.000000
0.000000
0.000000
0.000000
0.000000
0.000000
0.000000
0.000000
0.000000
0.000000
0.000000
0.000000
0.000000
0.000000
0.000000
0.000000
0.000000
0.000000
0.000000
0.000000
0.000000
0.000000
0.000000
0.000000
0.000000
0.000000
0.000000
0.000000
0.000000
0.000000
0.000000
0.000000
0.000000
0.000000
0.000000
0.000000
0.000000
0.000000
0.000000
0.000000
0.000000
0.000000
0.000000
0.000000
0.000000
0.000000
0.000000
0.000000
0.000000
0.000000
0.000000
0.000000
0.000000
0.000000
0.000000
0.000000
0.000000
0.000000
0.000000
0.000000
0.000000
0.000000
0.000000
0.000000
0.000000
0.000000
0.000000
0.000000
0.000000
0.000000
0.000000
0.000000
0.000000
0.000000
0.000000
0.000000
0.000000
0.000000
0.000000
0.000000
0.000000
0.000000
0.000000
0.000000
0.000000
0.000000
0.000000
0.000000
0.000000
0.000000
0.000000
0.000000
0.000000
0.000000
0.000000
0.000000
0.000000
0.000000
0.000000
0.000000
0.000000
0.000000
0.000000
0.000000
0.000000
0.000000
0.000000
0.000000
0.000000
0.000000
0.000000
0.000000
0.000000
0.000000
0.000000
0.000000
0.000000
0.000000
0.000000
0.000000
0.000000
0.000000
0.000000
0.000000
0.000000
0.000000
0.000000
0.000000
0.000000
0.000000
0.000000
0.000000
0.000000
0.000000
0.000000
0.000000
0.000000
0.000000
0.000000
0.000000
0.000000
0.000000
0.000000
0.000000
0.000000
0.000000
0.000000
0.000000
0.000000
0.000000
0.000000
0.000000
0.000000
0.000000
0.000000
0.000000
0.000000
0.000000
0.000000
0.000000
0.000000
0.000000
0.000000
0.000000
0.000000
0.000000
0.000000
0.000000
0.000000
0.000000
0.000000
0.000000
0.000000
0.000000
0.000000
0.000000
0.000000
0.000000
0.000000
0.000000
0.000000
0.000000
0.000000
0.000000
0.000000
0.000000
0.000000
0.000000
0.000000
0.000000
0.000000
0.000000
0.000000
0.000000
0.000000
0.000000
0.000000
0.000000
0.000000
0.000000
0.000000
0.000000
0.000000
0.000000
0.000000
0.000000
0.000000
0.000000
0.000000
0.000000
0.000000
0.000000
0.000000
0.000000
0.000000
0.000000
0.000000
0.000000
0.000000
0.000000
0.000000
0.000000
0.000000
0.000000
0.000000
0.000000
0.000000
0.000000
0.000000
0.000000
0.000000
0.000000
0.000000
0.000000
0.000000
0.000000
0.000000
0.000000
0.000000
0.000000
0.000000
0.000000
0.000000
0.000000
0.000000
0.000000
0.000000
0.000000
0.000000
0.000000
0.000000
0.000000
0.000000
0.000000
0.000000
0.000000
0.000000
0.000000
0.000000
0.000000
0.000000
0.000000
0.000000
0.000000
0.000000
0.000000
0.000000
0.000000
0.000000
0.000000
0.000000
0.000000
0.000000
0.000000
0.000000
0.000000
0.000000
0.000000
0.000000
0.000000
0.000000
0.000000
0.000000
0.000000
0.000000
0.000000
0.000000
0.000000
0.000000
0.000000
0.000000
0.000000
0.000000
0.000000
0.000000
0.000000
0.000000
0.000000
0.000000
0.000000
0.000000
0.000000
0.000000
0.000000
0.000000
0.000000
0.000000
0.000000
0.000000
0.000000
0.000000
0.000000
0.000000
0.000000
0.000000
0.000000
0.000000
0.000000
0.000000
0.000000
0.000000
0.000000
0.000000
0.000000
0.000000
0.000000
0.000000
0.000000
0.000000
0.000000
0.000000
0.000000
0.000000
0.000000
0.000000
0.000000
0.000000
0.000000
0.000000
0.000000
0.000000
0.000000
0.000000
0.000000
0.000000
0.000000
0.000000
0.000000
0.000000
0.000000
0.000000
0.000000
0.000000
0.000000
0.000000
0.000000
0.000000
0.000000
0.000000
0.000000
0.000000
0.000000
0.000000
0.000000
0.000000
0.000000
0.000000
0.000000
0.000000
0.000000
0.000000
0.000000
0.000000
0.000000
0.000000
0.000000
0.000000
0.000000
0.000000
0.000000
0.000000
0.000000
0.000000
0.000000
0.000000
0.000000
0.000000
0.000000
0.000000
0.000000
