1.800000
1.874950
1.950495
2.023063
2.095287
2.168290
2.243126
2.318259
2.393484
2.468892
2.540704
2.615242
2.688291
2.763813
2.838328
2.913485
2.987931
3.061186
3.135449
3.209391
3.284295
3.359268
3.434264
3.508939
3.581117
3.654899
3.727833
3.802921
3.877252
3.953325
4.028275
4.101300
4.174876
4.248222
4.322256
4.397229
4.473416
4.548435
4.619812
4.692906
4.767192
4.999999
4.999999
4.999999
4.999999
4.999999
4.999999
4.999999
4.999999
4.999999
4.999999
4.999999
4.999999
4.999999
4.999999
4.999999
4.999999
4.999999
4.999999
4.999999
4.999999
4.999999
4.999999
4.999999
4.999999
4.999999
4.999999
4.999999
4.999999
4.872993
4.851560
4.830388
4.809562
4.788874
4.768055
4.746766
4.725364
4.703819
4.682679
4.661828
4.641232
4.620334
4.599149
4.577774
4.556353
4.535174
4.514296
4.493183
4.472259
4.450917
4.429614
4.408258
4.386909
4.366529
4.345455
4.324525
4.303104
4.281651
4.260289
4.238908
4.218017
4.197231
4.176256
4.155110
4.133669
4.112006
4.091089
4.070205
4.049236
4.028188
4.007069
3.985635
3.963991
3.942760
3.921817
3.901031
3.880036
3.858674
3.837253
3.815740
3.794719
3.774155
3.753035
3.731771
3.710481
3.688982
3.667829
3.646546
3.625865
3.605065
3.583985
3.562859
3.541549
3.519892
3.498858
3.478098
3.457371
3.436552
3.415301
3.393939
3.372525
3.351366
3.330213
3.309218
3.288314
3.267181
3.245616
3.224195
3.202938
3.182283
3.161478
3.140404
3.119212
3.097830
3.076043
3.055243
3.034654
3.013613
2.992742
2.971275
2.949874
2.928682
2.907287
2.886704
2.865794
2.844720
2.823724
2.802244
2.780660
2.759494
2.738545
2.717857
2.696757
2.675532
2.654066
2.632376
2.611355
2.590660
2.569835
2.549167
2.527792
2.506260
2.484701
2.463915
2.443234
2.422304
2.401197
2.379953
2.358375
2.337138
2.316083
2.295382
2.274446
2.253634
2.232449
2.210838
2.189299
2.168369
2.147596
2.126647
2.105769
2.084630
2.063065
2.041637
2.020720
2.000000
2.000000
2.000000
2.000000
2.000000
1.863058
1.842010
1.820832
1.800000
1.800000
1.800000
1.800000
1.800000
1.800000
1.800000
1.800000
1.800000
1.800000
1.800000
1.800000
1.800000
1.800000
1.800000
1.800000
1.800000
1.800000
1.800000
1.800000
1.800000
1.800000
1.800000
1.800000
1.800000
1.800000
1.800000
1.800000
1.800000
1.800000
1.800000
1.800000
2.000000
2.000000
2.000000
2.000000
2.000000
2.000000
2.072339
2.144013
2.220773
2.293936
2.500000
2.500000
2.500000
2.573461
2.800000
2.800000
2.800000
2.800000
3.000000
3.000000
3.000000
3.000000
3.073896
3.149740
3.226156
3.300625
3.374498
3.449425
3.524261
3.597539
3.839673
3.818193
3.796851
3.775607
3.754304
3.733211
3.712137
3.690375
3.669530
3.648286
3.627016
3.605785
3.584632
3.563290
3.542098
3.521070
3.499970
3.478549
3.457350
3.436231
3.415085
3.394043
3.373271
3.352013
3.330704
3.309630
3.288477
3.267423
3.246205
3.225327
3.204063
3.183199
3.161916
3.140541
3.119421
3.098249
3.077292
3.056225
3.034883
3.013717
2.992466
2.971262
2.950377
2.929447
2.908183
2.887011
2.865767
2.844549
2.823586
2.802552
2.781687
2.760574
2.739415
2.718112
2.697058
2.676213
2.655047
2.634019
2.612958
2.591766
2.570705
2.549631
2.528276
2.507235
2.486416
2.465322
2.444058
2.422788
2.401609
2.380496
2.359553
2.338309
2.317307
2.295847
2.274727
2.253601
2.232560
2.211551
2.190654
2.169351
2.148159
2.126856
2.105887
2.084767
2.063909
2.042802
2.021329
2.000000
2.000000
2.000000
2.000000
2.000000
2.000000
2.000000
2.000000
2.000000
2.000000
2.000000
2.000000
2.000000
2.000000
2.000000
2.000000
2.000000
2.000000
2.000000
2.000000
2.000000
2.000000
2.000000
2.000000
2.000000
2.000000
2.073438
2.146624
2.220704
2.295333
2.500000
2.500000
2.500000
2.574286
2.800000
2.800000
2.800000
2.800000
3.000000
3.000000
3.000000
3.000000
3.000000
3.000000
3.000000
3.000000
3.000000
3.074904
3.150427
3.224323
3.296937
3.370558
3.442989
3.517412
3.592843
3.667449
3.742010
3.814326
3.887420
3.961591
4.035786
4.110827
4.186167
4.261506
4.334349
4.407123
4.480103
4.554732
4.629682
4.704861
4.779559
4.999999
4.999999
4.999999
4.999999
4.999999
4.999999
4.999999
4.999999
4.999999
4.999999
4.999999
4.999999
4.999999
4.999999
4.999999
4.999999
4.999999
4.999999
4.999999
4.999999
4.999999
4.999999
4.999999
4.999999
4.999999
4.999999
4.999999
4.999999
4.999999
4.999999
4.999999
4.999999
4.999999
4.999999
4.999999
4.999999
4.999999
4.999999
4.999999
4.999999
4.999999
4.999999
4.999999
4.999999
4.999999
4.999999
4.999999
4.999999
4.999999
4.999999
4.999999
4.999999
4.999999
4.999999
4.999999
4.858241
4.837285
4.815995
4.794940
4.773245
4.751857
4.730763
4.710389
4.689649
4.668326
4.647010
4.625825
4.604411
4.583239
4.562355
4.541759
4.520455
4.499401
4.477948
4.456645
4.435427
4.414673
4.393789
4.372918
4.351635
4.330377
4.309179
4.287915
4.266874
4.246441
4.225158
4.203900
4.182630
4.161432
4.140207
4.119179
4.098256
4.077391
4.056068
4.034772
4.013619
3.992264
3.971184
3.950699
3.929278
3.908066
3.886776
3.865460
3.844432
3.823581
3.802441
3.781393
3.759894
3.738768
3.717766
3.696489
3.675480
3.654648
3.633476
3.612082
3.591034
3.569711
3.548428
3.527602
3.506770
3.485637
3.464642
3.443391
3.422016
3.401060
3.379633
3.358768
3.337590
3.316659
3.295173
3.274060
3.253104
3.231919
3.211191
3.190209
3.168886
3.147721
3.126614
3.105586
3.084479
3.063608
3.042455
3.021257
3.000000
3.074400
3.148228
3.221918
3.296089
3.500000
3.574400
3.815654
3.794384
3.773160
3.751941
3.730946
3.709983
3.688490
3.667443
3.646369
3.625183
3.604122
3.583173
3.562236
3.541097
3.519977
3.499185
3.477999
3.456808
3.435766
3.414719
3.393658
3.372819
3.351732
3.330612
3.309263
3.288111
3.267312
3.246146
3.225242
3.204227
3.183016
3.161386
3.140141
3.119375
3.098085
3.076946
3.055950
3.034457
3.013148
2.991858
2.971150
2.949926
2.928760
2.907738
2.886566
2.865087
2.843921
2.822638
2.801616
2.780679
2.759638
2.738741
2.717386
2.696004
2.675009
2.653843
2.633109
2.612245
2.591184
2.569783
2.548427
2.527543
2.506665
2.485663
2.464688
2.443692
2.422081
2.400517
2.379593
2.358362
2.337563
2.316659
2.295598
2.273896
2.252351
2.231447
2.210334
2.189365
2.168546
2.147407
2.125986
2.104571
2.083406
2.062600
2.041755
2.020904
2.000000
2.000000
2.000000
2.000000
2.000000
2.000000
2.000000
1.864505
1.842855
1.821224
1.800000
1.800000
1.800000
1.800000
1.800000
1.800000
1.800000
1.800000
1.800000
1.800000
1.800000
1.800000
1.800000
1.800000
1.800000
1.800000
1.800000
1.800000
1.800000
1.800000
2.000000
2.000000
2.000000
2.000000
2.000000
2.000000
2.000000
2.072361
2.144425
2.218848
2.292355
2.500000
2.500000
2.573072
2.800000
2.800000
2.800000
2.800000
3.000000
3.000000
3.000000
3.000000
3.000000
3.000000
3.000000
3.073965
3.147770
3.222330
3.298174
3.373994
3.448692
3.522336
3.595568
3.669075
3.744094
3.819296
3.894773
3.970410
4.044123
4.116714
4.190679
4.264323
4.339823
4.415529
4.490777
4.564719
4.637768
4.710931
4.785079
4.999999
4.999999
4.999999
4.999999
4.999999
4.999999
4.999999
4.999999
4.999999
4.999999
4.999999
4.999999
4.999999
4.999999
4.999999
4.999999
4.999999
4.999999
4.999999
4.999999
4.999999
4.999999
4.999999
4.999999
4.999999
4.999999
4.999999
4.999999
4.999999
4.999999
4.999999
4.999999
4.999999
4.999999
4.999999
4.999999
4.999999
4.999999
4.999999
4.999999
4.999999
4.999999
4.999999
4.999999
4.856310
4.835583
4.814784
4.793808
4.772159
4.750764
4.729854
4.708826
4.688197
4.667253
4.645918
4.624576
4.603174
4.581943
4.560993
4.540090
4.519382
4.497994
4.476822
4.455231
4.434078
4.413050
4.392114
4.371387
4.350273
4.328944
4.307608
4.286220
4.265388
4.244596
4.223698
4.202480
4.181321
4.159743
4.138375
4.117576
4.096593
4.075808
4.054668
4.033326
4.011676
3.990602
3.969803
3.949043
3.928080
3.907150
3.885873
3.864040
3.843110
3.822003
3.801250
3.780405
3.759691
3.738624
3.717412
3.696672
3.676010
3.655159
3.634648
3.613364
3.592094
3.570830
3.549789
3.528872
3.508080
3.487281
3.466115
3.444694
3.423227
3.401931
3.380805
3.359750
3.338984
3.317694
3.296266
3.274970
3.253490
3.232612
3.211545
3.190864
3.169436
3.148113
3.126398
3.105455
3.084551
3.063471
3.042665
3.021506
3.000000
3.000000
2.862469
2.841592
2.820773
2.800000
2.800000
2.800000
2.800000
2.668258
2.647322
2.626424
2.605291
2.584388
2.562914
2.541683
2.520498
2.500000
2.500000
2.500000
2.500000
2.500000
2.500000
2.500000
2.500000
2.500000
2.500000
2.500000
2.500000
2.500000
2.500000
2.500000
2.500000
2.500000
2.500000
2.500000
2.500000
2.500000
2.500000
2.500000
2.500000
2.500000
2.500000
2.500000
2.500000
2.500000
2.500000
2.500000
2.500000
2.500000
2.500000
2.500000
2.500000
2.500000
2.500000
2.500000
2.500000
2.500000
2.500000
2.500000
2.500000
2.500000
2.500000
2.500000
2.500000
2.500000
2.500000
2.500000
2.500000
2.500000
2.500000
2.500000
2.500000
2.500000
2.500000
2.500000
2.500000
2.500000
2.500000
2.500000
2.500000
2.500000
2.500000
2.500000
2.500000
2.500000
2.500000
2.500000
2.500000
2.500000
2.500000
2.500000
2.500000
2.500000
2.500000
2.500000
2.500000
2.500000
2.500000
2.500000
2.500000
2.500000
2.500000
2.500000
2.500000
2.500000
2.500000
2.500000
2.500000
2.500000
2.500000
2.500000
2.500000
2.500000
2.500000
2.500000
2.500000
2.500000
2.500000
2.500000
2.500000
2.500000
2.500000
2.500000
2.500000
2.500000
2.500000
2.500000
2.500000
2.500000
2.500000
2.500000
2.500000
2.500000
2.500000
2.500000
2.500000
2.500000
2.500000
2.500000
2.500000
2.500000
2.500000
2.500000
2.500000
2.500000
2.500000
2.500000
2.500000
2.500000
2.500000
2.500000
2.500000
2.500000
2.500000
2.500000
2.500000
2.500000
2.500000
2.500000
2.500000
2.500000
2.500000
2.500000
2.500000
2.500000
2.500000
2.500000
2.500000
2.500000
2.500000
2.500000
2.500000
2.500000
2.500000
2.500000
2.500000
2.500000
2.500000
2.500000
2.500000
2.500000
2.500000
2.500000
2.500000
2.500000
2.500000
2.500000
2.500000
2.500000
2.500000
2.500000
2.500000
2.500000
2.500000
2.500000
2.500000
2.500000
2.500000
2.500000
2.500000
2.500000
2.500000
2.500000
2.500000
2.500000
2.500000
2.500000
2.500000
2.500000
2.500000
2.500000
2.500000
2.500000
2.500000
2.500000
2.500000
2.500000
2.500000
2.500000
2.500000
2.500000
2.500000
2.500000
2.500000
2.500000
2.500000
2.500000
2.500000
2.500000
2.500000
2.500000
2.500000
2.500000
2.500000
2.500000
2.500000
2.573095
2.800000
2.800000
2.800000
2.800000
3.000000
3.000000
3.000000
3.000000
3.000000
3.075110
3.149511
3.403442
3.382113
3.360966
3.339991
3.318779
3.297745
3.276585
3.256068
3.235027
3.213828
3.192316
3.171163
3.149945
3.128943
3.107941
3.086749
3.065499
3.044248
3.023030
3.001989
2.980790
2.960103
2.938904
2.917660
2.896377
2.875179
2.854072
2.833253
2.812395
2.791341
2.770188
2.749088
2.727857
2.706855
2.685585
2.664956
2.643908
2.622834
2.601354
2.580051
2.559082
2.537831
2.517189
2.496298
2.474943
2.453646
2.432441
2.411243
2.390156
2.369246
2.347864
2.326869
2.305710
2.284642
2.263876
2.243306
2.222546
2.201740
2.180601
2.159553
2.138531
2.117189
2.096161
2.075251
2.054275
2.032756
2.011512
1.990340
1.969200
1.948179
1.927229
1.906142
1.885062
1.863608
1.842331
1.821107
1.800000
1.800000
1.800000
1.800000
1.800000
1.800000
1.800000
2.000000
2.000000
2.000000
2.000000
2.000000
2.070850
2.148938
2.224277
2.297189
2.500000
2.500000
2.570896
2.800000
2.800000
2.800000
2.800000
2.800000
2.800000
3.000000
3.000000
3.000000
3.000000
3.000000
3.000000
3.073782
3.147334
3.221757
3.295333
3.369298
3.443607
3.519863
3.593392
3.667289
3.741689
3.815494
3.889779
3.964798
4.195910
4.174593
4.153480
4.132498
4.111352
4.090088
4.068478
4.047364
4.026022
4.004987
3.984103
3.962944
3.941641
3.920102
3.899074
3.877863
3.856736
3.835806
3.814523
3.793010
3.771819
3.750830
3.729808
3.708551
3.687484
3.666331
3.645139
3.624046
3.602886
3.581433
3.560333
3.539193
3.518001
3.496548
3.475487
3.454498
3.433214
3.411892
3.391145
3.369881
3.348447
3.327308
3.306313
3.285108
3.264092
3.242986
3.221624
3.200412
3.179626
3.158317
3.137210
3.116247
3.095226
3.074040
3.052829
3.031552
3.010674
2.989483
2.968382
2.947511
2.926378
2.905062
2.884008
2.862941
2.841893
2.820871
2.799692
2.778337
2.757237
2.736346
2.715874
2.694735
2.673445
2.652541
2.631480
2.610223
2.589371
2.568585
2.547485
2.526529
2.505579
2.484597
2.463543
2.442502
2.421905
2.400772
2.379607
2.358428
2.337171
2.315757
2.294840
2.274191
2.253124
2.232089
2.211139
2.190137
2.168684
2.147531
2.126719
2.105684
2.084479
2.063359
2.042266
2.021035
2.000000
2.000000
2.000000
2.000000
2.000000
2.000000
2.000000
2.000000
2.000000
2.000000
2.000000
2.000000
2.000000
2.000000
2.000000
2.000000
2.000000
2.000000
2.000000
2.000000
2.000000
2.000000
2.000000
2.000000
2.000000
2.000000
2.000000
2.000000
2.000000
2.074423
2.148045
2.221643
2.295265
2.500000
2.574469
2.800000
2.800000
2.800000
2.800000
2.800000
2.800000
3.000000
3.000000
3.000000
3.000000
3.000000
3.000000
3.000000
3.000000
3.000000
3.072613
3.146212
3.221002
3.296067
3.371223
3.443813
3.516564
3.589338
3.663028
3.737910
3.813364
3.887650
3.960767
4.033518
4.300775
4.279263
4.257796
4.236951
4.215877
4.194947
4.174305
4.153473
4.132112
4.110933
4.089368
4.068621
4.047646
4.026860
4.006074
3.984607
3.963232
3.941608
3.920790
3.900017
3.879061
3.858196
3.836494
3.815151
3.793809
3.772860
3.752034
3.731117
3.710331
3.688864
3.667169
3.645853
3.625067
3.603920
3.583167
3.562375
3.540836
3.519291
3.498243
3.477241
3.456376
3.435616
3.414850
3.393167
3.371871
3.350535
3.329651
3.308923
3.288072
3.267175
3.245957
3.224483
3.203259
3.182473
3.161536
3.140606
3.119709
3.098275
3.076848
3.055728
3.034759
3.013927
2.993102
2.972165
2.950646
2.929297
2.907974
2.887228
2.866330
2.845387
2.824470
2.803069
2.781465
2.760332
2.739356
2.718400
2.697483
2.676317
2.654943
2.633535
2.612206
2.591387
2.570300
2.549278
2.528440
2.507084
2.485690
2.464537
2.443561
2.422710
2.401865
2.380955
2.359403
2.338106
2.316646
2.295815
2.275081
2.254040
2.233025
2.211761
2.190157
2.169011
2.147897
2.126889
2.106044
2.085062
2.063713
2.042338
2.021179
2.000000
2.000000
2.000000
2.000000
2.000000
2.000000
2.000000
2.000000
2.000000
2.000000
2.000000
2.000000
2.000000
2.000000
2.000000
2.000000
2.075042
2.148365
2.400027
2.379110
2.358036
2.336687
2.316189
2.294388
2.273138
2.252018
2.230545
2.209255
2.188468
2.167715
2.146811
2.125528
2.104408
2.083380
2.062293
2.041520
2.020786
2.000000
2.000000
2.000000
2.075179
2.148571
2.222193
2.296021
2.421852
2.401060
2.380156
2.359292
2.338289
2.316987
2.295592
2.274086
2.252691
2.231990
2.211303
2.190242
2.169102
2.147819
2.126405
2.105160
2.084512
2.063595
2.042861
2.021526
2.000000
2.000000
2.000000
2.000000
2.000000
2.000000
2.000000
2.000000
2.000000
2.000000
2.000000
2.073896
2.147953
2.223499
2.423339
2.402271
2.381165
2.359790
2.338179
2.317170
2.296181
2.275192
2.254099
2.233058
2.211519
2.189980
2.168821
2.148035
2.127210
2.106332
2.085081
2.063673
2.042305
2.020930
2.000000
2.000000
2.000000
2.000000
2.075133
2.149419
2.223544
2.422344
2.401178
2.380242
2.358867
2.337917
2.317131
2.296070
2.274741
2.253294
2.231703
2.210747
2.189856
2.169005
2.148219
2.127118
2.105547
2.084342
2.063445
2.042083
2.020806
2.000000
2.021120
2.000000
2.000000
2.000000
2.000000
2.000000
2.000000
2.000000
2.074354
2.146579
2.219261
2.464296
2.442737
2.421860
2.400825
2.379941
2.358926
2.337694
2.316365
2.295331
2.274283
2.253039
2.231788
2.210943
2.189823
2.168487
2.147302
2.126372
2.105501
2.084689
2.064125
2.042829
2.021447
2.000000
2.075065
2.150519
2.222583
2.294647
2.486515
2.465068
2.443725
2.422664
2.401525
2.380569
2.359802
2.338578
2.317523
2.296338
2.275153
2.253994
2.232481
2.211578
2.190582
2.169423
2.148434
2.127288
2.106149
2.085356
2.064341
2.043038
2.021552
2.000000
2.000000
2.000000
2.000000
2.000000
2.073163
2.146968
2.222353
2.443195
2.421957
2.400975
2.379927
2.358670
2.337550
2.316699
2.295415
2.274145
2.252848
2.231696
2.210674
2.189430
2.168644
2.147642
2.126535
2.105527
2.084604
2.063523
2.042371
2.021179
2.000000
2.000000
2.000000
2.073782
2.147495
2.220658
2.294990
2.484093
2.463124
2.442521
2.421597
2.400458
2.379292
2.357414
2.336189
2.314860
2.294034
2.273406
2.252273
2.231454
2.210321
2.189443
2.168415
2.147891
2.126679
2.105566
2.084374
2.062869
2.041644
2.020891
2.000000
2.000000
2.000000
2.000000
2.000000
2.000000
2.000000
2.073209
2.147037
2.220543
2.294600
2.368954
2.442163
2.712330
2.690752
2.669456
2.648284
2.627517
2.606064
2.584761
2.563438
2.542122
2.521100
2.500000
2.500000
2.500000
2.500000
2.500000
2.500000
2.500000
2.500000
2.500000
2.500000
2.500000
2.500000
2.500000
2.442279
2.421087
2.399725
2.378507
2.357243
2.336634
2.315822
2.295042
2.273936
2.252587
2.231061
2.209542
2.188887
2.168317
2.147393
2.126398
2.104944
2.083432
2.062325
2.041709
2.020707
2.000000
2.000000
2.000000
2.000000
2.000000
2.000000
2.074377
2.148549
2.222399
2.296662
2.370948
2.443767
2.711977
2.690753
2.669240
2.648225
2.627609
2.606260
2.585042
2.563647
2.542364
2.521022
2.500000
2.500000
2.500000
2.500000
2.500000
2.500000
2.500000
2.500000
2.500000
2.500000
2.500000
2.500000
2.421742
2.400753
2.379862
2.358592
2.337138
2.315914
2.295494
2.274446
2.253634
2.232468
2.210897
2.189365
2.168016
2.147439
2.126667
2.105782
2.084859
2.063301
2.041880
2.020995
2.000000
2.000000
2.000000
2.000000
2.000000
2.000000
2.000000
2.074309
2.148778
2.223682
2.297968
2.372139
2.444569
2.669665
2.648362
2.626908
2.605664
2.584872
2.563647
2.542599
2.521427
2.500000
2.500000
2.500000
2.500000
2.500000
2.500000
2.500000
2.500000
2.500000
2.500000
2.500000
2.500000
2.500000
2.442776
2.421486
2.400386
2.379129
2.358146
2.336850
2.316005
2.295114
2.274060
2.253261
2.232239
2.210975
2.189417
2.168291
2.147302
2.126470
2.105462
2.084538
2.063504
2.042011
2.021552
2.000000
2.000000
2.000000
2.000000
2.075843
2.149190
2.221300
2.295654
2.500000
2.643234
2.621918
2.601393
2.580280
2.559344
2.538146
2.516345
2.494970
2.474007
2.452829
2.431820
2.411100
2.389954
2.368611
2.347341
2.326601
2.305893
2.285166
2.264361
2.243490
2.221912
2.200484
2.178985
2.158520
2.137688
2.116777
2.095671
2.074276
2.052783
2.031487
2.010380
1.989986
1.969187
1.948166
1.926699
1.905461
1.883831
1.862954
1.842259
1.821172
1.800000
1.800000
1.800000
1.800000
1.800000
1.800000
1.800000
1.800000
1.800000
1.800000
1.800000
1.800000
1.800000
1.800000
2.000000
2.000000
2.000000
2.000000
2.000000
2.070987
2.314892
2.291665
2.270035
2.249713
2.226794
2.203815
2.183677
2.163114
2.141870
2.120527
2.099054
2.078059
2.057181
2.035996
2.014601
1.993200
1.971439
1.949894
1.928604
1.907281
1.886030
1.864688
1.843274
1.821414
1.800000
1.800000
1.800000
1.800000
1.800000
1.800000
1.800000
1.800000
1.800000
1.800000
1.800000
1.800000
1.800000
1.800000
1.800000
1.800000
1.800000
1.800000
1.800000
1.800000
1.800000
1.800000
1.800000
1.800000
1.800000
1.800000
1.800000
1.800000
1.800000
1.800000
1.800000
1.800000
1.800000
1.800000
1.800000
1.800000
1.800000
1.800000
1.800000
1.800000
1.800000
1.800000
1.800000
1.800000
1.800000
1.800000
1.800000
1.800000
1.800000
1.800000
1.800000
1.800000
1.800000
1.800000
1.800000
1.800000
1.800000
1.800000
1.800000
1.800000
1.800000
1.800000
1.800000
1.800000
1.800000
1.800000
1.800000
1.800000
1.800000
1.800000
1.800000
1.800000
1.800000
1.800000
1.800000
1.800000
1.800000
1.800000
1.800000
1.800000
1.800000
1.800000
1.800000
1.800000
1.800000
1.800000
1.800000
1.800000
1.800000
1.800000
1.800000
1.800000
1.800000
1.800000
1.800000
1.800000
1.800000
1.800000
1.800000
1.800000
1.800000
1.800000
1.800000
1.800000
1.800000
1.800000
1.800000
1.800000
1.800000
1.800000
1.800000
1.800000
1.800000
1.800000
1.800000
1.800000
1.800000
1.800000
1.800000
1.800000
1.800000
1.800000
1.800000
1.800000
1.800000
1.800000
1.800000
1.800000
1.800000
1.800000
1.800000
1.800000
1.800000
1.800000
1.800000
1.800000
1.800000
1.800000
1.800000
1.800000
1.800000
1.800000
1.800000
1.800000
1.800000
1.800000
1.800000
1.800000
1.800000
1.800000
1.800000
1.800000
1.800000
1.800000
1.800000
1.800000
1.800000
1.800000
1.800000
1.800000
1.800000
1.800000
1.800000
1.800000
1.800000
1.800000
1.800000
1.800000
1.800000
1.800000
1.800000
1.800000
1.800000
1.800000
1.800000
1.800000
1.800000
1.800000
1.800000
1.800000
1.800000
1.800000
1.800000
1.800000
1.800000
1.800000
1.800000
1.800000
1.800000
1.800000
1.800000
1.800000
1.800000
1.800000
1.800000
1.800000
1.800000
1.800000
1.800000
1.800000
1.800000
1.800000
1.800000
1.800000
1.800000
1.800000
1.800000
1.800000
1.800000
1.800000
1.800000
1.800000
1.800000
1.800000
1.800000
1.800000
1.800000
1.800000
1.800000
1.800000
1.800000
1.800000
1.800000
1.800000
1.800000
1.800000
1.800000
1.800000
1.800000
1.800000
1.800000
1.800000
1.800000
1.800000
1.800000
1.800000
1.800000
1.800000
1.800000
1.800000
1.800000
1.800000
1.800000
1.800000
1.800000
1.800000
1.800000
1.800000
1.800000
1.800000
1.800000
1.800000
1.800000
1.800000
1.800000
1.800000
1.800000
1.800000
1.800000
1.800000
1.800000
1.800000
1.800000
1.800000
1.800000
1.800000
1.800000
1.800000
1.800000
1.800000
1.800000
1.800000
1.800000
1.800000
1.800000
1.800000
1.800000
1.800000
1.800000
1.800000
1.800000
1.800000
1.800000
1.800000
1.800000
1.800000
1.800000
1.800000
1.800000
1.800000
1.800000
1.800000
1.800000
1.800000
1.800000
1.800000
1.800000
1.800000
1.800000
1.800000
1.800000
1.800000
1.800000
1.800000
1.800000
1.800000
1.800000
1.800000
1.800000
1.800000
1.800000
1.800000
1.800000
1.800000
1.800000
1.800000
1.800000
1.800000
1.800000
1.800000
1.800000
1.800000
1.800000
1.800000
1.800000
1.800000
1.800000
1.800000
1.800000
1.800000
1.800000
1.800000
1.800000
1.800000
1.800000
1.800000
1.800000
1.800000
1.800000
1.800000
1.800000
1.800000
1.800000
1.800000
1.800000
1.800000
1.800000
1.800000
1.800000
1.800000
1.800000
1.800000
1.800000
1.800000
1.800000
1.800000
1.800000
1.800000
1.800000
1.800000
1.800000
1.800000
1.800000
1.800000
1.800000
1.800000
1.800000
1.800000
1.800000
1.800000
1.800000
1.800000
1.800000
1.800000
1.800000
1.800000
1.800000
1.800000
1.800000
1.800000
1.800000
1.800000
1.800000
1.800000
1.800000
1.800000
1.800000
1.800000
1.800000
1.800000
1.800000
1.800000
1.800000
1.800000
1.800000
1.800000
1.800000
1.800000
1.800000
1.800000
1.800000
1.800000
1.800000
1.800000
1.800000
1.800000
1.800000
1.800000
1.800000
1.800000
1.800000
1.800000
1.800000
1.800000
1.800000
1.800000
1.800000
1.800000
1.800000
1.800000
1.800000
1.800000
1.800000
1.800000
1.800000
1.800000
1.800000
1.800000
1.800000
1.800000
1.800000
1.800000
1.800000
1.800000
1.800000
1.800000
1.800000
1.800000
1.800000
1.800000
1.800000
1.800000
1.800000
1.800000
1.800000
1.800000
1.800000
1.800000
1.800000
1.800000
1.800000
1.800000
1.800000
1.800000
1.800000
1.800000
1.800000
1.800000
1.800000
1.800000
1.800000
1.800000
1.800000
1.800000
1.800000
1.800000
1.800000
1.800000
1.800000
1.800000
1.800000
1.800000
1.800000
1.800000
1.800000
1.800000
1.800000
1.800000
1.800000
1.800000
1.800000
1.800000
1.800000
1.800000
1.800000
1.800000
1.800000
1.800000
1.800000
1.800000
1.800000
1.800000
1.800000
1.800000
1.800000
1.800000
1.800000
1.800000
1.800000
1.800000
1.800000
1.800000
1.800000
1.800000
1.800000
1.800000
1.800000
1.800000
1.800000
1.800000
1.800000
1.800000
1.800000
1.800000
1.800000
1.800000
1.800000
1.800000
1.800000
1.800000
1.800000
1.800000
1.800000
1.800000
1.800000
1.800000
1.800000
1.800000
1.800000
1.800000
1.800000
1.800000
1.800000
1.800000
1.800000
1.800000
1.800000
1.800000
1.800000
1.800000
1.800000
1.800000
1.800000
1.800000
1.800000
1.800000
1.800000
1.800000
1.800000
1.800000
1.800000
1.800000
1.800000
1.800000
1.800000
1.800000
1.800000
1.800000
1.800000
1.800000
1.800000
1.800000
1.800000
1.800000
1.800000
1.800000
1.800000
1.800000
1.800000
1.800000
1.800000
1.800000
1.800000
1.800000
1.800000
1.800000
1.800000
1.800000
1.800000
1.800000
1.800000
1.800000
1.800000
1.800000
1.800000
1.800000
1.800000
1.800000
1.800000
1.800000
1.800000
1.800000
1.800000
1.800000
1.800000
1.800000
1.800000
1.800000
1.800000
1.800000
1.800000
1.800000
1.800000
1.800000
1.800000
1.800000
1.800000
1.800000
1.800000
1.800000
1.800000
1.800000
1.800000
1.800000
1.800000
1.800000
1.800000
1.800000
1.800000
1.800000
1.800000
1.800000
1.800000
1.800000
1.800000
1.800000
1.800000
1.800000
1.800000
1.800000
1.800000
1.800000
1.800000
1.800000
1.800000
1.800000
1.800000
1.800000
1.800000
1.800000
1.800000
1.800000
1.800000
1.800000
1.800000
1.800000
1.800000
1.800000
1.800000
1.800000
1.800000
1.800000
1.800000
1.800000
1.800000
1.800000
1.800000
1.800000
1.800000
1.800000
1.800000
1.800000
1.800000
1.800000
1.800000
1.800000
1.800000
1.800000
1.800000
1.800000
1.800000
1.800000
1.800000
1.800000
1.800000
1.800000
1.800000
1.800000
1.800000
1.800000
1.800000
1.800000
1.800000
1.800000
1.800000
1.800000
1.800000
1.800000
1.800000
1.800000
1.800000
1.800000
1.800000
1.800000
1.800000
1.800000
1.800000
1.800000
1.800000
1.800000
1.800000
1.800000
1.800000
1.800000
1.800000
1.800000
1.800000
1.800000
1.800000
1.800000
1.800000
1.800000
1.800000
1.800000
1.800000
1.800000
1.800000
1.800000
1.800000
1.800000
1.800000
1.800000
1.800000
1.800000
1.800000
1.800000
1.800000
1.800000
1.800000
1.800000
1.800000
1.800000
1.800000
1.800000
1.800000
1.800000
1.800000
1.800000
1.800000
1.800000
1.800000
1.800000
1.800000
1.800000
1.800000
1.800000
1.800000
1.800000
1.800000
1.800000
1.800000
1.800000
1.800000
1.800000
1.800000
1.800000
1.800000
1.800000
1.800000
1.800000
1.800000
1.800000
1.800000
1.800000
1.800000
1.800000
1.800000
1.800000
1.800000
1.800000
1.800000
1.800000
1.800000
1.800000
1.800000
1.800000
1.800000
1.800000
1.800000
1.800000
1.800000
1.800000
1.800000
1.800000
1.800000
1.800000
1.800000
1.800000
1.800000
1.800000
1.800000
1.800000
1.800000
1.800000
1.800000
1.800000
1.800000
1.800000
1.800000
1.800000
1.800000
1.800000
1.800000
1.800000
1.800000
1.800000
1.800000
1.800000
1.800000
1.800000
1.800000
1.800000
1.800000
1.800000
1.800000
1.800000
1.800000
1.800000
1.800000
1.800000
1.800000
1.800000
1.800000
1.800000
1.800000
1.800000
1.800000
1.800000
1.800000
1.800000
1.800000
1.800000
1.800000
1.800000
1.800000
1.800000
1.800000
1.800000
1.800000
1.800000
1.800000
1.800000
1.800000
1.800000
1.800000
1.800000
1.800000
1.800000
1.800000
1.800000
1.800000
1.800000
1.800000
1.800000
1.800000
1.800000
1.800000
1.800000
1.800000
1.800000
1.800000
1.800000
1.800000
1.800000
1.800000
1.800000
1.800000
1.800000
1.800000
1.800000
1.800000
1.800000
1.800000
1.800000
1.800000
1.800000
1.800000
1.800000
1.800000
1.800000
1.800000
1.800000
1.800000
1.800000
1.800000
1.800000
1.800000
1.800000
1.800000
1.800000
1.800000
1.800000
1.800000
1.800000
1.800000
1.800000
1.800000
1.800000
1.800000
1.800000
1.800000
1.800000
1.800000
1.800000
1.800000
1.800000
1.800000
1.800000
1.800000
1.800000
1.800000
1.800000
1.800000
1.800000
1.800000
1.800000
1.800000
1.800000
1.800000
1.800000
1.800000
1.800000
1.800000
1.800000
1.800000
1.800000
1.800000
1.800000
1.800000
1.800000
1.800000
1.800000
1.800000
1.800000
1.800000
1.800000
1.800000
1.800000
1.800000
1.800000
1.800000
1.800000
1.800000
1.800000
1.800000
1.800000
1.800000
1.800000
1.800000
1.800000
1.800000
1.800000
1.800000
1.800000
1.800000
1.800000
1.800000
1.800000
1.800000
1.800000
1.800000
1.800000
1.800000
1.800000
1.800000
1.800000
1.800000
1.800000
1.800000
1.800000
1.800000
1.800000
1.800000
1.800000
1.800000
1.800000
1.800000
1.800000
1.800000
1.800000
1.800000
1.800000
1.800000
1.800000
1.800000
1.800000
1.800000
1.800000
1.800000
1.800000
1.800000
1.800000
1.800000
1.800000
1.800000
1.800000
1.800000
1.800000
1.800000
1.800000
1.800000
1.800000
1.800000
1.800000
1.800000
1.800000
1.800000
1.800000
1.800000
1.800000
1.800000
1.800000
1.800000
1.800000
1.800000
1.800000
1.800000
1.800000
1.800000
1.800000
1.800000
1.800000
1.800000
1.800000
1.800000
1.800000
1.800000
1.800000
1.800000
1.800000
1.800000
1.800000
1.800000
1.800000
1.800000
1.800000
1.800000
1.800000
1.800000
1.800000
1.800000
1.800000
1.800000
1.800000
1.800000
1.800000
1.800000
1.800000
1.800000
1.800000
1.800000
1.800000
1.800000
1.800000
1.800000
1.800000
1.800000
1.800000
1.800000
1.800000
1.800000
1.800000
1.800000
1.800000
1.800000
1.800000
1.800000
1.800000
1.800000
1.800000
1.800000
1.800000
1.800000
1.800000
1.800000
1.800000
1.800000
1.800000
1.800000
1.800000
1.800000
1.800000
1.800000
1.800000
1.800000
1.800000
1.800000
1.800000
1.800000
1.800000
1.800000
1.800000
1.800000
1.800000
1.800000
1.800000
1.800000
1.800000
1.800000
1.800000
1.800000
1.800000
1.800000
1.800000
1.800000
1.800000
1.800000
1.800000
1.800000
1.800000
1.800000
1.800000
1.800000
1.800000
1.800000
1.800000
1.800000
1.800000
1.800000
1.800000
1.800000
1.800000
1.800000
1.800000
1.800000
1.800000
1.800000
1.800000
1.800000
1.800000
1.800000
1.800000
1.800000
1.800000
1.800000
1.800000
1.800000
1.800000
1.800000
1.800000
1.800000
1.800000
1.800000
1.800000
1.800000
1.800000
1.800000
1.800000
1.800000
1.800000
1.800000
1.800000
1.800000
1.800000
1.800000
1.800000
1.800000
1.800000
1.800000
1.800000
1.800000
1.800000
1.800000
1.800000
1.800000
1.800000
1.800000
1.800000
1.800000
1.800000
1.800000
1.800000
1.800000
1.800000
1.800000
1.800000
1.800000
1.800000
1.800000
1.800000
1.800000
1.800000
1.800000
1.800000
1.800000
1.800000
1.800000
1.800000
1.800000
1.800000
1.800000
1.800000
1.800000
1.800000
1.800000
1.800000
1.800000
1.800000
1.800000
1.800000
1.800000
1.800000
1.800000
1.800000
1.800000
1.800000
1.800000
1.800000
1.800000
1.800000
1.800000
1.800000
1.800000
1.800000
1.800000
1.800000
1.800000
1.800000
1.800000
1.800000
1.800000
1.800000
1.800000
1.800000
1.800000
1.800000
1.800000
1.800000
1.800000
1.800000
1.800000
1.800000
1.800000
1.800000
1.800000
1.800000
1.800000
1.800000
1.800000
1.800000
1.800000
1.800000
1.800000
1.800000
1.800000
1.800000
1.800000
1.800000
1.800000
1.800000
1.800000
1.800000
1.800000
1.800000
1.800000
1.800000
1.800000
1.800000
1.800000
1.800000
1.800000
1.800000
1.800000
1.800000
1.800000
1.800000
1.800000
1.800000
1.800000
1.800000
1.800000
1.800000
1.800000
1.800000
1.800000
1.800000
1.800000
1.800000
1.800000
1.800000
1.800000
1.800000
1.800000
1.800000
1.800000
1.800000
1.800000
1.800000
1.800000
1.800000
1.800000
1.800000
1.800000
1.800000
1.800000
1.800000
1.800000
1.800000
1.800000
1.800000
1.800000
1.800000
1.800000
1.800000
1.800000
1.800000
1.800000
1.800000
1.800000
1.800000
1.800000
1.800000
1.800000
1.800000
1.800000
1.800000
1.800000
1.800000
1.800000
1.800000
1.800000
1.800000
1.800000
1.800000
1.800000
1.800000
1.800000
1.800000
1.800000
1.800000
1.800000
1.800000
1.800000
1.800000
1.800000
1.800000
1.800000
1.800000
1.800000
1.800000
1.800000
1.800000
1.800000
1.800000
1.800000
1.800000
1.800000
1.800000
1.800000
1.800000
1.800000
1.800000
1.800000
1.800000
1.800000
1.800000
1.800000
1.800000
1.800000
1.800000
1.800000
1.800000
1.800000
1.800000
1.800000
1.800000
1.800000
1.800000
1.800000
1.800000
1.800000
1.800000
1.800000
1.800000
1.800000
1.800000
1.800000
1.800000
1.800000
1.800000
1.800000
1.800000
1.800000
1.800000
1.800000
1.800000
1.800000
1.800000
1.800000
1.800000
1.800000
1.800000
1.800000
1.800000
1.800000
1.800000
1.800000
1.800000
1.800000
1.800000
1.800000
1.800000
1.800000
1.800000
1.800000
1.800000
1.800000
1.800000
1.800000
1.800000
1.800000
1.800000
1.800000
1.800000
1.800000
1.800000
1.800000
1.800000
1.800000
1.800000
1.800000
1.800000
1.800000
1.800000
1.800000
1.800000
1.800000
1.800000
1.800000
1.800000
1.800000
1.800000
1.800000
1.800000
1.800000
1.800000
1.800000
1.800000
1.800000
1.800000
1.800000
1.800000
1.800000
1.800000
1.800000
1.800000
1.800000
1.800000
1.800000
1.800000
1.800000
1.800000
1.800000
1.800000
1.800000
1.800000
1.800000
1.800000
1.800000
1.800000
1.800000
1.800000
1.800000
1.800000
1.800000
1.800000
1.800000
1.800000
1.800000
1.800000
1.800000
1.800000
1.800000
1.800000
1.800000
1.800000
1.800000
1.800000
1.800000
1.800000
1.800000
1.800000
1.800000
1.800000
1.800000
1.800000
1.800000
1.800000
1.800000
1.800000
1.800000
1.800000
1.800000
1.800000
1.800000
1.800000
1.800000
1.800000
1.800000
1.800000
1.800000
1.800000
1.800000
1.800000
1.800000
1.800000
1.800000
1.800000
1.800000
1.800000
1.800000
1.800000
1.800000
1.800000
1.800000
1.800000
1.800000
1.800000
1.800000
1.800000
1.800000
1.800000
1.800000
1.800000
1.800000
1.800000
1.800000
1.800000
1.800000
1.800000
1.800000
1.800000
1.800000
1.800000
1.800000
1.800000
1.800000
1.800000
1.800000
1.800000
1.800000
1.800000
1.800000
1.800000
1.800000
1.800000
1.800000
1.800000
1.800000
1.800000
1.800000
1.800000
1.800000
1.800000
1.800000
1.800000
1.800000
1.800000
1.800000
1.800000
1.800000
1.800000
1.800000
1.800000
1.800000
1.800000
1.800000
1.800000
1.800000
1.800000
1.800000
1.800000
1.800000
1.800000
1.800000
1.800000
1.800000
1.800000
1.800000
1.800000
1.800000
1.800000
1.800000
1.800000
1.800000
1.800000
1.800000
1.800000
1.800000
1.800000
1.800000
1.800000
1.800000
1.800000
1.800000
1.800000
1.800000
1.800000
1.800000
1.800000
1.800000
1.800000
1.800000
1.800000
1.800000
1.800000
1.800000
1.800000
1.800000
1.800000
1.800000
1.800000
1.800000
1.800000
1.800000
1.800000
1.800000
1.800000
1.800000
1.800000
1.800000
1.800000
1.800000
1.800000
1.800000
1.800000
1.800000
1.800000
1.800000
1.800000
1.800000
1.800000
1.800000
1.800000
1.800000
1.800000
1.800000
1.800000
1.800000
1.800000
1.800000
1.800000
1.800000
1.800000
1.800000
1.800000
1.800000
1.800000
1.800000
1.800000
1.800000
1.800000
1.800000
1.800000
1.800000
1.800000
1.800000
1.800000
1.800000
1.800000
1.800000
1.800000
1.800000
1.800000
1.800000
1.800000
1.800000
1.800000
1.800000
1.800000
1.800000
1.800000
1.800000
1.800000
1.800000
1.800000
1.800000
1.800000
1.800000
1.800000
1.800000
1.800000
1.800000
1.800000
1.800000
1.800000
1.800000
1.800000
1.800000
1.800000
1.800000
1.800000
1.800000
1.800000
1.800000
1.800000
1.800000
1.800000
1.800000
1.800000
1.800000
1.800000
1.800000
1.800000
1.800000
1.800000
1.800000
1.800000
1.800000
1.800000
1.800000
1.800000
1.800000
1.800000
1.800000
1.800000
1.800000
1.800000
1.800000
1.800000
1.800000
1.800000
1.800000
1.800000
1.800000
1.800000
1.800000
1.800000
1.800000
1.800000
1.800000
1.800000
1.800000
1.800000
1.800000
1.800000
1.800000
1.800000
1.800000
1.800000
1.800000
1.800000
1.800000
1.800000
1.800000
1.800000
1.800000
1.800000
1.800000
1.800000
1.800000
1.800000
1.800000
1.800000
1.800000
1.800000
1.800000
1.800000
1.800000
1.800000
1.800000
1.800000
1.800000
1.800000
1.800000
1.800000
1.800000
1.800000
1.800000
1.800000
1.800000
1.800000
1.800000
1.800000
1.800000
1.800000
1.800000
1.800000
1.800000
1.800000
1.800000
1.800000
1.800000
1.800000
1.800000
1.800000
1.800000
1.800000
1.800000
1.800000
1.800000
1.800000
1.800000
1.800000
1.800000
1.800000
1.800000
1.800000
1.800000
1.800000
1.800000
1.800000
1.800000
1.800000
1.800000
1.800000
1.800000
1.800000
1.800000
1.800000
1.800000
1.800000
1.800000
1.800000
1.800000
1.800000
1.800000
1.800000
1.800000
1.800000
1.800000
1.800000
1.800000
1.800000
1.800000
1.800000
1.800000
1.800000
1.800000
1.800000
1.800000
1.800000
1.800000
1.800000
1.800000
1.800000
1.800000
1.800000
1.800000
1.800000
1.800000
1.800000
1.800000
1.800000
1.800000
1.800000
1.800000
1.800000
1.800000
1.800000
1.800000
1.800000
1.800000
1.800000
1.800000
1.800000
1.800000
1.800000
1.800000
1.800000
1.800000
1.800000
1.800000
1.800000
1.800000
1.800000
1.800000
1.800000
1.800000
1.800000
1.800000
1.800000
1.800000
1.800000
1.800000
1.800000
1.800000
1.800000
1.800000
1.800000
1.800000
1.800000
1.800000
1.800000
1.800000
1.800000
1.800000
1.800000
1.800000
1.800000
1.800000
1.800000
1.800000
1.800000
1.800000
1.800000
1.800000
1.800000
1.800000
1.800000
1.800000
1.800000
1.800000
1.800000
1.800000
1.800000
1.800000
1.800000
1.800000
1.800000
1.800000
1.800000
1.800000
1.800000
1.800000
1.800000
1.800000
1.800000
1.800000
1.800000
1.800000
1.800000
1.800000
1.800000
1.800000
1.800000
1.800000
1.800000
1.800000
1.800000
1.800000
1.800000
1.800000
1.800000
1.800000
1.800000
1.800000
1.800000
1.800000
1.800000
1.800000
1.800000
1.800000
1.800000
1.800000
1.800000
1.800000
1.800000
1.800000
1.800000
1.800000
1.800000
1.800000
1.800000
1.800000
1.800000
1.800000
1.800000
1.800000
1.800000
1.800000
1.800000
1.800000
1.800000
1.800000
1.800000
1.800000
1.800000
1.800000
1.800000
1.800000
1.800000
1.800000
1.800000
1.800000
1.800000
1.800000
1.800000
1.800000
1.800000
1.800000
1.800000
1.800000
1.800000
1.800000
1.800000
1.800000
1.800000
1.800000
1.800000
1.800000
1.800000
1.800000
1.800000
1.800000
1.800000
1.800000
1.800000
1.800000
1.800000
1.800000
1.800000
1.800000
1.800000
1.800000
1.800000
1.800000
1.800000
1.800000
1.800000
1.800000
1.800000
1.800000
1.800000
1.800000
1.800000
1.800000
1.800000
1.800000
1.800000
1.800000
1.800000
1.800000
1.800000
1.800000
1.800000
1.800000
1.800000
1.800000
1.800000
1.800000
1.800000
1.800000
1.800000
1.800000
1.800000
1.800000
1.800000
1.800000
1.800000
1.800000
1.800000
1.800000
1.800000
1.800000
1.800000
1.800000
1.800000
1.800000
1.800000
1.800000
1.800000
1.800000
1.800000
1.800000
1.800000
1.800000
1.800000
1.800000
1.800000
1.800000
1.800000
1.800000
1.800000
1.800000
1.800000
1.800000
1.800000
1.800000
1.800000
1.800000
1.800000
1.800000
1.800000
1.800000
1.800000
1.800000
1.800000
1.800000
1.800000
1.800000
1.800000
1.800000
1.800000
1.800000
1.800000
1.800000
1.800000
1.800000
1.800000
1.800000
1.800000
1.800000
1.800000
1.800000
1.800000
1.800000
1.800000
1.800000
1.800000
1.800000
1.800000
1.800000
1.800000
1.800000
1.800000
1.800000
1.800000
1.800000
1.800000
1.800000
1.800000
1.800000
1.800000
1.800000
1.800000
1.800000
1.800000
1.800000
1.800000
1.800000
1.800000
1.800000
1.800000
1.800000
1.800000
1.800000
1.800000
1.800000
1.800000
1.800000
1.800000
1.800000
1.800000
1.800000
1.800000
1.800000
1.800000
1.800000
1.800000
1.800000
1.800000
1.800000
1.800000
1.800000
1.800000
1.800000
1.800000
1.800000
1.800000
1.800000
1.800000
1.800000
1.800000
1.800000
1.800000
1.800000
1.800000
1.800000
1.800000
1.800000
1.800000
1.800000
1.800000
1.800000
1.800000
1.800000
1.800000
1.800000
1.800000
1.800000
1.800000
1.800000
1.800000
1.800000
1.800000
1.800000
1.800000
1.800000
1.800000
1.800000
1.800000
1.800000
1.800000
1.800000
1.800000
1.800000
1.800000
1.800000
1.800000
1.800000
1.800000
1.800000
1.800000
1.800000
1.800000
1.800000
1.800000
1.800000
1.800000
1.800000
1.800000
1.800000
1.800000
1.800000
1.800000
1.800000
1.800000
1.800000
1.800000
1.800000
1.800000
1.800000
1.800000
1.800000
1.800000
1.800000
1.800000
1.800000
1.800000
1.800000
1.800000
1.800000
1.800000
1.800000
1.800000
1.800000
1.800000
1.800000
1.800000
1.800000
1.800000
1.800000
1.800000
1.800000
1.800000
1.800000
1.800000
1.800000
1.800000
1.800000
1.800000
1.800000
1.800000
1.800000
1.800000
1.800000
1.800000
1.800000
1.800000
1.800000
1.800000
1.800000
1.800000
1.800000
1.800000
1.800000
1.800000
1.800000
1.800000
1.800000
1.800000
1.800000
1.800000
1.800000
1.800000
1.800000
1.800000
1.800000
1.800000
1.800000
1.800000
1.800000
1.800000
1.800000
1.800000
1.800000
1.800000
1.800000
1.800000
1.800000
1.800000
1.800000
1.800000
1.800000
1.800000
1.800000
1.800000
1.800000
1.800000
1.800000
1.800000
1.800000
1.800000
1.800000
1.800000
1.800000
1.800000
1.800000
1.800000
1.800000
1.800000
1.800000
1.800000
1.800000
1.800000
1.800000
1.800000
1.800000
1.800000
1.800000
1.800000
1.800000
1.800000
1.800000
1.800000
1.800000
1.800000
1.800000
1.800000
1.800000
1.800000
1.800000
1.800000
1.800000
1.800000
1.800000
1.800000
1.800000
1.800000
1.800000
1.800000
1.800000
1.800000
1.800000
1.800000
1.800000
1.800000
1.800000
1.800000
1.800000
1.800000
1.800000
1.800000
1.800000
1.800000
1.800000
1.800000
1.800000
1.800000
1.800000
1.800000
1.800000
1.800000
1.800000
1.800000
1.800000
1.800000
1.800000
1.800000
1.800000
1.800000
1.800000
1.800000
1.800000
1.800000
1.800000
1.800000
1.800000
1.800000
1.800000
1.800000
1.800000
1.800000
1.800000
1.800000
1.800000
1.800000
1.800000
1.800000
1.800000
1.800000
1.800000
1.800000
1.800000
1.800000
1.800000
1.800000
1.800000
1.800000
1.800000
1.800000
1.800000
1.800000
1.800000
1.800000
1.800000
1.800000
1.800000
1.800000
1.800000
1.800000
1.800000
1.800000
1.800000
1.800000
1.800000
1.800000
1.800000
1.800000
1.800000
1.800000
1.800000
1.800000
1.800000
1.800000
1.800000
1.800000
1.800000
1.800000
1.800000
1.800000
1.800000
1.800000
1.800000
1.800000
1.800000
1.800000
1.800000
1.800000
1.800000
1.800000
1.800000
1.800000
1.800000
1.800000
1.800000
1.800000
1.800000
1.800000
1.800000
1.800000
1.800000
1.800000
1.800000
1.800000
1.800000
1.800000
1.800000
1.800000
1.800000
1.800000
1.800000
1.800000
1.800000
1.800000
1.800000
1.800000
1.800000
1.800000
1.800000
1.800000
1.800000
1.800000
1.800000
1.800000
1.800000
1.800000
1.800000
1.800000
1.800000
1.800000
1.800000
1.800000
1.800000
1.800000
1.800000
1.800000
1.800000
1.800000
1.800000
1.800000
1.800000
1.800000
1.800000
1.800000
1.800000
1.800000
1.800000
1.800000
1.800000
1.800000
1.800000
1.800000
1.800000
1.800000
1.800000
1.800000
1.800000
1.800000
1.800000
1.800000
1.800000
1.800000
1.800000
1.800000
1.800000
1.800000
1.800000
1.800000
1.800000
1.800000
1.800000
1.800000
1.800000
1.800000
1.800000
1.800000
1.800000
1.800000
1.800000
1.800000
1.800000
1.800000
1.800000
1.800000
1.800000
1.800000
1.800000
1.800000
1.800000
1.800000
1.800000
1.800000
1.800000
1.800000
1.800000
1.800000
1.800000
1.800000
1.800000
1.800000
1.800000
1.800000
1.800000
1.800000
1.800000
1.800000
1.800000
1.800000
1.800000
1.800000
1.800000
1.800000
1.800000
1.800000
1.800000
1.800000
1.800000
1.800000
1.800000
1.800000
1.800000
1.800000
1.800000
1.800000
1.800000
1.800000
1.800000
1.800000
1.800000
1.800000
1.800000
1.800000
1.800000
1.800000
1.800000
1.800000
1.800000
1.800000
1.800000
1.800000
1.800000
1.800000
1.800000
1.800000
1.800000
1.800000
1.800000
1.800000
1.800000
1.800000
1.800000
1.800000
1.800000
1.800000
1.800000
1.800000
1.800000
1.800000
1.800000
1.800000
1.800000
1.800000
1.800000
1.800000
1.800000
1.800000
1.800000
1.800000
1.800000
1.800000
1.800000
1.800000
1.800000
1.800000
1.800000
1.800000
1.800000
1.800000
1.800000
1.800000
1.800000
1.800000
1.800000
1.800000
1.800000
1.800000
1.800000
1.800000
1.800000
1.800000
1.800000
1.800000
1.800000
1.800000
1.800000
1.800000
1.800000
1.800000
1.800000
1.800000
1.800000
1.800000
1.800000
1.800000
1.800000
1.800000
1.800000
1.800000
1.800000
1.800000
1.800000
1.800000
1.800000
1.800000
1.800000
1.800000
1.800000
1.800000
1.800000
1.800000
1.800000
1.800000
1.800000
1.800000
1.800000
1.800000
1.800000
1.800000
1.800000
1.800000
1.800000
1.800000
1.800000
1.800000
1.800000
1.800000
1.800000
1.800000
1.800000
1.800000
1.800000
1.800000
1.800000
1.800000
1.800000
1.800000
1.800000
1.800000
1.800000
1.800000
1.800000
1.800000
1.800000
1.800000
1.800000
1.800000
1.800000
1.800000
1.800000
1.800000
1.800000
1.800000
1.800000
1.800000
1.800000
1.800000
1.800000
1.800000
1.800000
1.800000
1.800000
1.800000
1.800000
1.800000
1.800000
1.800000
1.800000
1.800000
1.800000
1.800000
1.800000
1.800000
1.800000
1.800000
1.800000
1.800000
1.800000
1.800000
1.800000
1.800000
1.800000
1.800000
1.800000
1.800000
1.800000
1.800000
1.800000
1.800000
1.800000
1.800000
1.800000
1.800000
1.800000
1.800000
1.800000
1.800000
1.800000
1.800000
1.800000
1.800000
1.800000
1.800000
1.800000
1.800000
1.800000
1.800000
1.800000
1.800000
1.800000
1.800000
1.800000
1.800000
1.800000
1.800000
1.800000
1.800000
1.800000
1.800000
1.800000
1.800000
1.800000
1.800000
1.800000
1.800000
1.800000
1.800000
1.800000
1.800000
1.800000
1.800000
1.800000
1.800000
1.800000
1.800000
1.800000
1.800000
1.800000
1.800000
1.800000
1.800000
1.800000
1.800000
1.800000
1.800000
1.800000
1.800000
1.800000
1.800000
1.800000
1.800000
1.800000
1.800000
1.800000
1.800000
1.800000
1.800000
1.800000
1.800000
1.800000
1.800000
1.800000
1.800000
1.800000
1.800000
1.800000
1.800000
1.800000
1.800000
1.800000
1.800000
1.800000
1.800000
1.800000
1.800000
1.800000
1.800000
1.800000
1.800000
1.800000
1.800000
1.800000
1.800000
1.800000
1.800000
1.800000
1.800000
1.800000
1.800000
1.800000
1.800000
1.800000
1.800000
1.800000
1.800000
1.800000
1.800000
1.800000
1.800000
1.800000
1.800000
1.800000
1.800000
1.800000
1.800000
1.800000
1.800000
1.800000
1.800000
1.800000
1.800000
1.800000
1.800000
1.800000
1.800000
1.800000
1.800000
1.800000
1.800000
1.800000
1.800000
1.800000
1.800000
1.800000
1.800000
1.800000
1.800000
1.800000
1.800000
1.800000
1.800000
1.800000
1.800000
1.800000
1.800000
1.800000
1.800000
1.800000
1.800000
1.800000
1.800000
1.800000
1.800000
1.800000
1.800000
1.800000
1.800000
1.800000
1.800000
1.800000
1.800000
1.800000
1.800000
1.800000
1.800000
1.800000
1.800000
1.800000
1.800000
1.800000
1.800000
1.800000
1.800000
1.800000
1.800000
1.800000
1.800000
1.800000
1.800000
1.800000
1.800000
1.800000
1.800000
1.800000
1.800000
1.800000
1.800000
1.800000
1.800000
1.800000
1.800000
1.800000
1.800000
1.800000
1.800000
1.800000
1.800000
1.800000
1.800000
1.800000
1.800000
1.800000
1.800000
1.800000
1.800000
1.800000
1.800000
1.800000
1.800000
1.800000
1.800000
1.800000
1.800000
1.800000
1.800000
1.800000
1.800000
1.800000
1.800000
1.800000
1.800000
1.800000
1.800000
1.800000
1.800000
1.800000
1.800000
1.800000
1.800000
1.800000
1.800000
1.800000
1.800000
1.800000
1.800000
1.800000
1.800000
1.800000
1.800000
1.800000
1.800000
1.800000
1.800000
1.800000
1.800000
1.800000
1.800000
1.800000
1.800000
1.800000
1.800000
1.800000
1.800000
1.800000
1.800000
1.800000
1.800000
1.800000
1.800000
1.800000
1.800000
1.800000
1.800000
1.800000
1.800000
1.800000
1.800000
1.800000
1.800000
1.800000
1.800000
1.800000
1.800000
1.800000
1.800000
1.800000
1.800000
1.800000
1.800000
1.800000
1.800000
1.800000
1.800000
1.800000
1.800000
1.800000
1.800000
1.800000
1.800000
1.800000
1.800000
1.800000
1.800000
1.800000
1.800000
1.800000
1.800000
1.800000
1.800000
1.800000
1.800000
1.800000
1.800000
1.800000
1.800000
1.800000
1.800000
1.800000
1.800000
1.800000
1.800000
1.800000
1.800000
1.800000
1.800000
1.800000
1.800000
1.800000
1.800000
1.800000
1.800000
1.800000
1.800000
1.800000
1.800000
1.800000
1.800000
1.800000
1.800000
1.800000
1.800000
1.800000
1.800000
1.800000
1.800000
1.800000
1.800000
1.800000
1.800000
1.800000
1.800000
1.800000
1.800000
1.800000
1.800000
1.800000
1.800000
1.800000
1.800000
1.800000
1.800000
1.800000
1.800000
1.800000
1.800000
1.800000
1.800000
1.800000
1.800000
1.800000
1.800000
1.800000
1.800000
1.800000
1.800000
1.800000
1.800000
1.800000
1.800000
1.800000
1.800000
1.800000
1.800000
1.800000
1.800000
1.800000
1.800000
1.800000
1.800000
1.800000
1.800000
1.800000
1.800000
1.800000
1.800000
1.800000
1.800000
1.800000
1.800000
1.800000
1.800000
1.800000
1.800000
1.800000
1.800000
1.800000
1.800000
1.800000
1.800000
1.800000
1.800000
1.800000
1.800000
1.800000
1.800000
1.800000
1.800000
1.800000
1.800000
1.800000
1.800000
1.800000
1.800000
1.800000
1.800000
1.800000
1.800000
1.800000
1.800000
1.800000
1.800000
1.800000
1.800000
1.800000
1.800000
1.800000
1.800000
1.800000
1.800000
1.800000
1.800000
1.800000
1.800000
1.800000
1.800000
1.800000
1.800000
1.800000
1.800000
1.800000
1.800000
1.800000
1.800000
1.800000
1.800000
1.800000
1.800000
1.800000
1.800000
1.800000
1.800000
1.800000
1.800000
1.800000
1.800000
1.800000
1.800000
1.800000
1.800000
1.800000
1.800000
1.800000
1.800000
1.800000
1.800000
1.800000
1.800000
1.800000
1.800000
1.800000
1.800000
1.800000
1.800000
1.800000
1.800000
1.800000
1.800000
1.800000
1.800000
1.800000
1.800000
1.800000
1.800000
1.800000
1.800000
1.800000
1.800000
1.800000
1.800000
1.800000
1.800000
1.800000
1.800000
1.800000
1.800000
1.800000
1.800000
1.800000
1.800000
1.800000
1.800000
1.800000
1.800000
1.800000
1.800000
1.800000
1.800000
1.800000
1.800000
1.800000
1.800000
1.800000
1.800000
1.800000
1.800000
1.800000
1.800000
1.800000
1.800000
1.800000
1.800000
1.800000
1.800000
1.800000
1.800000
1.800000
1.800000
1.800000
1.800000
1.800000
1.800000
1.800000
1.800000
1.800000
1.800000
1.800000
1.800000
1.800000
1.800000
1.800000
1.800000
1.800000
1.800000
1.800000
1.800000
1.800000
1.800000
1.800000
1.800000
1.800000
1.800000
1.800000
1.800000
1.800000
1.800000
1.800000
1.800000
1.800000
1.800000
1.800000
1.800000
1.800000
1.800000
1.800000
1.800000
1.800000
1.800000
1.800000
1.800000
1.800000
1.800000
1.800000
1.800000
1.800000
1.800000
1.800000
1.800000
1.800000
1.800000
1.800000
1.800000
1.800000
1.800000
1.800000
1.800000
1.800000
1.800000
1.800000
1.800000
1.800000
1.800000
1.800000
1.800000
1.800000
1.800000
1.800000
1.800000
1.800000
1.800000
1.800000
1.800000
1.800000
1.800000
1.800000
1.800000
1.800000
1.800000
1.800000
1.800000
1.800000
1.800000
1.800000
1.800000
1.800000
1.800000
1.800000
1.800000
1.800000
1.800000
1.800000
1.800000
1.800000
1.800000
1.800000
1.800000
1.800000
1.800000
1.800000
1.800000
1.800000
1.800000
1.800000
1.800000
1.800000
1.800000
1.800000
1.800000
1.800000
1.800000
1.800000
1.800000
1.800000
1.800000
1.800000
1.800000
1.800000
1.800000
1.800000
1.800000
1.800000
1.800000
1.800000
1.800000
1.800000
1.800000
1.800000
1.800000
1.800000
1.800000
1.800000
1.800000
1.800000
1.800000
1.800000
1.800000
1.800000
1.800000
1.800000
1.800000
1.800000
1.800000
1.800000
1.800000
1.800000
1.800000
1.800000
1.800000
1.800000
1.800000
1.800000
1.800000
1.800000
1.800000
1.800000
1.800000
1.800000
1.800000
1.800000
1.800000
1.800000
1.800000
1.800000
1.800000
1.800000
1.800000
1.800000
1.800000
1.800000
1.800000
1.800000
1.800000
1.800000
1.800000
1.800000
1.800000
1.800000
1.800000
1.800000
1.800000
1.800000
1.800000
1.800000
1.800000
1.800000
1.800000
1.800000
1.800000
1.800000
1.800000
1.800000
1.800000
1.800000
1.800000
1.800000
1.800000
1.800000
1.800000
1.800000
1.800000
1.800000
1.800000
1.800000
1.800000
1.800000
1.800000
1.800000
1.800000
1.800000
1.800000
1.800000
1.800000
1.800000
1.800000
1.800000
1.800000
1.800000
1.800000
1.800000
1.800000
1.800000
1.800000
1.800000
1.800000
1.800000
1.800000
1.800000
1.800000
1.800000
1.800000
1.800000
1.800000
1.800000
1.800000
1.800000
1.800000
1.800000
1.800000
1.800000
1.800000
1.800000
1.800000
1.800000
1.800000
1.800000
1.800000
1.800000
1.800000
1.800000
1.800000
1.800000
1.800000
1.800000
1.800000
1.800000
1.800000
1.800000
1.800000
1.800000
1.800000
1.800000
1.800000
1.800000
1.800000
1.800000
1.800000
1.800000
1.800000
1.800000
1.800000
1.800000
1.800000
1.800000
1.800000
1.800000
1.800000
1.800000
1.800000
1.800000
1.800000
1.800000
1.800000
1.800000
1.800000
1.800000
1.800000
1.800000
1.800000
1.800000
1.800000
1.800000
1.800000
1.800000
1.800000
1.800000
1.800000
1.800000
1.800000
1.800000
1.800000
1.800000
1.800000
1.800000
1.800000
1.800000
1.800000
1.800000
1.800000
1.800000
1.800000
1.800000
1.800000
1.800000
1.800000
1.800000
1.800000
1.800000
1.800000
1.800000
1.800000
1.800000
1.800000
1.800000
1.800000
1.800000
1.800000
1.800000
1.800000
1.800000
1.800000
1.800000
1.800000
1.800000
1.800000
1.800000
1.800000
1.800000
1.800000
1.800000
1.800000
1.800000
1.800000
1.800000
1.800000
1.800000
1.800000
1.800000
1.800000
1.800000
1.800000
1.800000
1.800000
1.800000
1.800000
1.800000
1.800000
1.800000
1.800000
1.800000
1.800000
1.800000
1.800000
1.800000
1.800000
1.800000
1.800000
1.800000
1.800000
1.800000
1.800000
1.800000
1.800000
1.800000
1.800000
1.800000
1.800000
1.800000
1.800000
1.800000
1.800000
1.800000
1.800000
1.800000
1.800000
1.800000
1.800000
1.800000
1.800000
1.800000
1.800000
1.800000
1.800000
1.800000
1.800000
1.800000
1.800000
1.800000
1.800000
1.800000
1.800000
1.800000
1.800000
1.800000
1.800000
1.800000
1.800000
1.800000
1.800000
1.800000
1.800000
1.800000
1.800000
1.800000
1.800000
1.800000
1.800000
1.800000
1.800000
1.800000
1.800000
1.800000
1.800000
1.800000
1.800000
1.800000
1.800000
1.800000
1.800000
1.800000
1.800000
1.800000
1.800000
1.800000
1.800000
1.800000
1.800000
1.800000
1.800000
1.800000
1.800000
1.800000
1.800000
1.800000
1.800000
1.800000
1.800000
1.800000
1.800000
1.800000
1.800000
1.800000
1.800000
1.800000
1.800000
1.800000
1.800000
1.800000
1.800000
1.800000
1.800000
1.800000
1.800000
1.800000
1.800000
1.800000
1.800000
1.800000
1.800000
1.800000
1.800000
1.800000
1.800000
1.800000
1.800000
1.800000
1.800000
1.800000
1.800000
1.800000
1.800000
1.800000
1.800000
1.800000
1.800000
1.800000
1.800000
1.800000
1.800000
1.800000
1.800000
1.800000
1.800000
1.800000
1.800000
1.800000
1.800000
1.800000
1.800000
1.800000
1.800000
1.800000
1.800000
1.800000
1.800000
1.800000
1.800000
1.800000
1.800000
1.800000
1.800000
1.800000
1.800000
1.800000
1.800000
1.800000
1.800000
1.800000
1.800000
1.800000
1.800000
1.800000
1.800000
1.800000
1.800000
1.800000
1.800000
1.800000
1.800000
1.800000
1.800000
1.800000
1.800000
1.800000
1.800000
1.800000
1.800000
1.800000
1.800000
1.800000
1.800000
1.800000
1.800000
1.800000
1.800000
1.800000
1.800000
1.800000
1.800000
1.800000
1.800000
1.800000
1.800000
1.800000
1.800000
1.800000
1.800000
1.800000
1.800000
1.800000
1.800000
1.800000
1.800000
1.800000
1.800000
1.800000
1.800000
1.800000
1.800000
1.800000
1.800000
1.800000
1.800000
1.800000
1.800000
1.800000
1.800000
1.800000
1.800000
1.800000
1.800000
1.800000
1.800000
1.800000
1.800000
1.800000
1.800000
1.800000
1.800000
1.800000
1.800000
1.800000
1.800000
1.800000
1.800000
1.800000
1.800000
1.800000
1.800000
1.800000
1.800000
1.800000
1.800000
1.800000
1.800000
1.800000
1.800000
1.800000
1.800000
1.800000
1.800000
1.800000
1.800000
1.800000
1.800000
1.800000
1.800000
1.800000
1.800000
1.800000
1.800000
1.800000
1.800000
1.800000
1.800000
1.800000
1.800000
1.800000
1.800000
1.800000
1.800000
1.800000
1.800000
1.800000
1.800000
1.800000
1.800000
1.800000
1.800000
1.800000
1.800000
1.800000
1.800000
1.800000
1.800000
1.800000
1.800000
1.800000
1.800000
1.800000
1.800000
1.800000
1.800000
1.800000
1.800000
1.800000
1.800000
1.800000
1.800000
1.800000
1.800000
1.800000
1.800000
1.800000
1.800000
1.800000
1.800000
1.800000
1.800000
1.800000
1.800000
1.800000
1.800000
1.800000
1.800000
1.800000
1.800000
1.800000
1.800000
1.800000
1.800000
1.800000
1.800000
1.800000
1.800000
1.800000
1.800000
1.800000
1.800000
1.800000
1.800000
1.800000
1.800000
1.800000
1.800000
1.800000
1.800000
1.800000
1.800000
1.800000
