15388.573242
15603.078125
15821.364258
16253.809570
16469.884766
16691.578125
16907.625000
17118.873047
18290.958984
18502.580078
18720.630859
18937.728516
19154.123047
19373.683594
19586.630859
19803.455078
20018.066406
33041.757812
33201.875000
34035.671875
34199.828125
35364.015625
35525.042969
36353.578125
36511.589844
37665.152344
37824.433594
38659.046875
38818.753906
39996.773438
40156.921875
40999.769531
41160.023438
42310.699219
42473.335938
0.000000
0.000000
0.000000
0.000000
0.000000
0.000000
0.000000
0.000000
0.000000
0.000000
0.000000
0.000000
0.000000
0.000000
0.000000
0.000000
0.000000
0.000000
0.000000
0.000000
0.000000
0.000000
0.000000
0.000000
0.000000
0.000000
0.000000
0.000000
0.000000
0.000000
0.000000
0.000000
0.000000
0.000000
0.000000
0.000000
0.000000
0.000000
0.000000
0.000000
0.000000
0.000000
0.000000
0.000000
0.000000
0.000000
0.000000
0.000000
0.000000
0.000000
0.000000
0.000000
0.000000
0.000000
0.000000
0.000000
0.000000
0.000000
0.000000
0.000000
0.000000
0.000000
0.000000
0.000000
0.000000
