11.989907
11.901554
11.868831
11.947368
11.888465
11.790295
11.878648
11.895008
11.947368
11.868831
11.737936
11.881920
11.832836
11.777205
11.875376
11.845924
11.829562
11.780478
11.881920
11.809929
11.911371
11.747753
11.908099
11.698668
11.708486
11.741209
11.819746
11.728120
11.855742
11.898282
11.410701
11.924460
10.438811
10.946027
11.692124
11.652855
10.131210
10.350458
11.152185
11.924461
11.538322
11.777205
10.085397
11.620131
11.335437
11.476149
11.508871
11.515417
11.499055
11.384522
11.436880
11.780478
10.046129
11.466331
11.747753
11.633222
11.675762
11.885193
11.662672
11.819746
11.760843
11.728119
11.940822
11.829563
11.862287
11.839380
11.695395
11.859015
11.787023
11.760843
11.819746
11.734665
11.672489
11.764115
11.724848
11.751026
11.718303
11.787022
11.636494
11.747754
11.734665
11.842651
11.711758
11.777205
11.626677
11.695395
11.868831
11.715030
11.832834
11.734664
11.682306
11.839379
11.839380
11.701941
11.872103
11.849196
11.728120
11.757571
11.836107
11.819745
11.744481
11.823017
11.672490
11.783750
11.829562
11.796839
11.682306
11.852469
11.728121
11.711759
11.793567
11.809929
11.737936
11.809928
11.587408
11.705214
11.721575
11.777204
11.757571
11.672490
11.734664
11.813201
11.701941
11.790295
11.688850
11.780478
11.796839
11.652855
11.767388
11.662672
11.809929
11.744482
11.724847
11.764115
11.721576
11.747754
11.721575
11.721575
11.816473
11.751026
11.770659
11.679033
11.813201
11.773932
11.731392
11.751026
11.610314
11.711758
11.845924
11.705214
11.806656
11.695395
11.711758
11.731392
11.708485
11.688850
11.813200
11.783751
11.685579
11.639767
11.806657
11.757570
11.829562
11.721575
11.613587
11.747754
11.715031
11.777205
11.672489
11.770660
11.705213
11.695396
11.544868
11.836107
11.695395
11.643038
11.656128
11.659400
11.597225
11.787023
11.643039
11.695395
11.760843
11.715031
11.692123
11.669217
11.783750
11.705213
11.734664
11.652855
11.698668
11.613587
11.773932
11.728120
11.751025
11.675761
11.770660
11.577591
11.724847
11.790294
11.731391
11.728120
11.721575
11.672489
11.747753
11.675761
11.734665
11.741209
11.737937
11.616859
11.777205
11.760843
11.724847
11.754299
11.731392
11.692123
11.698668
11.708486
11.793566
11.721575
11.741209
11.616859
11.695395
11.809929
11.675762
11.757570
11.718303
11.616859
11.682307
10.762775
11.823018
11.770660
11.904827
11.764115
11.813201
11.760843
11.633222
11.780478
11.816474
11.787023
11.679035
11.747753
11.819744
11.685579
11.747754
11.754298
11.685579
11.656128
11.737937
11.741209
11.826290
11.695396
11.731391
11.813200
11.783750
11.737937
11.790295
11.751025
11.819746
11.679034
11.711758
11.813202
11.646311
11.904826
11.692123
11.724847
11.728120
10.026495
11.773932
11.747753
11.659401
11.659401
11.790295
11.688851
11.734665
11.721576
11.692123
11.809928
11.731392
11.760843
11.718303
11.754299
11.701941
11.701941
11.800112
11.656127
11.823017
11.737937
11.783750
11.816473
11.636495
11.767388
11.741209
11.783750
11.806656
11.698668
11.721574
11.898282
11.672489
11.760843
11.793567
11.741209
11.685579
11.662672
11.842651
11.705213
11.721575
11.734664
11.754298
11.652856
11.760843
11.767387
11.751026
11.675762
11.724847
11.688850
11.747753
11.728119
11.741209
11.790295
11.577591
11.849196
11.734665
11.639766
11.809929
11.764115
11.616858
11.885192
11.656128
11.796840
11.698668
11.823018
11.639766
11.636493
11.757570
11.695395
11.842651
11.567775
11.649584
11.669216
11.731392
11.744481
11.672489
11.636494
11.682307
11.718303
11.584136
11.701941
11.629949
11.836107
11.724847
11.741210
11.535050
11.914643
11.800111
11.708485
11.754298
11.790294
11.652855
11.741208
11.816472
11.708487
11.728120
11.636494
11.790294
11.659400
11.819745
11.724847
11.728119
11.728120
11.751025
11.715031
11.793567
11.708485
11.764116
11.711758
11.548140
11.859014
11.839380
11.737937
11.862286
11.793567
11.728120
11.754298
11.669217
11.682306
11.734664
11.626677
11.754299
11.610315
11.868831
11.633221
11.682306
11.656128
11.747754
11.649583
11.639767
11.672490
11.610314
11.728120
11.629949
11.688851
11.521961
11.603771
11.790295
11.567774
11.773932
11.692123
11.728120
11.829563
11.554685
11.737937
11.616859
11.842652
11.646311
11.590681
11.754298
11.672489
11.734665
11.764115
11.675761
11.845923
11.744481
11.708487
11.741208
11.724847
11.888465
11.823019
11.754299
11.826290
11.652855
11.718303
11.770660
11.904827
11.741209
11.747753
11.816472
11.862287
11.695396
11.793567
11.728121
11.701940
11.767386
11.878649
11.715030
11.679033
11.839379
11.718302
11.744480
11.701941
11.823017
11.613587
11.790294
11.705213
11.747754
11.688850
11.744481
11.711758
11.688852
11.845924
11.616859
11.760843
11.675762
11.754298
11.698668
11.816473
11.610314
11.809929
11.747754
11.705213
11.731393
11.754298
11.718303
11.669218
11.734664
11.695395
11.747754
11.754299
11.705213
11.685579
11.698668
11.793567
11.649583
11.672489
11.767387
11.859014
11.659400
11.770659
11.757571
11.793567
11.770659
11.665945
11.780477
11.773932
11.705213
11.705214
11.695395
11.813200
11.708485
11.806657
11.662672
11.715030
11.741209
11.773932
11.669216
11.715031
11.881921
11.757571
11.760842
11.675761
11.636494
11.744481
11.701941
11.741209
11.698668
11.646311
11.659400
11.793567
11.741208
11.672489
11.626676
11.787022
11.705214
11.728120
11.787022
11.626678
11.701941
11.669217
11.662673
11.868832
11.669216
11.741210
11.754298
11.783750
11.685579
11.862287
11.659400
11.809928
11.728120
11.659401
11.747753
11.728119
11.764115
11.796839
11.643039
11.737938
11.731392
11.620132
11.728119
11.718302
11.734665
11.685578
11.708486
11.672490
11.839379
11.744481
11.669217
11.813201
11.780478
11.832835
11.718302
11.829563
11.695395
11.679034
11.613586
11.692124
11.449969
11.754298
11.636493
11.616859
11.580864
11.688850
11.669217
11.698668
11.757570
11.747753
11.652856
11.744482
11.754298
11.679034
11.839379
11.747753
11.859015
11.705213
11.734664
11.659400
11.806656
11.819745
11.646311
11.872103
11.685579
11.613587
11.580863
11.623404
11.711758
11.531778
11.577592
11.679034
11.760843
11.708485
11.744481
11.607042
11.724846
11.773932
11.914644
11.809928
11.793566
11.754298
11.721575
11.849197
11.823018
11.760843
11.872103
11.665945
11.826291
11.780477
11.741209
11.780478
11.783749
11.623405
11.656128
11.633221
11.767387
11.656127
11.809929
11.718303
11.819746
11.783750
11.728120
11.842651
11.734665
11.803384
11.852468
11.793567
11.790295
11.770660
11.773932
11.757571
11.770660
11.780478
11.790295
11.829562
11.724846
11.832835
11.672489
11.701941
11.826289
11.770660
11.682306
11.819746
11.760843
11.682306
11.773932
11.669217
11.751026
11.832835
11.600497
11.839379
11.626676
11.747754
11.613586
11.862287
11.875376
11.577590
11.646311
11.770660
11.626677
11.672489
11.757571
11.747753
11.564502
11.813201
11.724847
11.885194
11.891737
11.711758
11.616859
11.757570
11.620132
11.823018
11.751026
11.731392
11.724847
11.620132
11.878649
11.809928
11.718303
11.682306
11.721575
11.751026
11.679033
11.744481
11.688851
11.649583
11.734665
11.793568
11.862287
11.675762
11.688851
11.698668
11.646310
11.764115
11.757571
11.783751
11.754298
11.544868
11.793567
11.803384
11.662673
11.656127
11.711758
11.751026
11.796839
11.695396
11.715031
11.643038
11.692123
11.934278
11.777205
11.698668
11.701940
11.682306
11.754299
11.783750
11.819746
11.675762
11.564502
11.826291
11.656127
11.881920
11.682306
11.685578
11.737936
11.744481
11.770660
11.715031
11.780478
11.587408
11.718303
11.816473
11.741208
11.757570
11.698668
11.639767
11.701940
11.770660
11.803384
11.724848
11.597225
11.708485
11.715030
11.760843
11.731392
11.682306
11.764115
11.580864
11.839380
11.685578
11.649583
11.659401
11.593954
11.904826
11.662673
11.728119
11.823018
11.718303
11.685578
11.878649
11.842651
11.662672
11.626677
11.747754
11.751025
11.796840
11.616860
11.718303
11.669216
11.682306
11.813201
11.823017
11.636493
11.744481
11.616859
11.839380
11.741208
11.698668
11.757571
11.646310
11.731392
11.809928
11.708486
11.659400
11.721575
11.626677
11.793566
11.695395
11.829562
11.767387
11.701941
11.682306
11.937550
11.672490
11.747754
11.649584
11.688851
11.760843
11.721575
11.796839
11.662673
11.629949
11.718303
11.679034
11.688851
11.688851
11.823018
11.646311
11.669217
11.770660
11.793566
11.682306
11.665945
11.652855
11.626677
11.773932
11.692124
11.737937
11.698668
11.701941
11.659400
11.770660
11.659401
11.829562
11.662673
11.659401
11.842651
11.639767
11.724848
11.747754
11.672489
11.649583
11.649584
11.692123
11.826290
11.777205
11.692124
11.708485
11.564502
10.268649
11.708486
11.751027
10.262104
11.593953
11.616859
11.531778
11.541595
11.548140
11.744481
11.361616
11.348526
11.387794
11.541595
11.623404
11.682306
11.463059
11.715031
11.662673
11.590680
11.790295
11.842652
11.845924
11.862286
11.901554
11.679034
11.823019
11.773932
11.764114
11.669217
11.914644
11.751026
11.901554
11.764116
11.777205
11.646311
11.813201
11.773932
11.715031
11.731392
11.764115
11.597225
11.832835
11.715030
11.731392
11.649584
11.773932
11.577591
11.829563
11.734664
11.629949
11.777205
11.557958
11.790296
11.629949
11.819745
11.626676
11.715030
11.721575
11.688850
11.659400
11.881920
11.649583
11.698668
11.679034
11.724847
11.793567
11.724848
11.790296
11.718302
11.692124
11.643039
11.669217
11.790295
11.803383
11.692123
11.698668
11.695396
11.659400
11.701941
11.859014
11.701941
11.715030
11.780477
11.695396
11.770659
11.790294
11.787022
11.809928
11.731392
11.698668
11.921188
11.908098
11.685578
11.734665
11.499054
11.603769
11.675761
11.636494
11.737936
11.646312
11.770660
11.659400
11.764116
11.842653
10.039584
11.685579
11.826290
11.800112
11.718303
11.868831
11.852469
11.823019
11.718302
11.875375
11.787023
11.813200
11.770659
11.767386
11.773932
11.718303
11.819745
11.760843
11.783750
11.679034
11.957184
11.816473
11.656127
10.239199
11.927732
11.826290
10.049402
11.420518
11.728120
11.518688
11.528505
11.584136
11.361615
11.351799
11.472876
11.574318
11.489237
11.574319
11.266718
11.927732
11.466331
11.499055
11.692123
11.525234
11.404157
11.528505
11.728119
11.535051
11.394339
11.279807
11.345254
11.521961
11.872104
11.207815
11.377977
11.764116
11.391068
11.322348
11.580863
11.773932
11.564502
11.580863
10.046129
11.708485
11.070376
11.279807
11.302712
11.472876
11.764115
11.832835
11.823018
11.940824
11.924461
10.003590
12.006269
11.947367
10.157390
10.059218
10.046130
11.986635
11.999725
10.016678
10.029767
11.947368
12.038994
11.963730
11.944096
11.865559
10.006861
11.953913
10.000317
11.917915
11.842653
11.947367
11.783750
11.901554
11.872104
11.908099
11.796840
11.751026
11.800112
11.911371
11.669216
11.688850
11.430336
11.590681
11.639766
11.593953
11.715030
11.760842
11.577592
11.751026
11.669218
11.780477
11.806656
11.757571
11.787022
11.639766
11.803385
11.829562
11.679034
11.819745
11.741209
11.652855
11.656127
11.731391
11.734665
11.721575
11.806656
11.623405
11.688851
11.741209
11.855742
11.757571
11.711758
11.787022
11.603770
11.783750
11.859014
11.741208
11.813201
11.832835
11.587409
11.757571
11.816474
11.751025
11.751027
11.715031
11.692123
11.584136
11.947368
11.551412
11.626677
11.744482
11.904826
10.229381
10.962388
11.839380
10.033040
11.777205
11.865558
11.646312
11.652856
11.345254
11.623404
11.515417
11.544868
11.440152
11.613587
11.538322
11.600497
11.600497
11.476149
11.518688
11.341981
10.131210
11.567774
11.790295
11.417246
11.521961
11.535050
11.521961
11.440152
11.459785
11.711758
11.368160
11.502327
11.427063
11.397612
11.675762
11.770660
11.718303
10.026495
11.878649
10.006861
11.747754
10.023223
11.999725
11.813200
11.809929
12.009542
12.002996
11.917915
10.127937
11.852469
11.829563
11.816473
11.842652
11.924461
11.875376
11.852469
11.832835
11.724847
11.819746
11.937551
11.859014
11.836107
11.816473
11.672489
11.859014
11.803384
11.872103
11.927733
11.813201
11.603770
11.839379
11.751026
11.895010
11.829563
11.773932
11.692123
11.747753
11.767388
11.777205
11.839380
11.780477
11.626677
11.737937
11.803383
11.859014
11.809928
11.773933
11.721574
11.701941
11.659400
11.633222
11.593953
11.587408
11.613586
11.515416
11.662672
11.600497
11.780478
11.773933
11.790295
11.760844
11.636494
11.751025
11.800111
11.813201
11.803384
11.728120
11.695396
11.849197
11.855741
11.787022
11.757570
11.721575
11.741209
11.675762
11.819746
11.711758
11.793568
11.679034
11.639766
11.806656
11.790295
11.731392
11.790294
11.823018
11.826290
11.800112
11.829562
11.783750
11.597225
11.957184
11.826290
11.773932
11.724847
11.646310
11.754298
11.737936
11.760842
11.839379
11.757570
11.760843
11.728119
11.721575
11.819746
11.662672
11.682306
11.685578
11.790295
11.744482
11.705214
11.629949
11.764115
11.724848
11.780477
11.911371
11.652856
11.780478
11.548141
11.773932
11.888465
11.695396
11.649584
11.744481
11.731393
11.777205
11.538322
11.741210
11.829563
11.692123
11.823017
11.695397
11.698668
11.724847
11.616859
11.675761
11.760843
11.623404
11.711758
11.593953
11.600498
11.701940
11.724848
11.685578
11.593953
11.744480
11.760843
11.580863
11.849197
11.672489
11.724847
11.787022
11.734664
11.672490
11.734665
11.695396
11.741209
11.695396
11.715031
11.760843
11.682307
11.587408
11.773932
11.731391
11.747754
11.649584
11.855742
11.731391
11.672489
11.803384
11.688852
11.701941
11.695396
11.679034
11.737937
11.767388
11.701941
11.685578
11.737936
11.659400
11.751026
11.839378
11.711758
11.829563
11.803384
11.652856
11.548140
11.895010
11.659399
11.773933
11.787022
11.659400
11.901554
11.629950
11.737936
11.695397
11.728119
11.773933
11.616859
11.715030
11.744481
11.783750
11.705214
11.757571
11.754298
11.620131
11.859015
11.665945
11.734664
11.747754
11.744481
11.685578
11.721576
11.721575
11.819745
11.679033
11.744481
11.682306
11.695396
11.806656
11.819746
11.734664
11.731392
11.724848
11.741209
11.806657
11.528505
11.613587
11.433608
10.389727
11.479420
10.808588
10.736596
11.872103
10.808588
11.312531
11.309258
11.194725
11.263445
11.165275
11.148912
10.206474
10.746413
11.600498
11.217632
10.762775
11.433608
10.118121
10.576250
10.664604
11.446697
10.736597
10.193385
10.752957
11.194726
11.495783
11.456514
11.659400
11.741208
10.042856
10.078853
10.134482
10.150845
10.180296
10.118121
10.186840
10.232653
10.304646
10.314463
10.262104
10.337368
10.114848
10.219563
10.288284
10.213019
10.196658
10.088671
10.199930
10.203202
10.039585
10.183568
10.055946
10.078854
10.072309
10.013406
10.026495
11.999725
10.055946
10.059219
10.072309
11.940823
11.934278
11.819745
10.131210
10.101759
11.502326
11.921188
11.940823
11.315802
11.855742
10.802042
11.554685
11.813201
10.635153
10.458447
11.217632
11.440152
11.103100
11.989908
11.731392
11.106372
11.139095
11.247083
11.096555
11.305985
10.003588
11.433608
11.469604
11.394340
11.688851
11.593953
11.531778
11.976818
10.114849
10.000316
10.648242
11.446696
11.315803
11.413974
11.607042
11.675762
11.800112
11.754298
11.813200
11.659400
11.698668
11.692124
10.118120
11.976818
11.849197
10.278467
11.908098
11.957184
11.872104
11.806656
11.819746
11.793567
11.826290
11.692123
11.639767
11.737937
11.914644
11.724847
11.662672
12.035721
11.950640
11.754299
11.819745
11.633221
11.623405
11.806656
11.708486
11.633222
11.672490
11.659400
11.737937
11.607041
11.616859
11.790294
11.705214
11.793567
11.741209
11.715031
11.728119
11.665945
11.751026
11.633221
11.777205
11.662673
11.862287
11.757570
11.580864
11.767387
11.669216
11.813201
11.639767
11.773932
11.777205
11.823019
11.836107
11.587408
11.737937
11.744482
11.800111
11.728119
11.639766
11.603770
11.816472
11.754298
11.888464
11.917915
11.947368
11.718302
11.600498
11.577590
11.823018
10.281738
11.780478
11.705214
11.973546
11.564502
11.783751
10.415905
11.741210
11.754299
11.924461
11.715030
11.669218
10.010134
11.734664
11.751026
11.469603
11.688851
11.476149
11.620131
11.466331
11.574318
11.456514
11.695395
11.502327
11.590681
11.875375
11.531778
11.492510
11.485966
11.564502
11.492510
11.620131
11.580864
11.315804
12.107713
10.046130
11.701941
10.114849
11.800112
11.646311
11.544868
10.491170
10.134482
11.885193
11.842652
11.898283
11.737936
11.718303
11.783750
11.777205
11.777205
11.777205
10.114849
11.305986
10.046129
11.862286
11.859014
11.868831
10.121394
11.325620
10.046129
10.939482
11.220904
11.453241
11.548141
10.373364
10.311190
11.368160
11.675763
11.577592
11.643038
11.528506
11.499055
11.472876
11.456514
11.816473
11.751026
11.469604
11.449969
11.931005
10.857673
11.201271
11.479422
11.479421
11.665945
11.430336
11.453242
11.584135
11.387794
11.296168
11.335437
10.039584
11.400885
11.413973
11.512144
11.567775
11.472876
11.656128
11.492510
11.557958
11.757571
11.571046
11.993180
10.219564
10.874035
10.242471
10.661333
11.711758
11.322348
11.685579
11.525233
11.597226
10.167207
10.003589
11.721576
11.688851
11.528506
10.265377
12.032449
11.888465
11.993179
11.760842
11.767387
11.917916
11.865558
11.839380
11.754299
11.868832
11.881920
11.891737
11.741209
11.865559
11.891737
11.757570
11.868831
11.741209
11.773932
11.790294
11.790295
11.643038
11.751026
11.878647
11.649583
11.849197
11.701941
11.718302
11.767387
11.708486
11.682306
11.675761
11.806655
11.584136
11.757570
11.715031
11.705213
11.675762
11.957184
11.479421
10.684238
11.692123
10.036312
11.829562
11.302713
11.332165
11.325620
10.026496
11.963730
11.525233
11.819745
11.629949
11.809929
11.675762
11.754299
11.557957
11.636494
11.603770
11.603770
11.538322
11.692123
11.538322
11.832835
10.124664
11.626678
11.823017
11.790294
11.489238
11.760843
11.754298
11.783750
11.747753
11.718303
10.033040
11.806656
11.780477
11.721575
11.852468
11.842652
11.862286
11.737937
11.816474
11.836107
11.672489
11.806657
11.947369
11.757570
11.787022
11.773932
11.669217
11.783751
11.787022
11.777205
11.783750
11.656127
11.737936
11.685579
11.806656
11.819746
11.806657
11.659400
11.626677
11.731392
11.760843
11.865558
11.751026
11.701941
11.718302
11.757570
11.728120
11.790295
11.751026
11.760843
11.646311
11.777205
11.783751
11.757571
11.823018
11.698668
11.747754
11.757571
11.708487
11.741210
11.809929
11.793566
11.724847
11.780478
11.698668
11.829563
11.760842
11.878649
11.708486
11.773932
11.718302
11.836107
11.734664
11.819746
11.744481
11.698668
11.600498
11.895009
11.904826
11.770660
11.669217
11.728120
11.708485
11.577591
11.832834
11.823018
11.754299
11.718303
11.793567
11.669217
11.872103
11.803384
11.849196
11.760843
11.715030
11.665944
11.711758
11.829563
11.819746
11.731392
11.741209
11.665945
11.793566
11.731392
11.839379
11.724847
11.728119
11.682307
11.698668
11.754298
10.036312
11.659400
11.656128
11.757571
11.734664
11.620131
11.800112
11.760842
11.646311
11.659399
11.715031
11.705213
11.865560
11.731391
11.767388
11.652855
11.665945
11.770660
11.813201
11.685578
11.718303
11.845924
11.541595
11.580864
11.626677
11.672489
11.571047
11.469604
11.728121
11.587408
11.724848
11.708485
11.633222
11.656128
11.665945
11.855741
11.669217
11.760843
11.767388
11.767388
11.610314
11.639766
11.803384
11.705213
11.728120
11.734665
11.639766
11.600498
11.777205
11.793567
11.881920
11.708486
11.780477
11.652855
11.724848
11.718302
11.793567
11.773932
11.718302
11.724846
11.711757
11.603769
11.881921
11.705214
11.659400
11.652855
11.685579
11.652856
11.695396
11.783749
11.692124
11.662672
11.849196
11.751025
11.777205
11.780477
11.836108
11.783750
11.665943
11.652856
11.836107
11.819746
11.757570
11.695396
11.764116
11.688851
11.613586
11.868832
11.734664
11.587408
11.688851
11.731393
11.600498
11.839379
11.796839
11.679034
11.728120
11.731391
11.741209
11.744481
11.783750
11.688850
11.767387
11.679034
11.610315
11.787022
11.649583
11.633221
11.737936
11.580863
11.633222
11.865559
11.659401
11.760844
11.737935
11.665946
11.636494
11.731392
11.842652
11.728119
11.721575
11.692124
11.616859
11.705213
11.764116
11.701940
11.849196
11.652856
11.616860
11.773932
11.747753
11.675762
11.767388
11.777205
11.548141
11.787023
11.751025
11.741209
11.826290
11.675762
11.613587
11.580863
10.029767
11.767387
11.355072
11.947367
11.777205
11.865559
11.106371
10.183567
11.518688
11.613587
11.096555
11.479422
11.692123
11.541595
11.505599
11.895010
10.805315
11.721575
10.442083
11.063832
10.785682
11.168547
10.337368
10.370092
10.841311
11.132552
11.227449
11.521961
11.538323
11.832835
11.711757
11.859014
11.937550
10.193385
10.111577
10.039584
10.091942
12.078261
11.986635
10.124666
10.137755
10.082125
10.042856
10.036312
11.967001
11.940824
10.062491
10.049401
11.993180
10.000316
10.023223
11.823017
11.826290
10.075581
11.852468
11.904827
10.036312
11.737937
11.927733
11.888465
11.793567
11.839379
11.898282
11.859015
11.751026
11.859014
11.813202
11.757570
11.793567
11.852469
11.665945
11.868831
11.800111
11.790294
11.904827
11.652856
11.845925
11.659400
11.875375
11.783751
11.819746
11.823019
11.662672
11.665945
11.855742
11.796839
11.679034
12.261514
12.176432
12.209156
12.120802
11.885192
11.947367
12.022632
11.917915
11.636494
11.548141
11.564503
11.358342
11.413973
11.505600
11.260173
11.214359
11.018019
10.903486
10.857673
11.073649
10.798771
10.680966
10.638426
10.608974
10.487897
10.428995
10.412634
10.298101
10.278466
10.294827
10.029767
12.042267
11.921188
10.006862
11.852468
11.731391
11.531779
11.613586
10.258832
10.834766
11.237266
11.004929
11.593953
10.779137
10.923120
10.962389
10.654787
10.396271
10.193385
10.821677
10.190112
11.809928
10.654787
11.407429
10.144300
10.275194
11.197998
11.093283
11.194727
11.305986
11.332165
11.286352
11.338710
11.656128
11.054014
11.011473
10.775866
10.916575
10.857674
10.658060
10.628609
10.622064
10.478080
10.190113
10.370092
10.432268
10.363547
10.288283
10.324280
10.199929
10.196657
10.183568
10.291556
10.131210
10.334096
10.186840
10.216291
10.196658
10.183569
10.235926
10.235926
10.307919
10.530437
10.612247
10.942754
11.377978
10.085398
10.497714
10.808588
10.975479
11.286351
11.757570
10.124665
10.687510
11.024564
11.289623
11.355070
11.564502
11.793567
11.865558
12.120802
12.160070
12.163343
12.101168
12.277875
12.376045
12.192793
12.326960
12.425131
12.081533
12.081533
11.914644
11.940823
11.908099
11.747754
10.278465
10.235926
10.255560
10.317736
10.298100
10.082125
10.448627
10.278467
10.163934
10.288284
10.262105
10.268649
10.206474
10.340641
10.219564
10.278466
10.239199
10.288282
10.288283
10.121393
10.294828
10.363547
10.206474
10.196658
10.334096
10.615519
10.530437
10.239199
10.435540
10.229381
10.186840
10.301373
10.340641
10.520621
10.026495
10.746413
10.134481
11.328892
10.049401
11.289623
10.105031
10.137754
10.101759
10.229381
10.262104
10.399544
10.438811
10.330824
10.203202
10.265377
10.301373
10.464991
10.301373
10.311190
10.298100
10.265377
10.255560
10.190113
10.438811
10.304645
10.307918
10.222836
10.314462
10.242470
10.343914
10.252288
10.239199
10.370091
10.209747
10.298101
10.278467
10.278466
10.163935
10.304646
10.311190
10.213019
10.157390
10.288283
10.229380
10.262105
10.222837
10.285011
10.239199
10.114848
10.383182
10.163934
10.203202
10.216291
10.415905
10.173751
10.105032
10.271921
10.350458
10.144300
10.239198
10.334097
10.239199
10.229382
10.249015
10.307918
10.288283
10.183569
10.442083
10.203202
10.137755
10.239198
10.353730
10.360275
10.157390
10.249016
10.376637
10.206475
10.157389
10.360275
10.291555
10.173751
10.229382
0.000000
0.000000
0.000000
0.000000
0.000000
0.000000
0.000000
0.000000
0.000000
0.000000
0.000000
0.000000
0.000000
0.000000
0.000000
0.000000
0.000000
0.000000
0.000000
0.000000
0.000000
0.000000
0.000000
0.000000
0.000000
0.000000
0.000000
0.000000
0.000000
0.000000
0.000000
0.000000
0.000000
0.000000
0.000000
0.000000
0.000000
0.000000
0.000000
0.000000
0.000000
0.000000
0.000000
0.000000
0.000000
0.000000
0.000000
0.000000
0.000000
0.000000
0.000000
0.000000
0.000000
0.000000
0.000000
0.000000
0.000000
0.000000
0.000000
0.000000
0.000000
0.000000
0.000000
0.000000
0.000000
0.000000
0.000000
0.000000
0.000000
0.000000
0.000000
0.000000
0.000000
0.000000
0.000000
0.000000
0.000000
0.000000
0.000000
0.000000
0.000000
0.000000
0.000000
0.000000
0.000000
0.000000
0.000000
0.000000
0.000000
0.000000
0.000000
0.000000
0.000000
0.000000
0.000000
0.000000
0.000000
0.000000
0.000000
0.000000
0.000000
0.000000
0.000000
0.000000
0.000000
0.000000
0.000000
0.000000
0.000000
0.000000
0.000000
0.000000
0.000000
0.000000
0.000000
0.000000
0.000000
0.000000
0.000000
0.000000
0.000000
0.000000
0.000000
0.000000
0.000000
0.000000
0.000000
0.000000
0.000000
0.000000
0.000000
0.000000
0.000000
0.000000
0.000000
0.000000
0.000000
0.000000
0.000000
0.000000
0.000000
0.000000
0.000000
0.000000
0.000000
0.000000
0.000000
0.000000
0.000000
0.000000
0.000000
0.000000
0.000000
0.000000
0.000000
0.000000
0.000000
0.000000
0.000000
0.000000
0.000000
0.000000
0.000000
0.000000
0.000000
0.000000
0.000000
0.000000
0.000000
0.000000
0.000000
0.000000
0.000000
0.000000
0.000000
0.000000
0.000000
0.000000
0.000000
0.000000
0.000000
0.000000
0.000000
0.000000
0.000000
0.000000
0.000000
0.000000
0.000000
0.000000
0.000000
0.000000
0.000000
0.000000
0.000000
0.000000
0.000000
0.000000
0.000000
0.000000
0.000000
0.000000
0.000000
0.000000
0.000000
0.000000
0.000000
0.000000
0.000000
0.000000
0.000000
0.000000
0.000000
0.000000
0.000000
0.000000
0.000000
0.000000
0.000000
0.000000
0.000000
0.000000
0.000000
0.000000
0.000000
0.000000
0.000000
0.000000
0.000000
0.000000
0.000000
0.000000
0.000000
0.000000
0.000000
0.000000
0.000000
0.000000
0.000000
0.000000
0.000000
0.000000
0.000000
0.000000
0.000000
0.000000
0.000000
0.000000
0.000000
0.000000
0.000000
0.000000
0.000000
0.000000
0.000000
0.000000
0.000000
0.000000
0.000000
0.000000
0.000000
0.000000
0.000000
0.000000
0.000000
0.000000
0.000000
0.000000
0.000000
0.000000
0.000000
0.000000
0.000000
0.000000
0.000000
0.000000
0.000000
0.000000
0.000000
0.000000
0.000000
0.000000
0.000000
0.000000
0.000000
0.000000
0.000000
0.000000
0.000000
0.000000
0.000000
0.000000
0.000000
0.000000
0.000000
0.000000
0.000000
0.000000
0.000000
0.000000
0.000000
0.000000
0.000000
0.000000
0.000000
0.000000
0.000000
0.000000
0.000000
0.000000
0.000000
0.000000
0.000000
0.000000
0.000000
0.000000
0.000000
0.000000
0.000000
0.000000
0.000000
0.000000
0.000000
0.000000
0.000000
0.000000
0.000000
0.000000
0.000000
0.000000
0.000000
0.000000
0.000000
0.000000
0.000000
0.000000
0.000000
0.000000
0.000000
0.000000
0.000000
0.000000
0.000000
0.000000
0.000000
0.000000
0.000000
0.000000
0.000000
0.000000
0.000000
0.000000
0.000000
0.000000
0.000000
0.000000
0.000000
0.000000
0.000000
0.000000
0.000000
0.000000
0.000000
0.000000
0.000000
0.000000
0.000000
0.000000
0.000000
0.000000
0.000000
0.000000
0.000000
0.000000
0.000000
0.000000
0.000000
0.000000
0.000000
0.000000
0.000000
0.000000
0.000000
0.000000
0.000000
0.000000
0.000000
0.000000
0.000000
0.000000
0.000000
0.000000
0.000000
0.000000
0.000000
0.000000
0.000000
0.000000
0.000000
0.000000
0.000000
0.000000
0.000000
0.000000
0.000000
0.000000
0.000000
0.000000
0.000000
0.000000
0.000000
0.000000
0.000000
0.000000
0.000000
0.000000
0.000000
0.000000
0.000000
0.000000
0.000000
0.000000
0.000000
0.000000
0.000000
0.000000
0.000000
0.000000
0.000000
0.000000
0.000000
0.000000
0.000000
0.000000
0.000000
0.000000
0.000000
0.000000
0.000000
0.000000
0.000000
0.000000
0.000000
0.000000
0.000000
0.000000
0.000000
0.000000
0.000000
0.000000
0.000000
0.000000
0.000000
0.000000
0.000000
0.000000
0.000000
0.000000
0.000000
0.000000
0.000000
0.000000
0.000000
0.000000
0.000000
0.000000
0.000000
0.000000
0.000000
0.000000
0.000000
0.000000
0.000000
0.000000
0.000000
0.000000
0.000000
0.000000
0.000000
0.000000
0.000000
0.000000
0.000000
0.000000
0.000000
0.000000
0.000000
0.000000
0.000000
0.000000
0.000000
0.000000
0.000000
0.000000
0.000000
0.000000
0.000000
0.000000
0.000000
0.000000
0.000000
0.000000
0.000000
0.000000
0.000000
0.000000
0.000000
0.000000
0.000000
0.000000
0.000000
0.000000
0.000000
0.000000
0.000000
0.000000
0.000000
0.000000
0.000000
0.000000
0.000000
0.000000
0.000000
0.000000
0.000000
0.000000
0.000000
0.000000
0.000000
0.000000
0.000000
0.000000
0.000000
0.000000
0.000000
0.000000
0.000000
0.000000
0.000000
0.000000
0.000000
0.000000
0.000000
0.000000
0.000000
0.000000
0.000000
0.000000
0.000000
0.000000
0.000000
0.000000
0.000000
0.000000
0.000000
0.000000
0.000000
0.000000
0.000000
0.000000
0.000000
0.000000
0.000000
0.000000
0.000000
0.000000
0.000000
0.000000
0.000000
0.000000
0.000000
0.000000
0.000000
0.000000
0.000000
0.000000
0.000000
0.000000
0.000000
0.000000
0.000000
0.000000
0.000000
0.000000
0.000000
0.000000
0.000000
0.000000
0.000000
0.000000
0.000000
0.000000
0.000000
0.000000
0.000000
0.000000
0.000000
0.000000
0.000000
0.000000
0.000000
0.000000
0.000000
0.000000
0.000000
0.000000
0.000000
0.000000
0.000000
0.000000
0.000000
0.000000
0.000000
0.000000
0.000000
0.000000
0.000000
0.000000
0.000000
0.000000
0.000000
0.000000
0.000000
0.000000
0.000000
0.000000
0.000000
0.000000
0.000000
0.000000
0.000000
0.000000
0.000000
0.000000
0.000000
0.000000
0.000000
0.000000
0.000000
0.000000
0.000000
0.000000
0.000000
0.000000
0.000000
0.000000
0.000000
0.000000
0.000000
0.000000
0.000000
0.000000
0.000000
0.000000
0.000000
0.000000
0.000000
0.000000
0.000000
0.000000
0.000000
0.000000
0.000000
0.000000
0.000000
0.000000
0.000000
0.000000
0.000000
0.000000
0.000000
0.000000
0.000000
0.000000
0.000000
0.000000
0.000000
0.000000
0.000000
0.000000
0.000000
0.000000
0.000000
0.000000
0.000000
0.000000
0.000000
0.000000
0.000000
0.000000
0.000000
0.000000
0.000000
0.000000
0.000000
0.000000
0.000000
0.000000
0.000000
0.000000
0.000000
0.000000
0.000000
0.000000
0.000000
0.000000
0.000000
0.000000
0.000000
0.000000
0.000000
0.000000
0.000000
0.000000
0.000000
0.000000
0.000000
0.000000
0.000000
0.000000
0.000000
0.000000
0.000000
0.000000
0.000000
0.000000
0.000000
0.000000
0.000000
0.000000
0.000000
0.000000
0.000000
0.000000
0.000000
0.000000
0.000000
0.000000
0.000000
0.000000
0.000000
0.000000
0.000000
0.000000
0.000000
0.000000
0.000000
0.000000
0.000000
0.000000
0.000000
0.000000
0.000000
0.000000
0.000000
0.000000
0.000000
0.000000
0.000000
0.000000
0.000000
0.000000
0.000000
0.000000
0.000000
0.000000
0.000000
0.000000
0.000000
0.000000
0.000000
0.000000
0.000000
0.000000
0.000000
0.000000
0.000000
0.000000
0.000000
0.000000
0.000000
0.000000
0.000000
0.000000
0.000000
0.000000
0.000000
0.000000
0.000000
0.000000
0.000000
0.000000
0.000000
0.000000
0.000000
0.000000
0.000000
0.000000
0.000000
0.000000
0.000000
0.000000
0.000000
0.000000
0.000000
0.000000
0.000000
0.000000
0.000000
0.000000
0.000000
0.000000
0.000000
0.000000
0.000000
0.000000
0.000000
0.000000
0.000000
0.000000
0.000000
0.000000
0.000000
0.000000
0.000000
0.000000
0.000000
0.000000
0.000000
0.000000
0.000000
0.000000
0.000000
0.000000
0.000000
0.000000
0.000000
0.000000
0.000000
0.000000
0.000000
0.000000
0.000000
0.000000
0.000000
0.000000
0.000000
0.000000
0.000000
0.000000
0.000000
0.000000
0.000000
0.000000
0.000000
0.000000
0.000000
0.000000
0.000000
0.000000
0.000000
0.000000
0.000000
0.000000
0.000000
0.000000
0.000000
0.000000
0.000000
0.000000
0.000000
0.000000
0.000000
0.000000
0.000000
0.000000
0.000000
0.000000
0.000000
0.000000
0.000000
0.000000
0.000000
0.000000
0.000000
0.000000
0.000000
0.000000
0.000000
0.000000
0.000000
0.000000
0.000000
0.000000
0.000000
0.000000
0.000000
0.000000
0.000000
0.000000
0.000000
0.000000
0.000000
0.000000
0.000000
0.000000
0.000000
0.000000
0.000000
0.000000
0.000000
0.000000
0.000000
0.000000
0.000000
0.000000
0.000000
0.000000
0.000000
0.000000
0.000000
0.000000
0.000000
0.000000
0.000000
0.000000
0.000000
0.000000
0.000000
0.000000
0.000000
0.000000
0.000000
0.000000
0.000000
0.000000
0.000000
0.000000
0.000000
0.000000
0.000000
0.000000
0.000000
0.000000
0.000000
0.000000
0.000000
0.000000
0.000000
0.000000
0.000000
0.000000
0.000000
0.000000
0.000000
0.000000
0.000000
0.000000
0.000000
0.000000
0.000000
0.000000
0.000000
0.000000
0.000000
0.000000
0.000000
0.000000
0.000000
0.000000
0.000000
0.000000
0.000000
0.000000
0.000000
0.000000
0.000000
0.000000
0.000000
0.000000
0.000000
0.000000
0.000000
0.000000
0.000000
0.000000
0.000000
0.000000
0.000000
0.000000
0.000000
0.000000
0.000000
0.000000
0.000000
0.000000
0.000000
0.000000
0.000000
0.000000
0.000000
0.000000
0.000000
0.000000
0.000000
0.000000
0.000000
0.000000
0.000000
0.000000
0.000000
0.000000
0.000000
0.000000
0.000000
0.000000
0.000000
0.000000
0.000000
0.000000
0.000000
0.000000
0.000000
0.000000
0.000000
0.000000
0.000000
0.000000
0.000000
0.000000
0.000000
0.000000
0.000000
0.000000
0.000000
0.000000
0.000000
0.000000
0.000000
0.000000
0.000000
0.000000
0.000000
0.000000
0.000000
0.000000
0.000000
0.000000
0.000000
0.000000
0.000000
0.000000
0.000000
0.000000
0.000000
0.000000
0.000000
0.000000
0.000000
0.000000
0.000000
0.000000
0.000000
0.000000
0.000000
0.000000
0.000000
0.000000
0.000000
0.000000
0.000000
0.000000
0.000000
0.000000
0.000000
0.000000
0.000000
0.000000
0.000000
0.000000
0.000000
0.000000
0.000000
0.000000
0.000000
0.000000
0.000000
0.000000
0.000000
0.000000
0.000000
0.000000
0.000000
0.000000
0.000000
0.000000
0.000000
0.000000
0.000000
0.000000
0.000000
0.000000
0.000000
0.000000
0.000000
0.000000
0.000000
0.000000
0.000000
0.000000
0.000000
0.000000
0.000000
0.000000
0.000000
0.000000
0.000000
0.000000
0.000000
0.000000
0.000000
0.000000
0.000000
0.000000
0.000000
0.000000
0.000000
0.000000
0.000000
0.000000
0.000000
0.000000
0.000000
0.000000
0.000000
0.000000
0.000000
0.000000
0.000000
0.000000
0.000000
0.000000
0.000000
0.000000
0.000000
0.000000
0.000000
0.000000
0.000000
0.000000
0.000000
0.000000
0.000000
0.000000
0.000000
0.000000
0.000000
0.000000
0.000000
0.000000
0.000000
0.000000
0.000000
0.000000
0.000000
0.000000
0.000000
0.000000
0.000000
0.000000
0.000000
0.000000
0.000000
0.000000
0.000000
0.000000
0.000000
0.000000
0.000000
0.000000
0.000000
0.000000
0.000000
0.000000
0.000000
0.000000
0.000000
0.000000
0.000000
0.000000
0.000000
0.000000
0.000000
0.000000
0.000000
0.000000
0.000000
0.000000
0.000000
0.000000
0.000000
0.000000
0.000000
0.000000
0.000000
0.000000
0.000000
0.000000
0.000000
0.000000
0.000000
0.000000
0.000000
0.000000
0.000000
0.000000
0.000000
0.000000
0.000000
0.000000
0.000000
0.000000
0.000000
0.000000
0.000000
0.000000
0.000000
0.000000
0.000000
0.000000
0.000000
0.000000
0.000000
0.000000
0.000000
0.000000
0.000000
0.000000
0.000000
0.000000
0.000000
0.000000
0.000000
0.000000
0.000000
0.000000
0.000000
0.000000
0.000000
0.000000
0.000000
0.000000
0.000000
0.000000
0.000000
0.000000
0.000000
0.000000
0.000000
0.000000
0.000000
0.000000
0.000000
0.000000
0.000000
0.000000
0.000000
0.000000
0.000000
0.000000
0.000000
0.000000
0.000000
0.000000
0.000000
0.000000
0.000000
0.000000
0.000000
0.000000
0.000000
0.000000
0.000000
0.000000
0.000000
0.000000
0.000000
0.000000
0.000000
0.000000
0.000000
0.000000
0.000000
0.000000
0.000000
0.000000
0.000000
0.000000
0.000000
0.000000
0.000000
0.000000
0.000000
0.000000
0.000000
0.000000
0.000000
0.000000
0.000000
0.000000
0.000000
0.000000
0.000000
0.000000
0.000000
0.000000
0.000000
0.000000
0.000000
0.000000
0.000000
0.000000
0.000000
0.000000
0.000000
0.000000
0.000000
0.000000
0.000000
0.000000
0.000000
0.000000
0.000000
0.000000
0.000000
0.000000
0.000000
0.000000
0.000000
0.000000
0.000000
0.000000
0.000000
0.000000
0.000000
0.000000
0.000000
0.000000
0.000000
0.000000
0.000000
0.000000
0.000000
0.000000
0.000000
0.000000
0.000000
0.000000
0.000000
0.000000
0.000000
0.000000
0.000000
0.000000
0.000000
0.000000
0.000000
0.000000
0.000000
0.000000
0.000000
0.000000
0.000000
0.000000
0.000000
0.000000
0.000000
0.000000
0.000000
0.000000
0.000000
0.000000
0.000000
0.000000
0.000000
0.000000
0.000000
0.000000
0.000000
0.000000
0.000000
0.000000
0.000000
0.000000
0.000000
0.000000
0.000000
0.000000
0.000000
0.000000
0.000000
0.000000
0.000000
0.000000
0.000000
0.000000
0.000000
0.000000
0.000000
0.000000
0.000000
0.000000
0.000000
0.000000
0.000000
0.000000
0.000000
0.000000
0.000000
0.000000
0.000000
0.000000
0.000000
0.000000
0.000000
0.000000
0.000000
0.000000
0.000000
0.000000
0.000000
0.000000
0.000000
0.000000
0.000000
0.000000
0.000000
0.000000
0.000000
0.000000
0.000000
0.000000
0.000000
0.000000
0.000000
0.000000
0.000000
0.000000
0.000000
0.000000
0.000000
0.000000
0.000000
0.000000
0.000000
0.000000
0.000000
0.000000
0.000000
0.000000
0.000000
0.000000
0.000000
0.000000
0.000000
0.000000
0.000000
0.000000
0.000000
0.000000
0.000000
0.000000
0.000000
0.000000
0.000000
0.000000
0.000000
0.000000
0.000000
0.000000
0.000000
0.000000
0.000000
0.000000
0.000000
0.000000
0.000000
0.000000
0.000000
0.000000
0.000000
0.000000
0.000000
0.000000
0.000000
0.000000
0.000000
0.000000
0.000000
0.000000
0.000000
0.000000
0.000000
0.000000
0.000000
0.000000
0.000000
0.000000
0.000000
0.000000
0.000000
0.000000
0.000000
0.000000
0.000000
0.000000
0.000000
0.000000
0.000000
0.000000
0.000000
0.000000
0.000000
0.000000
0.000000
0.000000
0.000000
0.000000
0.000000
0.000000
0.000000
0.000000
0.000000
0.000000
0.000000
0.000000
0.000000
0.000000
0.000000
0.000000
0.000000
0.000000
0.000000
0.000000
0.000000
0.000000
0.000000
0.000000
0.000000
0.000000
0.000000
0.000000
0.000000
0.000000
0.000000
0.000000
0.000000
0.000000
0.000000
0.000000
0.000000
0.000000
0.000000
0.000000
0.000000
0.000000
0.000000
0.000000
0.000000
0.000000
0.000000
0.000000
0.000000
0.000000
0.000000
0.000000
0.000000
0.000000
0.000000
0.000000
0.000000
0.000000
0.000000
0.000000
0.000000
0.000000
0.000000
0.000000
0.000000
0.000000
0.000000
0.000000
0.000000
0.000000
0.000000
0.000000
0.000000
0.000000
0.000000
0.000000
0.000000
0.000000
0.000000
0.000000
0.000000
0.000000
0.000000
0.000000
0.000000
0.000000
0.000000
0.000000
0.000000
0.000000
0.000000
0.000000
0.000000
0.000000
0.000000
0.000000
0.000000
0.000000
0.000000
0.000000
0.000000
0.000000
0.000000
0.000000
0.000000
0.000000
0.000000
0.000000
0.000000
0.000000
0.000000
0.000000
0.000000
0.000000
0.000000
0.000000
0.000000
0.000000
0.000000
0.000000
0.000000
0.000000
0.000000
0.000000
0.000000
0.000000
0.000000
0.000000
0.000000
0.000000
0.000000
0.000000
0.000000
0.000000
0.000000
0.000000
0.000000
0.000000
0.000000
0.000000
0.000000
0.000000
0.000000
0.000000
0.000000
0.000000
0.000000
0.000000
0.000000
0.000000
0.000000
0.000000
0.000000
0.000000
0.000000
0.000000
0.000000
0.000000
0.000000
0.000000
0.000000
0.000000
0.000000
0.000000
0.000000
0.000000
0.000000
0.000000
0.000000
0.000000
0.000000
0.000000
0.000000
0.000000
0.000000
0.000000
0.000000
0.000000
0.000000
0.000000
0.000000
0.000000
0.000000
0.000000
0.000000
0.000000
0.000000
0.000000
0.000000
0.000000
0.000000
0.000000
0.000000
0.000000
0.000000
0.000000
0.000000
0.000000
0.000000
0.000000
0.000000
0.000000
0.000000
0.000000
0.000000
0.000000
0.000000
0.000000
0.000000
0.000000
0.000000
0.000000
0.000000
0.000000
0.000000
0.000000
0.000000
0.000000
0.000000
0.000000
0.000000
0.000000
0.000000
0.000000
0.000000
0.000000
0.000000
0.000000
0.000000
0.000000
0.000000
0.000000
0.000000
0.000000
0.000000
0.000000
0.000000
0.000000
0.000000
0.000000
0.000000
0.000000
0.000000
0.000000
0.000000
0.000000
0.000000
0.000000
0.000000
0.000000
0.000000
0.000000
0.000000
0.000000
0.000000
0.000000
0.000000
0.000000
0.000000
0.000000
0.000000
0.000000
0.000000
0.000000
0.000000
0.000000
0.000000
0.000000
0.000000
0.000000
0.000000
0.000000
0.000000
0.000000
0.000000
0.000000
0.000000
0.000000
0.000000
0.000000
0.000000
0.000000
0.000000
0.000000
0.000000
0.000000
0.000000
0.000000
0.000000
0.000000
0.000000
0.000000
0.000000
0.000000
0.000000
0.000000
0.000000
0.000000
0.000000
0.000000
0.000000
0.000000
0.000000
0.000000
0.000000
0.000000
0.000000
0.000000
0.000000
0.000000
0.000000
0.000000
0.000000
0.000000
0.000000
0.000000
0.000000
0.000000
0.000000
0.000000
0.000000
0.000000
0.000000
0.000000
0.000000
0.000000
0.000000
0.000000
0.000000
0.000000
0.000000
0.000000
0.000000
0.000000
0.000000
0.000000
0.000000
0.000000
0.000000
0.000000
0.000000
0.000000
0.000000
0.000000
0.000000
0.000000
0.000000
0.000000
0.000000
0.000000
0.000000
0.000000
0.000000
0.000000
0.000000
0.000000
0.000000
0.000000
0.000000
0.000000
0.000000
0.000000
0.000000
0.000000
0.000000
0.000000
0.000000
0.000000
0.000000
0.000000
0.000000
0.000000
0.000000
0.000000
0.000000
0.000000
0.000000
0.000000
0.000000
0.000000
0.000000
0.000000
0.000000
0.000000
0.000000
0.000000
0.000000
0.000000
0.000000
0.000000
0.000000
0.000000
0.000000
0.000000
0.000000
0.000000
0.000000
0.000000
0.000000
0.000000
0.000000
0.000000
0.000000
0.000000
0.000000
0.000000
0.000000
0.000000
0.000000
0.000000
0.000000
0.000000
0.000000
0.000000
0.000000
0.000000
0.000000
0.000000
0.000000
0.000000
0.000000
0.000000
0.000000
0.000000
0.000000
0.000000
0.000000
0.000000
0.000000
0.000000
0.000000
0.000000
0.000000
0.000000
0.000000
0.000000
0.000000
0.000000
0.000000
0.000000
0.000000
0.000000
0.000000
0.000000
0.000000
0.000000
0.000000
0.000000
0.000000
0.000000
0.000000
0.000000
0.000000
0.000000
0.000000
0.000000
0.000000
0.000000
0.000000
0.000000
0.000000
0.000000
0.000000
0.000000
0.000000
0.000000
0.000000
0.000000
0.000000
0.000000
0.000000
0.000000
0.000000
0.000000
0.000000
0.000000
0.000000
0.000000
0.000000
0.000000
0.000000
0.000000
0.000000
0.000000
0.000000
0.000000
0.000000
0.000000
0.000000
0.000000
0.000000
0.000000
0.000000
0.000000
0.000000
0.000000
0.000000
0.000000
0.000000
0.000000
0.000000
0.000000
0.000000
0.000000
0.000000
0.000000
0.000000
0.000000
0.000000
0.000000
0.000000
0.000000
0.000000
0.000000
0.000000
0.000000
0.000000
0.000000
0.000000
0.000000
0.000000
0.000000
0.000000
0.000000
0.000000
0.000000
0.000000
0.000000
0.000000
0.000000
0.000000
0.000000
0.000000
0.000000
0.000000
0.000000
0.000000
0.000000
0.000000
0.000000
0.000000
0.000000
0.000000
0.000000
0.000000
0.000000
0.000000
0.000000
0.000000
0.000000
0.000000
0.000000
0.000000
0.000000
0.000000
0.000000
0.000000
0.000000
0.000000
0.000000
0.000000
0.000000
0.000000
0.000000
0.000000
0.000000
0.000000
0.000000
0.000000
0.000000
0.000000
0.000000
0.000000
0.000000
0.000000
0.000000
0.000000
0.000000
0.000000
0.000000
0.000000
0.000000
0.000000
0.000000
0.000000
0.000000
0.000000
0.000000
0.000000
0.000000
0.000000
0.000000
0.000000
0.000000
0.000000
0.000000
0.000000
0.000000
0.000000
0.000000
0.000000
0.000000
0.000000
0.000000
0.000000
0.000000
0.000000
0.000000
0.000000
0.000000
0.000000
0.000000
0.000000
0.000000
0.000000
0.000000
0.000000
0.000000
0.000000
0.000000
0.000000
0.000000
0.000000
0.000000
0.000000
0.000000
0.000000
0.000000
0.000000
0.000000
0.000000
0.000000
0.000000
0.000000
0.000000
0.000000
0.000000
0.000000
0.000000
0.000000
0.000000
0.000000
0.000000
0.000000
0.000000
0.000000
0.000000
0.000000
0.000000
0.000000
0.000000
0.000000
0.000000
0.000000
0.000000
0.000000
0.000000
0.000000
0.000000
0.000000
0.000000
0.000000
0.000000
0.000000
0.000000
0.000000
0.000000
0.000000
0.000000
0.000000
0.000000
0.000000
0.000000
0.000000
0.000000
0.000000
0.000000
0.000000
0.000000
0.000000
0.000000
0.000000
0.000000
0.000000
0.000000
0.000000
0.000000
0.000000
0.000000
0.000000
0.000000
0.000000
0.000000
0.000000
0.000000
0.000000
0.000000
0.000000
0.000000
0.000000
0.000000
0.000000
0.000000
0.000000
0.000000
0.000000
0.000000
0.000000
0.000000
0.000000
0.000000
0.000000
0.000000
0.000000
0.000000
0.000000
0.000000
0.000000
0.000000
0.000000
0.000000
0.000000
0.000000
0.000000
0.000000
0.000000
0.000000
0.000000
0.000000
0.000000
0.000000
0.000000
0.000000
0.000000
0.000000
0.000000
0.000000
0.000000
0.000000
0.000000
0.000000
0.000000
0.000000
0.000000
0.000000
0.000000
0.000000
0.000000
0.000000
0.000000
0.000000
0.000000
0.000000
0.000000
0.000000
0.000000
0.000000
0.000000
0.000000
0.000000
0.000000
0.000000
0.000000
0.000000
0.000000
0.000000
0.000000
0.000000
0.000000
0.000000
0.000000
0.000000
0.000000
0.000000
0.000000
0.000000
0.000000
0.000000
0.000000
0.000000
0.000000
0.000000
0.000000
0.000000
0.000000
0.000000
0.000000
0.000000
0.000000
0.000000
0.000000
0.000000
0.000000
0.000000
0.000000
0.000000
0.000000
0.000000
0.000000
0.000000
0.000000
0.000000
0.000000
0.000000
0.000000
0.000000
0.000000
0.000000
0.000000
0.000000
0.000000
0.000000
0.000000
0.000000
0.000000
0.000000
0.000000
0.000000
0.000000
0.000000
0.000000
0.000000
0.000000
0.000000
0.000000
0.000000
0.000000
0.000000
0.000000
0.000000
0.000000
0.000000
0.000000
0.000000
0.000000
0.000000
0.000000
0.000000
0.000000
0.000000
0.000000
0.000000
0.000000
0.000000
0.000000
0.000000
0.000000
0.000000
0.000000
0.000000
0.000000
0.000000
0.000000
0.000000
0.000000
0.000000
0.000000
0.000000
0.000000
0.000000
0.000000
0.000000
0.000000
0.000000
0.000000
0.000000
0.000000
0.000000
0.000000
0.000000
0.000000
0.000000
0.000000
0.000000
0.000000
0.000000
0.000000
0.000000
0.000000
0.000000
0.000000
0.000000
0.000000
0.000000
0.000000
0.000000
0.000000
0.000000
0.000000
0.000000
0.000000
0.000000
0.000000
0.000000
0.000000
0.000000
0.000000
0.000000
0.000000
0.000000
0.000000
0.000000
0.000000
0.000000
0.000000
0.000000
0.000000
0.000000
0.000000
0.000000
0.000000
0.000000
0.000000
0.000000
0.000000
0.000000
0.000000
0.000000
0.000000
0.000000
0.000000
0.000000
0.000000
0.000000
0.000000
0.000000
0.000000
0.000000
0.000000
0.000000
0.000000
0.000000
0.000000
0.000000
0.000000
0.000000
0.000000
0.000000
0.000000
0.000000
0.000000
0.000000
0.000000
0.000000
0.000000
0.000000
0.000000
0.000000
0.000000
0.000000
0.000000
0.000000
0.000000
0.000000
0.000000
0.000000
0.000000
0.000000
0.000000
0.000000
0.000000
0.000000
0.000000
0.000000
0.000000
0.000000
0.000000
0.000000
0.000000
0.000000
0.000000
0.000000
0.000000
0.000000
0.000000
0.000000
0.000000
0.000000
0.000000
0.000000
0.000000
0.000000
0.000000
0.000000
0.000000
0.000000
0.000000
0.000000
0.000000
0.000000
0.000000
0.000000
0.000000
0.000000
0.000000
0.000000
0.000000
0.000000
0.000000
0.000000
0.000000
0.000000
0.000000
0.000000
0.000000
0.000000
0.000000
0.000000
0.000000
0.000000
0.000000
0.000000
0.000000
0.000000
0.000000
0.000000
0.000000
0.000000
0.000000
0.000000
0.000000
0.000000
0.000000
0.000000
0.000000
0.000000
0.000000
0.000000
0.000000
0.000000
0.000000
0.000000
0.000000
0.000000
0.000000
0.000000
0.000000
0.000000
0.000000
0.000000
0.000000
0.000000
0.000000
0.000000
0.000000
0.000000
0.000000
0.000000
0.000000
0.000000
0.000000
0.000000
0.000000
0.000000
0.000000
0.000000
0.000000
0.000000
0.000000
0.000000
0.000000
0.000000
0.000000
0.000000
0.000000
0.000000
0.000000
0.000000
0.000000
0.000000
0.000000
0.000000
0.000000
0.000000
0.000000
0.000000
0.000000
0.000000
0.000000
0.000000
0.000000
0.000000
0.000000
0.000000
0.000000
0.000000
0.000000
0.000000
0.000000
0.000000
0.000000
0.000000
0.000000
0.000000
0.000000
0.000000
0.000000
0.000000
0.000000
0.000000
0.000000
0.000000
0.000000
0.000000
0.000000
0.000000
0.000000
0.000000
0.000000
0.000000
0.000000
0.000000
0.000000
0.000000
0.000000
0.000000
0.000000
0.000000
0.000000
0.000000
0.000000
0.000000
0.000000
0.000000
0.000000
0.000000
0.000000
0.000000
0.000000
0.000000
0.000000
0.000000
0.000000
0.000000
0.000000
0.000000
0.000000
0.000000
0.000000
0.000000
0.000000
0.000000
0.000000
0.000000
0.000000
0.000000
0.000000
0.000000
0.000000
0.000000
0.000000
0.000000
0.000000
0.000000
0.000000
0.000000
0.000000
0.000000
0.000000
0.000000
0.000000
0.000000
0.000000
0.000000
0.000000
0.000000
0.000000
0.000000
0.000000
0.000000
0.000000
0.000000
0.000000
0.000000
0.000000
0.000000
0.000000
0.000000
0.000000
0.000000
0.000000
0.000000
0.000000
0.000000
0.000000
0.000000
0.000000
0.000000
0.000000
0.000000
0.000000
0.000000
0.000000
0.000000
0.000000
0.000000
0.000000
0.000000
0.000000
0.000000
0.000000
0.000000
0.000000
0.000000
0.000000
0.000000
0.000000
0.000000
0.000000
0.000000
0.000000
0.000000
0.000000
0.000000
0.000000
0.000000
0.000000
0.000000
0.000000
0.000000
0.000000
0.000000
0.000000
0.000000
0.000000
0.000000
0.000000
0.000000
0.000000
0.000000
0.000000
0.000000
0.000000
0.000000
0.000000
0.000000
0.000000
0.000000
0.000000
0.000000
0.000000
0.000000
0.000000
0.000000
0.000000
0.000000
0.000000
0.000000
0.000000
0.000000
0.000000
0.000000
0.000000
0.000000
0.000000
0.000000
0.000000
0.000000
0.000000
0.000000
0.000000
0.000000
0.000000
0.000000
0.000000
0.000000
0.000000
0.000000
0.000000
0.000000
0.000000
0.000000
0.000000
0.000000
0.000000
0.000000
0.000000
0.000000
0.000000
0.000000
0.000000
0.000000
0.000000
0.000000
0.000000
0.000000
0.000000
0.000000
0.000000
0.000000
0.000000
0.000000
0.000000
0.000000
0.000000
0.000000
0.000000
0.000000
0.000000
0.000000
0.000000
0.000000
0.000000
0.000000
0.000000
0.000000
0.000000
0.000000
0.000000
0.000000
0.000000
0.000000
0.000000
0.000000
0.000000
0.000000
0.000000
0.000000
0.000000
0.000000
0.000000
0.000000
0.000000
0.000000
0.000000
0.000000
0.000000
0.000000
0.000000
0.000000
0.000000
0.000000
0.000000
0.000000
0.000000
0.000000
0.000000
0.000000
0.000000
0.000000
0.000000
0.000000
0.000000
0.000000
0.000000
0.000000
0.000000
0.000000
0.000000
0.000000
0.000000
0.000000
0.000000
0.000000
0.000000
0.000000
0.000000
0.000000
0.000000
0.000000
0.000000
0.000000
0.000000
0.000000
0.000000
0.000000
0.000000
0.000000
0.000000
0.000000
0.000000
0.000000
0.000000
0.000000
0.000000
0.000000
0.000000
0.000000
0.000000
0.000000
0.000000
0.000000
0.000000
0.000000
0.000000
0.000000
0.000000
0.000000
0.000000
0.000000
0.000000
0.000000
0.000000
0.000000
0.000000
0.000000
0.000000
0.000000
0.000000
0.000000
0.000000
0.000000
0.000000
0.000000
0.000000
0.000000
0.000000
0.000000
0.000000
0.000000
0.000000
0.000000
0.000000
0.000000
0.000000
0.000000
0.000000
0.000000
0.000000
0.000000
0.000000
0.000000
0.000000
0.000000
0.000000
0.000000
0.000000
0.000000
0.000000
0.000000
0.000000
0.000000
0.000000
0.000000
0.000000
0.000000
0.000000
0.000000
0.000000
0.000000
0.000000
0.000000
0.000000
0.000000
0.000000
0.000000
0.000000
0.000000
0.000000
0.000000
0.000000
0.000000
0.000000
0.000000
0.000000
0.000000
0.000000
0.000000
0.000000
0.000000
0.000000
0.000000
0.000000
0.000000
0.000000
0.000000
0.000000
0.000000
0.000000
0.000000
0.000000
0.000000
0.000000
0.000000
0.000000
0.000000
0.000000
0.000000
0.000000
0.000000
0.000000
0.000000
0.000000
0.000000
0.000000
0.000000
0.000000
0.000000
0.000000
0.000000
0.000000
0.000000
0.000000
0.000000
0.000000
0.000000
0.000000
0.000000
0.000000
0.000000
0.000000
0.000000
0.000000
0.000000
0.000000
0.000000
0.000000
0.000000
0.000000
0.000000
0.000000
0.000000
0.000000
0.000000
0.000000
0.000000
0.000000
0.000000
0.000000
0.000000
0.000000
0.000000
0.000000
0.000000
0.000000
0.000000
0.000000
0.000000
0.000000
0.000000
0.000000
0.000000
0.000000
0.000000
0.000000
0.000000
0.000000
0.000000
0.000000
0.000000
0.000000
0.000000
0.000000
0.000000
0.000000
0.000000
0.000000
0.000000
0.000000
0.000000
0.000000
0.000000
0.000000
0.000000
0.000000
0.000000
0.000000
0.000000
0.000000
0.000000
0.000000
0.000000
0.000000
0.000000
0.000000
0.000000
0.000000
0.000000
0.000000
0.000000
0.000000
0.000000
0.000000
0.000000
0.000000
0.000000
0.000000
0.000000
0.000000
0.000000
0.000000
0.000000
0.000000
0.000000
0.000000
0.000000
0.000000
0.000000
0.000000
0.000000
0.000000
0.000000
0.000000
0.000000
0.000000
0.000000
0.000000
0.000000
0.000000
0.000000
0.000000
0.000000
0.000000
0.000000
0.000000
0.000000
0.000000
0.000000
0.000000
0.000000
0.000000
0.000000
0.000000
0.000000
0.000000
0.000000
0.000000
0.000000
0.000000
0.000000
0.000000
0.000000
0.000000
0.000000
0.000000
0.000000
0.000000
0.000000
0.000000
0.000000
0.000000
0.000000
0.000000
0.000000
0.000000
0.000000
0.000000
0.000000
0.000000
0.000000
0.000000
0.000000
0.000000
0.000000
0.000000
0.000000
0.000000
0.000000
0.000000
0.000000
0.000000
0.000000
0.000000
0.000000
0.000000
0.000000
0.000000
0.000000
0.000000
0.000000
0.000000
0.000000
0.000000
0.000000
0.000000
0.000000
0.000000
0.000000
0.000000
0.000000
0.000000
0.000000
0.000000
0.000000
0.000000
0.000000
0.000000
0.000000
0.000000
0.000000
0.000000
0.000000
0.000000
0.000000
0.000000
0.000000
0.000000
0.000000
0.000000
0.000000
0.000000
0.000000
0.000000
0.000000
0.000000
0.000000
0.000000
0.000000
0.000000
0.000000
0.000000
0.000000
0.000000
0.000000
0.000000
0.000000
0.000000
0.000000
0.000000
0.000000
0.000000
0.000000
0.000000
0.000000
0.000000
0.000000
0.000000
0.000000
0.000000
0.000000
0.000000
0.000000
0.000000
0.000000
0.000000
0.000000
0.000000
0.000000
0.000000
0.000000
0.000000
0.000000
0.000000
0.000000
0.000000
0.000000
0.000000
0.000000
0.000000
0.000000
0.000000
0.000000
0.000000
0.000000
0.000000
0.000000
0.000000
0.000000
0.000000
0.000000
0.000000
0.000000
0.000000
0.000000
0.000000
0.000000
0.000000
0.000000
0.000000
0.000000
0.000000
0.000000
0.000000
0.000000
0.000000
0.000000
0.000000
0.000000
0.000000
0.000000
0.000000
0.000000
0.000000
0.000000
0.000000
0.000000
0.000000
0.000000
0.000000
0.000000
0.000000
0.000000
0.000000
0.000000
0.000000
0.000000
0.000000
0.000000
0.000000
0.000000
0.000000
0.000000
0.000000
0.000000
0.000000
0.000000
0.000000
0.000000
0.000000
0.000000
0.000000
0.000000
0.000000
0.000000
0.000000
0.000000
0.000000
0.000000
0.000000
0.000000
0.000000
0.000000
0.000000
0.000000
0.000000
0.000000
0.000000
0.000000
0.000000
0.000000
0.000000
0.000000
0.000000
0.000000
0.000000
0.000000
0.000000
0.000000
0.000000
0.000000
0.000000
0.000000
0.000000
0.000000
0.000000
0.000000
0.000000
0.000000
0.000000
0.000000
0.000000
0.000000
0.000000
0.000000
0.000000
0.000000
0.000000
0.000000
0.000000
0.000000
0.000000
0.000000
0.000000
0.000000
0.000000
0.000000
0.000000
0.000000
0.000000
0.000000
0.000000
0.000000
0.000000
0.000000
0.000000
0.000000
0.000000
0.000000
0.000000
0.000000
0.000000
0.000000
0.000000
0.000000
0.000000
0.000000
0.000000
0.000000
0.000000
0.000000
0.000000
0.000000
0.000000
0.000000
0.000000
0.000000
0.000000
0.000000
0.000000
0.000000
0.000000
0.000000
0.000000
0.000000
0.000000
0.000000
0.000000
0.000000
0.000000
0.000000
0.000000
0.000000
0.000000
0.000000
0.000000
0.000000
0.000000
0.000000
0.000000
0.000000
0.000000
0.000000
0.000000
0.000000
0.000000
0.000000
0.000000
0.000000
0.000000
0.000000
0.000000
0.000000
0.000000
0.000000
0.000000
0.000000
0.000000
0.000000
0.000000
0.000000
0.000000
0.000000
0.000000
0.000000
0.000000
0.000000
0.000000
0.000000
0.000000
0.000000
0.000000
0.000000
0.000000
0.000000
0.000000
0.000000
0.000000
0.000000
0.000000
0.000000
0.000000
0.000000
0.000000
0.000000
0.000000
0.000000
0.000000
0.000000
0.000000
0.000000
0.000000
0.000000
0.000000
0.000000
0.000000
0.000000
0.000000
0.000000
0.000000
0.000000
0.000000
0.000000
0.000000
0.000000
0.000000
0.000000
0.000000
0.000000
0.000000
0.000000
0.000000
0.000000
0.000000
0.000000
0.000000
0.000000
0.000000
0.000000
0.000000
0.000000
0.000000
0.000000
0.000000
0.000000
0.000000
0.000000
0.000000
0.000000
0.000000
0.000000
0.000000
0.000000
0.000000
0.000000
0.000000
0.000000
0.000000
0.000000
0.000000
0.000000
0.000000
0.000000
0.000000
0.000000
0.000000
0.000000
0.000000
0.000000
0.000000
0.000000
0.000000
0.000000
0.000000
0.000000
0.000000
0.000000
0.000000
0.000000
0.000000
0.000000
0.000000
0.000000
0.000000
0.000000
0.000000
0.000000
0.000000
0.000000
0.000000
0.000000
0.000000
0.000000
0.000000
0.000000
0.000000
0.000000
0.000000
0.000000
0.000000
0.000000
0.000000
0.000000
0.000000
0.000000
0.000000
0.000000
0.000000
0.000000
0.000000
0.000000
0.000000
0.000000
0.000000
0.000000
0.000000
0.000000
0.000000
0.000000
0.000000
0.000000
0.000000
0.000000
0.000000
0.000000
0.000000
0.000000
0.000000
0.000000
0.000000
0.000000
0.000000
0.000000
0.000000
0.000000
0.000000
0.000000
0.000000
0.000000
0.000000
0.000000
0.000000
0.000000
0.000000
0.000000
0.000000
0.000000
0.000000
0.000000
0.000000
0.000000
0.000000
0.000000
0.000000
0.000000
0.000000
0.000000
0.000000
0.000000
0.000000
0.000000
0.000000
0.000000
0.000000
0.000000
0.000000
0.000000
0.000000
0.000000
0.000000
0.000000
0.000000
0.000000
0.000000
0.000000
0.000000
0.000000
0.000000
0.000000
0.000000
0.000000
0.000000
0.000000
0.000000
0.000000
0.000000
0.000000
0.000000
0.000000
0.000000
0.000000
0.000000
0.000000
0.000000
0.000000
0.000000
0.000000
0.000000
0.000000
0.000000
0.000000
0.000000
0.000000
0.000000
0.000000
0.000000
0.000000
0.000000
0.000000
0.000000
0.000000
0.000000
0.000000
