-0.000205
-0.000225
-0.000104
0.000087
0.000290
0.000451
0.000482
0.000386
0.000281
0.000149
-0.000063
-0.000242
-0.000365
-0.000476
-0.000494
-0.000407
-0.000333
-0.000161
0.000054
0.000112
0.000171
0.000234
0.000252
0.000267
0.000332
0.000346
0.000321
0.000529
0.001112
0.002270
0.003924
0.005732
0.007158
0.008777
0.010301
0.011735
0.012866
0.013941
0.015162
0.016312
0.017395
0.018414
0.019219
0.020132
0.020992
0.021802
0.022564
0.023282
0.023956
0.024591
0.025188
0.025753
0.026198
0.026702
0.027060
0.026815
0.026090
0.025207
0.024198
0.023164
0.022128
0.021170
0.020362
0.019817
0.019434
0.019144
0.018812
0.018363
0.017866
0.017313
0.016634
0.015868
0.015095
0.014262
0.013563
0.012994
0.012445
0.011919
0.011436
0.010948
0.010451
0.009959
0.009430
0.008929
0.008418
0.007876
0.007373
0.006965
0.006599
0.006243
0.005903
0.005543
0.005194
0.004888
0.004559
0.004245
0.003963
0.003712
0.003471
0.003353
0.003256
0.003123
0.003039
0.002954
0.002792
0.002646
0.002530
0.002390
0.002280
0.002168
0.002032
0.001913
0.001866
0.001763
0.001665
0.001543
0.001387
0.001253
0.001200
0.001113
0.001038
0.000975
0.000912
0.000814
0.000790
0.000795
0.000762
0.000768
0.000766
0.000678
0.000629
0.000568
0.000485
0.000397
0.000365
0.000294
0.000249
0.000265
0.000242
0.000279
0.000360
0.000376
0.000399
0.000461
0.000431
0.000399
0.000349
0.000304
0.000231
0.000257
0.000251
0.000253
0.000288
0.000306
0.000265
0.000253
0.000237
0.000146
0.000061
-0.000069
-0.000198
-0.000179
-0.000030
0.000079
0.000147
0.000214
0.000214
0.000194
0.000234
0.000178
0.000107
0.000089
0.000050
-0.000019
-0.000047
-0.000052
-0.000117
-0.000161
-0.000216
-0.000295
-0.000253
-0.000181
-0.000137
-0.000073
-0.000023
-0.000004
0.000023
0.000123
0.000156
0.000154
0.000181
0.000100
0.000076
0.000119
0.000183
0.000211
0.000229
0.000170
0.000161
0.000218
0.000280
0.000283
0.000301
0.000315
0.000224
0.000219
0.000232
0.000205
0.000180
0.000187
0.000156
0.000139
0.000135
0.000070
0.000045
0.000036
-0.000016
-0.000015
0.000052
0.000082
0.000057
0.000016
-0.000062
-0.000104
-0.000018
0.000030
-0.000009
-0.000011
-0.000021
-0.000102
-0.000142
-0.000168
-0.000179
-0.000201
-0.000139
-0.000086
-0.000005
0.000058
0.000087
0.000077
-0.000029
-0.000174
-0.000255
-0.000224
-0.000231
-0.000253
-0.000235
-0.000187
-0.000131
0.000052
0.000211
0.000250
0.000311
0.000308
0.000240
0.000227
0.000185
0.000115
0.000066
0.000029
-0.000039
-0.000033
-0.000036
-0.000051
-0.000067
-0.000038
-0.000087
-0.000150
-0.000132
-0.000083
-0.000050
0.000046
0.000085
0.000110
0.000149
0.000148
0.000074
0.000043
-0.000001
-0.000047
-0.000027
-0.000049
-0.000085
-0.000110
-0.000103
-0.000095
-0.000035
0.000090
0.000079
0.000073
0.000090
0.000068
0.000045
0.000088
0.000111
0.000085
0.000060
-0.000020
-0.000064
-0.000017
0.000006
0.000020
0.000070
0.000096
0.000106
0.000170
0.000204
0.000163
0.000128
0.000065
-0.000053
-0.000071
-0.000100
-0.000159
-0.000195
-0.000234
-0.000244
-0.000203
-0.000108
-0.000078
-0.000039
-0.000012
0.000012
0.000094
0.000179
0.000180
0.000119
0.000061
0.000021
-0.000006
0.000046
0.000086
0.000100
0.000138
0.000192
0.000220
0.000197
0.000149
0.000123
0.000084
-0.000029
-0.000082
-0.000092
-0.000146
-0.000175
-0.000232
-0.000228
-0.000242
-0.000204
-0.000109
-0.000048
0.000001
0.000033
0.000108
0.000157
0.000236
0.000236
0.000202
0.000188
0.000140
0.000171
0.000254
0.000306
0.000263
0.000176
0.000067
-0.000022
0.000025
0.000203
0.000392
0.000552
0.000866
0.001481
0.002421
0.003695
0.005191
0.006846
0.008483
0.010024
0.011475
0.012842
0.014126
0.015339
0.016478
0.017552
0.018562
0.019514
0.020410
0.021253
0.022045
0.022792
0.023497
0.024158
0.024780
0.025368
0.025920
0.026442
0.026932
0.027393
0.027827
0.028236
0.028621
0.028984
0.029326
0.029648
0.029951
0.030237
0.030505
0.030758
0.030995
0.031220
0.031430
0.031629
0.031816
0.031992
0.032158
0.032314
0.032461
0.032599
0.032729
0.032852
0.032966
0.032968
0.032416
0.031352
0.029929
0.028428
0.027033
0.025762
0.024637
0.023702
0.022999
0.022456
0.022160
0.021907
0.021485
0.020925
0.020211
0.019392
0.018528
0.017618
0.016707
0.015753
0.014892
0.014149
0.013489
0.012905
0.012384
0.011829
0.011253
0.010716
0.010252
0.009712
0.009181
0.008661
0.008094
0.007579
0.007136
0.006717
0.006420
0.006142
0.005794
0.005478
0.005183
0.004893
0.004630
0.004459
0.004212
0.003930
0.003654
0.003430
0.003239
0.003067
0.002897
0.002708
0.002577
0.002471
0.002359
0.002287
0.002170
0.002001
0.001902
0.001817
0.001684
0.001586
0.001476
0.001311
0.001159
0.001038
0.000900
0.000793
0.000744
0.000658
0.000547
0.000547
0.000552
0.000585
0.000653
0.000621
0.000565
0.000557
0.000537
0.000487
0.000489
0.000466
0.000403
0.000395
0.000424
0.000371
0.000355
0.000328
0.000230
0.000159
0.000143
0.000103
0.000145
0.000183
0.000156
0.000146
0.000159
0.000123
0.000131
0.000233
0.000214
0.000073
0.000018
0.000005
-0.000014
0.000064
0.000144
0.000122
0.000177
0.000253
0.000235
0.000270
0.000271
0.000183
0.000145
0.000091
0.000020
-0.000009
-0.000027
-0.000078
-0.000134
-0.000084
-0.000111
-0.000105
-0.000038
0.000011
0.000045
0.000094
0.000153
0.000164
0.000197
0.000101
0.000086
0.000156
0.000144
0.000064
0.000108
0.000129
0.000060
0.000052
0.000202
0.000313
0.000392
0.000461
0.000396
0.000269
0.000118
-0.000012
-0.000162
-0.000244
-0.000251
-0.000259
-0.000163
-0.000003
0.000098
0.000228
0.000219
0.000096
-0.000014
0.000036
0.000007
-0.000055
-0.000081
-0.000136
-0.000160
-0.000072
0.000048
0.000155
0.000246
0.000192
0.000072
0.000001
-0.000068
-0.000134
-0.000141
-0.000145
-0.000147
-0.000103
-0.000073
-0.000073
-0.000042
-0.000026
-0.000038
-0.000022
0.000007
-0.000038
-0.000017
0.000113
0.000074
0.000006
-0.000037
-0.000148
-0.000243
-0.000309
-0.000342
-0.000373
-0.000304
-0.000255
-0.000204
-0.000128
-0.000134
-0.000191
-0.000229
-0.000244
-0.000247
-0.000184
-0.000111
-0.000069
-0.000018
0.000011
0.000002
0.000074
0.000103
0.000071
0.000053
0.000104
0.000022
-0.000027
-0.000011
-0.000094
-0.000147
-0.000151
-0.000150
-0.000199
-0.000178
-0.000217
-0.000374
-0.000385
-0.000419
-0.000470
-0.000366
-0.000334
-0.000338
-0.000282
-0.000227
-0.000275
-0.000271
-0.000082
0.000204
0.000658
0.001279
0.001901
0.002633
0.003384
0.004004
0.004639
0.005407
0.006235
0.007114
0.008041
0.008882
0.009730
0.010768
0.011845
0.012789
0.013653
0.014438
0.015151
0.015722
0.016234
0.016751
0.017249
0.017852
0.018560
0.019174
0.019666
0.020286
0.020923
0.021601
0.022179
0.022734
0.023209
0.023422
0.023579
0.023797
0.023982
0.024091
0.024274
0.024409
0.024586
0.024875
0.025265
0.025641
0.025878
0.026075
0.026288
0.026330
0.026328
0.026407
0.026550
0.026786
0.027030
0.027286
0.027448
0.027509
0.027619
0.027804
0.027960
0.028114
0.028293
0.028408
0.028629
0.028850
0.029010
0.029113
0.029142
0.029180
0.029199
0.029095
0.028965
0.028926
0.028871
0.028918
0.029069
0.029079
0.029047
0.028978
0.028904
0.028911
0.028945
0.029023
0.028996
0.028887
0.028870
0.028909
0.028849
0.028789
0.028835
0.029032
0.029323
0.029612
0.029865
0.030040
0.030055
0.029982
0.029866
0.029541
0.029160
0.028816
0.028681
0.028700
0.028840
0.029125
0.029288
0.029280
0.029295
0.029465
0.029507
0.029515
0.029599
0.029733
0.029804
0.029798
0.029766
0.029696
0.029591
0.029569
0.029535
0.029400
0.029298
0.029356
0.029561
0.029796
0.030031
0.030261
0.030322
0.030179
0.030065
0.029995
0.029865
0.029746
0.029694
0.029651
0.029739
0.029863
0.030032
0.030048
0.029919
0.029806
0.029593
0.029228
0.028910
0.028871
0.028949
0.029071
0.029181
0.029114
0.028652
0.027802
0.026683
0.025343
0.023899
0.022548
0.021222
0.019968
0.018894
0.018090
0.017421
0.016852
0.016295
0.015683
0.015061
0.014383
0.013732
0.013122
0.012518
0.011901
0.011307
0.010733
0.010149
0.009618
0.009167
0.008703
0.008262
0.007888
0.007518
0.007092
0.006772
0.006734
0.007073
0.008009
0.009507
0.010987
0.012381
0.013483
0.014732
0.015908
0.016835
0.017887
0.018878
0.019810
0.020688
0.021515
0.022294
0.023028
0.023718
0.024366
0.024976
0.025553
0.026095
0.026606
0.027086
0.027505
0.027501
0.027147
0.026359
0.025275
0.024153
0.023156
0.022273
0.021626
0.021199
0.020898
0.020593
0.020257
0.019875
0.019400
0.018848
0.018251
0.017515
0.016665
0.015839
0.015098
0.014383
0.013793
0.013130
0.012416
0.011764
0.011174
0.010555
0.010000
0.009512
0.008980
0.008470
0.008084
0.007693
0.007363
0.007057
0.006700
0.006283
0.005930
0.005575
0.005228
0.004995
0.004759
0.004479
0.004254
0.004031
0.003828
0.003722
0.003560
0.003293
0.003088
0.002947
0.002778
0.002673
0.002579
0.002342
0.002150
0.001980
0.001742
0.001549
0.001427
0.001278
0.001174
0.001172
0.001189
0.001187
0.001228
0.001234
0.001101
0.000853
0.000698
0.000555
0.000493
0.000481
0.000468
0.000554
0.000732
0.000885
0.001060
0.001164
0.001126
0.000974
0.000845
0.000647
0.000441
0.000321
0.000221
0.000148
0.000189
0.000237
0.000232
0.000292
0.000284
0.000203
0.000201
0.000172
0.000105
0.000107
0.000101
0.000041
0.000014
-0.000033
-0.000160
-0.000218
-0.000245
-0.000406
-0.000747
-0.001483
-0.002823
-0.004669
-0.006146
-0.007823
-0.009404
-0.010649
-0.012063
-0.013394
-0.014646
-0.015827
-0.016938
-0.017984
-0.018969
-0.019897
-0.020769
-0.021592
-0.022366
-0.023095
-0.023781
-0.024429
-0.025039
-0.025611
-0.026150
-0.026657
-0.027135
-0.027584
-0.028007
-0.028405
-0.028780
-0.029133
-0.029465
-0.029778
-0.030072
-0.030350
-0.030611
-0.030858
-0.031089
-0.031307
-0.031513
-0.031707
-0.031889
-0.032032
-0.032195
-0.031867
-0.030821
-0.029163
-0.027241
-0.025526
-0.024009
-0.022787
-0.021876
-0.021203
-0.020792
-0.020511
-0.020301
-0.020136
-0.020010
-0.019778
-0.019223
-0.018569
-0.017911
-0.017169
-0.016264
-0.015376
-0.014439
-0.013572
-0.012840
-0.012254
-0.011617
-0.011167
-0.010665
-0.010154
-0.009650
-0.009199
-0.008860
-0.008564
-0.008263
-0.007872
-0.007548
-0.007136
-0.006699
-0.006275
-0.005937
-0.005564
-0.005259
-0.005000
-0.004782
-0.004623
-0.004454
-0.004228
-0.003960
-0.003697
-0.003400
-0.003155
-0.002898
-0.002667
-0.002430
-0.002312
-0.002198
-0.002107
-0.002069
-0.002032
-0.001937
-0.001824
-0.001717
-0.001669
-0.001594
-0.001493
-0.001388
-0.001304
-0.001269
-0.001247
-0.001236
-0.001253
-0.001226
-0.001159
-0.001097
-0.001029
-0.001006
-0.001069
-0.001079
-0.001042
-0.001038
-0.000979
-0.000914
-0.000738
-0.000228
0.000740
0.002217
0.004078
0.005877
0.007571
0.009165
0.010667
0.011850
0.013194
0.014459
0.015457
0.016590
0.017658
0.018661
0.019606
0.020497
0.021336
0.022124
0.022867
0.023566
0.024227
0.024850
0.025434
0.025983
0.026500
0.026987
0.027445
0.027807
0.028218
0.028604
0.028968
0.029310
0.029632
0.029936
0.030222
0.030491
0.030744
0.030983
0.031207
0.031419
0.031618
0.031805
0.031981
0.032121
0.031888
0.031187
0.030255
0.028851
0.027606
0.026211
0.025073
0.024232
0.023616
0.023233
0.022756
0.022319
0.021828
0.021317
0.020724
0.020064
0.019295
0.018427
0.017629
0.016868
0.016143
0.015414
0.014704
0.013992
0.013310
0.012657
0.012002
0.011296
0.010552
0.009843
0.009262
0.008764
0.008357
0.007942
0.007537
0.007149
0.006799
0.006542
0.006282
0.006055
0.005800
0.005518
0.005220
0.005000
0.004916
0.004487
0.003907
0.003512
0.003161
0.002883
0.002674
0.002536
0.002497
0.002519
0.002483
0.002360
0.002171
0.002006
0.001816
0.001638
0.001440
0.001260
0.001093
0.000936
0.000790
0.000677
0.000641
0.000637
0.000668
0.000725
0.000741
0.000699
0.000692
0.000693
0.000680
0.000675
0.000677
0.000602
0.000554
0.000607
0.000616
0.000541
0.000244
-0.000380
-0.001249
-0.002385
-0.003842
-0.005529
-0.007242
-0.008855
-0.010375
-0.011806
-0.013153
-0.014424
-0.015618
-0.016741
-0.017799
-0.018795
-0.019734
-0.020617
-0.021447
-0.022230
-0.022966
-0.023659
-0.024313
-0.024930
-0.025507
-0.026052
-0.026565
-0.027048
-0.027503
-0.027931
-0.028334
-0.028714
-0.029071
-0.029407
-0.029723
-0.030021
-0.030302
-0.030566
-0.030815
-0.031049
-0.031269
-0.031477
-0.031671
-0.031856
-0.032029
-0.032192
-0.032345
-0.032490
-0.032626
-0.032755
-0.032875
-0.032989
-0.033096
-0.033146
-0.032769
-0.032008
-0.031059
-0.029955
-0.028778
-0.027573
-0.026442
-0.025419
-0.024512
-0.023650
-0.022820
-0.022047
-0.021280
-0.020512
-0.019755
-0.019001
-0.018190
-0.017462
-0.016711
-0.015947
-0.015143
-0.014327
-0.013585
-0.012861
-0.012161
-0.011486
-0.010807
-0.010232
-0.009770
-0.009349
-0.008898
-0.008476
-0.008083
-0.007667
-0.007216
-0.006805
-0.006339
-0.005945
-0.005628
-0.005347
-0.005091
-0.004903
-0.004669
-0.004396
-0.004140
-0.003865
-0.003659
-0.003465
-0.003241
-0.003018
-0.002883
-0.002751
-0.002608
-0.002452
-0.002307
-0.002148
-0.002026
-0.001903
-0.001815
-0.001728
-0.001612
-0.001495
-0.001388
-0.001314
-0.001239
-0.001201
-0.001205
-0.001160
-0.001114
-0.001113
-0.001089
-0.001029
-0.001008
-0.000958
-0.000878
-0.000828
-0.000783
-0.000708
-0.000671
-0.000625
-0.000547
-0.000478
-0.000478
-0.000485
-0.000443
-0.000369
-0.000268
-0.000202
-0.000152
0.000188
0.001146
0.002832
0.004706
0.006468
0.008126
0.009434
0.010920
0.012319
0.013635
0.014874
0.016041
0.017140
0.018175
0.019149
0.020065
0.020929
0.021742
0.022383
0.023111
0.023797
0.024442
0.025052
0.025623
0.026075
0.026586
0.027069
0.027027
0.026532
0.025460
0.024094
0.022788
0.021526
0.020575
0.019804
0.019254
0.018968
0.018874
0.018920
0.019078
0.019195
0.019257
0.019130
0.018917
0.018562
0.018002
0.017241
0.016388
0.015507
0.014634
0.013785
0.013110
0.012534
0.012033
0.011629
0.011305
0.010954
0.010626
0.010274
0.009933
0.009508
0.009038
0.008513
0.007794
0.007249
0.006855
0.006439
0.006046
0.006001
0.006363
0.006988
0.008006
0.009575
0.011052
0.012443
0.013752
0.014984
0.015957
0.017061
0.018100
0.018920
0.019699
0.020583
0.021416
0.022201
0.022939
0.023634
0.024289
0.024905
0.025485
0.026031
0.026546
0.026951
0.027411
0.027845
0.028254
0.028638
0.029000
0.029342
0.029661
0.029914
0.030071
0.029590
0.027643
0.024474
0.020997
0.017725
0.014644
0.011744
0.009013
0.006440
0.004020
0.001740
-0.000404
-0.002091
-0.004005
-0.005809
-0.007230
-0.008846
-0.010366
-0.011797
-0.013144
-0.014415
-0.015609
-0.016734
-0.017793
-0.018789
-0.019728
-0.020611
-0.021442
-0.022225
-0.022963
-0.023656
-0.024310
-0.024926
-0.025504
-0.026050
-0.026563
-0.027047
-0.027502
-0.027930
-0.028333
-0.028713
-0.029070
-0.029406
-0.029722
-0.030020
-0.030301
-0.030565
-0.030814
-0.031049
-0.031269
-0.031477
-0.031671
-0.031856
-0.032029
-0.032192
-0.032345
-0.032490
-0.032626
-0.032755
-0.032875
-0.032989
-0.033096
-0.033197
-0.033292
-0.033382
-0.033465
-0.033543
-0.033618
-0.033688
-0.033754
-0.033817
-0.033874
-0.033931
-0.033982
-0.033915
-0.032896
-0.030704
-0.027706
-0.024129
-0.020674
-0.017420
-0.014856
-0.011943
-0.009200
-0.006620
-0.004189
-0.001899
0.000255
0.002278
0.004184
0.005978
0.007666
0.009256
0.010508
0.011930
0.013271
0.014531
0.015719
0.016836
0.017888
0.018879
0.019812
0.020690
0.021516
0.022295
0.023029
0.023718
0.024366
0.024976
0.025553
0.026095
0.026606
0.027086
0.027539
0.027965
0.028366
0.028682
0.028696
0.028226
0.026410
0.023445
0.020032
0.017339
0.014778
0.011869
0.009131
0.006551
0.004124
0.001839
-0.000310
-0.002264
-0.004158
-0.005952
-0.007368
-0.008974
-0.010240
-0.011679
-0.013033
-0.014310
-0.015315
-0.016200
-0.016006
-0.014892
-0.012614
-0.009832
-0.007213
-0.005149
-0.003184
-0.000954
0.001142
0.003112
0.004967
0.006714
0.008358
0.009907
0.011365
0.012738
0.014027
0.015244
0.016389
0.017467
0.018317
0.019283
0.020193
0.021048
0.021854
0.022613
0.023327
0.024000
0.024636
0.025233
0.025794
0.026235
0.026738
0.027210
0.027656
0.028075
0.028469
0.028840
0.029191
0.029519
0.029829
0.030122
0.030396
0.030613
0.030789
0.030078
0.028549
0.025861
0.022546
0.019182
0.016017
0.013196
0.011158
0.009192
0.006667
0.004250
0.001958
0.000150
-0.001897
-0.003822
-0.005635
-0.007342
-0.008951
-0.010465
-0.011891
-0.013232
-0.014496
-0.015685
-0.016804
-0.017859
-0.018852
-0.019787
-0.020666
-0.021494
-0.022273
-0.023008
-0.023700
-0.024348
-0.024960
-0.025538
-0.026081
-0.026592
-0.027074
-0.027527
-0.027954
-0.028355
-0.028734
-0.029090
-0.029425
-0.029741
-0.030038
-0.030318
-0.030581
-0.030829
-0.031062
-0.031282
-0.031489
-0.031684
-0.031655
-0.030555
-0.028605
-0.025397
-0.021890
-0.018564
-0.015432
-0.012964
-0.010162
-0.007524
-0.005040
-0.002701
-0.000498
0.001571
0.003515
0.005347
0.007071
0.008695
0.010223
0.011663
0.013018
0.014295
0.015495
0.016442
0.017518
0.018185
0.018024
0.017201
0.016086
0.014880
0.013805
0.013071
0.012568
0.012300
0.012237
0.012323
0.012430
0.012567
0.012607
0.012418
0.012129
0.011766
0.011205
0.010650
0.010089
0.009540
0.009036
0.008596
0.008229
0.007916
0.007624
0.007299
0.006971
0.006662
0.006342
0.005996
0.005664
0.005330
0.005025
0.004756
0.004545
0.004389
0.004160
0.003897
0.003652
0.003441
0.003179
0.002934
0.002702
0.002525
0.002376
0.002210
0.002160
0.002115
0.002051
0.001958
0.001820
0.001697
0.001582
0.001526
0.001540
0.001559
0.001528
0.001500
0.001459
0.001427
0.001387
0.001294
0.001185
0.001036
0.000851
0.000684
0.000597
0.000669
0.000945
0.001373
0.001980
0.002836
0.003850
0.004949
0.006070
0.007196
0.008512
0.009896
0.011183
0.012136
0.012638
0.012782
0.012380
0.011422
0.010092
0.008487
0.006728
0.005041
0.003502
0.002210
0.001109
0.000099
-0.000883
-0.001841
-0.002826
-0.003936
-0.005072
-0.006180
-0.007373
-0.008603
-0.009694
-0.010732
-0.011703
-0.012538
-0.013287
-0.013929
-0.014348
-0.014527
-0.014489
-0.014127
-0.013404
-0.012325
-0.011071
-0.009755
-0.008297
-0.006853
-0.005490
-0.004076
-0.002785
-0.001697
-0.000732
0.000152
0.000780
0.001278
0.001601
0.001706
0.001735
0.001701
0.001606
0.001541
0.001607
0.001753
0.001934
0.002053
0.002305
0.002712
0.003055
0.003304
0.003409
0.003405
0.003327
0.003155
0.002951
0.002725
0.002475
0.002226
0.002109
0.002106
0.002154
0.002382
0.002741
0.003248
0.003828
0.004585
0.005473
0.006419
0.007543
0.008846
0.010159
0.011355
0.012306
0.012849
0.013044
0.012837
0.012135
0.011121
0.009846
0.008406
0.006883
0.005402
0.004046
0.002863
0.001765
0.000756
-0.000221
-0.001265
-0.002378
-0.003552
-0.004690
-0.005968
-0.007420
-0.008728
-0.009913
-0.010978
-0.011758
-0.012438
-0.013071
-0.013597
-0.014013
-0.014349
-0.014475
-0.014369
-0.013873
-0.013111
-0.012226
-0.011140
-0.009908
-0.008618
-0.007245
-0.005892
-0.004552
-0.003211
-0.001938
-0.000715
0.000433
0.001360
0.001996
0.002443
0.002781
0.002960
0.002960
0.002845
0.002728
0.002669
0.002664
0.002761
0.002899
0.003017
0.003077
0.003114
0.003087
0.003071
0.003023
0.002902
0.002758
0.002566
0.002418
0.002254
0.002143
0.002053
0.001997
0.001933
0.001878
0.001829
0.001838
0.001812
0.001698
0.001638
0.001554
0.001465
0.001394
0.001352
0.001345
0.001333
0.001313
0.001197
0.001087
0.001084
0.001344
0.001986
0.003480
0.005315
0.007041
0.008666
0.010196
0.011637
0.012773
0.014063
0.015276
0.016420
0.017496
0.018510
0.019465
0.020363
0.021208
0.022005
0.022755
0.023346
0.024008
0.024021
0.023286
0.021789
0.019926
0.018107
0.016515
0.015180
0.014181
0.013471
0.013157
0.013146
0.013410
0.013731
0.014009
0.014211
0.014268
0.014070
0.013585
0.012839
0.012116
0.011362
0.010692
0.010005
0.009381
0.008771
0.008286
0.007871
0.007585
0.007251
0.006958
0.006640
0.006348
0.006021
0.005754
0.005495
0.005257
0.005032
0.004810
0.004609
0.004398
0.004250
0.004089
0.003815
0.003546
0.003275
0.002930
0.002628
0.002404
0.002189
0.002050
0.001943
0.001805
0.001727
0.001688
0.001584
0.001499
0.001448
0.001320
0.001171
0.001106
0.001008
0.000918
0.000891
0.000829
0.000746
0.000763
0.000768
0.001850
0.001613
0.001551
0.001672
0.001920
0.002168
0.002414
0.002670
0.002839
0.002908
0.002900
0.002799
0.002610
0.002499
0.002356
0.002210
0.002083
0.001964
0.001845
0.001810
0.001772
0.001754
0.001728
0.001692
0.001646
0.001609
0.001593
0.001563
0.001468
0.001397
0.001311
0.001198
0.001113
0.001051
0.000914
0.000872
0.001323
0.002485
0.003940
0.005747
0.007447
0.009050
0.010558
0.011978
0.013313
0.014571
0.015756
0.016871
0.017921
0.018911
0.019842
0.020860
0.021677
0.022569
0.023286
0.023933
0.023514
0.022361
0.021197
0.020390
0.020029
0.019861
0.019718
0.019787
0.020197
0.020567
0.020631
0.020317
0.019599
0.018600
0.017427
0.016256
0.015243
0.014343
0.013635
0.013030
0.012481
0.011949
0.011461
0.010971
0.010451
0.009961
0.009392
0.008850
0.008241
0.007694
0.007243
0.006802
0.006491
0.006195
0.005884
0.005514
0.005158
0.004850
0.004536
0.004290
0.004116
0.003954
0.003811
0.003616
0.003411
0.003185
0.002945
0.002671
0.002405
0.002235
0.002087
0.001920
0.001828
0.001757
0.001696
0.001677
0.001661
0.001652
0.001619
0.001581
0.001514
0.001457
0.001380
0.001244
0.001220
0.001133
0.001066
0.001076
0.001073
0.002041
0.001911
0.001795
0.001708
0.001612
0.001573
0.001527
0.001502
0.001475
0.001402
0.001331
0.001253
0.001225
0.001176
0.001167
0.001118
0.001013
0.000891
0.000758
0.000644
0.000611
0.000619
0.000665
0.000914
0.001700
0.003089
0.005130
0.007146
0.009026
0.010777
0.012411
0.013932
0.015350
0.016673
0.017907
0.019056
0.020127
0.021262
0.022183
0.023160
0.023950
0.024688
0.025375
0.025738
0.025585
0.025133
0.024824
0.024709
0.024626
0.024590
0.024669
0.024740
0.024685
0.024354
0.023732
0.022879
0.021905
0.020897
0.019931
0.019017
0.018142
0.017291
0.016591
0.016045
0.015471
0.014896
0.014318
0.013669
0.012982
0.012320
0.011659
0.011009
0.010417
0.009815
0.009244
0.008698
0.008118
0.007626
0.007183
0.006812
0.006466
0.006150
0.005881
0.005541
0.005236
0.004970
0.004756
0.004540
0.004266
0.004006
0.003623
0.003232
0.002885
0.002605
0.002432
0.002299
0.002201
0.002034
0.001874
0.001722
0.001569
0.001483
0.001454
0.001466
0.001387
0.001256
0.001104
0.000918
0.000789
0.000756
0.000779
0.000747
0.000640
0.000566
0.000501
0.000513
0.000540
0.000000
0.000000
0.000000
0.000000
0.000000
0.000000
0.000000
0.000000
0.000000
0.000000
0.000000
0.000000
0.000000
0.000000
0.000000
0.000000
0.000000
0.000000
0.000000
0.000000
0.000000
0.000000
0.000000
0.000000
0.000000
0.000000
0.000000
0.000000
0.000000
0.000000
0.000000
0.000000
0.000000
0.000000
0.000000
0.000000
0.000000
0.000000
0.000000
0.000000
0.000000
0.000000
0.000000
0.000000
0.000000
0.000000
0.000000
0.000000
0.000000
0.000000
0.000000
0.000000
0.000000
0.000000
0.000000
0.000000
0.000000
0.000000
0.000000
0.000000
0.000000
0.000000
0.000000
0.000000
0.000000
0.000000
0.000000
0.000000
0.000000
0.000000
0.000000
0.000000
0.000000
0.000000
0.000000
0.000000
0.000000
0.000000
0.000000
0.000000
0.000000
0.000000
0.000000
0.000000
0.000000
0.000000
0.000000
0.000000
0.000000
0.000000
0.000000
0.000000
0.000000
0.000000
0.000000
0.000000
0.000000
0.000000
0.000000
0.000000
0.000000
0.000000
0.000000
0.000000
0.000000
0.000000
0.000000
0.000000
0.000000
0.000000
0.000000
0.000000
0.000000
0.000000
0.000000
0.000000
0.000000
0.000000
0.000000
0.000000
0.000000
0.000000
0.000000
0.000000
0.000000
0.000000
0.000000
0.000000
0.000000
0.000000
0.000000
0.000000
0.000000
0.000000
0.000000
0.000000
0.000000
0.000000
0.000000
0.000000
0.000000
0.000000
0.000000
0.000000
0.000000
0.000000
0.000000
0.000000
0.000000
0.000000
0.000000
0.000000
0.000000
0.000000
0.000000
0.000000
0.000000
0.000000
0.000000
0.000000
0.000000
0.000000
0.000000
0.000000
0.000000
0.000000
0.000000
0.000000
0.000000
0.000000
0.000000
0.000000
0.000000
0.000000
0.000000
0.000000
0.000000
0.000000
0.000000
0.000000
0.000000
0.000000
0.000000
0.000000
0.000000
0.000000
0.000000
0.000000
0.000000
0.000000
0.000000
0.000000
0.000000
0.000000
0.000000
0.000000
0.000000
0.000000
0.000000
0.000000
0.000000
0.000000
0.000000
0.000000
0.000000
0.000000
0.000000
0.000000
0.000000
0.000000
0.000000
0.000000
0.000000
0.000000
0.000000
0.000000
0.000000
0.000000
0.000000
0.000000
0.000000
0.000000
0.000000
0.000000
0.000000
0.000000
0.000000
0.000000
0.000000
0.000000
0.000000
0.000000
0.000000
0.000000
0.000000
0.000000
0.000000
0.000000
0.000000
0.000000
0.000000
0.000000
0.000000
0.000000
0.000000
0.000000
0.000000
0.000000
0.000000
0.000000
0.000000
0.000000
0.000000
0.000000
0.000000
0.000000
0.000000
0.000000
0.000000
0.000000
0.000000
0.000000
0.000000
0.000000
0.000000
0.000000
0.000000
0.000000
0.000000
0.000000
0.000000
0.000000
0.000000
0.000000
0.000000
0.000000
0.000000
0.000000
0.000000
0.000000
0.000000
0.000000
0.000000
0.000000
0.000000
0.000000
0.000000
0.000000
0.000000
0.000000
0.000000
0.000000
0.000000
0.000000
0.000000
0.000000
0.000000
0.000000
0.000000
0.000000
0.000000
0.000000
0.000000
0.000000
0.000000
0.000000
0.000000
0.000000
0.000000
0.000000
0.000000
0.000000
0.000000
0.000000
0.000000
0.000000
0.000000
0.000000
0.000000
0.000000
0.000000
0.000000
0.000000
0.000000
0.000000
0.000000
0.000000
0.000000
0.000000
0.000000
0.000000
0.000000
0.000000
0.000000
0.000000
0.000000
0.000000
0.000000
0.000000
0.000000
0.000000
0.000000
0.000000
0.000000
0.000000
0.000000
0.000000
0.000000
0.000000
0.000000
0.000000
0.000000
0.000000
0.000000
0.000000
0.000000
0.000000
0.000000
0.000000
0.000000
0.000000
0.000000
0.000000
0.000000
0.000000
0.000000
0.000000
0.000000
0.000000
0.000000
0.000000
0.000000
0.000000
0.000000
0.000000
0.000000
0.000000
0.000000
0.000000
0.000000
0.000000
0.000000
0.000000
0.000000
0.000000
0.000000
0.000000
0.000000
0.000000
0.000000
0.000000
0.000000
0.000000
0.000000
0.000000
0.000000
0.000000
0.000000
0.000000
0.000000
0.000000
0.000000
0.000000
0.000000
0.000000
0.000000
0.000000
0.000000
0.000000
0.000000
0.000000
0.000000
0.000000
0.000000
0.000000
0.000000
0.000000
0.000000
0.000000
0.000000
0.000000
0.000000
0.000000
0.000000
0.000000
0.000000
0.000000
0.000000
0.000000
0.000000
0.000000
0.000000
0.000000
0.000000
0.000000
0.000000
0.000000
0.000000
0.000000
0.000000
0.000000
0.000000
0.000000
0.000000
0.000000
0.000000
0.000000
0.000000
0.000000
0.000000
0.000000
0.000000
0.000000
0.000000
0.000000
0.000000
0.000000
0.000000
0.000000
0.000000
0.000000
0.000000
0.000000
0.000000
0.000000
0.000000
0.000000
0.000000
0.000000
0.000000
0.000000
0.000000
0.000000
0.000000
0.000000
0.000000
0.000000
0.000000
0.000000
0.000000
0.000000
0.000000
0.000000
0.000000
0.000000
0.000000
0.000000
0.000000
0.000000
0.000000
0.000000
0.000000
0.000000
0.000000
0.000000
0.000000
0.000000
0.000000
0.000000
0.000000
0.000000
0.000000
0.000000
0.000000
0.000000
0.000000
0.000000
0.000000
0.000000
0.000000
0.000000
0.000000
0.000000
0.000000
0.000000
0.000000
0.000000
0.000000
0.000000
0.000000
0.000000
0.000000
0.000000
0.000000
0.000000
0.000000
0.000000
0.000000
0.000000
0.000000
0.000000
0.000000
0.000000
0.000000
0.000000
0.000000
0.000000
0.000000
0.000000
0.000000
0.000000
0.000000
0.000000
0.000000
0.000000
0.000000
0.000000
0.000000
0.000000
0.000000
0.000000
0.000000
0.000000
0.000000
0.000000
0.000000
0.000000
0.000000
0.000000
0.000000
0.000000
0.000000
0.000000
0.000000
0.000000
0.000000
0.000000
0.000000
0.000000
0.000000
0.000000
0.000000
0.000000
0.000000
0.000000
0.000000
0.000000
0.000000
0.000000
0.000000
0.000000
0.000000
0.000000
0.000000
0.000000
0.000000
0.000000
0.000000
0.000000
0.000000
0.000000
0.000000
0.000000
0.000000
0.000000
0.000000
0.000000
0.000000
0.000000
0.000000
0.000000
0.000000
0.000000
0.000000
0.000000
0.000000
0.000000
0.000000
0.000000
0.000000
0.000000
0.000000
0.000000
0.000000
0.000000
0.000000
0.000000
0.000000
0.000000
0.000000
0.000000
0.000000
0.000000
0.000000
0.000000
0.000000
0.000000
0.000000
0.000000
0.000000
0.000000
0.000000
0.000000
0.000000
0.000000
0.000000
0.000000
0.000000
0.000000
0.000000
0.000000
0.000000
0.000000
0.000000
0.000000
0.000000
0.000000
0.000000
0.000000
0.000000
0.000000
0.000000
0.000000
0.000000
0.000000
0.000000
0.000000
0.000000
0.000000
0.000000
0.000000
0.000000
0.000000
0.000000
0.000000
0.000000
0.000000
0.000000
0.000000
0.000000
0.000000
0.000000
0.000000
0.000000
0.000000
0.000000
0.000000
0.000000
0.000000
0.000000
0.000000
0.000000
0.000000
0.000000
0.000000
0.000000
0.000000
0.000000
0.000000
0.000000
0.000000
0.000000
0.000000
0.000000
0.000000
0.000000
0.000000
0.000000
0.000000
0.000000
0.000000
0.000000
0.000000
0.000000
0.000000
0.000000
0.000000
0.000000
0.000000
0.000000
0.000000
0.000000
0.000000
0.000000
0.000000
0.000000
0.000000
0.000000
0.000000
0.000000
0.000000
0.000000
0.000000
0.000000
0.000000
0.000000
0.000000
0.000000
0.000000
0.000000
0.000000
0.000000
0.000000
0.000000
0.000000
0.000000
0.000000
0.000000
0.000000
0.000000
0.000000
0.000000
0.000000
0.000000
0.000000
0.000000
0.000000
0.000000
0.000000
0.000000
0.000000
0.000000
0.000000
0.000000
0.000000
0.000000
0.000000
0.000000
0.000000
0.000000
0.000000
0.000000
0.000000
0.000000
0.000000
0.000000
0.000000
0.000000
0.000000
0.000000
0.000000
0.000000
0.000000
0.000000
0.000000
0.000000
0.000000
0.000000
0.000000
0.000000
0.000000
0.000000
0.000000
0.000000
0.000000
0.000000
0.000000
0.000000
0.000000
0.000000
0.000000
0.000000
0.000000
0.000000
0.000000
0.000000
0.000000
0.000000
0.000000
0.000000
0.000000
0.000000
0.000000
0.000000
0.000000
0.000000
0.000000
0.000000
0.000000
0.000000
0.000000
0.000000
0.000000
0.000000
0.000000
0.000000
0.000000
0.000000
0.000000
0.000000
0.000000
0.000000
0.000000
0.000000
0.000000
0.000000
0.000000
0.000000
0.000000
0.000000
0.000000
0.000000
0.000000
0.000000
0.000000
0.000000
0.000000
0.000000
0.000000
0.000000
0.000000
0.000000
0.000000
0.000000
0.000000
0.000000
0.000000
0.000000
0.000000
0.000000
0.000000
0.000000
0.000000
0.000000
0.000000
0.000000
0.000000
0.000000
0.000000
0.000000
0.000000
0.000000
0.000000
0.000000
0.000000
0.000000
0.000000
0.000000
0.000000
0.000000
0.000000
0.000000
0.000000
0.000000
0.000000
0.000000
0.000000
0.000000
0.000000
0.000000
0.000000
0.000000
0.000000
0.000000
0.000000
0.000000
0.000000
0.000000
0.000000
0.000000
0.000000
0.000000
0.000000
0.000000
0.000000
0.000000
0.000000
0.000000
0.000000
0.000000
0.000000
0.000000
0.000000
0.000000
0.000000
0.000000
0.000000
0.000000
0.000000
0.000000
0.000000
0.000000
0.000000
0.000000
0.000000
0.000000
0.000000
0.000000
0.000000
0.000000
0.000000
0.000000
0.000000
0.000000
0.000000
0.000000
0.000000
0.000000
0.000000
0.000000
0.000000
0.000000
0.000000
0.000000
0.000000
0.000000
0.000000
0.000000
0.000000
0.000000
0.000000
0.000000
0.000000
0.000000
0.000000
0.000000
0.000000
0.000000
0.000000
0.000000
0.000000
0.000000
0.000000
0.000000
0.000000
0.000000
0.000000
0.000000
0.000000
0.000000
0.000000
0.000000
0.000000
0.000000
0.000000
0.000000
0.000000
0.000000
0.000000
0.000000
0.000000
0.000000
0.000000
0.000000
0.000000
0.000000
0.000000
0.000000
0.000000
0.000000
0.000000
0.000000
0.000000
0.000000
0.000000
0.000000
0.000000
0.000000
0.000000
0.000000
0.000000
0.000000
0.000000
0.000000
0.000000
0.000000
0.000000
0.000000
0.000000
0.000000
0.000000
0.000000
0.000000
0.000000
0.000000
0.000000
0.000000
0.000000
0.000000
0.000000
0.000000
0.000000
0.000000
0.000000
0.000000
0.000000
0.000000
0.000000
0.000000
0.000000
0.000000
0.000000
0.000000
0.000000
0.000000
0.000000
0.000000
0.000000
0.000000
0.000000
0.000000
0.000000
0.000000
0.000000
0.000000
0.000000
0.000000
0.000000
0.000000
0.000000
0.000000
0.000000
0.000000
0.000000
0.000000
0.000000
0.000000
0.000000
0.000000
0.000000
0.000000
0.000000
0.000000
0.000000
0.000000
0.000000
0.000000
0.000000
0.000000
0.000000
0.000000
0.000000
0.000000
0.000000
0.000000
0.000000
0.000000
0.000000
0.000000
0.000000
0.000000
0.000000
0.000000
0.000000
0.000000
0.000000
0.000000
0.000000
0.000000
0.000000
0.000000
0.000000
0.000000
0.000000
0.000000
0.000000
0.000000
0.000000
0.000000
0.000000
0.000000
0.000000
0.000000
0.000000
0.000000
0.000000
0.000000
0.000000
0.000000
0.000000
0.000000
0.000000
0.000000
0.000000
0.000000
0.000000
0.000000
0.000000
0.000000
0.000000
0.000000
0.000000
0.000000
0.000000
0.000000
0.000000
0.000000
0.000000
0.000000
0.000000
0.000000
0.000000
0.000000
0.000000
0.000000
0.000000
0.000000
0.000000
0.000000
0.000000
0.000000
0.000000
0.000000
0.000000
0.000000
0.000000
0.000000
0.000000
0.000000
0.000000
0.000000
0.000000
0.000000
0.000000
0.000000
0.000000
0.000000
0.000000
0.000000
0.000000
0.000000
0.000000
0.000000
0.000000
0.000000
0.000000
0.000000
0.000000
0.000000
0.000000
0.000000
0.000000
0.000000
0.000000
0.000000
0.000000
0.000000
0.000000
0.000000
0.000000
0.000000
0.000000
0.000000
0.000000
0.000000
0.000000
0.000000
0.000000
0.000000
0.000000
0.000000
0.000000
0.000000
0.000000
0.000000
0.000000
0.000000
0.000000
0.000000
0.000000
0.000000
0.000000
0.000000
0.000000
0.000000
0.000000
0.000000
0.000000
0.000000
0.000000
0.000000
0.000000
0.000000
0.000000
0.000000
0.000000
0.000000
0.000000
0.000000
0.000000
0.000000
0.000000
0.000000
0.000000
0.000000
0.000000
0.000000
0.000000
0.000000
0.000000
0.000000
0.000000
0.000000
0.000000
0.000000
0.000000
0.000000
0.000000
0.000000
0.000000
0.000000
0.000000
0.000000
0.000000
0.000000
0.000000
0.000000
0.000000
0.000000
0.000000
0.000000
0.000000
0.000000
0.000000
0.000000
0.000000
0.000000
0.000000
0.000000
0.000000
0.000000
0.000000
0.000000
0.000000
0.000000
0.000000
0.000000
0.000000
0.000000
0.000000
0.000000
0.000000
0.000000
0.000000
0.000000
0.000000
0.000000
0.000000
0.000000
0.000000
0.000000
0.000000
0.000000
0.000000
0.000000
0.000000
0.000000
0.000000
0.000000
0.000000
0.000000
0.000000
0.000000
0.000000
0.000000
0.000000
0.000000
0.000000
0.000000
0.000000
0.000000
0.000000
0.000000
0.000000
0.000000
0.000000
0.000000
0.000000
0.000000
0.000000
0.000000
0.000000
0.000000
0.000000
0.000000
0.000000
0.000000
0.000000
0.000000
0.000000
0.000000
0.000000
0.000000
0.000000
0.000000
0.000000
0.000000
0.000000
0.000000
0.000000
0.000000
0.000000
0.000000
0.000000
0.000000
0.000000
0.000000
0.000000
0.000000
0.000000
0.000000
0.000000
0.000000
0.000000
0.000000
0.000000
0.000000
0.000000
0.000000
0.000000
0.000000
0.000000
0.000000
0.000000
0.000000
0.000000
0.000000
0.000000
0.000000
0.000000
0.000000
0.000000
0.000000
0.000000
0.000000
0.000000
0.000000
0.000000
0.000000
0.000000
0.000000
0.000000
0.000000
0.000000
0.000000
0.000000
0.000000
0.000000
0.000000
0.000000
0.000000
0.000000
0.000000
0.000000
0.000000
0.000000
0.000000
0.000000
0.000000
0.000000
0.000000
0.000000
0.000000
0.000000
0.000000
0.000000
0.000000
0.000000
0.000000
0.000000
0.000000
0.000000
0.000000
0.000000
0.000000
0.000000
0.000000
0.000000
0.000000
0.000000
0.000000
0.000000
0.000000
0.000000
0.000000
0.000000
0.000000
0.000000
0.000000
0.000000
0.000000
0.000000
0.000000
0.000000
0.000000
0.000000
0.000000
0.000000
0.000000
0.000000
0.000000
0.000000
0.000000
0.000000
0.000000
0.000000
0.000000
0.000000
0.000000
0.000000
0.000000
0.000000
0.000000
0.000000
0.000000
0.000000
0.000000
0.000000
0.000000
0.000000
0.000000
0.000000
0.000000
0.000000
0.000000
0.000000
0.000000
0.000000
0.000000
0.000000
0.000000
0.000000
0.000000
0.000000
0.000000
0.000000
0.000000
0.000000
0.000000
0.000000
0.000000
0.000000
0.000000
0.000000
0.000000
0.000000
0.000000
0.000000
0.000000
0.000000
0.000000
0.000000
0.000000
0.000000
0.000000
0.000000
0.000000
0.000000
0.000000
0.000000
0.000000
0.000000
0.000000
0.000000
0.000000
0.000000
0.000000
0.000000
0.000000
0.000000
0.000000
0.000000
0.000000
0.000000
0.000000
0.000000
0.000000
0.000000
0.000000
0.000000
0.000000
0.000000
0.000000
0.000000
0.000000
0.000000
0.000000
0.000000
0.000000
0.000000
0.000000
0.000000
0.000000
0.000000
0.000000
0.000000
0.000000
0.000000
0.000000
0.000000
0.000000
0.000000
0.000000
0.000000
0.000000
0.000000
0.000000
0.000000
0.000000
0.000000
0.000000
0.000000
0.000000
0.000000
0.000000
0.000000
0.000000
0.000000
0.000000
0.000000
0.000000
0.000000
0.000000
0.000000
0.000000
0.000000
0.000000
0.000000
0.000000
0.000000
0.000000
0.000000
0.000000
0.000000
0.000000
0.000000
0.000000
0.000000
0.000000
0.000000
0.000000
0.000000
0.000000
0.000000
0.000000
0.000000
0.000000
0.000000
0.000000
0.000000
0.000000
0.000000
0.000000
0.000000
0.000000
0.000000
0.000000
0.000000
0.000000
0.000000
0.000000
0.000000
0.000000
0.000000
0.000000
0.000000
0.000000
0.000000
0.000000
0.000000
0.000000
0.000000
0.000000
0.000000
0.000000
0.000000
0.000000
0.000000
0.000000
0.000000
0.000000
0.000000
0.000000
0.000000
0.000000
0.000000
0.000000
0.000000
0.000000
0.000000
0.000000
0.000000
0.000000
0.000000
0.000000
0.000000
0.000000
0.000000
0.000000
0.000000
0.000000
0.000000
0.000000
0.000000
0.000000
0.000000
0.000000
0.000000
0.000000
0.000000
0.000000
0.000000
0.000000
0.000000
0.000000
0.000000
0.000000
0.000000
0.000000
0.000000
0.000000
0.000000
0.000000
0.000000
0.000000
0.000000
0.000000
0.000000
0.000000
0.000000
0.000000
0.000000
0.000000
0.000000
0.000000
0.000000
0.000000
0.000000
0.000000
0.000000
0.000000
0.000000
0.000000
0.000000
0.000000
0.000000
0.000000
0.000000
0.000000
0.000000
0.000000
0.000000
0.000000
0.000000
0.000000
0.000000
0.000000
0.000000
0.000000
0.000000
0.000000
0.000000
0.000000
0.000000
0.000000
0.000000
0.000000
0.000000
0.000000
0.000000
0.000000
0.000000
0.000000
0.000000
0.000000
0.000000
0.000000
0.000000
0.000000
0.000000
0.000000
0.000000
0.000000
0.000000
0.000000
0.000000
0.000000
0.000000
0.000000
0.000000
0.000000
0.000000
0.000000
0.000000
0.000000
0.000000
0.000000
0.000000
0.000000
0.000000
0.000000
0.000000
0.000000
0.000000
0.000000
0.000000
0.000000
0.000000
0.000000
0.000000
0.000000
0.000000
0.000000
0.000000
0.000000
0.000000
0.000000
0.000000
0.000000
0.000000
0.000000
0.000000
0.000000
0.000000
0.000000
0.000000
0.000000
0.000000
0.000000
0.000000
0.000000
0.000000
0.000000
0.000000
0.000000
0.000000
0.000000
0.000000
0.000000
0.000000
0.000000
0.000000
0.000000
0.000000
0.000000
0.000000
0.000000
0.000000
0.000000
0.000000
0.000000
0.000000
0.000000
0.000000
0.000000
0.000000
0.000000
0.000000
0.000000
0.000000
0.000000
0.000000
0.000000
0.000000
0.000000
0.000000
0.000000
0.000000
0.000000
0.000000
0.000000
0.000000
0.000000
0.000000
0.000000
0.000000
0.000000
0.000000
0.000000
0.000000
0.000000
0.000000
0.000000
0.000000
0.000000
0.000000
0.000000
0.000000
0.000000
0.000000
0.000000
0.000000
0.000000
0.000000
0.000000
0.000000
0.000000
0.000000
0.000000
0.000000
0.000000
0.000000
0.000000
0.000000
0.000000
0.000000
0.000000
0.000000
0.000000
0.000000
0.000000
0.000000
0.000000
0.000000
0.000000
0.000000
0.000000
0.000000
0.000000
0.000000
0.000000
0.000000
0.000000
0.000000
0.000000
0.000000
0.000000
0.000000
0.000000
0.000000
0.000000
0.000000
0.000000
0.000000
0.000000
0.000000
0.000000
0.000000
0.000000
0.000000
0.000000
0.000000
0.000000
0.000000
0.000000
0.000000
0.000000
0.000000
0.000000
0.000000
0.000000
0.000000
0.000000
0.000000
0.000000
0.000000
0.000000
0.000000
0.000000
0.000000
0.000000
0.000000
0.000000
0.000000
0.000000
0.000000
0.000000
0.000000
0.000000
0.000000
0.000000
0.000000
0.000000
0.000000
0.000000
0.000000
0.000000
0.000000
0.000000
0.000000
0.000000
0.000000
0.000000
0.000000
0.000000
0.000000
0.000000
0.000000
0.000000
0.000000
0.000000
0.000000
0.000000
0.000000
0.000000
0.000000
0.000000
0.000000
0.000000
0.000000
0.000000
0.000000
0.000000
0.000000
0.000000
0.000000
0.000000
0.000000
0.000000
0.000000
0.000000
0.000000
0.000000
0.000000
0.000000
0.000000
0.000000
0.000000
0.000000
0.000000
0.000000
0.000000
0.000000
0.000000
0.000000
0.000000
0.000000
0.000000
0.000000
0.000000
0.000000
0.000000
0.000000
0.000000
0.000000
0.000000
0.000000
0.000000
0.000000
0.000000
0.000000
0.000000
0.000000
0.000000
0.000000
0.000000
0.000000
0.000000
0.000000
0.000000
0.000000
0.000000
0.000000
0.000000
0.000000
0.000000
0.000000
0.000000
0.000000
0.000000
0.000000
0.000000
0.000000
0.000000
0.000000
0.000000
0.000000
0.000000
0.000000
0.000000
0.000000
0.000000
0.000000
0.000000
0.000000
0.000000
0.000000
0.000000
0.000000
0.000000
0.000000
0.000000
0.000000
0.000000
0.000000
0.000000
0.000000
0.000000
0.000000
0.000000
0.000000
0.000000
0.000000
0.000000
0.000000
0.000000
0.000000
0.000000
0.000000
0.000000
0.000000
0.000000
0.000000
0.000000
0.000000
0.000000
0.000000
0.000000
0.000000
0.000000
0.000000
0.000000
0.000000
0.000000
0.000000
0.000000
0.000000
0.000000
0.000000
0.000000
0.000000
0.000000
0.000000
0.000000
0.000000
0.000000
0.000000
0.000000
0.000000
0.000000
0.000000
0.000000
0.000000
0.000000
0.000000
0.000000
0.000000
0.000000
0.000000
0.000000
0.000000
0.000000
0.000000
0.000000
0.000000
0.000000
0.000000
0.000000
0.000000
0.000000
0.000000
0.000000
0.000000
0.000000
0.000000
0.000000
0.000000
0.000000
0.000000
0.000000
0.000000
0.000000
0.000000
0.000000
0.000000
0.000000
0.000000
0.000000
0.000000
0.000000
0.000000
0.000000
0.000000
0.000000
0.000000
0.000000
0.000000
0.000000
0.000000
0.000000
0.000000
0.000000
0.000000
0.000000
0.000000
0.000000
0.000000
0.000000
0.000000
0.000000
0.000000
0.000000
0.000000
0.000000
0.000000
0.000000
0.000000
0.000000
0.000000
0.000000
0.000000
0.000000
0.000000
0.000000
0.000000
0.000000
0.000000
0.000000
0.000000
0.000000
0.000000
0.000000
0.000000
0.000000
0.000000
0.000000
0.000000
0.000000
0.000000
0.000000
0.000000
0.000000
0.000000
0.000000
0.000000
0.000000
0.000000
0.000000
0.000000
0.000000
0.000000
0.000000
0.000000
0.000000
0.000000
0.000000
0.000000
0.000000
0.000000
0.000000
0.000000
0.000000
0.000000
0.000000
0.000000
0.000000
0.000000
0.000000
0.000000
0.000000
0.000000
0.000000
0.000000
0.000000
0.000000
0.000000
0.000000
0.000000
0.000000
0.000000
0.000000
0.000000
0.000000
0.000000
0.000000
0.000000
0.000000
0.000000
0.000000
0.000000
0.000000
0.000000
0.000000
0.000000
0.000000
0.000000
0.000000
0.000000
0.000000
0.000000
0.000000
0.000000
0.000000
0.000000
0.000000
0.000000
0.000000
0.000000
0.000000
0.000000
0.000000
0.000000
0.000000
0.000000
0.000000
0.000000
0.000000
0.000000
0.000000
0.000000
0.000000
0.000000
0.000000
0.000000
0.000000
0.000000
0.000000
0.000000
0.000000
0.000000
0.000000
0.000000
0.000000
0.000000
0.000000
0.000000
0.000000
0.000000
0.000000
0.000000
0.000000
0.000000
0.000000
0.000000
0.000000
0.000000
0.000000
0.000000
0.000000
0.000000
0.000000
0.000000
0.000000
0.000000
0.000000
0.000000
0.000000
0.000000
0.000000
0.000000
0.000000
0.000000
0.000000
0.000000
0.000000
0.000000
0.000000
0.000000
0.000000
0.000000
0.000000
0.000000
0.000000
0.000000
0.000000
0.000000
0.000000
0.000000
0.000000
0.000000
0.000000
0.000000
0.000000
0.000000
0.000000
0.000000
0.000000
0.000000
0.000000
0.000000
0.000000
0.000000
0.000000
0.000000
0.000000
0.000000
0.000000
0.000000
0.000000
0.000000
0.000000
0.000000
0.000000
0.000000
0.000000
0.000000
0.000000
0.000000
0.000000
0.000000
0.000000
0.000000
0.000000
0.000000
0.000000
0.000000
0.000000
0.000000
0.000000
0.000000
0.000000
0.000000
0.000000
0.000000
0.000000
0.000000
0.000000
0.000000
0.000000
0.000000
0.000000
0.000000
0.000000
0.000000
0.000000
0.000000
0.000000
0.000000
0.000000
0.000000
0.000000
0.000000
0.000000
0.000000
0.000000
0.000000
0.000000
0.000000
0.000000
0.000000
0.000000
0.000000
0.000000
0.000000
0.000000
0.000000
0.000000
0.000000
0.000000
0.000000
0.000000
0.000000
0.000000
0.000000
0.000000
0.000000
0.000000
0.000000
0.000000
0.000000
0.000000
0.000000
0.000000
0.000000
0.000000
0.000000
0.000000
0.000000
0.000000
0.000000
0.000000
0.000000
0.000000
0.000000
0.000000
0.000000
0.000000
0.000000
0.000000
0.000000
0.000000
0.000000
0.000000
0.000000
0.000000
0.000000
0.000000
0.000000
0.000000
0.000000
0.000000
0.000000
0.000000
0.000000
0.000000
0.000000
0.000000
0.000000
0.000000
0.000000
0.000000
0.000000
0.000000
0.000000
0.000000
0.000000
0.000000
0.000000
0.000000
0.000000
0.000000
0.000000
0.000000
0.000000
0.000000
0.000000
0.000000
0.000000
0.000000
0.000000
0.000000
0.000000
0.000000
0.000000
0.000000
0.000000
0.000000
0.000000
0.000000
0.000000
0.000000
0.000000
0.000000
0.000000
0.000000
0.000000
0.000000
0.000000
0.000000
0.000000
0.000000
0.000000
0.000000
0.000000
0.000000
0.000000
0.000000
0.000000
0.000000
0.000000
0.000000
0.000000
0.000000
0.000000
0.000000
0.000000
0.000000
0.000000
0.000000
0.000000
0.000000
0.000000
0.000000
0.000000
0.000000
0.000000
0.000000
0.000000
0.000000
0.000000
0.000000
0.000000
0.000000
0.000000
0.000000
0.000000
0.000000
0.000000
0.000000
0.000000
0.000000
0.000000
0.000000
0.000000
0.000000
0.000000
0.000000
0.000000
0.000000
0.000000
0.000000
0.000000
0.000000
0.000000
0.000000
0.000000
0.000000
0.000000
0.000000
0.000000
0.000000
0.000000
0.000000
0.000000
0.000000
0.000000
0.000000
0.000000
0.000000
0.000000
0.000000
0.000000
0.000000
0.000000
0.000000
0.000000
0.000000
0.000000
0.000000
0.000000
0.000000
0.000000
0.000000
0.000000
0.000000
0.000000
0.000000
0.000000
0.000000
0.000000
0.000000
0.000000
0.000000
0.000000
0.000000
0.000000
0.000000
0.000000
0.000000
0.000000
0.000000
0.000000
0.000000
0.000000
0.000000
0.000000
0.000000
0.000000
0.000000
0.000000
0.000000
0.000000
0.000000
0.000000
0.000000
0.000000
0.000000
0.000000
0.000000
0.000000
0.000000
0.000000
0.000000
0.000000
0.000000
0.000000
0.000000
0.000000
0.000000
0.000000
0.000000
0.000000
0.000000
0.000000
0.000000
0.000000
0.000000
0.000000
0.000000
0.000000
0.000000
0.000000
0.000000
0.000000
0.000000
0.000000
0.000000
0.000000
0.000000
0.000000
0.000000
0.000000
0.000000
0.000000
0.000000
0.000000
0.000000
0.000000
0.000000
0.000000
0.000000
0.000000
0.000000
0.000000
0.000000
0.000000
0.000000
0.000000
0.000000
0.000000
0.000000
0.000000
0.000000
0.000000
0.000000
0.000000
0.000000
0.000000
0.000000
0.000000
0.000000
0.000000
0.000000
0.000000
0.000000
0.000000
0.000000
0.000000
0.000000
0.000000
0.000000
0.000000
0.000000
0.000000
0.000000
0.000000
0.000000
0.000000
0.000000
0.000000
0.000000
0.000000
0.000000
0.000000
0.000000
0.000000
0.000000
0.000000
0.000000
0.000000
0.000000
0.000000
0.000000
0.000000
0.000000
0.000000
0.000000
0.000000
0.000000
0.000000
0.000000
0.000000
0.000000
0.000000
0.000000
0.000000
0.000000
0.000000
0.000000
0.000000
0.000000
0.000000
0.000000
0.000000
0.000000
0.000000
0.000000
0.000000
0.000000
0.000000
0.000000
0.000000
0.000000
0.000000
0.000000
0.000000
0.000000
0.000000
0.000000
0.000000
0.000000
0.000000
0.000000
0.000000
0.000000
0.000000
0.000000
0.000000
0.000000
0.000000
0.000000
0.000000
0.000000
0.000000
0.000000
0.000000
0.000000
0.000000
0.000000
0.000000
0.000000
0.000000
0.000000
0.000000
0.000000
0.000000
0.000000
0.000000
0.000000
0.000000
0.000000
0.000000
0.000000
0.000000
0.000000
0.000000
0.000000
0.000000
0.000000
0.000000
0.000000
0.000000
0.000000
0.000000
0.000000
0.000000
0.000000
0.000000
0.000000
0.000000
0.000000
0.000000
0.000000
0.000000
0.000000
0.000000
0.000000
0.000000
0.000000
0.000000
0.000000
0.000000
0.000000
0.000000
0.000000
0.000000
0.000000
0.000000
0.000000
0.000000
0.000000
0.000000
0.000000
0.000000
0.000000
0.000000
0.000000
0.000000
0.000000
0.000000
0.000000
0.000000
0.000000
0.000000
0.000000
0.000000
0.000000
0.000000
0.000000
0.000000
0.000000
0.000000
0.000000
0.000000
0.000000
0.000000
0.000000
0.000000
0.000000
0.000000
0.000000
0.000000
0.000000
0.000000
0.000000
0.000000
0.000000
0.000000
0.000000
0.000000
0.000000
0.000000
0.000000
0.000000
0.000000
0.000000
0.000000
0.000000
0.000000
0.000000
0.000000
0.000000
0.000000
0.000000
0.000000
0.000000
0.000000
0.000000
0.000000
0.000000
0.000000
0.000000
0.000000
0.000000
0.000000
0.000000
0.000000
0.000000
0.000000
0.000000
0.000000
0.000000
0.000000
0.000000
0.000000
0.000000
0.000000
0.000000
0.000000
0.000000
0.000000
0.000000
0.000000
0.000000
0.000000
0.000000
0.000000
0.000000
0.000000
0.000000
0.000000
0.000000
0.000000
0.000000
0.000000
0.000000
0.000000
0.000000
0.000000
0.000000
0.000000
0.000000
0.000000
0.000000
0.000000
0.000000
0.000000
0.000000
0.000000
0.000000
0.000000
0.000000
0.000000
0.000000
0.000000
0.000000
0.000000
0.000000
0.000000
0.000000
0.000000
0.000000
0.000000
0.000000
0.000000
0.000000
0.000000
0.000000
0.000000
0.000000
0.000000
0.000000
0.000000
0.000000
0.000000
0.000000
0.000000
0.000000
0.000000
0.000000
0.000000
0.000000
0.000000
0.000000
0.000000
0.000000
0.000000
0.000000
0.000000
0.000000
0.000000
0.000000
0.000000
0.000000
0.000000
0.000000
0.000000
0.000000
0.000000
0.000000
0.000000
0.000000
0.000000
0.000000
0.000000
0.000000
0.000000
0.000000
0.000000
0.000000
0.000000
0.000000
0.000000
0.000000
0.000000
0.000000
0.000000
0.000000
0.000000
0.000000
0.000000
0.000000
0.000000
0.000000
0.000000
0.000000
0.000000
0.000000
0.000000
0.000000
0.000000
0.000000
0.000000
0.000000
0.000000
0.000000
0.000000
0.000000
0.000000
0.000000
0.000000
0.000000
0.000000
0.000000
0.000000
0.000000
0.000000
0.000000
0.000000
0.000000
0.000000
0.000000
0.000000
0.000000
0.000000
0.000000
0.000000
0.000000
0.000000
0.000000
0.000000
0.000000
0.000000
0.000000
0.000000
0.000000
0.000000
0.000000
0.000000
0.000000
0.000000
0.000000
0.000000
0.000000
0.000000
0.000000
0.000000
0.000000
0.000000
0.000000
0.000000
0.000000
0.000000
0.000000
0.000000
0.000000
0.000000
0.000000
0.000000
0.000000
0.000000
0.000000
0.000000
0.000000
0.000000
0.000000
0.000000
0.000000
0.000000
0.000000
0.000000
0.000000
0.000000
0.000000
0.000000
0.000000
0.000000
0.000000
0.000000
0.000000
0.000000
0.000000
0.000000
0.000000
0.000000
0.000000
0.000000
0.000000
0.000000
0.000000
0.000000
0.000000
0.000000
0.000000
0.000000
0.000000
0.000000
0.000000
0.000000
0.000000
0.000000
0.000000
0.000000
0.000000
0.000000
0.000000
0.000000
0.000000
0.000000
0.000000
0.000000
0.000000
0.000000
0.000000
0.000000
0.000000
0.000000
0.000000
0.000000
0.000000
0.000000
0.000000
0.000000
0.000000
0.000000
0.000000
0.000000
0.000000
0.000000
0.000000
0.000000
0.000000
0.000000
0.000000
0.000000
0.000000
0.000000
0.000000
0.000000
0.000000
0.000000
0.000000
0.000000
0.000000
0.000000
0.000000
0.000000
0.000000
0.000000
0.000000
0.000000
0.000000
0.000000
0.000000
0.000000
0.000000
0.000000
0.000000
0.000000
0.000000
0.000000
0.000000
0.000000
0.000000
0.000000
0.000000
0.000000
0.000000
0.000000
0.000000
0.000000
0.000000
0.000000
0.000000
0.000000
0.000000
0.000000
0.000000
0.000000
0.000000
0.000000
0.000000
0.000000
0.000000
0.000000
0.000000
0.000000
0.000000
0.000000
0.000000
0.000000
0.000000
0.000000
0.000000
0.000000
0.000000
0.000000
0.000000
0.000000
0.000000
0.000000
0.000000
0.000000
0.000000
0.000000
0.000000
0.000000
0.000000
0.000000
0.000000
0.000000
0.000000
0.000000
0.000000
0.000000
0.000000
0.000000
0.000000
0.000000
0.000000
0.000000
0.000000
0.000000
0.000000
0.000000
0.000000
0.000000
0.000000
0.000000
0.000000
0.000000
0.000000
0.000000
0.000000
0.000000
0.000000
0.000000
0.000000
0.000000
0.000000
0.000000
0.000000
0.000000
0.000000
0.000000
0.000000
0.000000
0.000000
0.000000
0.000000
0.000000
0.000000
0.000000
0.000000
0.000000
0.000000
0.000000
0.000000
0.000000
0.000000
0.000000
0.000000
0.000000
0.000000
0.000000
0.000000
0.000000
0.000000
0.000000
0.000000
0.000000
0.000000
0.000000
0.000000
0.000000
0.000000
0.000000
0.000000
0.000000
0.000000
0.000000
0.000000
0.000000
0.000000
0.000000
0.000000
0.000000
0.000000
0.000000
0.000000
0.000000
0.000000
0.000000
0.000000
0.000000
0.000000
0.000000
0.000000
0.000000
0.000000
0.000000
0.000000
0.000000
0.000000
0.000000
0.000000
0.000000
0.000000
0.000000
0.000000
0.000000
0.000000
0.000000
0.000000
0.000000
0.000000
0.000000
0.000000
0.000000
0.000000
0.000000
0.000000
0.000000
0.000000
0.000000
0.000000
0.000000
0.000000
0.000000
0.000000
0.000000
0.000000
0.000000
0.000000
0.000000
0.000000
0.000000
0.000000
0.000000
0.000000
0.000000
0.000000
0.000000
0.000000
0.000000
0.000000
0.000000
0.000000
0.000000
0.000000
0.000000
0.000000
0.000000
0.000000
0.000000
0.000000
0.000000
0.000000
0.000000
0.000000
0.000000
0.000000
0.000000
0.000000
0.000000
0.000000
0.000000
0.000000
0.000000
0.000000
0.000000
0.000000
0.000000
0.000000
0.000000
0.000000
0.000000
0.000000
0.000000
0.000000
0.000000
0.000000
0.000000
0.000000
0.000000
0.000000
0.000000
0.000000
0.000000
0.000000
0.000000
0.000000
0.000000
0.000000
0.000000
0.000000
0.000000
0.000000
0.000000
0.000000
0.000000
0.000000
0.000000
0.000000
0.000000
0.000000
0.000000
0.000000
0.000000
0.000000
0.000000
0.000000
0.000000
0.000000
0.000000
0.000000
0.000000
0.000000
0.000000
0.000000
0.000000
0.000000
0.000000
0.000000
0.000000
0.000000
0.000000
0.000000
0.000000
0.000000
0.000000
0.000000
0.000000
0.000000
0.000000
0.000000
0.000000
0.000000
0.000000
0.000000
0.000000
0.000000
0.000000
0.000000
0.000000
0.000000
0.000000
0.000000
0.000000
0.000000
0.000000
0.000000
0.000000
0.000000
0.000000
0.000000
0.000000
0.000000
0.000000
0.000000
0.000000
0.000000
0.000000
0.000000
0.000000
0.000000
0.000000
0.000000
0.000000
0.000000
0.000000
0.000000
0.000000
0.000000
0.000000
0.000000
0.000000
0.000000
0.000000
0.000000
0.000000
0.000000
0.000000
0.000000
0.000000
0.000000
0.000000
0.000000
0.000000
0.000000
0.000000
0.000000
0.000000
0.000000
0.000000
0.000000
0.000000
0.000000
0.000000
0.000000
0.000000
0.000000
0.000000
0.000000
0.000000
0.000000
0.000000
0.000000
0.000000
0.000000
0.000000
0.000000
0.000000
0.000000
0.000000
0.000000
0.000000
0.000000
0.000000
0.000000
0.000000
0.000000
0.000000
0.000000
0.000000
0.000000
0.000000
0.000000
0.000000
0.000000
0.000000
0.000000
0.000000
0.000000
0.000000
0.000000
0.000000
0.000000
0.000000
0.000000
0.000000
0.000000
0.000000
0.000000
0.000000
0.000000
0.000000
0.000000
0.000000
0.000000
0.000000
0.000000
0.000000
0.000000
0.000000
0.000000
0.000000
0.000000
0.000000
0.000000
0.000000
0.000000
0.000000
0.000000
0.000000
0.000000
0.000000
0.000000
0.000000
0.000000
0.000000
0.000000
0.000000
0.000000
0.000000
0.000000
0.000000
0.000000
0.000000
0.000000
0.000000
0.000000
0.000000
0.000000
0.000000
0.000000
0.000000
0.000000
0.000000
0.000000
0.000000
0.000000
0.000000
0.000000
0.000000
0.000000
0.000000
0.000000
0.000000
0.000000
0.000000
0.000000
0.000000
0.000000
0.000000
0.000000
0.000000
0.000000
0.000000
0.000000
0.000000
0.000000
0.000000
0.000000
0.000000
0.000000
0.000000
0.000000
0.000000
0.000000
0.000000
0.000000
0.000000
0.000000
0.000000
0.000000
0.000000
0.000000
0.000000
0.000000
0.000000
0.000000
0.000000
0.000000
0.000000
0.000000
0.000000
0.000000
0.000000
0.000000
0.000000
0.000000
0.000000
0.000000
0.000000
0.000000
0.000000
0.000000
0.000000
0.000000
0.000000
0.000000
0.000000
0.000000
0.000000
0.000000
0.000000
0.000000
0.000000
0.000000
0.000000
0.000000
0.000000
0.000000
0.000000
0.000000
0.000000
0.000000
0.000000
0.000000
0.000000
0.000000
0.000000
0.000000
0.000000
0.000000
0.000000
0.000000
0.000000
0.000000
0.000000
0.000000
0.000000
0.000000
0.000000
0.000000
0.000000
0.000000
0.000000
0.000000
0.000000
0.000000
0.000000
0.000000
0.000000
0.000000
0.000000
0.000000
0.000000
0.000000
0.000000
0.000000
0.000000
0.000000
0.000000
0.000000
0.000000
0.000000
0.000000
0.000000
0.000000
0.000000
0.000000
0.000000
0.000000
0.000000
0.000000
0.000000
0.000000
0.000000
0.000000
0.000000
0.000000
0.000000
0.000000
0.000000
