1.481407
1.569302
1.658450
1.750795
1.844838
1.939075
2.036678
2.128718
2.388445
2.366350
2.344255
2.322114
2.299659
2.276831
2.254252
2.231555
2.208989
2.186298
2.163785
2.141650
2.119457
2.097401
2.076000
2.054095
2.032537
2.011142
1.989846
1.968719
1.947901
1.927233
1.906820
1.886164
1.863912
1.842485
1.820416
1.800147
1.777621
1.757581
1.735348
1.713351
1.691630
1.669574
1.648402
1.627419
1.604794
1.583308
1.562954
1.542358
1.522056
1.501584
1.481407
1.501931
1.481407
1.481407
1.481407
1.481407
1.481407
1.481407
1.481407
1.481407
1.481407
1.481407
1.481407
1.567856
1.654861
1.742534
2.000000
2.000000
2.000000
2.000000
2.000000
2.000000
2.000000
2.094905
2.193008
2.284659
2.374946
2.466986
2.563143
2.650537
2.738071
3.000000
3.000000
3.000000
3.000000
3.000000
3.000000
3.000000
3.000000
3.000000
3.000000
3.000000
3.000000
3.000000
3.000000
3.000000
3.000000
3.000000
3.000000
3.000000
3.000000
3.099015
3.076514
3.053987
3.030943
3.007107
2.981406
3.048365
3.027893
3.007284
2.981406
2.981406
2.981406
2.981406
2.981406
2.981406
2.981406
2.981406
2.981406
2.981406
2.981406
2.981406
2.981406
2.981406
2.981406
2.981406
2.981406
2.981406
2.981406
2.981406
2.981406
2.981406
2.981406
2.981406
2.981406
2.981406
2.981406
2.981406
2.981406
2.981406
2.981406
2.981406
2.981406
2.981406
2.981406
2.981406
2.981406
2.981406
2.981406
2.981406
2.981406
2.981406
2.981406
2.981406
2.981406
2.981406
2.981406
2.981406
2.981406
2.981406
2.981406
2.981406
2.981406
2.981406
2.981406
2.981406
2.981406
2.981406
2.981406
2.981406
2.981406
2.981406
2.981406
2.981406
2.981406
2.981406
2.981406
2.981406
2.981406
2.981406
2.981406
2.981406
2.981406
2.981406
2.981406
2.981406
2.981406
2.981406
2.981406
2.981406
2.981406
2.981406
2.981406
2.981406
2.981406
2.981406
2.981406
2.981406
2.981406
2.981406
2.981406
2.981406
2.981406
2.981406
2.981406
2.981406
2.981406
2.981406
2.981406
2.981406
2.981406
2.981406
2.981406
2.981406
2.981406
2.981406
2.981406
2.981406
2.981406
2.981406
2.981406
2.981406
2.981406
2.981406
2.981406
2.981406
2.981406
2.981406
2.981406
2.981406
2.981406
2.981406
2.981406
2.981406
2.981406
2.981406
2.981406
2.981406
2.981406
2.981406
2.981406
2.981406
2.981406
2.981406
2.981406
2.981406
2.981406
2.981406
2.981406
2.981406
2.981406
2.981406
2.981406
2.981406
2.981406
2.981406
2.981406
2.981406
2.981406
2.981406
2.981406
2.981406
2.981406
2.981406
2.981406
2.981406
2.981406
2.981406
2.981406
2.981406
2.981406
2.981406
2.981406
2.981406
2.981406
2.981406
2.981406
2.981406
2.981406
2.981406
2.981406
2.981406
2.981406
2.981406
2.981406
2.981406
2.981406
2.981406
2.981406
2.981406
2.981406
2.981406
2.981406
2.981406
2.981406
2.981406
2.981406
2.981406
2.981406
2.981406
2.981406
2.981406
2.981406
2.981406
2.981406
2.981406
2.981406
2.981406
2.981406
2.981406
2.981406
2.981406
2.981406
2.981406
2.981406
2.981406
2.981406
2.981406
2.981406
2.981406
2.981406
2.981406
2.981406
2.981406
2.981406
2.981406
2.981406
2.981406
2.981406
2.981406
2.981406
2.981406
2.981406
2.981406
2.981406
2.981406
2.981406
2.981406
2.981406
2.981406
2.981406
2.981406
2.981406
2.981406
2.981406
2.836777
2.815154
2.793772
2.772391
2.751303
2.730642
2.709784
2.689292
2.668565
2.648106
2.627798
2.607673
2.583628
2.563523
2.543293
2.519575
2.496060
2.472728
2.449553
2.426332
2.403413
2.380519
2.358097
2.335446
2.313397
2.291289
2.269057
2.247217
2.225201
2.203806
2.182529
2.161324
2.140237
2.119104
2.098495
2.077813
2.057485
2.037099
2.013930
1.993635
1.973517
1.950499
1.927612
1.905000
1.882787
1.860509
1.837819
1.815436
1.793812
1.772483
1.751311
1.729831
1.707684
1.686760
1.666105
1.645456
1.624952
1.604153
1.583688
1.563222
1.543078
1.522933
1.502141
1.481407
1.481407
1.481407
1.481407
1.481407
1.481407
1.481407
1.481407
1.481407
1.481407
1.481407
1.481407
1.481407
1.481407
1.481407
1.481407
1.481407
1.481407
1.481407
1.481407
1.481407
1.481407
1.481407
1.481407
1.481407
1.481407
1.481407
1.481407
1.481407
1.481407
1.481407
1.481407
1.481407
1.481407
1.481407
1.481407
1.481407
1.481407
1.481407
1.481407
1.481407
1.481407
1.481407
1.569136
1.657059
1.744370
2.000000
2.000000
2.000000
2.000000
2.000000
2.000000
2.000000
2.000000
2.089286
2.181743
2.276815
2.374863
2.460394
2.549402
2.639773
2.733816
3.000000
3.000000
3.000000
3.000000
3.000000
3.000000
3.000000
3.000000
3.000000
3.000000
3.000000
3.000000
3.000000
3.000000
3.000000
3.000000
3.000000
3.000000
3.000000
3.055767
3.032527
3.007349
2.981406
2.981406
2.981406
2.981406
2.981406
2.981406
2.981406
2.981406
2.981406
2.981406
2.981406
2.981406
2.981406
2.981406
2.981406
2.981406
2.981406
2.981406
2.981406
2.981406
2.981406
2.981406
2.981406
2.981406
2.981406
2.981406
2.981406
2.981406
2.981406
2.981406
2.981406
2.981406
2.981406
2.981406
2.981406
2.981406
2.981406
2.981406
2.981406
2.981406
2.981406
2.981406
2.981406
2.981406
2.981406
2.981406
2.981406
2.981406
2.981406
2.981406
2.981406
2.981406
2.981406
2.981406
2.981406
2.981406
2.981406
2.981406
2.981406
2.981406
2.981406
2.981406
2.981406
2.981406
2.981406
2.981406
2.981406
2.981406
2.981406
2.981406
2.981406
2.981406
2.981406
2.981406
2.981406
2.981406
2.981406
2.981406
2.981406
2.981406
2.981406
2.981406
2.981406
2.981406
2.981406
2.981406
2.981406
2.981406
2.981406
2.981406
2.981406
2.981406
2.981406
2.981406
2.981406
2.981406
2.981406
2.981406
2.981406
2.981406
2.981406
2.981406
2.981406
2.981406
2.981406
2.981406
2.981406
2.981406
2.981406
2.981406
2.981406
2.981406
2.981406
2.981406
2.981406
2.981406
2.981406
2.981406
2.981406
2.981406
2.981406
2.981406
2.981406
2.981406
2.981406
2.981406
2.981406
2.981406
2.981406
2.981406
2.981406
2.981406
2.981406
2.981406
2.981406
2.981406
2.981406
2.981406
2.981406
2.981406
2.981406
2.981406
2.981406
2.981406
2.981406
2.981406
2.981406
2.981406
2.981406
2.981406
2.981406
2.981406
2.981406
2.981406
2.981406
2.981406
2.981406
2.981406
2.981406
2.981406
2.981406
2.981406
2.981406
2.981406
2.981406
2.981406
2.981406
2.981406
2.981406
2.981406
2.981406
2.981406
2.981406
2.981406
2.981406
2.981406
2.981406
2.981406
2.981406
2.981406
2.981406
2.981406
2.844490
2.819810
2.795150
2.770443
2.746130
2.721862
2.697692
2.673889
2.650034
2.626276
2.602480
2.579161
2.555908
2.532746
2.510010
2.486783
2.464131
2.441519
2.418934
2.396328
2.374181
2.352086
2.329860
2.307706
2.285598
2.263209
2.241304
2.219516
2.197683
2.175745
2.153821
2.131758
2.110010
2.088105
2.066226
2.044131
2.022193
2.000000
2.000000
1.864934
1.842963
1.821254
1.799094
1.777064
1.755355
1.733581
1.712311
1.690726
1.669247
1.647787
1.626673
1.605711
1.584552
1.563883
1.542999
1.522377
1.501689
1.481407
1.481407
1.481407
1.501558
1.481407
1.730629
1.706970
1.683789
1.660941
1.637747
1.615017
1.592176
1.569754
1.547567
1.525381
1.503149
1.481407
1.481407
1.481407
1.481407
1.481407
1.481407
1.481407
1.481407
1.481407
1.481407
1.481407
1.481407
1.501473
1.481407
1.566688
1.664430
1.759780
2.000000
2.000000
2.000000
2.000000
2.000000
2.000000
2.000000
2.000000
2.000000
2.000000
2.000000
2.000000
2.000000
2.000000
2.000000
2.000000
2.000000
2.000000
2.000000
2.000000
2.000000
2.000000
2.000000
2.000000
2.000000
2.000000
2.000000
2.000000
2.000000
2.000000
2.000000
2.000000
2.000000
2.000000
2.000000
2.000000
2.000000
2.000000
2.000000
2.000000
2.000000
2.000000
2.000000
2.000000
2.000000
2.000000
2.000000
2.000000
2.000000
2.000000
2.000000
2.000000
2.000000
2.000000
2.000000
2.000000
2.000000
2.000000
2.000000
2.000000
2.000000
2.000000
2.000000
2.000000
2.000000
2.000000
2.000000
2.000000
2.000000
2.000000
2.000000
2.000000
2.000000
2.000000
2.000000
2.000000
2.000000
2.000000
2.000000
2.000000
2.000000
2.000000
2.000000
2.000000
2.000000
2.000000
2.000000
2.000000
2.000000
2.000000
2.000000
2.000000
2.000000
2.000000
2.000000
2.087089
2.173538
2.425527
2.405212
2.384682
2.364380
2.343810
2.323266
2.302696
2.282532
2.261864
2.241569
2.220933
2.200579
2.179728
2.159341
2.138974
2.118581
2.097899
2.077630
2.057093
2.036405
2.015907
1.995690
1.975520
1.955015
1.934537
1.914071
1.893652
1.873128
1.852813
1.832289
1.811679
1.790841
1.769976
1.749275
1.728797
1.708613
1.688050
1.665830
1.645496
1.625005
1.604094
1.583897
1.562928
1.542646
1.522200
1.501833
1.481407
1.481407
1.481407
1.481407
1.501938
1.481407
1.481407
1.481407
1.481407
1.481407
1.481407
1.481407
1.577341
1.675389
1.775078
2.000000
2.000000
2.000000
2.000000
2.000000
2.000000
2.000000
2.000000
2.000000
2.000000
2.000000
2.000000
2.000000
2.000000
2.000000
2.087534
2.175207
2.261656
2.346992
2.432357
2.530572
2.628314
2.724859
3.000000
3.000000
3.000000
3.000000
3.000000
3.000000
3.000000
3.000000
3.000000
3.000000
3.000000
3.062914
3.042566
3.022120
3.001688
2.981406
2.981406
2.981406
2.981406
2.981406
2.981406
2.981406
2.981406
2.981406
2.981406
2.981406
2.981406
2.981406
2.981406
2.981406
2.981406
2.981406
2.981406
2.981406
2.981406
2.981406
2.981406
2.981406
2.981406
2.981406
2.981406
2.981406
2.981406
2.981406
2.981406
2.981406
2.981406
2.981406
2.981406
2.981406
2.981406
2.981406
2.842164
2.821005
2.799336
2.776809
2.753804
2.730093
2.706185
2.682323
2.657760
2.637465
2.616299
2.594492
2.572555
2.551736
2.530793
2.509908
2.488586
2.467178
2.445580
2.424120
2.402824
2.381475
2.359988
2.338731
2.317847
2.296636
2.275679
2.254920
2.233734
2.212994
2.192162
2.171448
2.150963
2.130609
2.110353
2.085595
2.065444
2.040875
2.017824
1.993020
1.970683
1.948359
1.925269
1.900085
1.876046
1.854272
1.831883
1.809598
1.785527
1.762973
1.740787
1.718954
1.697507
1.676236
1.656157
1.634848
1.612039
1.591417
1.568792
1.545218
1.523404
1.501807
1.481407
1.524884
1.501997
1.481407
1.481407
1.548556
1.525381
1.501728
1.481407
1.504870
1.481407
1.481407
1.481407
1.481407
1.481407
1.481407
1.481407
1.481407
1.481407
1.481407
1.481407
1.481407
1.481407
1.481407
1.481407
1.481407
1.571639
1.660897
1.750350
2.000000
2.000000
2.000000
2.000000
2.000000
2.000000
2.000000
2.000000
2.000000
2.098716
2.197042
2.293615
2.389271
2.484927
2.578497
2.671593
2.764301
3.000000
3.000000
3.000000
3.000000
3.000000
3.000000
3.000000
3.000000
3.000000
3.000000
3.000000
3.000000
3.000000
3.000000
3.042514
3.021826
3.001511
2.981406
2.981406
2.981406
2.981406
2.981406
2.981406
2.981406
2.981406
2.981406
2.981406
2.981406
2.981406
2.981406
2.981406
2.981406
2.981406
2.981406
2.981406
2.849696
2.826279
2.802816
2.779144
2.755524
2.731701
2.707990
2.684167
2.660488
2.640291
2.620101
2.599793
2.578863
2.557193
2.535177
2.512794
2.489809
2.466431
2.442733
2.418720
2.394374
2.370139
2.345825
2.321270
2.296642
2.271962
2.247111
2.222163
2.197391
2.172528
2.152462
2.132442
2.108541
2.085110
2.060430
2.035626
2.013845
1.992261
1.968955
1.945289
1.924549
1.904503
1.883239
1.859017
1.834383
1.811005
1.786057
1.762483
1.739282
1.719176
1.698737
1.676348
1.653278
1.629579
1.608977
1.588557
1.566148
1.545657
1.523352
1.502298
1.481407
1.481407
1.481407
1.481407
1.481407
1.524805
1.501447
1.481407
1.481407
1.481407
1.481407
1.481407
1.481407
1.481407
1.481407
1.481407
1.481407
1.481407
1.481407
1.481407
1.481407
1.481407
1.481407
1.481407
1.481407
1.481407
1.481407
1.481407
1.481407
1.481407
1.566410
1.667629
1.767790
2.000000
2.000000
2.000000
2.000000
2.000000
2.000000
2.000000
2.000000
2.000000
2.000000
2.000000
2.087840
2.175346
2.262045
2.348355
2.447265
2.545981
2.642972
2.738989
3.000000
3.000000
3.000000
3.000000
3.000000
3.000000
3.000000
3.000000
3.000000
3.000000
3.063130
3.042894
3.022409
3.001930
2.981406
2.981406
2.981406
2.981406
2.981406
2.981406
2.981406
2.981406
2.981406
2.981406
2.981406
2.981406
2.981406
2.981406
2.981406
2.844172
2.823642
2.803628
2.780977
2.758339
2.735570
2.715504
2.695359
2.674998
2.654684
2.634323
2.613818
2.593144
2.572443
2.551886
2.531054
2.510314
2.489560
2.468598
2.446967
2.424984
2.402241
2.381900
2.361022
2.339366
2.316106
2.292624
2.272309
2.250142
2.227654
2.205429
2.183039
2.160008
2.136847
2.112985
2.089188
2.065051
2.040751
2.016175
1.991606
1.967823
1.944648
1.920511
1.897192
1.874561
1.853061
1.832158
1.811129
1.790226
1.769878
1.745879
1.721990
1.698796
1.676079
1.653088
1.630568
1.608761
1.587791
1.565997
1.544380
1.523306
1.502389
1.481407
1.481407
1.481407
1.481407
1.481407
1.481407
1.481407
1.481407
1.481407
1.481407
1.481407
1.481407
1.481407
1.481407
1.481407
1.481407
1.481407
1.481407
1.481407
1.481407
1.481407
1.481407
1.481407
1.481407
1.481407
1.481407
1.481407
1.481407
1.481407
1.481407
1.481407
1.481407
1.481407
1.481407
1.566410
1.662956
1.749071
2.000000
2.000000
2.000000
2.000000
2.000000
2.000000
2.000000
2.000000
2.000000
2.087256
2.174789
2.261850
2.347993
2.434109
2.521476
2.608564
2.695236
2.783131
3.000000
3.000000
3.000000
3.000000
3.000000
3.000000
3.000000
3.000000
3.000000
3.000000
3.065126
3.044569
3.023973
3.002840
2.981406
2.981406
2.981406
2.981406
2.981406
2.981406
2.981406
2.981406
2.981406
2.981406
2.981406
2.981406
2.981406
2.981406
2.981406
2.981406
2.981406
2.981406
2.981406
2.981406
2.981406
2.827438
2.802633
2.777816
2.752789
2.728017
2.703311
2.678761
2.654598
2.630383
2.606233
2.582116
2.558143
2.534464
2.511165
2.487879
2.464337
2.441110
2.418053
2.395343
2.372986
2.350708
2.328233
2.306106
2.284188
2.262459
2.240665
2.219421
2.197882
2.176782
2.155551
2.134327
2.113809
2.093148
2.072506
2.052001
2.031608
2.011555
1.987922
1.967156
1.944203
1.921447
1.899778
1.876073
1.853611
1.831379
1.809808
1.787706
1.766292
1.745486
1.724268
1.701499
1.681119
1.658206
1.638048
1.616863
1.593727
1.570893
1.548490
1.525394
1.502245
1.481407
1.569970
1.667156
1.758695
2.000000
2.000000
2.000000
2.000000
2.000000
2.000000
2.000000
2.000000
2.000000
2.000000
2.000000
2.000000
2.000000
2.000000
2.089676
2.365473
2.344366
2.323397
2.302408
2.281472
2.260843
2.240233
2.219408
2.198694
2.177751
2.156913
2.136257
2.115805
2.095294
2.074325
2.053460
2.032753
2.011967
1.991292
1.970814
1.950276
1.929333
1.907690
1.884574
1.862368
1.838912
1.818087
1.797804
1.777162
1.756573
1.735204
1.713914
1.692965
1.670811
1.648722
1.627733
1.606686
1.586122
1.565330
1.544923
1.521683
1.501480
1.481407
1.481407
1.501728
1.481407
1.526696
1.503914
1.481407
1.481407
1.481407
1.481407
1.481407
1.481407
1.481407
1.571917
1.662928
1.752631
2.000000
2.000000
2.069436
2.048925
2.028571
2.007870
1.987221
1.966547
1.946245
1.925158
1.904248
1.883429
1.862695
1.842466
1.821830
1.801267
1.780716
1.760048
1.739936
1.719484
1.698855
1.678187
1.657617
1.636916
1.615561
1.592994
1.570435
1.547574
1.524543
1.501499
1.481407
1.501598
1.481407
1.481407
1.481407
1.481407
1.481407
1.481407
1.481407
1.481407
1.481407
1.481407
1.481407
1.481407
1.481407
1.481407
1.481407
1.481407
1.481407
1.481407
1.481407
1.481407
1.481407
1.481407
1.481407
1.481407
1.481407
1.481407
1.481407
1.481407
1.481407
1.481407
1.481407
1.481407
1.481407
1.481407
1.481407
1.481407
1.481407
1.481407
1.481407
1.481407
1.481407
1.481407
1.481407
1.481407
1.481407
1.481407
1.481407
1.481407
1.481407
1.569414
1.657504
1.743341
1.829679
2.095216
2.074299
2.053644
2.033139
2.012484
1.991600
1.971252
1.950355
1.929909
1.909725
1.889633
1.869410
1.848467
1.828113
1.807870
1.787150
1.766756
1.745859
1.725590
1.702625
1.682094
1.661596
1.639723
1.617897
1.595749
1.573321
1.550277
1.527567
1.504451
1.481407
1.481407
1.481407
1.481407
1.481407
1.481407
1.481407
1.481407
1.481407
1.481407
1.571249
1.661454
1.751713
2.000000
2.088507
2.309696
2.289099
2.268490
2.247815
2.227036
2.206407
2.185516
2.164691
2.144082
2.123623
2.103053
2.082404
2.061566
2.040996
2.020387
2.000000
2.000000
2.000000
2.000000
2.097644
2.077231
2.056707
2.035358
2.013230
1.990029
1.969741
1.948745
1.927200
1.907082
1.885216
1.863271
1.840961
1.817995
1.797949
1.776266
1.754950
1.733274
1.711696
1.690124
1.668841
1.647473
1.626758
1.604814
1.582752
1.562548
1.541978
1.521650
1.501499
1.481407
1.595265
1.572418
1.549236
1.526402
1.503751
1.481407
1.481407
1.481407
1.481407
1.481407
1.481407
1.481407
1.481407
1.481407
1.481407
1.481407
1.481407
1.481407
1.569219
1.657309
1.745761
2.000000
2.000000
2.026378
2.005907
1.985382
1.964688
1.943837
1.923378
1.902788
1.882107
1.861491
1.840757
1.820403
1.799833
1.779047
1.758641
1.738084
1.717363
1.696590
1.676079
1.655575
1.635070
1.613597
1.590847
1.568589
1.545467
1.524923
1.501938
1.481407
1.501447
1.481407
1.481407
1.527541
1.504242
1.481407
1.481407
1.481407
1.481407
1.481407
1.481407
1.481407
1.481407
1.481407
1.481407
1.481407
1.481407
1.481407
1.481407
1.481407
1.481407
1.481407
1.481407
1.481407
1.569497
1.655974
1.743146
2.000000
2.287313
2.266756
2.246101
2.225550
2.205098
2.184305
2.163899
2.142890
2.122445
2.102123
2.081429
2.061200
2.040708
2.020472
2.000000
2.000000
2.000000
2.000000
2.000000
2.000000
2.000000
2.000000
2.000000
2.000000
2.000000
2.000000
2.000000
2.000000
2.000000
2.000000
2.000000
2.000000
2.000000
2.020125
2.000000
2.020138
2.000000
2.000000
2.085754
2.171869
2.274173
2.375808
2.476554
2.561641
2.663471
2.765135
3.000000
3.000000
3.000000
3.000000
3.000000
3.000000
3.000000
3.000000
3.000000
3.000000
3.000000
3.000000
3.000000
3.099564
3.076540
3.053175
3.029444
3.005589
2.981406
2.981406
2.981406
2.981406
2.981406
2.981406
2.981406
2.981406
2.981406
2.981406
2.981406
2.981406
2.981406
2.981406
2.981406
2.981406
2.981406
2.981406
2.981406
2.981406
2.981406
2.981406
2.981406
2.981406
2.981406
2.981406
2.981406
2.981406
2.981406
2.981406
2.981406
2.981406
2.981406
2.981406
3.022540
3.000000
3.000000
3.000000
3.000000
3.000000
3.000000
3.000000
3.000000
3.000000
3.000000
3.000000
3.000000
3.000000
3.000000
3.000000
3.000000
3.000000
2.981406
2.981406
2.981406
2.981406
2.981406
2.981406
2.981406
3.069852
3.044949
3.020236
3.000000
3.000000
3.000000
3.000000
3.000000
3.000000
3.000000
3.000000
3.000000
3.000000
3.000000
3.000000
3.000000
3.000000
3.000000
3.000000
3.000000
3.002964
2.981406
2.981406
2.981406
2.981406
2.981406
2.981406
2.981406
2.981406
2.981406
2.981406
2.981406
2.981406
2.981406
2.981406
2.981406
2.981406
2.981406
2.981406
2.981406
2.981406
2.981406
2.981406
2.981406
2.981406
2.981406
2.981406
2.981406
2.981406
2.981406
2.981406
2.981406
2.981406
2.981406
2.981406
2.981406
2.981406
2.981406
2.981406
2.981406
3.022016
3.000000
3.000000
3.000000
3.000000
3.000000
3.000000
3.000000
3.000000
3.000000
3.000000
3.000000
3.000000
3.000000
3.000000
3.000000
3.000000
3.000000
3.000000
3.022821
3.002159
2.981406
2.981406
2.981406
2.981406
2.981406
2.981406
2.981406
3.020158
3.000000
3.000000
3.000000
3.000000
3.000000
3.000000
3.000000
3.000000
3.000000
3.000000
3.000000
3.000000
3.000000
3.000000
3.000000
3.000000
3.000000
3.000000
3.000000
3.000000
3.000000
3.026008
3.005935
2.981406
2.981406
2.981406
2.981406
2.981406
2.981406
2.981406
2.981406
2.981406
2.981406
2.981406
2.981406
2.981406
2.981406
2.981406
2.981406
2.981406
2.981406
2.981406
2.981406
2.832946
2.809817
2.787100
2.764272
2.741261
2.718741
2.696312
2.674276
2.652469
2.630754
2.608606
2.587009
2.565647
2.544370
2.523152
2.502176
2.481318
2.460493
2.439896
2.419339
2.398750
2.378690
2.354606
2.330763
2.310750
2.287045
2.263582
2.240518
2.217291
2.196773
2.175104
2.152629
2.130619
2.107431
2.085873
2.064027
2.042102
2.020792
2.000000
2.000000
2.000000
2.000000
2.000000
2.000000
2.000000
2.000000
2.000000
2.000000
2.000000
2.000000
2.000000
2.000000
2.000000
2.000000
2.000000
2.000000
2.000000
2.000000
2.000000
2.000000
2.000000
2.000000
2.090343
2.180631
2.269694
2.356310
2.444456
2.533130
2.621221
2.708671
3.000000
3.000000
3.000000
3.000000
3.000000
3.000000
3.000000
3.000000
3.000000
3.000000
3.000000
3.000000
3.000000
3.047272
3.026047
3.004162
2.981406
3.002401
2.981406
2.981406
2.981406
2.981406
2.981406
2.981406
2.981406
2.848531
2.825952
2.803242
2.780113
2.756526
2.732795
2.708553
2.684233
2.659906
2.635704
2.611148
2.586396
2.562010
2.537356
2.512506
2.488343
2.464180
2.440351
2.416469
2.392653
2.369157
2.348600
2.328129
2.307617
2.286982
2.266386
2.246222
2.225324
2.204767
2.184440
2.163863
2.143339
2.122802
2.102389
2.081707
2.061268
2.040711
2.020233
1.999656
1.979080
1.958837
1.938247
1.917520
1.897107
1.876714
1.856046
1.834815
1.813754
1.793275
1.772404
1.751945
1.731572
1.710969
1.690288
1.669247
1.649194
1.627701
1.607432
1.584774
1.564675
1.542096
1.521886
1.501611
1.481407
1.481407
1.568357
1.655585
1.743981
2.000000
2.000000
2.000000
2.000000
2.000000
2.000000
2.000000
2.000000
2.000000
2.000000
2.000000
2.000000
2.000000
2.000000
2.000000
2.000000
2.000000
2.087061
2.174984
2.262129
2.485994
2.465574
2.444978
2.424421
2.403864
2.383536
2.362927
2.342304
2.321878
2.301564
2.280987
2.260529
2.240004
2.219559
2.198989
2.178510
2.158281
2.137514
2.117187
2.096780
2.076348
2.055516
2.035168
2.014958
1.994414
1.973713
1.953425
1.932946
1.912278
1.891800
1.871341
1.850843
1.830227
1.809651
1.789283
1.768399
1.747993
1.727717
1.707239
1.686532
1.665811
1.645496
1.624998
1.604245
1.583832
1.563517
1.542796
1.522213
1.501866
1.481407
1.481407
1.481407
1.481407
1.481407
1.481407
1.481407
1.481407
1.481407
1.481407
1.481407
1.481407
1.481407
1.481407
1.481407
1.481407
1.481407
1.481407
1.481407
1.481407
1.481407
1.481407
1.481407
1.481407
1.481407
1.481407
1.481407
1.481407
1.481407
1.481407
1.481407
1.481407
1.481407
1.481407
1.481407
1.481407
1.481407
1.481407
1.481407
1.481407
1.481407
1.481407
1.481407
1.481407
1.481407
1.481407
1.481407
1.481407
1.481407
1.481407
1.481407
1.481407
1.481407
1.481407
1.481407
1.481407
1.481407
1.481407
1.481407
1.481407
1.481407
1.481407
1.481407
1.481407
1.481407
1.481407
1.481407
1.481407
1.481407
1.481407
1.481407
1.481407
1.481407
1.481407
1.481407
1.481407
1.481407
1.481407
1.481407
1.481407
1.481407
1.481407
1.481407
1.481407
1.481407
1.481407
1.481407
1.481407
1.481407
1.481407
1.481407
1.481407
1.481407
1.481407
1.481407
1.481407
1.481407
1.481407
1.481407
1.481407
1.481407
1.481407
1.481407
1.481407
1.481407
1.481407
1.481407
1.481407
1.481407
1.481407
1.481407
1.481407
1.481407
1.481407
1.481407
1.481407
1.481407
1.481407
1.481407
1.481407
1.481407
1.481407
1.481407
1.481407
1.481407
1.481407
1.481407
1.481407
1.481407
1.481407
1.481407
1.481407
1.481407
1.481407
1.481407
1.481407
1.481407
1.481407
1.481407
1.481407
1.481407
1.481407
1.481407
1.481407
1.481407
1.481407
1.481407
1.481407
1.481407
1.481407
1.481407
1.481407
1.481407
1.481407
1.481407
1.481407
1.481407
1.481407
1.481407
1.481407
1.481407
1.481407
1.481407
1.481407
1.481407
1.481407
1.481407
1.481407
1.481407
1.481407
1.481407
1.481407
1.481407
1.481407
1.481407
1.481407
1.481407
1.481407
1.481407
1.481407
1.481407
1.481407
1.481407
1.481407
1.481407
1.481407
1.481407
1.481407
1.481407
1.481407
1.481407
1.481407
1.481407
1.481407
1.481407
1.481407
1.481407
1.481407
1.481407
1.481407
1.481407
1.481407
1.481407
1.481407
1.481407
1.481407
1.481407
1.481407
1.481407
1.481407
1.481407
1.481407
1.481407
1.481407
1.481407
1.481407
1.481407
1.481407
1.481407
1.481407
1.481407
1.481407
1.481407
1.481407
1.481407
1.481407
1.481407
1.481407
1.481407
1.481407
1.481407
1.481407
1.481407
1.481407
1.481407
1.481407
1.481407
1.481407
1.481407
1.481407
1.481407
1.481407
1.481407
1.481407
1.481407
1.481407
1.481407
1.481407
1.481407
1.481407
1.481407
1.481407
1.481407
1.481407
1.481407
1.481407
1.481407
1.481407
1.481407
1.481407
1.481407
1.481407
1.481407
1.481407
1.481407
1.481407
1.481407
1.481407
1.481407
1.481407
1.481407
1.481407
1.481407
1.481407
1.481407
1.481407
1.481407
1.481407
1.481407
1.481407
1.481407
1.481407
1.481407
1.481407
1.481407
1.481407
1.481407
1.481407
1.481407
1.481407
1.481407
1.481407
1.481407
1.481407
1.481407
1.481407
1.481407
1.481407
1.481407
1.481407
1.481407
1.481407
1.481407
1.481407
1.481407
1.481407
1.481407
1.481407
1.481407
1.481407
1.481407
1.481407
1.481407
1.481407
1.481407
1.481407
1.481407
1.481407
1.481407
1.481407
1.481407
1.481407
1.481407
1.481407
1.481407
1.481407
1.481407
1.481407
1.481407
1.481407
1.481407
1.481407
1.481407
1.481407
1.481407
1.481407
1.481407
1.481407
1.481407
1.481407
1.481407
1.481407
1.481407
1.481407
1.481407
1.481407
1.481407
1.481407
1.481407
1.481407
1.481407
1.481407
1.481407
1.481407
1.481407
1.481407
1.481407
1.481407
1.481407
1.481407
1.481407
1.481407
1.481407
1.481407
1.481407
1.481407
1.481407
1.481407
1.481407
1.481407
1.481407
1.481407
1.481407
1.481407
1.481407
1.481407
1.481407
1.481407
1.481407
1.481407
1.481407
1.481407
1.481407
1.481407
1.481407
1.481407
1.481407
1.481407
1.481407
1.481407
1.481407
1.481407
1.481407
1.481407
1.481407
1.481407
1.481407
1.481407
1.481407
1.481407
1.481407
1.481407
1.481407
1.481407
1.481407
1.481407
1.481407
1.481407
1.481407
1.481407
1.481407
1.481407
1.481407
1.481407
1.481407
1.481407
1.481407
1.481407
1.481407
1.481407
1.481407
1.481407
1.481407
1.481407
1.481407
1.481407
1.481407
1.481407
1.481407
1.481407
1.481407
1.481407
1.481407
1.481407
1.481407
1.481407
1.481407
1.481407
1.481407
1.481407
1.481407
1.481407
1.481407
1.481407
1.481407
1.481407
1.481407
1.481407
1.481407
1.481407
1.481407
1.481407
1.481407
1.481407
1.481407
1.481407
1.481407
1.481407
1.481407
1.481407
1.481407
1.481407
1.481407
1.481407
1.481407
1.481407
1.481407
1.481407
1.481407
1.481407
1.481407
1.481407
1.481407
1.481407
1.481407
1.481407
1.481407
1.481407
1.481407
1.481407
1.481407
1.481407
1.481407
1.481407
1.481407
1.481407
1.481407
1.481407
1.481407
1.481407
1.481407
1.481407
1.481407
1.481407
1.481407
1.481407
1.481407
1.481407
1.481407
1.481407
1.481407
1.481407
1.481407
1.481407
1.481407
1.481407
1.481407
1.481407
1.481407
1.481407
1.481407
1.481407
1.481407
1.481407
1.481407
1.481407
1.481407
1.481407
1.481407
1.481407
1.481407
1.481407
1.481407
1.481407
1.481407
1.481407
1.481407
1.481407
1.481407
1.481407
1.481407
1.481407
1.481407
1.481407
1.481407
1.481407
1.481407
1.481407
1.481407
1.481407
1.481407
1.481407
1.481407
1.481407
1.481407
1.481407
1.481407
1.481407
1.481407
1.481407
1.481407
1.481407
1.481407
1.481407
1.481407
1.481407
1.481407
1.481407
1.481407
1.481407
1.481407
1.481407
1.481407
1.481407
1.481407
1.481407
1.481407
1.481407
1.481407
1.481407
1.481407
1.481407
1.481407
1.481407
1.481407
1.481407
1.481407
1.481407
1.481407
1.481407
1.481407
1.481407
1.481407
1.481407
1.481407
1.481407
1.481407
1.481407
1.481407
1.481407
1.481407
1.481407
1.481407
1.481407
1.481407
1.481407
1.481407
1.481407
1.481407
1.481407
1.481407
1.481407
1.481407
1.481407
1.481407
1.481407
1.481407
1.481407
1.481407
1.481407
1.481407
1.481407
1.481407
1.481407
1.481407
1.481407
1.481407
1.481407
1.481407
1.481407
1.481407
1.481407
1.481407
1.481407
1.481407
1.481407
1.481407
1.481407
1.481407
1.481407
1.481407
1.481407
1.481407
1.481407
1.481407
1.481407
1.481407
1.481407
1.481407
1.481407
1.481407
1.481407
1.481407
1.481407
1.481407
1.481407
1.481407
1.481407
1.481407
1.481407
1.481407
1.481407
1.481407
1.481407
1.481407
1.481407
1.481407
1.481407
1.481407
1.481407
1.481407
1.481407
1.481407
1.481407
1.481407
1.481407
1.481407
1.481407
1.481407
1.481407
1.481407
1.481407
1.481407
1.481407
1.481407
1.481407
1.481407
1.481407
1.481407
1.481407
1.481407
1.481407
1.481407
1.481407
1.481407
1.481407
1.481407
1.481407
1.481407
1.481407
1.481407
1.481407
1.481407
1.481407
1.481407
1.481407
1.481407
1.481407
1.481407
1.481407
1.481407
1.481407
1.481407
1.481407
1.481407
1.481407
1.481407
1.481407
1.481407
1.481407
1.481407
1.481407
1.481407
1.481407
1.481407
1.481407
1.481407
1.481407
1.481407
1.481407
1.481407
1.481407
1.481407
1.481407
1.481407
1.481407
1.481407
1.481407
1.481407
1.481407
1.481407
1.481407
1.481407
1.481407
1.481407
1.481407
1.481407
1.481407
1.481407
1.481407
1.481407
1.481407
1.481407
1.481407
1.481407
1.481407
1.481407
1.481407
1.481407
1.481407
1.481407
1.481407
1.481407
1.481407
1.481407
1.481407
1.481407
1.481407
1.481407
1.481407
1.481407
1.481407
1.481407
1.481407
1.481407
1.481407
1.481407
1.481407
1.481407
1.481407
1.481407
1.481407
1.481407
1.481407
1.481407
1.481407
1.481407
1.481407
1.481407
1.481407
1.481407
1.481407
1.481407
1.481407
1.481407
1.481407
1.481407
1.481407
1.481407
1.481407
1.481407
1.481407
1.481407
1.481407
1.481407
1.481407
1.481407
1.481407
1.481407
1.481407
1.481407
1.481407
1.481407
1.481407
1.481407
1.481407
1.481407
1.481407
1.481407
1.481407
1.481407
1.481407
1.481407
1.481407
1.481407
1.481407
1.481407
1.481407
1.481407
1.481407
1.481407
1.481407
1.481407
1.481407
1.481407
1.481407
1.481407
1.481407
1.481407
1.481407
1.481407
1.481407
1.481407
1.481407
1.481407
1.481407
1.481407
1.481407
1.481407
1.481407
1.481407
1.481407
1.481407
1.481407
1.481407
1.481407
1.481407
1.481407
1.481407
1.481407
1.481407
1.481407
1.481407
1.481407
1.481407
1.481407
1.481407
1.481407
1.481407
1.481407
1.481407
1.481407
1.481407
1.481407
1.481407
1.481407
1.481407
1.481407
1.481407
1.481407
1.481407
1.481407
1.481407
1.481407
1.481407
1.481407
1.481407
1.481407
1.481407
1.481407
1.481407
1.481407
1.481407
1.481407
1.481407
1.481407
1.481407
1.481407
1.481407
1.481407
1.481407
1.481407
1.481407
1.481407
1.481407
1.481407
1.481407
1.481407
1.481407
1.481407
1.481407
1.481407
1.481407
1.481407
1.481407
1.481407
1.481407
1.481407
1.481407
1.481407
1.481407
1.481407
1.481407
1.481407
1.481407
1.481407
1.481407
1.481407
1.481407
1.481407
1.481407
1.481407
1.481407
1.481407
1.481407
1.481407
1.481407
1.481407
1.481407
1.481407
1.481407
1.481407
1.481407
1.481407
1.481407
1.481407
1.481407
1.481407
1.481407
1.481407
1.481407
1.481407
1.481407
1.481407
1.481407
1.481407
1.481407
1.481407
1.481407
1.481407
1.481407
1.481407
1.481407
1.481407
1.481407
1.481407
1.481407
1.481407
1.481407
1.481407
1.481407
1.481407
1.481407
1.481407
1.481407
1.481407
1.481407
1.481407
1.481407
1.481407
1.481407
1.481407
1.481407
1.481407
1.481407
1.481407
1.481407
1.481407
1.481407
1.481407
1.481407
1.481407
1.481407
1.481407
1.481407
1.481407
1.481407
1.481407
1.481407
1.481407
1.481407
1.481407
1.481407
1.481407
1.481407
1.481407
1.481407
1.481407
1.481407
1.481407
1.481407
1.481407
1.481407
1.481407
1.481407
1.481407
1.481407
1.481407
1.481407
1.481407
1.481407
1.481407
1.481407
1.481407
1.481407
1.481407
1.481407
1.481407
1.481407
1.481407
1.481407
1.481407
1.481407
1.481407
1.481407
1.481407
1.481407
1.481407
1.481407
1.481407
1.481407
1.481407
1.481407
1.481407
1.481407
1.481407
1.481407
1.481407
1.481407
1.481407
1.481407
1.481407
1.481407
1.481407
1.481407
1.481407
1.481407
1.481407
1.481407
1.481407
1.481407
1.481407
1.481407
1.481407
1.481407
1.481407
1.481407
1.481407
1.481407
1.481407
1.481407
1.481407
1.481407
1.481407
1.481407
1.481407
1.481407
1.481407
1.481407
1.481407
1.481407
1.481407
1.481407
1.481407
1.481407
1.481407
1.481407
1.481407
1.481407
1.481407
1.481407
1.481407
1.481407
1.481407
1.481407
1.481407
1.481407
1.481407
1.481407
1.481407
1.481407
1.481407
1.481407
1.481407
1.481407
1.481407
1.481407
1.481407
1.481407
1.481407
1.481407
1.481407
1.481407
1.481407
1.481407
1.481407
1.481407
1.481407
1.481407
1.481407
1.481407
1.481407
1.481407
1.481407
1.481407
1.481407
1.481407
1.481407
1.481407
1.481407
1.481407
1.481407
1.481407
1.481407
1.481407
1.481407
1.481407
1.481407
1.481407
1.481407
1.481407
1.481407
1.481407
1.481407
1.481407
1.481407
1.481407
1.481407
1.481407
1.481407
1.481407
1.481407
1.481407
1.481407
1.481407
1.481407
1.481407
1.481407
1.481407
1.481407
1.481407
1.481407
1.481407
1.481407
1.481407
1.481407
1.481407
1.481407
1.481407
1.481407
1.481407
1.481407
1.481407
1.481407
1.481407
1.481407
1.481407
1.481407
1.481407
1.481407
1.481407
1.481407
1.481407
1.481407
1.481407
1.481407
1.481407
1.481407
1.481407
1.481407
1.481407
1.481407
1.481407
1.481407
1.481407
1.481407
1.481407
1.481407
1.481407
1.481407
1.481407
1.481407
1.481407
1.481407
1.481407
1.481407
1.481407
1.481407
1.481407
1.481407
1.481407
1.481407
1.481407
1.481407
1.481407
1.481407
1.481407
1.481407
1.481407
1.481407
1.481407
1.481407
1.481407
1.481407
1.481407
1.481407
1.481407
1.481407
1.481407
1.481407
1.481407
1.481407
1.481407
1.481407
1.481407
1.481407
1.481407
1.481407
1.481407
1.481407
1.481407
1.481407
1.481407
1.481407
1.481407
1.481407
1.481407
1.481407
1.481407
1.481407
1.481407
1.481407
1.481407
1.481407
1.481407
1.481407
1.481407
1.481407
1.481407
1.481407
1.481407
1.481407
1.481407
1.481407
1.481407
1.481407
1.481407
1.481407
1.481407
1.481407
1.481407
1.481407
1.481407
1.481407
1.481407
1.481407
1.481407
1.481407
1.481407
1.481407
1.481407
1.481407
1.481407
1.481407
1.481407
1.481407
1.481407
1.481407
1.481407
1.481407
1.481407
1.481407
1.481407
1.481407
1.481407
1.481407
1.481407
1.481407
1.481407
1.481407
1.481407
1.481407
1.481407
1.481407
1.481407
1.481407
1.481407
1.481407
1.481407
1.481407
1.481407
1.481407
1.481407
1.481407
1.481407
1.481407
1.481407
1.481407
1.481407
1.481407
1.481407
1.481407
1.481407
1.481407
1.481407
1.481407
1.481407
1.481407
1.481407
1.481407
1.481407
1.481407
1.481407
1.481407
1.481407
1.481407
1.481407
1.481407
1.481407
1.481407
1.481407
1.481407
1.481407
1.481407
1.481407
1.481407
1.481407
1.481407
1.481407
1.481407
1.481407
1.481407
1.481407
1.481407
1.481407
1.481407
1.481407
1.481407
1.481407
1.481407
1.481407
1.481407
1.481407
1.481407
1.481407
1.481407
1.481407
1.481407
1.481407
1.481407
1.481407
1.481407
1.481407
1.481407
1.481407
1.481407
1.481407
1.481407
1.481407
1.481407
1.481407
1.481407
1.481407
1.481407
1.481407
1.481407
1.481407
1.481407
1.481407
1.481407
1.481407
1.481407
1.481407
1.481407
1.481407
1.481407
1.481407
1.481407
1.481407
1.481407
1.481407
1.481407
1.481407
1.481407
1.481407
1.481407
1.481407
1.481407
1.481407
1.481407
1.481407
1.481407
1.481407
1.481407
1.481407
1.481407
1.481407
1.481407
1.481407
1.481407
1.481407
1.481407
1.481407
1.481407
1.481407
1.481407
1.481407
1.481407
1.481407
1.481407
1.481407
1.481407
1.481407
1.481407
1.481407
1.481407
1.481407
1.481407
1.481407
1.481407
1.481407
1.481407
1.481407
1.481407
1.481407
1.481407
1.481407
1.481407
1.481407
1.481407
1.481407
1.481407
1.481407
1.481407
1.481407
1.481407
1.481407
1.481407
1.481407
1.481407
1.481407
1.481407
1.481407
1.481407
1.481407
1.481407
1.481407
1.481407
1.481407
1.481407
1.481407
1.481407
1.481407
1.481407
1.481407
1.481407
1.481407
1.481407
1.481407
1.481407
1.481407
1.481407
1.481407
1.481407
1.481407
1.481407
1.481407
1.481407
1.481407
1.481407
1.481407
1.481407
1.481407
1.481407
1.481407
1.481407
1.481407
1.481407
1.481407
1.481407
1.481407
1.481407
1.481407
1.481407
1.481407
1.481407
1.481407
1.481407
1.481407
1.481407
1.481407
1.481407
1.481407
1.481407
1.481407
1.481407
1.481407
1.481407
1.481407
1.481407
1.481407
1.481407
1.481407
1.481407
1.481407
1.481407
1.481407
1.481407
1.481407
1.481407
1.481407
1.481407
1.481407
1.481407
1.481407
1.481407
1.481407
1.481407
1.481407
1.481407
1.481407
1.481407
1.481407
1.481407
1.481407
1.481407
1.481407
1.481407
1.481407
1.481407
1.481407
1.481407
1.481407
1.481407
1.481407
1.481407
1.481407
1.481407
1.481407
1.481407
1.481407
1.481407
1.481407
1.481407
1.481407
1.481407
1.481407
1.481407
1.481407
1.481407
1.481407
1.481407
1.481407
1.481407
1.481407
1.481407
1.481407
1.481407
1.481407
1.481407
1.481407
1.481407
1.481407
1.481407
1.481407
1.481407
1.481407
1.481407
1.481407
1.481407
1.481407
1.481407
1.481407
1.481407
1.481407
1.481407
1.481407
1.481407
1.481407
1.481407
1.481407
1.481407
1.481407
1.481407
1.481407
1.481407
1.481407
1.481407
1.481407
1.481407
1.481407
1.481407
1.481407
1.481407
1.481407
1.481407
1.481407
1.481407
1.481407
1.481407
1.481407
1.481407
1.481407
1.481407
1.481407
1.481407
1.481407
1.481407
1.481407
1.481407
1.481407
1.481407
1.481407
1.481407
1.481407
1.481407
1.481407
1.481407
1.481407
1.481407
1.481407
1.481407
1.481407
1.481407
1.481407
1.481407
1.481407
1.481407
1.481407
1.481407
1.481407
1.481407
1.481407
1.481407
1.481407
1.481407
1.481407
1.481407
1.481407
1.481407
1.481407
1.481407
1.481407
1.481407
1.481407
1.481407
1.481407
1.481407
1.481407
1.481407
1.481407
1.481407
1.481407
1.481407
1.481407
1.481407
1.481407
1.481407
1.481407
1.481407
1.481407
1.481407
1.481407
1.481407
1.481407
1.481407
1.481407
1.481407
1.481407
1.481407
1.481407
1.481407
1.481407
1.481407
1.481407
1.481407
1.481407
1.481407
1.481407
1.481407
1.481407
1.481407
1.481407
1.481407
1.481407
1.481407
1.481407
1.481407
1.481407
1.481407
1.481407
1.481407
1.481407
1.481407
1.481407
1.481407
1.481407
1.481407
1.481407
1.481407
1.481407
1.481407
1.481407
1.481407
1.481407
1.481407
1.481407
1.481407
1.481407
1.481407
1.481407
1.481407
1.481407
1.481407
1.481407
1.481407
1.481407
1.481407
1.481407
1.481407
1.481407
1.481407
1.481407
1.481407
1.481407
1.481407
1.481407
1.481407
1.481407
1.481407
1.481407
1.481407
1.481407
1.481407
1.481407
1.481407
1.481407
1.481407
1.481407
1.481407
1.481407
1.481407
1.481407
1.481407
1.481407
1.481407
1.481407
1.481407
1.481407
1.481407
1.481407
1.481407
1.481407
1.481407
1.481407
1.481407
1.481407
1.481407
1.481407
1.481407
1.481407
1.481407
1.481407
1.481407
1.481407
1.481407
1.481407
1.481407
1.481407
1.481407
1.481407
1.481407
1.481407
1.481407
1.481407
1.481407
1.481407
1.481407
1.481407
1.481407
1.481407
1.481407
1.481407
1.481407
1.481407
1.481407
1.481407
1.481407
1.481407
1.481407
1.481407
1.481407
1.481407
1.481407
1.481407
1.481407
1.481407
1.481407
1.481407
1.481407
1.481407
1.481407
1.481407
1.481407
1.481407
1.481407
1.481407
1.481407
1.481407
1.481407
1.481407
1.481407
1.481407
1.481407
1.481407
1.481407
1.481407
1.481407
1.481407
1.481407
1.481407
1.481407
1.481407
1.481407
1.481407
1.481407
1.481407
1.481407
1.481407
1.481407
1.481407
1.481407
1.481407
1.481407
1.481407
1.481407
1.481407
1.481407
1.481407
1.481407
1.481407
1.481407
1.481407
1.481407
1.481407
1.481407
1.481407
1.481407
1.481407
1.481407
1.481407
1.481407
1.481407
1.481407
1.481407
1.481407
1.481407
1.481407
1.481407
1.481407
1.481407
1.481407
1.481407
1.481407
1.481407
1.481407
1.481407
1.481407
1.481407
1.481407
1.481407
1.481407
1.481407
1.481407
1.481407
1.481407
1.481407
1.481407
1.481407
1.481407
1.481407
1.481407
1.481407
1.481407
1.481407
1.481407
1.481407
1.481407
1.481407
1.481407
1.481407
1.481407
1.481407
1.481407
1.481407
1.481407
1.481407
1.481407
1.481407
1.481407
1.481407
1.481407
1.481407
1.481407
1.481407
1.481407
1.481407
1.481407
1.481407
1.481407
1.481407
1.481407
1.481407
1.481407
1.481407
1.481407
1.481407
1.481407
1.481407
1.481407
1.481407
1.481407
1.481407
1.481407
1.481407
1.481407
1.481407
1.481407
1.481407
1.481407
1.481407
1.481407
1.481407
1.481407
1.481407
1.481407
1.481407
1.481407
1.481407
1.481407
1.481407
1.481407
1.481407
1.481407
1.481407
1.481407
1.481407
1.481407
1.481407
1.481407
1.481407
1.481407
1.481407
1.481407
1.481407
1.481407
1.481407
1.481407
1.481407
1.481407
1.481407
1.481407
1.481407
1.481407
1.481407
1.481407
1.481407
1.481407
1.481407
1.481407
1.481407
1.481407
1.481407
1.481407
1.481407
1.481407
1.481407
1.481407
1.481407
1.481407
1.481407
1.481407
1.481407
1.481407
1.481407
1.481407
1.481407
1.481407
1.481407
1.481407
1.481407
1.481407
1.481407
1.481407
1.481407
1.481407
1.481407
1.481407
1.481407
1.481407
1.481407
1.481407
1.481407
1.481407
1.481407
1.481407
1.481407
1.481407
1.481407
1.481407
1.481407
1.481407
1.481407
1.481407
1.481407
1.481407
1.481407
1.481407
1.481407
1.481407
1.481407
1.481407
1.481407
1.481407
1.481407
1.481407
1.481407
1.481407
1.481407
1.481407
1.481407
1.481407
1.481407
1.481407
1.481407
1.481407
1.481407
1.481407
1.481407
1.481407
1.481407
1.481407
1.481407
1.481407
1.481407
1.481407
1.481407
1.481407
1.481407
1.481407
1.481407
1.481407
1.481407
1.481407
1.481407
1.481407
1.481407
1.481407
1.481407
1.481407
1.481407
1.481407
1.481407
1.481407
1.481407
1.481407
1.481407
1.481407
1.481407
1.481407
1.481407
1.481407
1.481407
1.481407
1.481407
1.481407
1.481407
1.481407
1.481407
1.481407
1.481407
1.481407
1.481407
1.481407
1.481407
1.481407
1.481407
1.481407
1.481407
1.481407
1.481407
1.481407
1.481407
1.481407
1.481407
1.481407
1.481407
1.481407
1.481407
1.481407
1.481407
1.481407
1.481407
1.481407
1.481407
1.481407
1.481407
1.481407
1.481407
1.481407
1.481407
1.481407
1.481407
1.481407
1.481407
1.481407
1.481407
1.481407
1.481407
1.481407
1.481407
1.481407
1.481407
1.481407
1.481407
1.481407
1.481407
1.481407
1.481407
1.481407
1.481407
1.481407
1.481407
1.481407
1.481407
1.481407
1.481407
1.481407
1.481407
1.481407
1.481407
1.481407
1.481407
1.481407
1.481407
1.481407
1.481407
1.481407
1.481407
1.481407
1.481407
1.481407
1.481407
1.481407
1.481407
1.481407
1.481407
1.481407
1.481407
1.481407
1.481407
1.481407
1.481407
1.481407
1.481407
1.481407
1.481407
1.481407
1.481407
1.481407
1.481407
1.481407
1.481407
1.481407
1.481407
1.481407
1.481407
1.481407
1.481407
1.481407
1.481407
1.481407
1.481407
1.481407
1.481407
1.481407
1.481407
1.481407
1.481407
1.481407
1.481407
1.481407
1.481407
1.481407
1.481407
1.481407
1.481407
1.481407
1.481407
1.481407
1.481407
1.481407
1.481407
1.481407
1.481407
1.481407
1.481407
1.481407
1.481407
1.481407
1.481407
1.481407
1.481407
1.481407
1.481407
1.481407
1.481407
1.481407
1.481407
1.481407
1.481407
1.481407
1.481407
1.481407
1.481407
1.481407
1.481407
1.481407
1.481407
1.481407
1.481407
1.481407
1.481407
1.481407
1.481407
1.481407
1.481407
1.481407
1.481407
1.481407
1.481407
1.481407
1.481407
1.481407
1.481407
1.481407
1.481407
1.481407
1.481407
1.481407
1.481407
1.481407
1.481407
1.481407
1.481407
1.481407
1.481407
1.481407
1.481407
1.481407
1.481407
1.481407
1.481407
1.481407
1.481407
1.481407
1.481407
1.481407
1.481407
1.481407
1.481407
1.481407
1.481407
1.481407
1.481407
1.481407
1.481407
1.481407
1.481407
1.481407
1.481407
1.481407
1.481407
1.481407
1.481407
1.481407
1.481407
1.481407
1.481407
1.481407
1.481407
1.481407
1.481407
1.481407
1.481407
1.481407
1.481407
1.481407
1.481407
1.481407
1.481407
1.481407
1.481407
1.481407
1.481407
1.481407
1.481407
1.481407
1.481407
1.481407
1.481407
1.481407
1.481407
1.481407
1.481407
1.481407
1.481407
1.481407
1.481407
1.481407
1.481407
1.481407
1.481407
1.481407
1.481407
1.481407
1.481407
1.481407
1.481407
1.481407
1.481407
1.481407
1.481407
1.481407
1.481407
1.481407
1.481407
1.481407
1.481407
1.481407
1.481407
1.481407
1.481407
1.481407
1.481407
1.481407
1.481407
1.481407
1.481407
1.481407
1.481407
1.481407
1.481407
1.481407
1.481407
1.481407
1.481407
1.481407
1.481407
1.481407
1.481407
1.481407
1.481407
1.481407
1.481407
1.481407
1.481407
1.481407
1.481407
1.481407
1.481407
1.481407
1.481407
1.481407
1.481407
1.481407
1.481407
1.481407
1.481407
1.481407
1.481407
1.481407
1.481407
1.481407
1.481407
1.481407
1.481407
1.481407
1.481407
1.481407
1.481407
1.481407
1.481407
1.481407
1.481407
1.481407
1.481407
1.481407
1.481407
1.481407
1.481407
1.481407
1.481407
1.481407
1.481407
1.481407
1.481407
1.481407
1.481407
1.481407
1.481407
1.481407
1.481407
1.481407
1.481407
1.481407
1.481407
1.481407
1.481407
1.481407
1.481407
1.481407
1.481407
1.481407
1.481407
1.481407
1.481407
1.481407
1.481407
1.481407
1.481407
1.481407
1.481407
1.481407
1.481407
1.481407
1.481407
1.481407
1.481407
1.481407
1.481407
1.481407
1.481407
1.481407
1.481407
1.481407
1.481407
1.481407
1.481407
1.481407
1.481407
1.481407
1.481407
1.481407
1.481407
1.481407
1.481407
1.481407
1.481407
1.481407
1.481407
1.481407
1.481407
1.481407
1.481407
1.481407
1.481407
1.481407
1.481407
1.481407
1.481407
1.481407
1.481407
1.481407
1.481407
1.481407
1.481407
1.481407
1.481407
1.481407
1.481407
1.481407
1.481407
1.481407
1.481407
1.481407
1.481407
1.481407
1.481407
1.481407
1.481407
1.481407
1.481407
1.481407
1.481407
1.481407
1.481407
1.481407
1.481407
1.481407
1.481407
1.481407
1.481407
1.481407
1.481407
1.481407
1.481407
1.481407
1.481407
1.481407
1.481407
1.481407
1.481407
1.481407
1.481407
1.481407
1.481407
1.481407
1.481407
1.481407
1.481407
1.481407
1.481407
1.481407
1.481407
1.481407
1.481407
1.481407
1.481407
1.481407
1.481407
1.481407
1.481407
1.481407
1.481407
1.481407
1.481407
1.481407
1.481407
1.481407
1.481407
1.481407
1.481407
1.481407
1.481407
1.481407
1.481407
1.481407
1.481407
1.481407
1.481407
1.481407
1.481407
1.481407
1.481407
1.481407
1.481407
1.481407
1.481407
1.481407
1.481407
1.481407
1.481407
1.481407
1.481407
1.481407
1.481407
1.481407
1.481407
1.481407
1.481407
1.481407
1.481407
1.481407
1.481407
1.481407
1.481407
1.481407
1.481407
1.481407
1.481407
1.481407
1.481407
1.481407
1.481407
1.481407
1.481407
1.481407
1.481407
1.481407
1.481407
1.481407
1.481407
1.481407
1.481407
1.481407
1.481407
1.481407
1.481407
1.481407
1.481407
1.481407
1.481407
1.481407
1.481407
1.481407
1.481407
1.481407
1.481407
1.481407
1.481407
1.481407
1.481407
1.481407
1.481407
1.481407
1.481407
1.481407
1.481407
1.481407
1.481407
1.481407
1.481407
1.481407
1.481407
1.481407
1.481407
1.481407
1.481407
1.481407
1.481407
1.481407
1.481407
1.481407
1.481407
1.481407
1.481407
1.481407
1.481407
1.481407
1.481407
1.481407
1.481407
1.481407
1.481407
1.481407
1.481407
1.481407
1.481407
1.481407
1.481407
1.481407
1.481407
1.481407
1.481407
1.481407
1.481407
1.481407
1.481407
1.481407
1.481407
1.481407
1.481407
1.481407
1.481407
1.481407
1.481407
1.481407
1.481407
1.481407
1.481407
1.481407
1.481407
1.481407
1.481407
1.481407
1.481407
1.481407
1.481407
1.481407
1.481407
1.481407
1.481407
1.481407
1.481407
1.481407
1.481407
1.481407
1.481407
1.481407
1.481407
1.481407
1.481407
1.481407
1.481407
1.481407
1.481407
1.481407
1.481407
1.481407
1.481407
1.481407
1.481407
1.481407
1.481407
1.481407
1.481407
1.481407
1.481407
1.481407
1.481407
1.481407
1.481407
1.481407
1.481407
1.481407
1.481407
1.481407
1.481407
1.481407
1.481407
1.481407
1.481407
1.481407
1.481407
1.481407
1.481407
1.481407
1.481407
1.481407
1.481407
1.481407
1.481407
1.481407
1.481407
1.481407
1.481407
1.481407
1.481407
1.481407
1.481407
1.481407
1.481407
1.481407
1.481407
1.481407
1.481407
1.481407
1.481407
1.481407
1.481407
1.481407
1.481407
1.481407
1.481407
1.481407
1.481407
1.481407
1.481407
1.481407
1.481407
1.481407
1.481407
1.481407
1.481407
1.481407
1.481407
1.481407
1.481407
1.481407
1.481407
1.481407
1.481407
1.481407
1.481407
1.481407
1.481407
1.481407
1.481407
1.481407
1.481407
1.481407
1.481407
1.481407
1.481407
1.481407
1.481407
1.481407
1.481407
1.481407
1.481407
1.481407
1.481407
1.481407
1.481407
1.481407
1.481407
1.481407
1.481407
1.481407
1.481407
1.481407
1.481407
1.481407
1.481407
1.481407
1.481407
1.481407
1.481407
1.481407
1.481407
1.481407
1.481407
1.481407
1.481407
1.481407
1.481407
1.481407
1.481407
1.481407
1.481407
1.481407
1.481407
1.481407
1.481407
1.481407
1.481407
1.481407
1.481407
1.481407
1.481407
1.481407
1.481407
1.481407
1.481407
1.481407
1.481407
1.481407
1.481407
1.481407
1.481407
1.481407
1.481407
1.481407
1.481407
1.481407
1.481407
1.481407
1.481407
1.481407
1.481407
1.481407
1.481407
1.481407
1.481407
1.481407
1.481407
1.481407
1.481407
1.481407
1.481407
1.481407
1.481407
1.481407
1.481407
1.481407
1.481407
1.481407
1.481407
1.481407
1.481407
1.481407
1.481407
1.481407
1.481407
1.481407
1.481407
1.481407
1.481407
1.481407
1.481407
1.481407
1.481407
1.481407
1.481407
1.481407
1.481407
1.481407
1.481407
1.481407
1.481407
1.481407
1.481407
1.481407
1.481407
1.481407
1.481407
1.481407
1.481407
1.481407
1.481407
1.481407
1.481407
1.481407
1.481407
1.481407
1.481407
1.481407
1.481407
1.481407
1.481407
1.481407
1.481407
1.481407
1.481407
1.481407
1.481407
1.481407
1.481407
1.481407
1.481407
1.481407
1.481407
1.481407
1.481407
1.481407
1.481407
1.481407
1.481407
1.481407
1.481407
1.481407
1.481407
1.481407
1.481407
1.481407
1.481407
1.481407
1.481407
1.481407
1.481407
1.481407
1.481407
1.481407
1.481407
1.481407
1.481407
1.481407
1.481407
1.481407
1.481407
1.481407
1.481407
1.481407
1.481407
1.481407
1.481407
1.481407
1.481407
1.481407
1.481407
1.481407
1.481407
1.481407
1.481407
1.481407
1.481407
1.481407
1.481407
1.481407
1.481407
1.481407
1.481407
1.481407
1.481407
1.481407
1.481407
1.481407
1.481407
1.481407
1.481407
1.481407
1.481407
1.481407
1.481407
1.481407
1.481407
1.481407
1.481407
1.481407
1.481407
1.481407
1.481407
1.481407
1.481407
1.481407
1.481407
1.481407
1.481407
1.481407
1.481407
1.481407
1.481407
1.481407
1.481407
1.481407
1.481407
1.481407
1.481407
1.481407
1.481407
1.481407
1.481407
1.481407
1.481407
1.481407
1.481407
1.481407
1.481407
1.481407
1.481407
1.481407
1.481407
1.481407
1.481407
1.481407
1.481407
1.481407
1.481407
1.481407
1.481407
1.481407
1.481407
1.481407
1.481407
1.481407
1.481407
1.481407
1.481407
1.481407
1.481407
1.481407
1.481407
1.481407
1.481407
1.481407
1.481407
1.481407
1.481407
1.481407
1.481407
1.481407
1.481407
1.481407
1.481407
1.481407
1.481407
1.481407
1.481407
1.481407
1.481407
1.481407
1.481407
1.481407
1.481407
1.481407
1.481407
1.481407
1.481407
1.481407
1.481407
1.481407
1.481407
1.481407
1.481407
1.481407
1.481407
1.481407
1.481407
1.481407
1.481407
1.481407
1.481407
1.481407
1.481407
1.481407
1.481407
1.481407
1.481407
1.481407
1.481407
1.481407
1.481407
1.481407
1.481407
1.481407
1.481407
1.481407
1.481407
1.481407
1.481407
1.481407
1.481407
1.481407
1.481407
1.481407
1.481407
1.481407
1.481407
1.481407
1.481407
1.481407
1.481407
1.481407
1.481407
1.481407
1.481407
1.481407
1.481407
1.481407
1.481407
1.481407
1.481407
1.481407
1.481407
1.481407
1.481407
1.481407
1.481407
1.481407
1.481407
1.481407
1.481407
1.481407
1.481407
1.481407
1.481407
1.481407
1.481407
1.481407
1.481407
1.481407
1.481407
1.481407
1.481407
1.481407
1.481407
1.481407
1.481407
1.481407
1.481407
1.481407
1.481407
1.481407
1.481407
1.481407
1.481407
1.481407
1.481407
1.481407
1.481407
1.481407
1.481407
1.481407
1.481407
1.481407
1.481407
1.481407
1.481407
1.481407
1.481407
1.481407
1.481407
1.481407
1.481407
1.481407
1.481407
1.481407
1.481407
1.481407
1.481407
1.481407
1.481407
1.481407
1.481407
1.481407
1.481407
1.481407
1.481407
1.481407
1.481407
1.481407
1.481407
1.481407
1.481407
1.481407
1.481407
1.481407
1.481407
1.481407
1.481407
1.481407
1.481407
1.481407
1.481407
1.481407
1.481407
1.481407
1.481407
1.481407
1.481407
1.481407
1.481407
1.481407
1.481407
1.481407
1.481407
1.481407
1.481407
1.481407
1.481407
1.481407
1.481407
1.481407
1.481407
1.481407
1.481407
1.481407
1.481407
1.481407
1.481407
1.481407
1.481407
1.481407
1.481407
1.481407
1.481407
1.481407
1.481407
1.481407
1.481407
1.481407
1.481407
1.481407
1.481407
1.481407
1.481407
1.481407
1.481407
1.481407
1.481407
1.481407
1.481407
1.481407
1.481407
1.481407
1.481407
1.481407
1.481407
1.481407
1.481407
1.481407
1.481407
1.481407
1.481407
1.481407
1.481407
1.481407
1.481407
1.481407
1.481407
1.481407
1.481407
1.481407
1.481407
1.481407
1.481407
1.481407
1.481407
1.481407
1.481407
1.481407
1.481407
1.481407
1.481407
1.481407
1.481407
1.481407
1.481407
1.481407
1.481407
1.481407
1.481407
1.481407
1.481407
1.481407
1.481407
1.481407
1.481407
1.481407
1.481407
1.481407
1.481407
1.481407
1.481407
1.481407
1.481407
1.481407
1.481407
1.481407
1.481407
1.481407
1.481407
1.481407
1.481407
1.481407
1.481407
1.481407
1.481407
1.481407
1.481407
1.481407
1.481407
1.481407
1.481407
1.481407
1.481407
1.481407
1.481407
1.481407
1.481407
1.481407
1.481407
1.481407
1.481407
1.481407
1.481407
1.481407
1.481407
1.481407
1.481407
1.481407
1.481407
1.481407
1.481407
1.481407
1.481407
1.481407
1.481407
1.481407
1.481407
1.481407
1.481407
1.481407
1.481407
1.481407
1.481407
1.481407
1.481407
1.481407
1.481407
1.481407
1.481407
1.481407
1.481407
1.481407
1.481407
1.481407
1.481407
1.481407
1.481407
1.481407
1.481407
1.481407
1.481407
1.481407
1.481407
1.481407
1.481407
1.481407
1.481407
1.481407
1.481407
1.481407
1.481407
1.481407
1.481407
1.481407
1.481407
1.481407
1.481407
1.481407
1.481407
1.481407
1.481407
1.481407
1.481407
1.481407
1.481407
1.481407
1.481407
1.481407
1.481407
1.481407
1.481407
1.481407
1.481407
1.481407
1.481407
1.481407
1.481407
1.481407
1.481407
1.481407
1.481407
1.481407
1.481407
1.481407
1.481407
1.481407
1.481407
1.481407
1.481407
1.481407
1.481407
1.481407
1.481407
1.481407
1.481407
1.481407
1.481407
1.481407
1.481407
1.481407
1.481407
1.481407
1.481407
1.481407
1.481407
1.481407
1.481407
1.481407
1.481407
1.481407
1.481407
1.481407
1.481407
1.481407
1.481407
1.481407
1.481407
1.481407
1.481407
1.481407
1.481407
1.481407
1.481407
1.481407
1.481407
1.481407
1.481407
1.481407
1.481407
1.481407
1.481407
1.481407
1.481407
1.481407
1.481407
1.481407
1.481407
1.481407
1.481407
1.481407
1.481407
1.481407
1.481407
1.481407
1.481407
1.481407
1.481407
1.481407
1.481407
1.481407
1.481407
1.481407
1.481407
1.481407
1.481407
1.481407
1.481407
1.481407
1.481407
1.481407
1.481407
1.481407
1.481407
1.481407
1.481407
1.481407
1.481407
1.481407
1.481407
1.481407
1.481407
1.481407
1.481407
1.481407
1.481407
1.481407
1.481407
1.481407
1.481407
1.481407
1.481407
1.481407
1.481407
1.481407
1.481407
1.481407
1.481407
1.481407
1.481407
1.481407
1.481407
1.481407
1.481407
1.481407
1.481407
1.481407
1.481407
1.481407
1.481407
1.481407
1.481407
1.481407
1.481407
1.481407
1.481407
1.481407
1.481407
1.481407
1.481407
1.481407
1.481407
1.481407
1.481407
1.481407
1.481407
1.481407
1.481407
1.481407
1.481407
1.481407
1.481407
1.481407
1.481407
1.481407
1.481407
1.481407
1.481407
1.481407
1.481407
1.481407
1.481407
1.481407
1.481407
1.481407
1.481407
1.481407
1.481407
1.481407
1.481407
1.481407
1.481407
1.481407
1.481407
1.481407
1.481407
1.481407
1.481407
1.481407
1.481407
1.481407
1.481407
1.481407
1.481407
1.481407
1.481407
1.481407
1.481407
1.481407
1.481407
1.481407
1.481407
1.481407
1.481407
1.481407
1.481407
1.481407
1.481407
1.481407
1.481407
1.481407
1.481407
1.481407
1.481407
1.481407
1.481407
1.481407
1.481407
1.481407
1.481407
1.481407
1.481407
1.481407
1.481407
1.481407
1.481407
1.481407
1.481407
1.481407
1.481407
1.481407
1.481407
1.481407
1.481407
1.481407
1.481407
1.481407
1.481407
1.481407
1.481407
1.481407
1.481407
1.481407
1.481407
1.481407
1.481407
1.481407
1.481407
1.481407
1.481407
1.481407
1.481407
1.481407
1.481407
1.481407
1.481407
1.481407
1.481407
1.481407
1.481407
1.481407
1.481407
1.481407
1.481407
1.481407
1.481407
1.481407
1.481407
1.481407
1.481407
1.481407
1.481407
1.481407
1.481407
1.481407
1.481407
1.481407
1.481407
1.481407
1.481407
1.481407
1.481407
1.481407
1.481407
