-0.001617
-0.001796
-0.001419
-0.000714
0.000376
0.000803
0.000751
-0.000449
-0.001521
-0.001389
-0.001580
-0.000966
0.000020
0.001088
0.001135
0.001588
0.001238
0.001384
0.002388
0.001242
0.001228
0.001302
0.001051
0.001716
0.002001
0.001523
0.001086
-0.000696
-0.000982
-0.000642
0.000247
0.000592
0.000897
0.000711
0.000224
-0.001394
-0.001341
-0.000717
-0.000328
0.000397
0.000809
0.000534
0.000586
-0.000249
-0.000274
-0.000138
0.000218
-0.000141
-0.000138
-0.000637
-0.000475
-0.000552
0.001051
0.002318
0.001408
-0.000269
-0.005177
-0.005766
-0.003395
-0.000488
0.001966
0.001730
0.000485
-0.001140
-0.002164
-0.001218
0.000097
0.000855
0.001006
0.000416
-0.000062
-0.001468
-0.001313
-0.003339
-0.005637
-0.008849
-0.016782
-0.024973
-0.032836
-0.047712
-0.061175
-0.073866
-0.089172
-0.104112
-0.116357
-0.125421
-0.129650
-0.128023
-0.122350
-0.108681
-0.094110
-0.079570
-0.067068
-0.047912
-0.040156
-0.033308
-0.024176
-0.009432
0.010009
0.023847
0.034618
0.051193
0.065415
0.077621
0.084820
0.089364
0.093444
0.097453
0.101503
0.103819
0.102738
0.094534
0.082668
0.064596
0.057375
0.052854
0.047648
0.043835
0.038266
0.028100
0.024039
0.018170
0.013874
0.009310
0.005608
0.007075
0.008459
0.009951
0.010082
0.009298
0.009135
0.005667
0.001562
-0.000810
-0.000683
0.000764
0.003236
0.003906
0.005761
0.006062
0.005619
0.003597
0.002141
0.002081
0.001656
0.001737
0.001286
0.001036
0.002190
0.000315
-0.000657
0.000377
0.001436
0.004010
0.006602
0.013267
0.021449
0.029059
0.034349
0.037292
0.038698
0.039507
0.042478
0.047944
0.055249
0.062888
0.067768
0.068802
0.066160
0.063084
0.061630
0.062506
0.064508
0.057926
0.060128
0.061325
0.061747
0.059172
0.052615
0.044280
0.035597
0.029599
0.022268
0.021097
0.021303
0.019689
0.017503
0.015000
0.012968
0.011344
0.008910
0.006508
0.005628
0.005332
0.005928
0.005476
0.007712
0.005769
0.003355
0.002030
0.001277
0.001852
0.002427
0.003155
0.002693
0.001833
0.000477
-0.000213
-0.000740
0.000743
-0.000213
-0.000002
-0.000744
-0.000682
-0.000654
0.003293
0.002017
0.003854
0.003746
0.004862
0.006161
0.009614
0.014671
0.018718
0.022231
0.020939
0.021580
0.022963
0.024434
0.027340
0.031505
0.032637
0.036745
0.040073
0.040799
0.044264
0.037359
0.033490
0.014628
-0.003188
-0.017710
-0.030290
-0.038039
-0.042651
-0.043011
-0.040673
-0.039553
-0.040094
-0.043465
-0.042894
-0.036584
-0.028494
-0.011994
-0.001407
0.008255
0.010939
0.012374
0.015396
0.020135
0.028418
0.037676
0.044561
0.047738
0.046995
0.044766
0.043585
0.044116
0.045740
0.042437
0.044997
0.046718
0.047178
0.046297
0.052042
0.051940
0.053205
0.054394
0.055626
0.054423
0.051090
0.046315
0.046559
0.029605
0.009049
-0.010816
-0.022854
-0.028877
-0.031520
-0.026148
-0.024230
-0.024631
-0.028270
-0.032757
-0.038881
-0.044969
-0.048177
-0.049655
-0.047883
-0.046662
-0.042482
-0.035608
-0.025188
-0.015828
-0.005206
0.000470
0.003522
0.006784
0.012226
0.018669
0.027358
0.035999
0.041444
0.043271
0.041877
0.040644
0.040499
0.041101
0.041741
0.039470
0.043566
0.046640
0.048361
0.048191
0.048082
0.048922
0.047797
0.055628
0.056896
0.055951
0.051043
0.042055
0.033329
0.014785
0.000316
-0.006784
-0.008282
-0.009366
-0.008856
-0.016889
-0.022858
-0.027954
-0.029084
-0.032924
-0.037210
-0.041779
-0.043799
-0.047341
-0.049977
-0.060273
-0.060762
-0.045317
-0.039021
-0.023195
-0.008878
-0.001385
0.003277
0.005933
0.009413
0.017985
0.028425
0.037252
0.043852
0.046076
0.045936
0.045678
0.043459
0.043551
0.038807
0.040533
0.043815
0.048239
0.053088
0.056021
0.057360
0.055986
0.055049
0.054383
0.054476
0.053551
0.051306
0.039344
0.027446
0.016575
0.006034
-0.003619
-0.008295
-0.009979
-0.013008
-0.016366
-0.020930
-0.032916
-0.040723
-0.048320
-0.048783
-0.039611
-0.031246
-0.019049
-0.008094
-0.000098
0.004696
0.009002
0.010522
0.019589
0.026240
0.032116
0.038414
0.042617
0.049263
0.044019
0.031384
0.023712
0.013911
0.006579
-0.000744
-0.006042
-0.010337
-0.013826
-0.011644
-0.020007
-0.024585
-0.037877
-0.043950
-0.045097
-0.042690
-0.030274
-0.022525
-0.009887
-0.000397
0.005072
0.008511
0.009624
0.014893
0.020737
0.026776
0.031861
0.036179
0.038331
0.040473
0.037109
0.037685
0.039154
0.039819
0.041959
0.044806
0.048184
0.044579
0.048826
0.052474
0.053647
0.051664
0.055682
0.051116
0.041303
0.038549
0.033236
0.023499
0.013400
0.003694
-0.003024
-0.000279
-0.002295
-0.008786
-0.018952
-0.025489
-0.037710
-0.041264
-0.042138
-0.040814
-0.033442
-0.021325
-0.009499
-0.005198
-0.001794
0.000750
0.004642
0.009898
0.016634
0.033609
0.043133
0.049345
0.052574
0.050417
0.051045
0.044090
0.037435
0.025181
0.020749
0.018502
0.011962
0.006891
-0.001469
-0.010015
-0.015295
-0.019349
-0.023772
-0.028800
-0.032058
-0.033117
-0.039184
-0.039847
-0.039487
-0.039001
-0.032269
-0.022511
-0.011569
-0.003025
0.002272
0.006153
0.009668
0.015535
0.022722
0.030170
0.035865
0.038516
0.039078
0.040400
0.044177
0.050607
0.062265
0.075929
0.086838
0.094292
0.095511
0.091794
0.091235
0.092035
0.092735
0.089879
0.085015
0.080716
0.077962
0.081273
0.092107
0.102838
0.093025
0.095252
0.095758
0.095511
0.095328
0.096583
0.100172
0.106273
0.112777
0.117205
0.118528
0.100381
0.096131
0.103276
0.078562
0.068891
0.060940
0.061042
0.049657
0.038237
0.027935
0.018778
0.009991
0.006577
0.002564
0.000558
-0.000052
0.000091
0.001009
0.000397
-0.000289
-0.001916
-0.003603
-0.006288
-0.008576
-0.010426
-0.012535
-0.014022
-0.015044
-0.015195
-0.014519
-0.014121
-0.014442
-0.014480
-0.014591
-0.014693
-0.014990
-0.014720
-0.014557
-0.015058
-0.013954
-0.014182
-0.013509
-0.012354
-0.012042
-0.011613
-0.010675
-0.010429
-0.009690
-0.010404
-0.010533
-0.010815
-0.010933
-0.010917
-0.011998
-0.012693
-0.010997
-0.009810
-0.009510
-0.009612
-0.010764
-0.011813
-0.013150
-0.013658
-0.013811
-0.013977
-0.013681
-0.013735
-0.013112
-0.012814
-0.012207
-0.014175
-0.012395
-0.011962
-0.015100
-0.014959
-0.015916
-0.019064
-0.017413
-0.016614
-0.015311
-0.014824
-0.013625
-0.012614
-0.011557
-0.010535
-0.007585
-0.008400
-0.009821
-0.009924
-0.009936
-0.010501
-0.011278
-0.012478
-0.014041
-0.012960
-0.012928
-0.015249
-0.014844
-0.012988
-0.010222
-0.009929
-0.008780
-0.008957
-0.010092
-0.012962
-0.012625
-0.013058
-0.014662
-0.014422
-0.011287
-0.013186
-0.013123
-0.012873
-0.013543
-0.015139
-0.015279
-0.015362
-0.015409
-0.013432
-0.013302
-0.015750
-0.018763
-0.015573
-0.018288
-0.017869
-0.016949
-0.020654
-0.020666
-0.020707
-0.020215
-0.019558
-0.018641
-0.017755
-0.017136
-0.015907
-0.015833
-0.013403
-0.015141
-0.015008
-0.012905
-0.015737
-0.015157
-0.015366
-0.015545
-0.014554
-0.013360
-0.014432
-0.013744
-0.015965
-0.019298
-0.019682
-0.017562
-0.015257
-0.011661
-0.013095
-0.013627
-0.013592
-0.014237
-0.014863
-0.015437
-0.016263
-0.018356
-0.019056
-0.019347
-0.018992
-0.017079
-0.015252
-0.012800
-0.012191
-0.009341
-0.007244
-0.006233
-0.006747
-0.008904
-0.007702
-0.006279
-0.008042
-0.008338
-0.008083
-0.009198
-0.011187
-0.010864
-0.014039
-0.011586
-0.011075
-0.009547
-0.010126
-0.012471
-0.014135
-0.014569
-0.014963
-0.014941
-0.013760
-0.016019
-0.015737
-0.013275
-0.014229
-0.013384
-0.012146
-0.012531
-0.012759
-0.013931
-0.014417
-0.014496
-0.013990
-0.016345
-0.012592
-0.011288
-0.010742
-0.011306
-0.011894
-0.010679
-0.009467
-0.010822
-0.009662
-0.012817
-0.014685
-0.015692
-0.016501
-0.018495
-0.016428
-0.016980
-0.018165
-0.016872
-0.015412
-0.012058
-0.011684
-0.014104
-0.014039
-0.013678
-0.013168
-0.012533
-0.012255
-0.011619
-0.010356
-0.005948
-0.007028
-0.009790
-0.011071
-0.012600
-0.014924
-0.014176
-0.013278
-0.011896
-0.012047
-0.012573
-0.013607
-0.014448
-0.015355
-0.015245
-0.013543
-0.011633
-0.008870
-0.008556
-0.008997
-0.009884
-0.010453
-0.009410
-0.008772
-0.008239
-0.012628
-0.022472
-0.033447
-0.043817
-0.053577
-0.061936
-0.068491
-0.074938
-0.082336
-0.077661
-0.086576
-0.088730
-0.089230
-0.090095
-0.093826
-0.098521
-0.103231
-0.107788
-0.106261
-0.108595
-0.110674
-0.111384
-0.110808
-0.109279
-0.108783
-0.109568
-0.109418
-0.108038
-0.106404
-0.103785
-0.097937
-0.078137
-0.072425
-0.074848
-0.055023
-0.047808
-0.046943
-0.036820
-0.025555
-0.015982
-0.006847
0.000491
0.005850
0.008703
0.008715
0.010085
0.010538
0.009662
0.009925
0.009803
0.010609
0.011266
0.013585
0.014204
0.016569
0.018015
0.019445
0.019921
0.019176
0.018197
0.017030
0.014989
0.014059
0.011645
0.011211
0.010547
0.011187
0.012098
0.013647
0.015636
0.017444
0.018928
0.020071
0.020867
0.020561
0.019749
0.018565
0.016763
0.015119
0.013839
0.015799
0.016757
0.016671
0.015645
0.014679
0.015473
0.014631
0.014297
0.014792
0.019315
0.017352
0.017887
0.018468
0.018715
0.018522
0.017899
0.016904
0.016112
0.018803
0.018250
0.018306
0.019020
0.019778
0.020148
0.020739
0.018562
0.020772
0.017484
0.016732
0.018354
0.018017
0.017455
0.016955
0.016374
0.016633
0.015621
0.018030
0.019385
0.021025
0.021568
0.021125
0.020061
0.018398
0.016496
0.014848
0.014200
0.016942
0.019621
0.019780
0.020214
0.020551
0.021277
0.018183
0.018591
0.020440
0.018525
0.016678
0.015334
0.014913
0.014575
0.012944
0.015691
0.017023
0.018425
0.019370
0.020723
0.018754
0.022009
0.021526
0.017845
0.019517
0.017084
0.013339
0.016082
0.016444
0.017403
0.018912
0.020426
0.021200
0.021147
0.021373
0.018768
0.015105
0.013133
0.014022
0.014897
0.016086
0.017114
0.017466
0.016987
0.016914
0.017200
0.014452
0.014496
0.015475
0.019024
0.019742
0.017551
0.020206
0.019167
0.018356
0.017190
0.016181
0.014918
0.015759
0.015279
0.014504
0.012663
0.015423
0.013527
0.014697
0.017974
0.019711
0.021577
0.023381
0.025487
0.025324
0.024643
0.023431
0.023527
0.020074
0.017843
0.016101
0.015759
0.016676
0.017245
0.020091
0.018115
0.015510
0.013944
0.013697
0.014438
0.015357
0.016797
0.018000
0.018178
0.018369
0.016761
0.016745
0.015936
0.014680
0.013672
0.013162
0.013669
0.013170
0.013080
0.011758
0.012788
0.016778
0.021378
0.028527
0.038495
0.049465
0.058540
0.065849
0.073167
0.081730
0.089318
0.081793
0.101094
0.108332
0.113462
0.117952
0.117624
0.131548
0.128015
0.123400
0.116126
0.111832
0.108259
0.104543
0.098382
0.091990
0.086719
0.083615
0.071209
0.073208
0.077640
0.081488
0.081895
0.089870
0.075178
0.057652
0.043872
0.033600
0.026763
0.021211
0.015220
0.007915
0.001534
-0.003227
-0.006440
-0.009226
-0.011657
-0.013095
-0.014097
-0.014758
-0.016001
-0.017204
-0.019297
-0.021139
-0.022677
-0.023263
-0.023111
-0.024300
-0.025112
-0.025111
-0.025748
-0.025819
-0.026071
-0.025720
-0.025239
-0.022184
-0.023116
-0.020876
-0.021212
-0.022855
-0.022820
-0.022410
-0.024680
-0.024869
-0.024019
-0.023511
-0.024484
-0.022923
-0.023350
-0.023746
-0.024812
-0.024798
-0.025067
-0.025104
-0.025612
-0.026724
-0.026328
-0.026139
-0.024701
-0.023650
-0.023163
-0.023728
-0.024819
-0.026352
-0.026414
-0.026652
-0.026727
-0.024797
-0.023687
-0.022856
-0.023093
-0.023919
-0.025018
-0.025654
-0.026486
-0.026595
-0.025889
-0.025824
-0.022938
-0.018866
-0.016488
-0.017819
-0.020044
-0.024051
-0.025475
-0.026111
-0.026705
-0.027853
-0.029571
-0.029694
-0.029267
-0.028341
-0.026851
-0.024735
-0.024198
-0.023977
-0.023485
-0.024158
-0.024749
-0.025239
-0.025367
-0.026222
-0.026828
-0.030257
-0.030797
-0.030363
-0.029942
-0.031994
-0.033193
-0.033493
-0.032400
-0.031795
-0.030000
-0.028568
-0.027811
-0.025543
-0.020617
-0.019516
-0.012811
-0.013698
-0.015789
-0.022015
-0.029386
-0.036358
-0.038880
-0.042953
-0.051336
-0.061433
-0.072611
-0.082718
-0.092408
-0.101016
-0.105004
-0.104896
-0.100649
-0.096506
-0.094034
-0.090430
-0.083224
-0.071748
-0.062264
-0.058075
-0.057995
-0.063915
-0.074216
-0.084266
-0.090545
-0.094062
-0.096471
-0.086516
-0.086222
-0.085914
-0.086958
-0.091408
-0.096484
-0.096021
-0.094281
-0.075894
-0.077140
-0.061560
-0.039900
-0.028300
-0.014763
0.003596
0.021292
0.037222
0.053242
0.067565
0.076816
0.089486
0.100876
0.092793
0.095201
0.108700
0.103908
0.099013
0.080478
0.076855
0.088606
0.089616
0.093039
0.096033
0.096315
0.094411
0.091954
0.089395
0.087419
0.086694
0.085886
0.085302
0.084576
0.083649
0.067873
0.064489
0.066077
0.053190
0.040009
0.028146
0.022239
0.020512
0.021316
0.019065
0.018949
0.013797
0.008406
0.006852
0.007170
0.006749
0.002116
0.000715
0.000390
0.000306
0.001486
0.001577
0.001235
-0.001622
-0.002276
-0.002193
-0.000225
0.004326
0.011728
0.008618
0.001902
-0.005558
-0.008601
-0.005660
-0.000191
0.005747
0.006049
0.002452
-0.000063
-0.000039
0.002901
0.005960
0.004078
-0.001132
-0.002688
-0.002572
-0.000601
0.000816
0.001162
0.001295
-0.000655
-0.001148
-0.000746
-0.000070
-0.001408
-0.007378
-0.014071
-0.023491
-0.037675
-0.053222
-0.066110
-0.073619
-0.078183
-0.082164
-0.085463
-0.086800
-0.089341
-0.094996
-0.100097
-0.104736
-0.108330
-0.112093
-0.115474
-0.115102
-0.113664
-0.111078
-0.110282
-0.110745
-0.111373
-0.112039
-0.110511
-0.106426
-0.098499
-0.085161
-0.061502
-0.044852
-0.027503
-0.011210
-0.000610
0.008782
0.016537
0.031541
0.044851
0.058186
0.073760
0.089246
0.099257
0.098882
0.092823
0.077472
0.063575
0.055130
0.049855
0.044121
0.036827
0.028495
0.018564
0.014759
0.012910
0.014346
0.015114
0.015026
0.011065
0.010263
0.007211
0.004440
0.002854
0.002550
0.003742
0.004896
0.005427
0.003308
0.002910
0.001577
0.000136
-0.000455
-0.000734
0.000044
-0.000333
0.000302
0.001493
0.000957
0.000424
0.001274
0.000357
0.002204
0.002512
-0.001504
-0.007998
-0.015695
-0.028777
-0.040853
-0.052664
-0.063812
-0.073361
-0.068495
-0.069609
-0.067221
-0.065161
-0.038594
-0.027805
-0.009503
0.008829
0.023902
0.035450
0.046920
0.058039
0.068393
0.076841
0.083421
0.088059
0.090081
0.091861
0.095142
0.099354
0.103497
0.106838
0.110274
0.112012
0.097062
0.092375
0.090674
0.078535
0.055954
0.031888
0.007074
-0.010770
-0.021671
-0.029057
-0.033620
-0.040916
-0.048101
-0.054536
-0.056559
-0.054667
-0.056602
-0.040841
-0.017198
0.007984
0.032894
0.056828
0.073834
0.081779
0.074219
0.073472
0.070419
0.069676
0.067483
0.065104
0.066311
0.054822
0.035483
0.022607
0.008537
-0.012350
-0.027969
-0.042340
-0.053773
-0.073683
-0.080049
-0.081077
-0.074495
-0.055686
-0.034559
-0.010608
0.014549
0.037453
0.059318
0.078653
0.096066
0.111850
0.125729
0.134337
0.133601
0.130095
0.116059
0.102248
0.093865
0.093227
0.095464
0.096336
0.092470
0.083650
0.070473
0.059371
0.051661
0.044990
0.041764
0.039986
0.034079
0.024652
0.016990
0.013441
0.012056
0.019257
0.023508
0.035588
0.044864
0.053624
0.061948
0.070085
0.067917
0.072584
0.078520
0.085164
0.087116
0.092208
0.099017
0.103576
0.119765
0.114752
0.108492
0.103615
0.101295
0.101300
0.102324
0.097480
0.085970
0.066095
0.043016
0.018847
-0.002987
-0.017677
-0.026656
-0.035112
-0.044317
-0.054710
-0.064964
-0.075893
-0.086485
-0.093454
-0.098234
-0.101771
-0.105426
-0.111076
-0.116734
-0.118766
-0.115534
-0.110548
-0.106032
-0.104234
-0.104781
-0.091867
-0.090800
-0.090359
-0.102549
-0.107544
-0.112532
-0.113662
-0.113079
-0.111855
-0.110137
-0.108888
-0.105004
-0.101201
-0.086959
-0.103437
-0.109011
-0.113382
-0.115439
-0.105131
-0.086890
-0.068261
-0.047082
-0.028537
-0.011466
0.002532
0.013598
0.026171
0.042599
0.058535
0.073365
0.085751
0.095458
0.099870
0.098812
0.097195
0.098292
0.100350
0.102244
0.090601
0.090494
0.089029
0.104148
0.106131
0.110774
0.117097
0.121191
0.120987
0.117764
0.111117
0.105014
0.103283
0.103868
0.103540
0.102165
0.101009
0.099666
0.098859
0.099283
0.102090
0.106529
0.111965
0.113593
0.106734
0.081208
0.073226
0.046762
0.022468
0.003961
-0.007991
-0.016932
-0.025418
-0.034665
-0.048813
-0.060462
-0.074052
-0.087352
-0.096699
-0.105854
-0.115245
-0.123844
-0.126097
-0.126163
-0.119641
-0.107618
-0.086268
-0.079275
-0.070110
-0.061235
-0.053844
-0.046184
-0.038023
-0.028199
-0.021251
-0.018381
-0.019140
-0.019244
-0.031155
-0.035868
-0.043782
-0.052277
-0.059895
-0.067510
-0.075757
-0.081750
-0.086688
-0.088251
-0.107952
-0.113149
-0.097381
-0.097040
-0.095214
-0.088571
-0.080694
-0.071842
-0.064384
-0.056801
-0.056283
-0.047029
-0.038648
-0.031087
-0.022565
-0.013058
-0.001734
0.006552
0.009960
0.012339
0.009900
0.006722
0.001487
-0.002525
-0.003133
-0.000760
0.003135
0.005849
0.005028
0.005637
0.003541
-0.000500
-0.002645
-0.001912
0.000691
0.002178
0.004266
0.005073
0.003890
0.002582
0.001636
-0.000434
-0.000962
-0.000700
0.002014
0.004626
0.003725
0.004191
0.003558
0.002630
-0.001514
-0.004575
-0.004044
-0.002176
-0.000164
0.001607
0.002649
0.002211
0.001942
0.000237
-0.001461
-0.001148
-0.000502
0.000317
0.001528
0.003384
0.002067
0.001138
0.000317
-0.000092
0.000099
0.000981
0.001774
0.001054
0.000265
0.000416
0.002631
0.003221
0.000254
-0.002571
-0.006693
-0.006316
-0.005128
-0.001799
0.001169
0.003784
0.003267
-0.000131
-0.001476
-0.002179
-0.001315
0.000283
0.000983
0.000593
0.000996
0.003173
0.002112
0.000430
-0.001404
-0.003502
-0.002331
-0.001236
0.001181
0.003283
0.004606
0.004707
0.002457
0.001063
0.000916
0.001047
0.001752
0.000600
0.003163
0.004019
0.003750
0.003527
0.001050
-0.000953
-0.001316
-0.000818
0.000391
0.001829
0.001859
0.000576
0.000277
-0.000070
-0.000766
-0.000605
-0.000342
-0.000435
-0.000054
-0.000118
-0.000124
-0.000215
-0.000165
0.000552
-0.000728
0.000577
0.002091
0.001173
0.000188
-0.000252
0.000682
0.000442
0.000561
0.000116
-0.000208
0.000384
0.000427
-0.003130
-0.010271
-0.021312
-0.033364
-0.044720
-0.056710
-0.079500
-0.094003
-0.103181
-0.106605
-0.104718
-0.100015
-0.095136
-0.091339
-0.090083
-0.093048
-0.094528
-0.093464
-0.091382
-0.089306
-0.088210
-0.089482
-0.094815
-0.103389
-0.112097
-0.115901
-0.117097
-0.115500
-0.112748
-0.111088
-0.112407
-0.114882
-0.116964
-0.118299
-0.117713
-0.110679
-0.084047
-0.075008
-0.060116
-0.041145
-0.027285
-0.008815
0.008009
0.022686
0.038372
0.053488
0.066593
0.078203
0.087684
0.093862
0.096593
0.097594
0.098428
0.100038
0.102796
0.105979
0.107985
0.107299
0.104603
0.104157
0.104569
0.107419
0.112155
0.101809
0.102455
0.096714
0.079895
0.067933
0.054089
0.040092
0.015973
-0.003442
-0.017721
-0.030718
-0.043009
-0.053624
-0.062047
-0.071210
-0.080390
-0.091348
-0.101316
-0.107043
-0.109118
-0.110138
-0.110060
-0.108461
-0.107117
-0.107334
-0.109541
-0.109632
-0.109106
-0.108662
-0.108384
-0.107542
-0.108534
-0.110610
-0.109840
-0.108306
-0.108384
-0.108311
-0.108568
-0.106231
-0.088343
-0.080968
-0.073052
-0.056429
-0.058116
-0.048861
-0.042487
-0.036481
-0.030667
-0.024170
-0.019063
-0.012804
-0.011010
-0.012447
-0.009921
-0.009650
-0.008451
-0.006143
-0.004008
-0.002364
-0.001134
-0.001450
-0.001708
-0.002835
-0.003533
-0.003851
-0.002971
-0.001914
-0.000251
0.000325
-0.000080
-0.000748
-0.001509
-0.001747
-0.001214
-0.000369
0.000410
0.000802
0.001524
0.001777
0.002196
0.002329
0.001659
0.001122
0.000384
-0.000559
-0.000781
-0.000502
0.000281
0.001004
0.001314
0.000959
0.000450
-0.000462
0.000171
0.000325
0.000635
0.000931
0.001375
-0.000033
-0.000982
-0.000917
-0.000195
-0.000208
-0.000901
-0.000575
-0.000044
0.000087
0.000020
0.002033
0.007108
0.014239
0.023712
0.037758
0.051267
0.074860
0.091683
0.103282
0.108548
0.108282
0.105171
0.101915
0.101858
0.103814
0.104287
0.101251
0.095996
0.091206
0.088953
0.088976
0.093737
0.100351
0.106620
0.110097
0.111960
0.113572
0.112474
0.106442
0.095898
0.083626
0.070394
0.059002
0.049351
0.041354
0.034968
0.030492
0.026281
0.019551
0.017707
0.015255
0.012660
0.011279
0.010600
0.009725
0.006855
0.005863
0.003724
0.003138
0.003253
0.003590
0.003710
0.003416
0.002906
0.002615
0.002291
0.001618
0.002788
0.004647
0.005216
0.004745
0.000102
-0.004552
-0.005675
-0.004375
-0.001962
0.001820
0.004707
0.008791
0.006895
0.006631
0.000735
-0.002627
-0.004601
-0.003432
-0.000286
0.002829
0.003866
0.001240
-0.004880
-0.010231
-0.021473
-0.034432
-0.049093
-0.063561
-0.087878
-0.097172
-0.100446
-0.100436
-0.098257
-0.097127
-0.095996
-0.097050
-0.096498
-0.094887
-0.091382
-0.087881
-0.086097
-0.085313
-0.085990
-0.089511
-0.096726
-0.101074
-0.102880
-0.105071
-0.106054
-0.103901
-0.101789
-0.099094
-0.094620
-0.086600
-0.073131
-0.059011
-0.047576
-0.040215
-0.034254
-0.026177
-0.023138
-0.019130
-0.015675
-0.013091
-0.010625
-0.009483
-0.009828
-0.007772
-0.007305
-0.006365
-0.005015
-0.002798
-0.000958
-0.001192
-0.002389
-0.009137
-0.010140
-0.006432
-0.003035
-0.001371
0.000259
0.000777
0.001046
0.000505
-0.000956
-0.002125
-0.002578
-0.001734
-0.000190
0.000952
0.000999
0.000934
-0.000123
-0.000362
-0.001639
-0.002304
-0.002151
-0.000089
0.000397
0.001140
0.000884
0.000042
-0.000742
-0.000022
0.002481
0.006530
0.012741
0.023767
0.033332
0.041211
0.044855
0.052030
0.054319
0.056062
0.055401
0.057659
0.062369
0.066169
0.067852
0.067610
0.065926
0.064531
0.064932
0.066654
0.069776
0.073134
0.076183
0.077106
0.076993
0.074511
0.072593
0.071077
0.070502
0.070897
0.072099
0.073032
0.074343
0.074835
0.074890
0.074824
0.074396
0.074442
0.073866
0.073262
0.072583
0.071651
0.069755
0.065720
0.058849
0.050403
0.043531
0.036799
0.032479
0.029011
0.025660
0.019645
0.017479
0.015502
0.012367
0.011050
0.008769
0.007375
0.007813
0.005940
0.004917
0.004070
0.003283
0.002877
0.002948
0.002848
0.002521
0.001266
-0.000499
-0.000318
-0.000036
0.000624
0.000356
0.001242
0.000784
0.000279
-0.000406
0.001251
0.001673
0.001852
0.000683
0.000386
0.000898
0.000520
0.000294
-0.000476
-0.000146
0.001474
0.001636
0.003800
0.006340
0.007817
0.009216
0.009769
0.011232
0.011160
0.009577
0.010481
0.011303
0.012341
0.013448
0.014569
0.017127
0.014323
0.013527
0.014657
0.014669
0.015973
0.017831
0.019543
0.020300
0.019475
0.018189
0.016891
0.016274
0.015940
0.013474
0.014041
0.015099
0.016043
0.016974
0.015874
0.017960
0.016875
0.013451
0.012563
0.013186
0.013740
0.014907
0.016105
0.020411
0.021771
0.022843
0.022903
0.022425
0.021498
0.021294
0.020475
0.019203
0.019427
0.018210
0.015821
0.014420
0.013201
0.013383
0.013704
0.014323
0.014467
0.015688
0.017296
0.018350
0.018995
0.018806
0.018541
0.018753
0.017043
0.017486
0.020485
0.021005
0.021850
0.022447
0.021771
0.020277
0.016578
0.019377
0.015942
0.016677
0.016777
0.019518
0.019914
0.019679
0.019832
0.019803
0.019204
0.017822
0.015319
0.011372
0.009638
0.010902
0.011073
0.013571
0.015390
0.022433
0.024927
0.029193
0.037717
0.039416
0.039890
0.040452
0.040517
0.041507
0.043890
0.046233
0.043597
0.027539
0.018311
0.008239
-0.004272
-0.016958
-0.033896
-0.045342
-0.053454
-0.059186
-0.065284
-0.071877
-0.080582
-0.090407
-0.098246
-0.104927
-0.108164
-0.107570
-0.105317
-0.103971
-0.105835
-0.105595
-0.102005
-0.092458
-0.068740
-0.055572
-0.041182
-0.025618
-0.011559
0.002751
0.015937
0.027849
0.041051
0.052943
0.062551
0.069747
0.077611
0.072988
0.076367
0.076043
0.068958
0.057011
0.049529
0.027154
0.009335
-0.009492
-0.024511
-0.037288
-0.049404
-0.060396
-0.067952
-0.073777
-0.081616
-0.089823
-0.096752
-0.102731
-0.107954
-0.110075
-0.109174
-0.108498
-0.109793
-0.113310
-0.118121
-0.123423
-0.119458
-0.112342
-0.107161
-0.101587
-0.096936
-0.091601
-0.085215
-0.068026
-0.061272
-0.052416
-0.036018
-0.026988
-0.021067
-0.016702
-0.013241
-0.013073
-0.011126
-0.008702
-0.005018
-0.002948
-0.001749
-0.001426
-0.002834
-0.003775
-0.004245
-0.004315
-0.002323
-0.000419
0.000570
0.000413
0.000905
-0.000161
-0.001055
-0.000821
-0.001237
-0.000228
0.000213
-0.002423
-0.001759
-0.001878
-0.001596
-0.001716
-0.002086
-0.001611
-0.000955
-0.000174
0.000455
-0.000111
-0.000323
0.000401
0.000200
0.000033
-0.000247
0.000066
-0.000183
-0.000228
-0.000161
-0.000518
-0.000769
-0.000826
-0.000544
0.000666
0.000773
0.000351
0.001555
0.001349
0.001511
0.001893
0.000448
0.000073
-0.000646
-0.000687
-0.000388
-0.000249
-0.000341
-0.000280
0.000033
-0.000454
0.000009
0.000356
-0.000472
0.003614
0.002847
-0.000643
-0.000581
-0.001008
-0.000856
-0.002048
-0.002023
-0.000717
-0.000458
0.000242
0.000433
-0.000113
-0.000649
-0.000534
-0.000048
0.000225
-0.000171
-0.000500
-0.000877
-0.000825
-0.000501
0.000341
0.000346
-0.000192
-0.000360
0.000368
0.000289
0.000617
0.000616
0.001170
0.000904
0.000834
0.001159
0.001192
0.001150
-0.000102
-0.000438
-0.000784
-0.000403
-0.000758
-0.000459
-0.000714
-0.001242
-0.000942
-0.000472
-0.000942
-0.000525
-0.000632
-0.000911
-0.000753
0.000627
0.000394
-0.000298
-0.000014
-0.000461
-0.000896
0.000034
0.000165
0.000733
0.001223
0.001401
0.001370
-0.000131
-0.000234
0.002518
0.002757
0.001338
0.001419
0.000481
0.000081
-0.000246
0.000264
0.001042
0.001299
0.001271
0.001032
0.000959
-0.001192
-0.002355
-0.001982
-0.001388
-0.000729
-0.000698
-0.001083
-0.001571
-0.001196
-0.000269
0.000396
-0.000003
-0.000136
-0.000659
-0.000951
-0.000376
0.000307
0.000598
0.000317
-0.000200
-0.000444
0.001879
0.002119
0.000937
-0.000069
-0.000106
-0.000194
0.000230
0.000429
-0.000712
-0.000510
0.000152
0.000072
0.000128
-0.000013
0.000099
-0.000878
-0.001189
-0.000332
-0.000284
-0.000148
-0.000334
-0.000380
-0.000443
-0.002265
-0.001993
-0.000912
-0.000058
0.000494
0.000632
0.000388
0.000139
0.000315
0.000032
0.000112
0.000034
0.000151
0.000301
0.000942
0.000586
-0.000088
-0.000136
-0.000283
0.000060
0.000757
0.000002
-0.000566
-0.001271
-0.000918
-0.001203
-0.003388
-0.004695
-0.007231
-0.011425
-0.015125
-0.017454
-0.017750
-0.018895
-0.019125
-0.026793
-0.023320
-0.025468
-0.028331
-0.030954
-0.031924
-0.032936
-0.033622
-0.033227
-0.037788
-0.037192
-0.035496
-0.031222
-0.021123
-0.006833
0.007414
0.020071
0.028676
0.037188
0.038320
0.043756
0.055525
0.066709
0.077499
0.084965
0.093303
0.095380
0.094172
0.087053
0.081665
0.060557
0.040030
0.027010
0.019648
0.012278
0.001577
-0.012507
-0.027273
-0.037895
-0.041250
-0.040464
-0.039372
-0.038642
-0.041505
-0.048096
-0.052455
-0.054875
-0.055934
-0.054138
-0.052725
-0.051427
-0.052137
-0.053410
-0.054951
-0.056922
-0.057271
-0.057234
-0.056614
-0.057192
-0.056315
-0.056845
-0.057618
-0.058340
-0.058783
-0.058055
-0.058152
-0.057558
-0.057961
-0.057197
-0.056612
-0.055239
-0.053597
-0.052578
-0.053022
-0.054194
-0.055732
-0.057183
-0.057074
-0.056123
-0.054524
-0.053610
-0.054292
-0.055358
-0.056071
-0.056776
-0.057238
-0.056548
-0.054462
-0.052221
-0.051985
-0.052234
-0.052937
-0.054772
-0.056157
-0.056651
-0.055393
-0.054520
-0.052109
-0.050378
-0.050437
-0.052631
-0.054877
-0.056995
-0.050940
-0.051958
-0.051362
-0.051620
-0.052423
-0.054967
-0.058012
-0.060352
-0.060366
-0.060115
-0.050268
-0.046670
-0.040907
-0.033827
-0.028350
-0.021180
-0.016133
-0.011953
-0.009956
-0.007393
-0.005333
-0.003376
-0.000862
0.001764
0.004426
0.007074
0.007998
0.010499
0.012125
0.011802
0.011475
0.010350
0.009863
0.011089
0.012118
0.013645
0.015106
0.016149
0.017507
0.017148
0.019126
0.016093
0.015791
0.015588
0.015242
0.015938
0.015240
0.018920
0.019055
0.018842
0.018494
0.017594
0.016889
0.016116
0.015563
0.014047
0.015535
0.018526
0.018679
0.015173
0.015499
0.012539
0.009679
0.008567
0.007838
0.007585
0.006928
0.006226
0.005370
0.003913
0.001884
0.000939
0.000962
0.000650
0.000946
0.002094
0.002470
0.003772
0.001188
0.000983
0.000220
0.001240
0.003011
0.001542
0.002864
0.006685
0.014746
0.025076
0.036892
0.047200
0.055567
0.061756
0.066836
0.062810
0.067876
0.074338
0.082288
0.091819
0.101518
0.108153
0.108056
0.088441
0.094614
0.080428
0.058635
0.058925
0.053259
0.049302
0.042092
0.030706
0.019498
0.009120
-0.000612
-0.006149
-0.008092
-0.006806
-0.002905
0.000751
0.003644
0.004326
0.002730
-0.001183
-0.004166
-0.006422
-0.006756
-0.005603
-0.002881
-0.000098
0.002529
0.002840
0.001697
-0.000150
-0.001486
-0.002735
-0.002120
0.000020
0.002696
0.002147
0.002115
0.004097
0.001945
0.001858
0.001160
0.000577
0.001507
0.002264
0.001755
0.000509
0.000177
0.000981
0.001712
0.003296
0.003774
0.000738
0.000000
0.000000
0.000000
0.000000
0.000000
0.000000
0.000000
0.000000
0.000000
0.000000
0.000000
0.000000
0.000000
0.000000
0.000000
0.000000
0.000000
0.000000
0.000000
0.000000
0.000000
0.000000
0.000000
0.000000
0.000000
0.000000
0.000000
0.000000
0.000000
0.000000
0.000000
0.000000
0.000000
0.000000
0.000000
0.000000
0.000000
0.000000
0.000000
0.000000
0.000000
0.000000
0.000000
0.000000
0.000000
0.000000
0.000000
0.000000
0.000000
0.000000
0.000000
0.000000
0.000000
0.000000
0.000000
0.000000
0.000000
0.000000
0.000000
0.000000
0.000000
0.000000
0.000000
0.000000
0.000000
0.000000
0.000000
0.000000
0.000000
0.000000
0.000000
0.000000
0.000000
0.000000
0.000000
0.000000
0.000000
0.000000
0.000000
0.000000
0.000000
0.000000
0.000000
0.000000
0.000000
0.000000
0.000000
0.000000
0.000000
0.000000
0.000000
0.000000
0.000000
0.000000
0.000000
0.000000
0.000000
0.000000
0.000000
0.000000
0.000000
0.000000
0.000000
0.000000
0.000000
0.000000
0.000000
0.000000
0.000000
0.000000
0.000000
0.000000
0.000000
0.000000
0.000000
0.000000
0.000000
0.000000
0.000000
0.000000
0.000000
0.000000
0.000000
0.000000
0.000000
0.000000
0.000000
0.000000
0.000000
0.000000
0.000000
0.000000
0.000000
0.000000
0.000000
0.000000
0.000000
0.000000
0.000000
0.000000
0.000000
0.000000
0.000000
0.000000
0.000000
0.000000
0.000000
0.000000
0.000000
0.000000
0.000000
0.000000
0.000000
0.000000
0.000000
0.000000
0.000000
0.000000
0.000000
0.000000
0.000000
0.000000
0.000000
0.000000
0.000000
0.000000
0.000000
0.000000
0.000000
0.000000
0.000000
0.000000
0.000000
0.000000
0.000000
0.000000
0.000000
0.000000
0.000000
0.000000
0.000000
0.000000
0.000000
0.000000
0.000000
0.000000
0.000000
0.000000
0.000000
0.000000
0.000000
0.000000
0.000000
0.000000
0.000000
0.000000
0.000000
0.000000
0.000000
0.000000
0.000000
0.000000
0.000000
0.000000
0.000000
0.000000
0.000000
0.000000
0.000000
0.000000
0.000000
0.000000
0.000000
0.000000
0.000000
0.000000
0.000000
0.000000
0.000000
0.000000
0.000000
0.000000
0.000000
0.000000
0.000000
0.000000
0.000000
0.000000
0.000000
0.000000
0.000000
0.000000
0.000000
0.000000
0.000000
0.000000
0.000000
0.000000
0.000000
0.000000
0.000000
0.000000
0.000000
0.000000
0.000000
0.000000
0.000000
0.000000
0.000000
0.000000
0.000000
0.000000
0.000000
0.000000
0.000000
0.000000
0.000000
0.000000
0.000000
0.000000
0.000000
0.000000
0.000000
0.000000
0.000000
0.000000
0.000000
0.000000
0.000000
0.000000
0.000000
0.000000
0.000000
0.000000
0.000000
0.000000
0.000000
0.000000
0.000000
0.000000
0.000000
0.000000
0.000000
0.000000
0.000000
0.000000
0.000000
0.000000
0.000000
0.000000
0.000000
0.000000
0.000000
0.000000
0.000000
0.000000
0.000000
0.000000
0.000000
0.000000
0.000000
0.000000
0.000000
0.000000
0.000000
0.000000
0.000000
0.000000
0.000000
0.000000
0.000000
0.000000
0.000000
0.000000
0.000000
0.000000
0.000000
0.000000
0.000000
0.000000
0.000000
0.000000
0.000000
0.000000
0.000000
0.000000
0.000000
0.000000
0.000000
0.000000
0.000000
0.000000
0.000000
0.000000
0.000000
0.000000
0.000000
0.000000
0.000000
0.000000
0.000000
0.000000
0.000000
0.000000
0.000000
0.000000
0.000000
0.000000
0.000000
0.000000
0.000000
0.000000
0.000000
0.000000
0.000000
0.000000
0.000000
0.000000
0.000000
0.000000
0.000000
0.000000
0.000000
0.000000
0.000000
0.000000
0.000000
0.000000
0.000000
0.000000
0.000000
0.000000
0.000000
0.000000
0.000000
0.000000
0.000000
0.000000
0.000000
0.000000
0.000000
0.000000
0.000000
0.000000
0.000000
0.000000
0.000000
0.000000
0.000000
0.000000
0.000000
0.000000
0.000000
0.000000
0.000000
0.000000
0.000000
0.000000
0.000000
0.000000
0.000000
0.000000
0.000000
0.000000
0.000000
0.000000
0.000000
0.000000
0.000000
0.000000
0.000000
0.000000
0.000000
0.000000
0.000000
0.000000
0.000000
0.000000
0.000000
0.000000
0.000000
0.000000
0.000000
0.000000
0.000000
0.000000
0.000000
0.000000
0.000000
0.000000
0.000000
0.000000
0.000000
0.000000
0.000000
0.000000
0.000000
0.000000
0.000000
0.000000
0.000000
0.000000
0.000000
0.000000
0.000000
0.000000
0.000000
0.000000
0.000000
0.000000
0.000000
0.000000
0.000000
0.000000
0.000000
0.000000
0.000000
0.000000
0.000000
0.000000
0.000000
0.000000
0.000000
0.000000
0.000000
0.000000
0.000000
0.000000
0.000000
0.000000
0.000000
0.000000
0.000000
0.000000
0.000000
0.000000
0.000000
0.000000
0.000000
0.000000
0.000000
0.000000
0.000000
0.000000
0.000000
0.000000
0.000000
0.000000
0.000000
0.000000
0.000000
0.000000
0.000000
0.000000
0.000000
0.000000
0.000000
0.000000
0.000000
0.000000
0.000000
0.000000
0.000000
0.000000
0.000000
0.000000
0.000000
0.000000
0.000000
0.000000
0.000000
0.000000
0.000000
0.000000
0.000000
0.000000
0.000000
0.000000
0.000000
0.000000
0.000000
0.000000
0.000000
0.000000
0.000000
0.000000
0.000000
0.000000
0.000000
0.000000
0.000000
0.000000
0.000000
0.000000
0.000000
0.000000
0.000000
0.000000
0.000000
0.000000
0.000000
0.000000
0.000000
0.000000
0.000000
0.000000
0.000000
0.000000
0.000000
0.000000
0.000000
0.000000
0.000000
0.000000
0.000000
0.000000
0.000000
0.000000
0.000000
0.000000
0.000000
0.000000
0.000000
0.000000
0.000000
0.000000
0.000000
0.000000
0.000000
0.000000
0.000000
0.000000
0.000000
0.000000
0.000000
0.000000
0.000000
0.000000
0.000000
0.000000
0.000000
0.000000
0.000000
0.000000
0.000000
0.000000
0.000000
0.000000
0.000000
0.000000
0.000000
0.000000
0.000000
0.000000
0.000000
0.000000
0.000000
0.000000
0.000000
0.000000
0.000000
0.000000
0.000000
0.000000
0.000000
0.000000
0.000000
0.000000
0.000000
0.000000
0.000000
0.000000
0.000000
0.000000
0.000000
0.000000
0.000000
0.000000
0.000000
0.000000
0.000000
0.000000
0.000000
0.000000
0.000000
0.000000
0.000000
0.000000
0.000000
0.000000
0.000000
0.000000
0.000000
0.000000
0.000000
0.000000
0.000000
0.000000
0.000000
0.000000
0.000000
0.000000
0.000000
0.000000
0.000000
0.000000
0.000000
0.000000
0.000000
0.000000
0.000000
0.000000
0.000000
0.000000
0.000000
0.000000
0.000000
0.000000
0.000000
0.000000
0.000000
0.000000
0.000000
0.000000
0.000000
0.000000
0.000000
0.000000
0.000000
0.000000
0.000000
0.000000
0.000000
0.000000
0.000000
0.000000
0.000000
0.000000
0.000000
0.000000
0.000000
0.000000
0.000000
0.000000
0.000000
0.000000
0.000000
0.000000
0.000000
0.000000
0.000000
0.000000
0.000000
0.000000
0.000000
0.000000
0.000000
0.000000
0.000000
0.000000
0.000000
0.000000
0.000000
0.000000
0.000000
0.000000
0.000000
0.000000
0.000000
0.000000
0.000000
0.000000
0.000000
0.000000
0.000000
0.000000
0.000000
0.000000
0.000000
0.000000
0.000000
0.000000
0.000000
0.000000
0.000000
0.000000
0.000000
0.000000
0.000000
0.000000
0.000000
0.000000
0.000000
0.000000
0.000000
0.000000
0.000000
0.000000
0.000000
0.000000
0.000000
0.000000
0.000000
0.000000
0.000000
0.000000
0.000000
0.000000
0.000000
0.000000
0.000000
0.000000
0.000000
0.000000
0.000000
0.000000
0.000000
0.000000
0.000000
0.000000
0.000000
0.000000
0.000000
0.000000
0.000000
0.000000
0.000000
0.000000
0.000000
0.000000
0.000000
0.000000
0.000000
0.000000
0.000000
0.000000
0.000000
0.000000
0.000000
0.000000
0.000000
0.000000
0.000000
0.000000
0.000000
0.000000
0.000000
0.000000
0.000000
0.000000
0.000000
0.000000
0.000000
0.000000
0.000000
0.000000
0.000000
0.000000
0.000000
0.000000
0.000000
0.000000
0.000000
0.000000
0.000000
0.000000
0.000000
0.000000
0.000000
0.000000
0.000000
0.000000
0.000000
0.000000
0.000000
0.000000
0.000000
0.000000
0.000000
0.000000
0.000000
0.000000
0.000000
0.000000
0.000000
0.000000
0.000000
0.000000
0.000000
0.000000
0.000000
0.000000
0.000000
0.000000
0.000000
0.000000
0.000000
0.000000
0.000000
0.000000
0.000000
0.000000
0.000000
0.000000
0.000000
0.000000
0.000000
0.000000
0.000000
0.000000
0.000000
0.000000
0.000000
0.000000
0.000000
0.000000
0.000000
0.000000
0.000000
0.000000
0.000000
0.000000
0.000000
0.000000
0.000000
0.000000
0.000000
0.000000
0.000000
0.000000
0.000000
0.000000
0.000000
0.000000
0.000000
0.000000
0.000000
0.000000
0.000000
0.000000
0.000000
0.000000
0.000000
0.000000
0.000000
0.000000
0.000000
0.000000
0.000000
0.000000
0.000000
0.000000
0.000000
0.000000
0.000000
0.000000
0.000000
0.000000
0.000000
0.000000
0.000000
0.000000
0.000000
0.000000
0.000000
0.000000
0.000000
0.000000
0.000000
0.000000
0.000000
0.000000
0.000000
0.000000
0.000000
0.000000
0.000000
0.000000
0.000000
0.000000
0.000000
0.000000
0.000000
0.000000
0.000000
0.000000
0.000000
0.000000
0.000000
0.000000
0.000000
0.000000
0.000000
0.000000
0.000000
0.000000
0.000000
0.000000
0.000000
0.000000
0.000000
0.000000
0.000000
0.000000
0.000000
0.000000
0.000000
0.000000
0.000000
0.000000
0.000000
0.000000
0.000000
0.000000
0.000000
0.000000
0.000000
0.000000
0.000000
0.000000
0.000000
0.000000
0.000000
0.000000
0.000000
0.000000
0.000000
0.000000
0.000000
0.000000
0.000000
0.000000
0.000000
0.000000
0.000000
0.000000
0.000000
0.000000
0.000000
0.000000
0.000000
0.000000
0.000000
0.000000
0.000000
0.000000
0.000000
0.000000
0.000000
0.000000
0.000000
0.000000
0.000000
0.000000
0.000000
0.000000
0.000000
0.000000
0.000000
0.000000
0.000000
0.000000
0.000000
0.000000
0.000000
0.000000
0.000000
0.000000
0.000000
0.000000
0.000000
0.000000
0.000000
0.000000
0.000000
0.000000
0.000000
0.000000
0.000000
0.000000
0.000000
0.000000
0.000000
0.000000
0.000000
0.000000
0.000000
0.000000
0.000000
0.000000
0.000000
0.000000
0.000000
0.000000
0.000000
0.000000
0.000000
0.000000
0.000000
0.000000
0.000000
0.000000
0.000000
0.000000
0.000000
0.000000
0.000000
0.000000
0.000000
0.000000
0.000000
0.000000
0.000000
0.000000
0.000000
0.000000
0.000000
0.000000
0.000000
0.000000
0.000000
0.000000
0.000000
0.000000
0.000000
0.000000
0.000000
0.000000
0.000000
0.000000
0.000000
0.000000
0.000000
0.000000
0.000000
0.000000
0.000000
0.000000
0.000000
0.000000
0.000000
0.000000
0.000000
0.000000
0.000000
0.000000
0.000000
0.000000
0.000000
0.000000
0.000000
0.000000
0.000000
0.000000
0.000000
0.000000
0.000000
0.000000
0.000000
0.000000
0.000000
0.000000
0.000000
0.000000
0.000000
0.000000
0.000000
0.000000
0.000000
0.000000
0.000000
0.000000
0.000000
0.000000
0.000000
0.000000
0.000000
0.000000
0.000000
0.000000
0.000000
0.000000
0.000000
0.000000
0.000000
0.000000
0.000000
0.000000
0.000000
0.000000
0.000000
0.000000
0.000000
0.000000
0.000000
0.000000
0.000000
0.000000
0.000000
0.000000
0.000000
0.000000
0.000000
0.000000
0.000000
0.000000
0.000000
0.000000
0.000000
0.000000
0.000000
0.000000
0.000000
0.000000
0.000000
0.000000
0.000000
0.000000
0.000000
0.000000
0.000000
0.000000
0.000000
0.000000
0.000000
0.000000
0.000000
0.000000
0.000000
0.000000
0.000000
0.000000
0.000000
0.000000
0.000000
0.000000
0.000000
0.000000
0.000000
0.000000
0.000000
0.000000
0.000000
0.000000
0.000000
0.000000
0.000000
0.000000
0.000000
0.000000
0.000000
0.000000
0.000000
0.000000
0.000000
0.000000
0.000000
0.000000
0.000000
0.000000
0.000000
0.000000
0.000000
0.000000
0.000000
0.000000
0.000000
0.000000
0.000000
0.000000
0.000000
0.000000
0.000000
0.000000
0.000000
0.000000
0.000000
0.000000
0.000000
0.000000
0.000000
0.000000
0.000000
0.000000
0.000000
0.000000
0.000000
0.000000
0.000000
0.000000
0.000000
0.000000
0.000000
0.000000
0.000000
0.000000
0.000000
0.000000
0.000000
0.000000
0.000000
0.000000
0.000000
0.000000
0.000000
0.000000
0.000000
0.000000
0.000000
0.000000
0.000000
0.000000
0.000000
0.000000
0.000000
0.000000
0.000000
0.000000
0.000000
0.000000
0.000000
0.000000
0.000000
0.000000
0.000000
0.000000
0.000000
0.000000
0.000000
0.000000
0.000000
0.000000
0.000000
0.000000
0.000000
0.000000
0.000000
0.000000
0.000000
0.000000
0.000000
0.000000
0.000000
0.000000
0.000000
0.000000
0.000000
0.000000
0.000000
0.000000
0.000000
0.000000
0.000000
0.000000
0.000000
0.000000
0.000000
0.000000
0.000000
0.000000
0.000000
0.000000
0.000000
0.000000
0.000000
0.000000
0.000000
0.000000
0.000000
0.000000
0.000000
0.000000
0.000000
0.000000
0.000000
0.000000
0.000000
0.000000
0.000000
0.000000
0.000000
0.000000
0.000000
0.000000
0.000000
0.000000
0.000000
0.000000
0.000000
0.000000
0.000000
0.000000
0.000000
0.000000
0.000000
0.000000
0.000000
0.000000
0.000000
0.000000
0.000000
0.000000
0.000000
0.000000
0.000000
0.000000
0.000000
0.000000
0.000000
0.000000
0.000000
0.000000
0.000000
0.000000
0.000000
0.000000
0.000000
0.000000
0.000000
0.000000
0.000000
0.000000
0.000000
0.000000
0.000000
0.000000
0.000000
0.000000
0.000000
0.000000
0.000000
0.000000
0.000000
0.000000
0.000000
0.000000
0.000000
0.000000
0.000000
0.000000
0.000000
0.000000
0.000000
0.000000
0.000000
0.000000
0.000000
0.000000
0.000000
0.000000
0.000000
0.000000
0.000000
0.000000
0.000000
0.000000
0.000000
0.000000
0.000000
0.000000
0.000000
0.000000
0.000000
0.000000
0.000000
0.000000
0.000000
0.000000
0.000000
0.000000
0.000000
0.000000
0.000000
0.000000
0.000000
0.000000
0.000000
0.000000
0.000000
0.000000
0.000000
0.000000
0.000000
0.000000
0.000000
0.000000
0.000000
0.000000
0.000000
0.000000
0.000000
0.000000
0.000000
0.000000
0.000000
0.000000
0.000000
0.000000
0.000000
0.000000
0.000000
0.000000
0.000000
0.000000
0.000000
0.000000
0.000000
0.000000
0.000000
0.000000
0.000000
0.000000
0.000000
0.000000
0.000000
0.000000
0.000000
0.000000
0.000000
0.000000
0.000000
0.000000
0.000000
0.000000
0.000000
0.000000
0.000000
0.000000
0.000000
0.000000
0.000000
0.000000
0.000000
0.000000
0.000000
0.000000
0.000000
0.000000
0.000000
0.000000
0.000000
0.000000
0.000000
0.000000
0.000000
0.000000
0.000000
0.000000
0.000000
0.000000
0.000000
0.000000
0.000000
0.000000
0.000000
0.000000
0.000000
0.000000
0.000000
0.000000
0.000000
0.000000
0.000000
0.000000
0.000000
0.000000
0.000000
0.000000
0.000000
0.000000
0.000000
0.000000
0.000000
0.000000
0.000000
0.000000
0.000000
0.000000
0.000000
0.000000
0.000000
0.000000
0.000000
0.000000
0.000000
0.000000
0.000000
0.000000
0.000000
0.000000
0.000000
0.000000
0.000000
0.000000
0.000000
0.000000
0.000000
0.000000
0.000000
0.000000
0.000000
0.000000
0.000000
0.000000
0.000000
0.000000
0.000000
0.000000
0.000000
0.000000
0.000000
0.000000
0.000000
0.000000
0.000000
0.000000
0.000000
0.000000
0.000000
0.000000
0.000000
0.000000
0.000000
0.000000
0.000000
0.000000
0.000000
0.000000
0.000000
0.000000
0.000000
0.000000
0.000000
0.000000
0.000000
0.000000
0.000000
0.000000
0.000000
0.000000
0.000000
0.000000
0.000000
0.000000
0.000000
0.000000
0.000000
0.000000
0.000000
0.000000
0.000000
0.000000
0.000000
0.000000
0.000000
0.000000
0.000000
0.000000
0.000000
0.000000
0.000000
0.000000
0.000000
0.000000
0.000000
0.000000
0.000000
0.000000
0.000000
0.000000
0.000000
0.000000
0.000000
0.000000
0.000000
0.000000
0.000000
0.000000
0.000000
0.000000
0.000000
0.000000
0.000000
0.000000
0.000000
0.000000
0.000000
0.000000
0.000000
0.000000
0.000000
0.000000
0.000000
0.000000
0.000000
0.000000
0.000000
0.000000
0.000000
0.000000
0.000000
0.000000
0.000000
0.000000
0.000000
0.000000
0.000000
0.000000
0.000000
0.000000
0.000000
0.000000
0.000000
0.000000
0.000000
0.000000
0.000000
0.000000
0.000000
0.000000
0.000000
0.000000
0.000000
0.000000
0.000000
0.000000
0.000000
0.000000
0.000000
0.000000
0.000000
0.000000
0.000000
0.000000
0.000000
0.000000
0.000000
0.000000
0.000000
0.000000
0.000000
0.000000
0.000000
0.000000
0.000000
0.000000
0.000000
0.000000
0.000000
0.000000
0.000000
0.000000
0.000000
0.000000
0.000000
0.000000
0.000000
0.000000
0.000000
0.000000
0.000000
0.000000
0.000000
0.000000
0.000000
0.000000
0.000000
0.000000
0.000000
0.000000
0.000000
0.000000
0.000000
0.000000
0.000000
0.000000
0.000000
0.000000
0.000000
0.000000
0.000000
0.000000
0.000000
0.000000
0.000000
0.000000
0.000000
0.000000
0.000000
0.000000
0.000000
0.000000
0.000000
0.000000
0.000000
0.000000
0.000000
0.000000
0.000000
0.000000
0.000000
0.000000
0.000000
0.000000
0.000000
0.000000
0.000000
0.000000
0.000000
0.000000
0.000000
0.000000
0.000000
0.000000
0.000000
0.000000
0.000000
0.000000
0.000000
0.000000
0.000000
0.000000
0.000000
0.000000
0.000000
0.000000
0.000000
0.000000
0.000000
0.000000
0.000000
0.000000
0.000000
0.000000
0.000000
0.000000
0.000000
0.000000
0.000000
0.000000
0.000000
0.000000
0.000000
0.000000
0.000000
0.000000
0.000000
0.000000
0.000000
0.000000
0.000000
0.000000
0.000000
0.000000
0.000000
0.000000
0.000000
0.000000
0.000000
0.000000
0.000000
0.000000
0.000000
0.000000
0.000000
0.000000
0.000000
0.000000
0.000000
0.000000
0.000000
0.000000
0.000000
0.000000
0.000000
0.000000
0.000000
0.000000
0.000000
0.000000
0.000000
0.000000
0.000000
0.000000
0.000000
0.000000
0.000000
0.000000
0.000000
0.000000
0.000000
0.000000
0.000000
0.000000
0.000000
0.000000
0.000000
0.000000
0.000000
0.000000
0.000000
0.000000
0.000000
0.000000
0.000000
0.000000
0.000000
0.000000
0.000000
0.000000
0.000000
0.000000
0.000000
0.000000
0.000000
0.000000
0.000000
0.000000
0.000000
0.000000
0.000000
0.000000
0.000000
0.000000
0.000000
0.000000
0.000000
0.000000
0.000000
0.000000
0.000000
0.000000
0.000000
0.000000
0.000000
0.000000
0.000000
0.000000
0.000000
0.000000
0.000000
0.000000
0.000000
0.000000
0.000000
0.000000
0.000000
0.000000
0.000000
0.000000
0.000000
0.000000
0.000000
0.000000
0.000000
0.000000
0.000000
0.000000
0.000000
0.000000
0.000000
0.000000
0.000000
0.000000
0.000000
0.000000
0.000000
0.000000
0.000000
0.000000
0.000000
0.000000
0.000000
0.000000
0.000000
0.000000
0.000000
0.000000
0.000000
0.000000
0.000000
0.000000
0.000000
0.000000
0.000000
0.000000
0.000000
0.000000
0.000000
0.000000
0.000000
0.000000
0.000000
0.000000
0.000000
0.000000
0.000000
0.000000
0.000000
0.000000
0.000000
0.000000
0.000000
0.000000
0.000000
0.000000
0.000000
0.000000
0.000000
0.000000
0.000000
0.000000
0.000000
0.000000
0.000000
0.000000
0.000000
0.000000
0.000000
0.000000
0.000000
0.000000
0.000000
0.000000
0.000000
0.000000
0.000000
0.000000
0.000000
0.000000
0.000000
0.000000
0.000000
0.000000
0.000000
0.000000
0.000000
0.000000
0.000000
0.000000
0.000000
0.000000
0.000000
0.000000
0.000000
0.000000
0.000000
0.000000
0.000000
0.000000
0.000000
0.000000
0.000000
0.000000
0.000000
0.000000
0.000000
0.000000
0.000000
0.000000
0.000000
0.000000
0.000000
0.000000
0.000000
0.000000
0.000000
0.000000
0.000000
0.000000
0.000000
0.000000
0.000000
0.000000
0.000000
0.000000
0.000000
0.000000
0.000000
0.000000
0.000000
0.000000
0.000000
0.000000
0.000000
0.000000
0.000000
0.000000
0.000000
0.000000
0.000000
0.000000
0.000000
0.000000
0.000000
0.000000
0.000000
0.000000
0.000000
0.000000
0.000000
0.000000
0.000000
0.000000
0.000000
0.000000
0.000000
0.000000
0.000000
0.000000
0.000000
0.000000
0.000000
0.000000
0.000000
0.000000
0.000000
0.000000
0.000000
0.000000
0.000000
0.000000
0.000000
0.000000
0.000000
0.000000
0.000000
0.000000
0.000000
0.000000
0.000000
0.000000
0.000000
0.000000
0.000000
0.000000
0.000000
0.000000
0.000000
0.000000
0.000000
0.000000
0.000000
0.000000
0.000000
0.000000
0.000000
0.000000
0.000000
0.000000
0.000000
0.000000
0.000000
0.000000
0.000000
0.000000
0.000000
0.000000
0.000000
0.000000
0.000000
0.000000
0.000000
0.000000
0.000000
0.000000
0.000000
0.000000
0.000000
0.000000
0.000000
0.000000
0.000000
0.000000
0.000000
0.000000
0.000000
0.000000
0.000000
0.000000
0.000000
0.000000
0.000000
0.000000
0.000000
0.000000
0.000000
0.000000
0.000000
0.000000
0.000000
0.000000
0.000000
0.000000
0.000000
0.000000
0.000000
0.000000
0.000000
0.000000
0.000000
0.000000
0.000000
0.000000
0.000000
0.000000
0.000000
0.000000
0.000000
0.000000
0.000000
0.000000
0.000000
0.000000
0.000000
0.000000
0.000000
0.000000
0.000000
0.000000
0.000000
0.000000
0.000000
0.000000
0.000000
0.000000
0.000000
0.000000
0.000000
0.000000
0.000000
0.000000
0.000000
0.000000
0.000000
0.000000
0.000000
0.000000
0.000000
0.000000
0.000000
0.000000
0.000000
0.000000
0.000000
0.000000
0.000000
0.000000
0.000000
0.000000
0.000000
0.000000
0.000000
0.000000
0.000000
0.000000
0.000000
0.000000
0.000000
0.000000
0.000000
0.000000
0.000000
0.000000
0.000000
0.000000
0.000000
0.000000
0.000000
0.000000
0.000000
0.000000
0.000000
0.000000
0.000000
0.000000
0.000000
0.000000
0.000000
0.000000
0.000000
0.000000
0.000000
0.000000
0.000000
0.000000
0.000000
0.000000
0.000000
0.000000
0.000000
0.000000
0.000000
0.000000
0.000000
0.000000
0.000000
0.000000
0.000000
0.000000
0.000000
0.000000
0.000000
0.000000
0.000000
0.000000
0.000000
0.000000
0.000000
0.000000
0.000000
0.000000
0.000000
0.000000
0.000000
0.000000
0.000000
0.000000
0.000000
0.000000
0.000000
0.000000
0.000000
0.000000
0.000000
0.000000
0.000000
0.000000
0.000000
0.000000
0.000000
0.000000
0.000000
0.000000
0.000000
0.000000
0.000000
0.000000
0.000000
0.000000
0.000000
0.000000
0.000000
0.000000
0.000000
0.000000
0.000000
0.000000
0.000000
0.000000
0.000000
0.000000
0.000000
0.000000
0.000000
0.000000
0.000000
0.000000
0.000000
0.000000
0.000000
0.000000
0.000000
0.000000
0.000000
0.000000
0.000000
0.000000
0.000000
0.000000
0.000000
0.000000
0.000000
0.000000
0.000000
0.000000
0.000000
0.000000
0.000000
0.000000
0.000000
0.000000
0.000000
0.000000
0.000000
0.000000
0.000000
0.000000
0.000000
0.000000
0.000000
0.000000
0.000000
0.000000
0.000000
0.000000
0.000000
0.000000
0.000000
0.000000
0.000000
0.000000
0.000000
0.000000
0.000000
0.000000
0.000000
0.000000
0.000000
0.000000
0.000000
0.000000
0.000000
0.000000
0.000000
0.000000
0.000000
0.000000
0.000000
0.000000
0.000000
0.000000
0.000000
0.000000
0.000000
0.000000
0.000000
0.000000
0.000000
0.000000
0.000000
0.000000
0.000000
0.000000
0.000000
0.000000
0.000000
0.000000
0.000000
0.000000
0.000000
0.000000
0.000000
0.000000
0.000000
0.000000
0.000000
0.000000
0.000000
0.000000
0.000000
0.000000
0.000000
0.000000
0.000000
0.000000
0.000000
0.000000
0.000000
0.000000
0.000000
0.000000
0.000000
0.000000
0.000000
0.000000
0.000000
0.000000
0.000000
0.000000
0.000000
0.000000
0.000000
0.000000
0.000000
0.000000
0.000000
0.000000
0.000000
0.000000
0.000000
0.000000
0.000000
0.000000
0.000000
0.000000
0.000000
0.000000
0.000000
0.000000
0.000000
0.000000
0.000000
0.000000
0.000000
0.000000
0.000000
0.000000
0.000000
0.000000
0.000000
0.000000
0.000000
0.000000
0.000000
0.000000
0.000000
0.000000
0.000000
0.000000
0.000000
0.000000
0.000000
0.000000
0.000000
0.000000
0.000000
0.000000
0.000000
0.000000
0.000000
0.000000
0.000000
0.000000
0.000000
0.000000
0.000000
0.000000
0.000000
0.000000
0.000000
0.000000
0.000000
0.000000
0.000000
0.000000
0.000000
0.000000
0.000000
0.000000
0.000000
0.000000
0.000000
0.000000
0.000000
0.000000
0.000000
0.000000
0.000000
0.000000
0.000000
0.000000
0.000000
0.000000
0.000000
0.000000
0.000000
0.000000
0.000000
0.000000
0.000000
0.000000
0.000000
0.000000
0.000000
0.000000
0.000000
0.000000
0.000000
0.000000
0.000000
0.000000
0.000000
0.000000
0.000000
0.000000
0.000000
0.000000
0.000000
0.000000
0.000000
0.000000
0.000000
0.000000
0.000000
0.000000
0.000000
0.000000
0.000000
0.000000
0.000000
0.000000
0.000000
0.000000
0.000000
0.000000
0.000000
0.000000
0.000000
0.000000
0.000000
0.000000
0.000000
0.000000
0.000000
0.000000
0.000000
0.000000
0.000000
0.000000
0.000000
0.000000
0.000000
0.000000
0.000000
0.000000
0.000000
0.000000
0.000000
0.000000
0.000000
0.000000
0.000000
0.000000
0.000000
0.000000
0.000000
0.000000
0.000000
0.000000
0.000000
0.000000
0.000000
0.000000
0.000000
0.000000
0.000000
0.000000
0.000000
0.000000
0.000000
0.000000
0.000000
0.000000
0.000000
0.000000
0.000000
0.000000
0.000000
0.000000
0.000000
0.000000
0.000000
0.000000
0.000000
0.000000
0.000000
0.000000
0.000000
0.000000
0.000000
0.000000
0.000000
0.000000
0.000000
0.000000
0.000000
0.000000
0.000000
0.000000
0.000000
0.000000
0.000000
0.000000
0.000000
0.000000
0.000000
0.000000
0.000000
0.000000
0.000000
0.000000
0.000000
0.000000
0.000000
0.000000
0.000000
0.000000
0.000000
0.000000
0.000000
0.000000
0.000000
0.000000
0.000000
0.000000
0.000000
0.000000
0.000000
0.000000
0.000000
0.000000
0.000000
0.000000
0.000000
0.000000
0.000000
0.000000
0.000000
0.000000
0.000000
0.000000
0.000000
0.000000
0.000000
0.000000
0.000000
0.000000
0.000000
0.000000
0.000000
0.000000
0.000000
0.000000
0.000000
0.000000
0.000000
0.000000
0.000000
0.000000
0.000000
0.000000
0.000000
0.000000
0.000000
0.000000
0.000000
0.000000
0.000000
0.000000
0.000000
0.000000
0.000000
0.000000
0.000000
0.000000
0.000000
0.000000
0.000000
0.000000
0.000000
0.000000
0.000000
0.000000
0.000000
0.000000
0.000000
0.000000
0.000000
0.000000
0.000000
0.000000
0.000000
0.000000
0.000000
0.000000
0.000000
0.000000
0.000000
0.000000
0.000000
0.000000
0.000000
0.000000
0.000000
0.000000
0.000000
0.000000
0.000000
0.000000
0.000000
0.000000
0.000000
0.000000
0.000000
0.000000
0.000000
0.000000
0.000000
0.000000
0.000000
0.000000
0.000000
0.000000
0.000000
0.000000
0.000000
0.000000
0.000000
0.000000
0.000000
0.000000
0.000000
0.000000
0.000000
0.000000
0.000000
0.000000
0.000000
0.000000
0.000000
0.000000
0.000000
0.000000
0.000000
0.000000
0.000000
0.000000
0.000000
0.000000
0.000000
0.000000
0.000000
0.000000
0.000000
0.000000
0.000000
0.000000
0.000000
0.000000
0.000000
0.000000
0.000000
0.000000
0.000000
0.000000
0.000000
0.000000
0.000000
0.000000
0.000000
0.000000
0.000000
0.000000
0.000000
0.000000
0.000000
0.000000
0.000000
0.000000
0.000000
0.000000
0.000000
0.000000
0.000000
0.000000
0.000000
0.000000
0.000000
0.000000
0.000000
0.000000
0.000000
0.000000
0.000000
0.000000
0.000000
0.000000
0.000000
0.000000
0.000000
0.000000
0.000000
0.000000
0.000000
0.000000
0.000000
0.000000
0.000000
0.000000
0.000000
0.000000
0.000000
0.000000
0.000000
0.000000
0.000000
0.000000
0.000000
0.000000
0.000000
0.000000
0.000000
0.000000
0.000000
0.000000
0.000000
0.000000
0.000000
0.000000
0.000000
0.000000
0.000000
0.000000
0.000000
0.000000
0.000000
0.000000
0.000000
0.000000
0.000000
0.000000
0.000000
0.000000
0.000000
0.000000
0.000000
0.000000
0.000000
0.000000
0.000000
0.000000
0.000000
0.000000
0.000000
0.000000
0.000000
0.000000
0.000000
0.000000
0.000000
0.000000
0.000000
0.000000
0.000000
0.000000
0.000000
0.000000
0.000000
0.000000
0.000000
0.000000
0.000000
0.000000
0.000000
0.000000
0.000000
0.000000
0.000000
0.000000
0.000000
0.000000
0.000000
0.000000
0.000000
0.000000
0.000000
0.000000
0.000000
0.000000
0.000000
0.000000
0.000000
0.000000
0.000000
0.000000
0.000000
0.000000
0.000000
0.000000
0.000000
0.000000
0.000000
0.000000
0.000000
0.000000
0.000000
0.000000
0.000000
0.000000
0.000000
0.000000
0.000000
0.000000
0.000000
0.000000
0.000000
0.000000
0.000000
0.000000
0.000000
0.000000
0.000000
0.000000
0.000000
0.000000
0.000000
0.000000
0.000000
0.000000
0.000000
0.000000
0.000000
0.000000
0.000000
0.000000
0.000000
0.000000
0.000000
0.000000
0.000000
0.000000
0.000000
0.000000
0.000000
0.000000
0.000000
0.000000
0.000000
0.000000
0.000000
0.000000
0.000000
0.000000
0.000000
0.000000
0.000000
0.000000
0.000000
0.000000
0.000000
0.000000
0.000000
0.000000
0.000000
0.000000
0.000000
0.000000
0.000000
0.000000
0.000000
0.000000
0.000000
0.000000
0.000000
0.000000
0.000000
0.000000
0.000000
0.000000
0.000000
0.000000
0.000000
0.000000
0.000000
0.000000
0.000000
0.000000
0.000000
0.000000
0.000000
0.000000
0.000000
0.000000
0.000000
0.000000
0.000000
0.000000
0.000000
0.000000
0.000000
0.000000
0.000000
0.000000
0.000000
0.000000
0.000000
0.000000
0.000000
0.000000
0.000000
0.000000
0.000000
0.000000
0.000000
0.000000
0.000000
0.000000
0.000000
0.000000
0.000000
0.000000
0.000000
0.000000
0.000000
0.000000
0.000000
0.000000
0.000000
0.000000
0.000000
0.000000
0.000000
0.000000
0.000000
0.000000
0.000000
0.000000
0.000000
0.000000
0.000000
0.000000
0.000000
0.000000
0.000000
0.000000
0.000000
0.000000
0.000000
0.000000
0.000000
0.000000
0.000000
0.000000
0.000000
0.000000
0.000000
0.000000
0.000000
0.000000
0.000000
0.000000
0.000000
0.000000
0.000000
0.000000
0.000000
0.000000
0.000000
0.000000
0.000000
0.000000
0.000000
0.000000
0.000000
0.000000
0.000000
0.000000
0.000000
0.000000
0.000000
0.000000
0.000000
0.000000
0.000000
0.000000
0.000000
0.000000
0.000000
0.000000
0.000000
0.000000
0.000000
0.000000
0.000000
0.000000
0.000000
0.000000
0.000000
0.000000
0.000000
0.000000
0.000000
0.000000
0.000000
