10.199583
10.139058
10.083075
10.019381
10.011777
10.029381
10.048324
10.090860
10.118459
10.119663
10.139493
10.166181
10.168158
10.153867
10.152711
10.142553
10.136959
10.141138
10.169135
10.158992
10.142650
10.142633
10.136333
10.144971
10.171667
10.182000
10.162382
10.119841
10.085064
10.056641
10.041553
10.067357
10.085897
10.079454
10.075651
10.093045
10.101931
10.114201
10.152425
10.172754
10.147648
10.126891
10.114521
10.125619
10.147192
10.192814
10.208043
10.181231
10.178322
10.188982
10.182618
10.221941
10.258350
10.244518
10.200501
10.187914
10.192200
10.183217
10.192907
10.187510
10.090235
10.003841
11.193108
11.169539
11.224969
10.060829
10.115528
10.096134
10.106993
10.154823
10.179495
10.202702
10.248842
10.232533
10.176122
10.146139
10.170707
10.231076
10.462015
10.570722
10.449974
10.453940
10.508640
10.496871
10.434834
10.432042
10.425713
10.287336
10.223413
10.379103
10.422296
10.479620
10.492937
10.170732
10.064240
10.085005
10.142110
10.127544
10.253233
10.425272
11.264081
10.410827
10.360727
10.335824
10.157799
10.484070
10.367975
10.136569
10.260880
11.160994
11.014445
11.121088
11.152652
10.006652
10.092016
10.030085
11.220797
10.043349
10.060636
10.057857
10.096696
10.102381
10.093630
10.233891
10.196638
10.129921
10.119981
10.155753
10.136266
10.089616
10.111197
10.130768
10.127174
10.164972
10.199841
10.159640
10.123100
10.136226
10.135015
10.142804
10.201359
10.232876
10.191591
10.178746
10.203604
10.195613
10.194412
10.228437
10.252541
10.438023
10.546052
10.369280
10.265391
10.233768
10.292427
10.333496
10.388580
10.488315
10.291880
10.357547
10.247838
10.165915
10.109654
10.085065
10.107738
10.205041
10.616651
10.262737
10.224109
10.584343
10.013086
11.184809
10.062105
11.225729
10.050044
10.131153
10.124093
10.139054
10.141828
10.101217
10.102403
10.183698
10.186810
10.199454
10.194278
10.142344
10.093735
10.134691
10.121911
10.103893
10.131637
10.134761
10.096601
10.076144
10.092528
10.093145
10.108200
10.147802
10.155522
10.120694
10.119320
10.143889
10.141812
10.156536
10.182123
10.175290
10.131973
10.138089
10.129794
10.125155
10.143963
10.168540
10.165654
10.141521
10.161502
10.168515
10.194079
10.227879
10.302277
10.242414
10.140703
10.060736
10.127576
10.169348
10.235886
10.269068
10.292955
10.297244
10.310809
10.444736
10.344915
10.236539
10.218939
10.173810
10.111280
10.103059
10.090058
10.081711
10.154501
10.211146
10.220591
10.216909
10.180568
10.221569
10.286131
10.299234
10.242004
10.215341
10.222327
10.185028
10.095571
10.049220
10.027606
11.204188
10.145836
10.163422
10.252152
10.322713
10.214679
10.199662
10.202072
10.163325
10.116917
10.171481
10.311793
10.182735
10.211757
10.280190
10.290993
10.272661
10.151190
10.265766
10.340511
10.177433
10.102558
10.405961
10.554173
10.107215
11.215207
11.100986
11.073455
11.083951
11.165398
10.012538
10.060830
10.115088
10.032537
10.103135
11.096459
10.021262
10.138126
10.218281
10.274371
10.265430
10.213554
10.246117
10.243630
10.284206
10.321821
10.309645
10.224807
10.082083
10.005748
10.001569
10.051195
10.234673
10.178944
10.259733
10.326108
10.121246
10.110468
10.067841
10.188024
10.266524
10.241003
10.238194
10.223649
10.222973
10.158859
10.016491
10.175957
10.277559
10.303588
10.349016
10.332978
10.397755
10.332132
10.217494
10.211228
10.457492
10.249886
10.073408
11.229282
11.163872
11.139176
11.198423
11.209715
10.002330
10.008587
10.062020
10.119341
10.194989
10.303221
10.290813
10.208364
10.177422
10.189034
10.179523
10.195769
10.192625
10.168358
10.070918
11.243176
10.015359
10.034456
10.222320
10.212320
10.137154
10.249275
10.163712
10.084098
10.028234
10.080005
10.197912
10.267922
10.317158
10.320177
10.284216
10.355503
10.140720
10.138741
10.191818
10.229708
10.269361
10.197714
10.259184
10.143991
10.069310
10.228013
10.450416
10.099877
10.081825
10.141187
10.156753
10.126900
10.117601
10.082650
10.084501
10.133887
10.175738
10.182991
10.189735
10.170084
10.218004
10.311327
10.302029
10.227139
10.167629
10.056930
11.206525
11.220133
10.026541
10.096946
10.167983
10.129478
10.228580
10.235456
10.123087
10.158552
10.150181
10.173296
10.423742
10.364100
10.215792
10.146009
10.097204
10.085884
10.115648
10.121189
10.100991
10.049474
10.097287
10.202644
10.222969
10.178824
10.164462
10.174672
10.239034
10.245676
10.169754
10.064840
11.204074
11.209476
10.238085
10.203922
10.141186
10.169675
10.163895
10.184743
11.250081
10.320368
10.330812
10.300597
10.368538
10.282207
10.188832
10.097757
10.104484
10.257307
10.116801
10.306423
10.322613
10.238477
10.363718
10.173807
10.060690
10.361221
10.305397
10.103141
11.242965
11.214413
11.196439
10.025669
10.056276
10.055070
10.011952
10.030888
10.126271
10.199278
10.211780
10.216808
10.218460
10.263404
10.213629
10.153295
10.089837
11.233604
11.169036
11.199619
10.022914
10.122135
10.098887
10.193896
10.177276
10.112513
10.273893
10.422199
10.327219
10.311532
10.272282
10.234519
10.200895
10.093113
11.191538
10.094927
10.235545
10.232328
10.019413
10.019073
10.000971
10.024145
10.187022
10.197936
10.207694
10.213372
10.230638
10.254425
10.235469
10.276626
10.257319
10.152969
10.085583
10.032660
10.134279
10.284388
10.182126
10.107585
10.098831
10.084706
10.045923
10.041825
10.333963
11.094803
10.297486
10.291183
10.529465
10.390312
10.293575
10.152104
10.155046
10.095491
10.063334
10.051061
10.069491
10.000687
10.162100
10.293249
10.070468
11.098625
10.010272
11.204517
11.117413
11.199555
10.015865
10.075011
10.100073
10.168925
10.363449
10.233233
10.345907
10.216214
10.048409
11.223957
11.204542
10.029250
10.158312
10.215919
10.254898
10.295506
10.255759
10.214116
10.225902
10.186071
10.189587
10.223046
10.215552
10.154516
10.147499
10.126559
10.125200
10.158802
10.222055
10.218710
10.204910
10.197766
10.194189
10.221337
10.218628
10.194799
10.212679
10.184558
10.201880
10.258411
10.275413
10.227760
10.187947
10.195568
10.205514
10.196092
10.215069
10.195726
10.106554
10.063879
10.082228
10.115726
10.127304
10.121486
10.096358
10.067275
10.011874
10.061399
10.113649
10.142881
10.109926
10.093094
10.067770
10.061868
10.106134
10.135225
10.135025
10.069673
10.029226
10.077547
10.091041
10.119437
10.151978
10.160874
10.142683
10.147982
10.192516
10.233167
10.235080
10.242151
10.246731
10.242669
10.245075
10.279810
10.298088
10.250312
10.226429
10.229147
10.246169
10.235568
10.243594
10.203371
10.148350
10.120340
10.144283
10.189307
10.201637
10.185997
10.167846
10.146220
10.131410
10.180311
10.238029
10.240631
10.204630
10.182406
10.153640
10.148775
10.162817
10.202450
10.185752
10.153227
10.136433
10.151387
10.171563
10.151367
10.151634
10.155085
10.150748
10.159040
10.193151
10.235033
10.216762
10.197660
10.209637
10.220422
10.218639
10.256205
10.237135
10.191840
10.165547
10.187805
10.219662
10.222830
10.191351
10.152114
10.101171
10.102728
10.135632
10.204896
10.199880
10.155424
10.138515
10.123939
10.151587
10.176285
10.211047
10.188237
10.145770
10.149879
10.142023
10.152150
10.151649
10.146238
10.137532
10.120835
10.113830
10.210484
10.258598
10.231567
10.170429
10.249057
10.406825
10.280915
10.229212
10.182858
10.076262
11.222445
11.246142
10.016197
10.008270
10.007475
10.028351
10.014127
10.058386
10.138519
10.221528
10.224924
10.186507
10.173805
10.173080
10.165519
10.164927
10.196233
10.160882
10.134087
10.148478
10.156136
10.151599
10.165419
10.153826
10.137296
10.123196
10.143727
10.206982
10.243572
10.207298
10.187452
10.203728
10.197165
10.217425
10.264097
10.253078
10.211794
10.193582
10.211208
10.247125
10.223317
10.206470
10.175172
10.142409
10.121054
10.150581
10.198860
10.194342
10.152618
10.117993
10.094518
10.109284
10.161292
10.205271
10.173654
10.125925
10.117249
10.097780
10.134170
10.178454
10.185616
10.176465
10.152449
10.159449
10.180543
10.193671
10.180528
10.177465
10.166022
10.145289
10.157639
10.223278
10.234836
10.197808
10.175154
10.184702
10.209221
10.200279
10.197962
10.153191
10.111618
10.102627
10.122107
10.206138
10.208286
10.171984
10.146582
10.122087
10.117305
10.160896
10.204588
10.198805
10.148676
10.123611
10.124687
10.145941
10.165341
10.173280
10.167242
10.152550
10.164816
10.203330
10.235711
10.216024
10.181092
10.190617
10.191800
10.175909
10.206154
10.198602
10.154161
10.125933
10.139019
10.168023
10.178298
10.183469
10.170058
10.192925
10.176546
10.224849
10.281744
10.242955
10.265608
10.301220
10.336757
10.273202
10.197993
10.162500
10.145681
10.109426
10.108533
10.130163
10.112640
10.045654
10.018987
10.051658
10.046023
10.025461
10.019975
11.230983
10.019252
10.076257
10.316639
10.369422
10.265059
10.100518
10.037055
10.007618
10.006165
10.056757
10.125039
10.186269
10.182964
10.182089
10.206934
10.251389
10.245344
10.214111
10.177749
10.147487
10.125256
10.169561
10.201833
10.192280
10.191248
10.185187
10.168017
10.207740
10.224171
10.194471
10.223054
10.309995
10.224131
10.225325
10.277582
10.150109
10.110235
10.083755
10.097710
10.090420
10.107243
10.089681
10.086739
10.133504
10.219851
10.244001
10.331219
10.306790
10.244460
10.295775
10.286113
10.193835
10.170641
10.153400
10.122033
10.103605
10.088009
10.064121
10.173313
10.215653
10.205268
10.340981
10.302776
10.166631
10.198568
10.114264
10.076473
10.096699
10.117634
10.126315
10.098093
10.094052
10.060447
10.084139
10.168674
10.189141
10.316790
10.340290
10.182133
10.193756
10.174110
10.088962
10.068613
10.077909
10.064289
10.068152
10.084337
10.055056
10.055766
10.094201
10.110481
10.216064
10.328596
10.207306
10.109188
10.174215
10.163148
10.090105
10.080285
10.084280
10.082311
10.131678
10.167785
10.130327
10.255115
10.375186
10.268448
10.269402
10.240648
10.092113
10.042917
10.040374
10.053144
10.078794
10.108886
10.080622
10.102122
10.138064
10.117204
10.153688
10.160913
10.162624
10.167944
10.206144
10.180246
10.165111
10.206401
10.209566
10.229382
10.261149
10.218590
10.218112
10.233272
10.168268
10.171068
10.156799
10.173016
10.165963
10.170074
10.133102
10.128211
10.196736
10.213282
10.278801
10.369103
10.204042
10.166587
10.167407
10.090870
10.074248
10.087804
10.091000
10.077154
10.064759
10.112625
10.124936
10.179001
10.213883
10.223688
10.293661
10.269338
10.198411
10.214342
10.139869
10.105252
10.114314
10.146506
10.130078
10.112041
10.071418
10.033931
10.099396
10.160716
10.196734
10.367283
10.300308
10.160740
10.188911
10.152881
10.139633
10.154063
10.144414
10.113792
10.082482
10.105612
10.085118
10.142424
10.219987
10.196590
10.263866
10.273424
10.171141
10.122901
10.114555
10.081052
10.082661
10.115692
10.125641
10.148227
10.197214
10.145074
10.116027
10.132999
10.135672
10.142460
10.135118
10.078145
10.061774
10.115073
10.153316
10.180920
10.409595
10.324611
10.265644
10.270201
11.242874
10.243943
11.264756
10.170212
10.178359
10.156358
10.164263
10.270064
10.080410
10.259560
10.143338
10.309905
10.275087
10.015808
11.167689
10.148819
10.044746
10.056015
10.132616
10.215004
10.104336
10.010746
10.050575
11.231080
11.225494
10.113457
10.058640
10.310204
10.179276
10.070478
10.033187
10.001471
10.026417
10.113899
10.149185
10.169096
10.207153
10.190423
10.122987
10.090140
10.107071
10.148731
10.164173
10.196611
10.197077
10.176023
10.187763
10.261460
10.313824
10.293749
10.317122
10.287157
10.270351
10.303910
10.342839
10.344867
10.300890
10.241818
10.275497
10.325543
10.309827
10.246294
10.207288
10.213440
10.245270
10.251009
10.237211
10.212268
10.169528
10.152014
10.188319
10.259876
10.261013
10.235601
10.204250
10.188777
10.192580
10.183534
10.127880
10.174618
10.174059
10.173466
10.220259
10.249912
10.212883
10.170987
10.145919
10.153607
10.196932
10.193398
10.183619
10.161791
10.134631
10.184752
10.204716
10.198587
10.164995
10.125656
10.117455
10.159810
10.195349
10.188614
10.144152
10.148321
10.170328
10.195361
10.175456
10.155320
10.118985
10.085394
10.087866
10.165066
10.214346
10.195494
10.175815
10.149493
10.194755
10.238467
10.243221
10.180182
10.164777
10.158067
10.186052
10.197044
10.174664
10.133240
10.064369
10.080059
10.147899
10.177061
10.179289
10.165971
10.152409
10.165498
10.191666
10.185398
10.191638
10.192143
10.181711
10.210095
10.250522
10.212335
10.155507
10.134108
10.135274
10.178939
10.180369
10.146209
10.141374
10.121556
10.118432
10.137565
10.224594
10.233081
10.214479
10.168853
10.193110
10.220497
10.245448
10.215948
10.185717
10.164545
10.102658
10.017867
11.228007
10.014904
10.072723
10.074306
10.019107
10.045894
10.080052
10.121422
10.149950
10.117869
11.193593
10.173939
10.207006
10.268592
10.284861
10.225780
10.161952
10.133093
10.086777
10.062992
10.122842
10.188663
10.352446
10.273450
10.400595
10.303997
11.199446
11.154438
11.048558
11.019619
11.066899
10.173157
11.093528
10.249515
10.231012
10.206763
10.254090
10.401549
10.222288
10.422976
10.146554
10.264417
10.059649
10.103714
10.208789
10.071486
11.251238
10.278161
10.153222
10.016935
11.112026
10.131855
10.420532
10.101709
10.022259
11.144009
11.206114
10.061976
10.009424
10.037091
10.116478
10.151778
10.192587
10.222601
10.172526
10.115444
10.111661
10.114723
10.111619
10.124499
10.151623
10.119229
10.093244
10.100100
10.089992
10.101805
10.133648
10.138119
10.087187
10.062305
10.051605
10.065541
10.117933
10.156117
10.170697
10.126421
10.103294
10.073288
10.023973
11.239211
11.209773
11.170974
11.181666
10.000850
10.059378
10.105968
10.179008
10.207764
10.167543
10.161112
10.189595
10.191820
10.202369
10.229774
10.195383
10.143639
10.147305
10.168505
10.168642
10.183345
10.223619
10.220790
10.161043
10.212983
10.352258
10.472158
10.363649
10.412790
10.557681
10.589784
10.498331
10.463095
10.473657
10.338161
10.283091
10.326136
10.136551
10.117345
10.091724
10.108697
10.118875
10.074510
10.161429
10.253138
10.083975
11.188265
11.209826
11.217369
10.024389
10.344132
10.285352
10.028439
10.052860
10.104609
10.143752
10.109233
10.204383
10.468533
11.266961
10.391683
10.328387
10.390791
10.385230
10.182185
10.213922
10.116701
10.115463
10.163682
10.203974
10.247782
10.235918
10.145342
10.087775
10.040371
10.028498
10.056005
10.050011
10.035821
10.023417
10.026615
10.013413
10.005883
10.034573
10.048969
10.041127
10.055038
10.046920
10.023854
10.029536
10.065861
10.083610
10.093923
10.105992
10.094782
10.058775
10.071045
10.099316
10.104993
10.123559
10.134793
10.117744
10.094369
10.103301
10.170691
10.313358
10.152547
10.272250
10.198656
10.383236
10.481871
10.481157
10.520113
10.553683
10.751720
10.437096
10.212205
10.215379
10.226541
10.280127
11.087219
10.089666
10.165884
10.157340
10.347299
10.363973
10.367371
10.319578
10.292984
10.229435
10.313908
10.224781
10.195848
10.053583
11.231550
11.130545
10.138370
11.149582
10.408689
10.334915
10.153529
10.148273
10.102110
10.027629
10.065711
10.254646
10.213915
10.170558
10.245687
10.387625
10.307360
10.294345
10.192362
10.027276
11.201339
10.012401
10.170616
10.209087
11.127172
10.261767
10.078355
10.222124
10.194606
10.114789
10.287117
10.140769
10.046041
10.142294
10.132837
10.140464
10.664769
10.488073
10.260774
10.124025
10.051973
11.251966
10.056965
10.145268
10.355898
10.318554
10.384570
10.105038
10.060657
10.246764
10.250032
10.314101
10.238902
10.194697
10.214111
10.253373
10.193290
10.272649
10.164117
10.162777
10.087240
10.068057
11.237818
10.106226
10.268683
10.044632
11.172432
11.158954
11.236203
10.074955
10.107827
10.140304
10.046729
10.277313
10.150737
10.201151
10.331540
10.330994
10.386143
10.299523
10.338855
10.232895
10.259865
10.202868
10.253374
10.168006
10.131533
10.168300
10.174895
10.062761
10.181314
10.073847
10.216936
10.218695
10.101141
11.147820
10.017343
11.154390
11.044806
10.200697
10.143673
10.141423
10.188968
10.164824
10.102757
10.125848
10.197374
10.225652
10.291866
10.327857
10.320382
10.188943
10.188439
10.210665
10.137585
10.060188
11.234355
11.185697
11.249727
10.052731
10.084289
10.052334
10.067957
10.059543
10.149415
10.209362
10.208112
10.223384
10.302218
10.296157
10.205507
10.309089
10.245420
10.159230
11.146763
11.249780
11.220396
10.922717
11.071213
11.127154
10.148192
11.235819
10.366379
10.387516
10.384533
10.301788
10.254350
10.224335
10.246836
10.285276
10.292500
10.358832
10.342907
10.382783
10.251258
10.069571
10.096259
10.100854
10.066915
10.075192
10.146882
10.151981
10.102339
10.030962
10.189331
10.116172
10.131937
10.013882
10.241575
10.087819
10.024025
11.197329
11.237259
11.222834
10.032751
11.266017
10.449004
10.323773
10.097405
10.131945
10.107765
10.180645
10.289621
10.402502
10.434668
10.388368
10.367888
10.322390
10.288101
10.317657
10.319860
10.268919
10.231963
10.419846
10.504482
10.293224
10.151594
10.454406
10.259697
11.222284
11.071591
11.036683
11.030063
11.047104
11.121380
10.057593
10.184976
10.254358
10.260336
10.330026
10.373162
10.320556
10.236732
10.225101
10.251484
10.193532
10.164982
10.191794
10.250670
10.201658
10.197085
10.193963
10.184053
10.255974
10.299112
10.221132
10.177629
10.156586
10.158491
10.180651
10.173920
10.132658
10.122951
10.149475
10.137118
10.142763
10.133772
10.092360
10.032776
10.045343
10.078861
10.115702
10.124629
10.122149
10.074539
10.038104
10.036121
10.086008
10.127126
10.125797
10.117026
10.087818
10.067452
10.096184
10.149511
10.175576
10.177808
10.147745
10.114949
10.106828
10.145027
10.206454
10.225044
10.184202
10.113151
10.008017
11.184026
11.182595
11.224933
11.248919
11.248769
10.015352
10.057175
10.125035
10.214787
10.242302
10.226914
10.196319
10.169891
10.175302
10.215313
10.266571
10.271800
10.229729
10.196783
10.171955
10.176409
10.233178
10.266643
10.245855
10.208618
10.176101
10.165384
10.161608
10.148894
10.129617
10.066411
11.210350
11.196769
11.243374
10.102221
10.212847
10.253146
10.251751
10.243646
10.210222
10.244154
10.307158
10.342521
10.313471
10.289619
10.230928
10.209634
10.181479
10.167499
10.116688
10.016260
11.170389
11.173089
11.219567
10.073547
10.184485
10.198822
10.183770
10.202192
10.200850
10.209150
10.256234
10.287871
10.240436
10.186928
10.162666
10.171576
10.136816
10.114929
10.093099
11.244287
11.175808
11.211538
10.015681
10.108925
10.209872
10.209617
10.190472
10.219107
10.199503
10.225298
10.270032
10.289298
10.212998
10.163912
10.172305
10.160098
10.157587
10.195903
10.194056
10.141934
10.137723
10.155043
10.160118
10.190706
10.247105
10.234255
10.194398
10.202012
10.164891
10.168432
10.236691
10.250690
10.305396
10.360366
10.456298
10.495268
10.456905
10.419590
10.391090
10.347116
10.248405
10.192862
10.177599
10.161419
10.125603
10.187272
10.228477
10.191914
10.132118
10.136310
10.130069
10.112783
10.106510
10.090088
10.093720
10.112545
10.164030
10.203925
10.196153
10.163032
10.100526
10.164607
10.157944
10.406515
11.176393
10.443281
10.023099
11.164529
10.036501
10.108831
10.072105
10.052143
10.141241
10.282109
10.297105
10.469056
10.447449
10.211951
10.090133
10.247087
10.019398
10.165171
11.287497
10.262823
10.136883
10.209648
10.216981
10.247074
10.216964
10.264019
10.106812
10.017538
11.002905
10.302760
10.111822
11.185880
10.248773
10.323803
10.105486
10.089405
10.357900
10.303246
10.166786
10.100463
10.059950
10.075950
10.114567
10.116173
10.189866
10.234328
10.272326
10.280963
10.280050
10.290739
10.242911
10.254133
10.152252
10.035653
10.048151
10.063830
10.077089
10.112946
10.099812
10.069274
10.070958
10.056024
10.035816
10.155730
10.142112
10.125961
10.156111
10.192425
10.185554
10.157518
10.170538
10.215340
10.266169
10.248775
10.247018
10.257580
10.219831
10.242198
10.270802
10.278791
10.236765
10.182252
10.179337
10.151977
10.150076
10.157156
10.166926
10.098704
10.061865
10.070980
10.101221
10.112988
10.142274
10.124348
10.060846
10.040695
10.068630
10.110300
10.115017
10.133909
10.112158
10.039464
10.031472
10.076258
10.127620
10.109494
10.088115
10.002162
11.143029
11.095928
11.164974
10.018644
10.076372
10.132850
10.129706
10.148083
10.211215
10.261535
10.291745
10.298341
10.257379
10.187598
10.175531
10.222765
10.256447
10.270214
10.267740
10.211292
10.152465
10.173887
10.225545
10.273470
10.325586
10.319742
10.279988
10.551558
10.006116
11.232075
10.210725
10.420200
10.497791
10.574907
10.509688
10.159904
10.142811
10.328117
10.285707
10.243424
10.102578
11.226775
11.102217
10.315673
11.165626
11.137185
11.116213
10.998631
11.000507
11.160986
10.082144
10.073078
10.135800
10.046322
10.292510
10.392670
10.285051
10.266436
10.253138
10.260576
10.313742
10.318798
10.290489
10.344648
10.353527
10.318104
10.285551
10.234556
10.181523
10.194267
10.240692
10.220186
10.224759
10.212345
10.134254
10.110353
10.175490
10.187697
10.172708
10.195883
10.220793
10.177587
10.230384
10.194071
10.159268
10.158289
10.186502
10.127802
10.020114
10.005569
11.220976
11.170238
11.185061
11.219376
11.215225
10.046978
10.082347
10.111498
10.159039
10.188112
10.188180
10.147131
10.194343
10.222103
10.252687
10.121779
10.326154
10.350648
10.380724
10.465145
10.453344
10.422579
10.468886
10.451290
10.346627
10.283914
10.243473
10.151201
10.057759
10.009083
11.216990
10.020565
10.002496
10.059118
10.124968
10.158097
10.133578
10.175406
10.205313
10.140286
10.085302
10.022816
10.025933
10.048704
10.094715
10.078354
10.083353
10.097013
10.187449
10.279236
10.269914
10.234981
10.216154
10.210347
10.231822
10.245140
10.227243
10.171459
10.131512
10.135910
10.175063
10.187699
10.038244
10.104696
10.231020
10.227776
10.265032
10.223354
10.138614
10.024580
11.188799
11.189473
11.223169
10.046679
10.120038
10.116816
10.089901
10.100804
10.133263
10.146721
10.190310
10.218326
10.172385
10.136234
10.169892
10.170901
10.183386
10.241667
10.247551
10.170818
10.146141
10.168598
10.181627
10.240552
10.270426
10.286920
10.326550
10.186132
10.268256
10.347312
10.361792
10.517922
10.388248
10.562243
10.601257
10.371768
10.216152
10.080306
10.064720
10.011513
10.191418
10.033525
10.080666
10.218436
10.218951
10.186396
10.102166
10.270999
10.163073
10.163911
10.132210
11.231864
10.034757
10.026238
10.086362
10.035586
10.309237
11.193483
10.102147
10.178970
10.166660
10.195333
10.286753
10.270281
10.216228
10.363979
10.233226
10.113449
10.392389
10.215460
10.078133
10.019627
11.242847
10.013312
10.062539
10.045208
10.058704
10.120099
10.128934
10.149650
10.140090
10.089711
10.082087
10.090330
10.084201
10.086008
10.121143
10.120396
10.080877
10.088449
10.084917
10.088497
10.100357
10.140242
10.133085
10.087283
10.098527
10.115992
10.118426
10.127473
10.156706
10.124187
10.067811
10.051633
10.011374
11.203089
11.192091
11.170399
11.156384
11.203651
10.025164
10.069558
10.109541
10.179865
10.176971
10.154649
10.192107
10.189285
10.188950
10.187080
10.239718
10.210343
10.229188
10.240540
10.216908
10.244543
10.285518
10.327652
10.293443
10.286133
10.254725
10.265112
10.316050
10.335926
10.296392
10.235499
10.211564
10.200611
10.241172
10.310087
10.325802
10.354235
10.352409
10.311009
10.296769
10.306433
10.284492
10.274100
10.298250
10.294660
10.280407
10.239957
10.213608
10.205566
10.198369
10.209126
10.165524
10.192320
10.190649
10.183232
10.191898
10.177597
10.190523
10.237345
10.242193
10.321053
10.217391
10.198981
10.242698
10.167402
10.182307
10.168542
10.119982
10.062820
10.016494
10.045014
10.088002
10.174273
10.199671
10.237627
10.376268
10.266160
10.186890
10.240196
10.137592
10.134159
10.150095
10.142090
10.101625
10.096139
10.072914
10.060231
10.195925
10.234203
10.194715
10.249970
10.192161
10.140996
10.191222
10.109172
10.124377
10.179059
10.204744
10.177087
10.150805
10.153247
10.116921
10.164088
10.213952
10.195845
10.159724
10.143812
10.084457
11.243689
10.059619
10.116244
10.126802
10.172470
10.239694
10.255814
10.207009
10.211745
10.200484
10.219471
10.270364
10.252569
10.423158
10.524963
10.284714
10.196102
10.194051
10.138243
10.156945
10.061797
10.072168
10.092439
10.155042
10.169801
10.123960
10.111183
10.138905
10.132363
10.083405
10.091890
10.095457
10.082026
10.055140
10.118685
10.431828
10.238056
10.537954
10.350282
11.209750
11.140052
10.969206
10.052232
10.984458
10.127558
10.057867
10.196873
10.215911
10.148673
10.334240
11.209948
10.148745
10.282537
10.063223
11.243662
10.008368
10.044998
10.159025
10.359656
10.361275
10.266610
10.169794
10.306645
10.246722
10.159015
10.264659
10.338703
10.213231
10.129297
10.078573
10.022286
11.230653
11.227675
11.195724
11.214548
11.242708
11.245241
10.033332
10.193013
10.250595
10.192743
10.072112
10.010327
10.011525
10.052836
10.126214
10.171810
10.187593
10.220580
10.226134
10.262449
10.299325
10.323395
10.278131
10.235052
10.242958
10.245969
10.257695
10.264216
10.239969
10.183231
10.146079
10.165940
10.217491
10.213101
10.196511
10.155738
10.112819
10.112247
10.147325
10.196485
10.197008
10.178820
10.131594
10.103679
10.107131
10.149499
10.199355
10.186433
10.160365
10.127503
10.108627
10.129261
10.182925
10.219551
10.194948
10.190330
10.142613
10.122374
10.146112
10.201717
10.219770
10.195846
10.163992
10.117223
10.107016
10.137728
10.190511
10.203547
10.161112
10.125113
10.098778
10.100559
10.139038
10.184667
10.185947
10.141333
10.103971
10.088788
10.099449
10.136071
10.186499
10.147706
10.111147
10.085622
10.090858
10.114461
10.161480
10.213142
10.170594
10.133782
10.122365
10.105201
10.142596
10.194451
10.215178
10.172720
10.141088
10.118682
10.123260
10.155512
10.206413
10.191624
10.154766
10.135414
10.111977
10.128356
10.180716
10.230539
10.202232
10.179337
10.157643
10.122731
10.153045
10.195213
10.236228
10.189640
10.169795
10.160275
10.139915
10.152539
10.216871
10.216369
10.178345
10.176500
10.144255
10.145067
10.170797
10.218034
10.196390
10.184905
10.194094
10.153604
10.150043
10.194076
10.231073
10.196262
10.207780
10.211635
10.166029
10.165413
10.194811
10.212389
10.164287
10.195265
10.190025
10.151729
10.168501
10.192480
10.181679
10.141783
10.199893
10.167040
10.131733
10.132579
10.148424
10.154978
10.121215
10.130828
10.128245
10.139947
10.187922
10.210784
10.176717
10.129394
10.194401
10.252621
10.213466
10.250479
10.273188
10.241241
10.101929
10.141875
10.154606
10.051664
10.026715
11.224774
11.178603
11.231569
10.013885
10.037624
10.079931
10.109586
10.084544
10.072013
10.107172
10.114420
10.116253
10.130565
10.134264
10.082588
10.059509
10.051315
10.046906
10.040651
10.082246
10.085712
10.056244
10.046045
10.061776
10.081142
10.089364
10.090059
10.090166
10.078216
10.104188
10.127887
10.153351
10.180532
10.197069
10.182222
10.163733
10.184149
10.199733
10.200674
10.200079
10.204104
10.186086
10.180982
10.186430
10.191137
10.194749
10.174961
10.167513
10.142854
10.143115
10.159588
10.156590
10.146391
10.133096
10.129905
10.123886
10.122053
10.157208
10.178384
10.174361
10.167414
10.156373
10.166216
10.185493
10.222385
10.231124
10.209094
10.215012
10.226902
10.238440
10.264503
10.294039
10.275458
10.256101
10.258718
10.252852
10.242744
10.305601
10.346319
10.304032
10.273094
10.265346
10.275966
10.293554
10.334092
10.300516
10.255453
10.274105
10.301109
10.345200
10.348220
10.309771
10.248984
10.299904
10.324671
10.316490
10.291793
10.320212
10.284884
10.187515
10.048872
11.209021
10.185380
10.648861
10.073367
10.230646
10.383063
10.257073
10.283880
10.030034
10.309468
10.357595
11.168270
11.171144
11.191493
11.090315
11.111382
11.167636
11.246737
10.080846
10.225403
10.297059
10.261292
10.278167
10.305135
10.334500
10.317113
10.296127
10.281299
10.347387
10.384687
10.359304
10.319392
10.265209
10.241549
10.273263
10.252142
10.211682
10.203572
10.229133
10.272877
10.244822
10.188957
10.135607
10.145100
10.200162
10.210677
10.198831
10.189693
10.205559
10.253432
10.218004
10.148429
10.105816
10.104331
10.159677
10.178495
10.170511
10.160910
10.203389
10.243077
10.220548
10.161581
10.128251
10.137943
10.186735
10.196401
10.169305
10.149376
10.161939
10.207691
10.208600
10.152847
10.144500
10.142992
10.154221
10.148192
10.138387
10.130871
10.175862
10.238473
10.232630
10.175743
10.136294
10.133337
10.172905
10.160575
10.154911
10.145233
10.149738
10.194345
10.184331
10.158283
10.117796
10.137821
10.177111
10.164021
10.135228
10.127090
10.160550
10.197211
10.179826
10.120978
10.039166
11.230225
11.243208
10.003973
10.007936
10.013789
11.211663
11.183053
11.235209
10.099907
10.134418
10.279028
10.228688
10.113806
10.124703
10.178082
10.166991
10.162847
10.170496
10.153279
10.113638
10.098781
10.138920
10.195614
10.264089
10.273399
10.264215
10.252028
10.204098
10.156989
10.173572
10.162741
10.164652
10.169579
10.187428
10.154336
10.115223
10.117060
10.154232
10.211512
10.233196
10.197187
10.157657
10.113407
10.061014
10.100880
10.160691
10.126165
10.105247
10.035622
11.158054
11.124580
11.207180
10.000917
10.048510
10.101445
10.076342
10.035332
10.077354
10.104744
10.108980
10.118186
10.122438
10.066731
10.021837
10.058695
10.097438
10.111629
10.137086
10.135987
10.088075
10.072308
10.119020
10.192760
10.329168
10.372275
10.171213
10.336106
10.314837
10.545888
10.508365
10.342906
10.165666
10.342519
10.163398
10.301455
10.055445
10.169549
10.307734
10.950716
10.146564
10.096387
10.022558
10.038767
10.078547
10.100695
10.133463
10.188832
10.171546
10.164895
10.137453
10.105772
10.101853
10.129645
10.144836
10.112258
10.078309
10.027951
10.030985
10.087041
10.141389
10.153584
10.134123
10.097519
10.059425
10.066203
10.118253
10.159529
10.167473
10.158022
10.122229
10.102759
10.123652
10.189637
10.239512
10.242788
10.217518
10.172701
10.144670
10.165555
10.209432
10.246629
10.230946
10.217428
10.179886
10.162746
10.209836
10.272220
10.286443
10.250309
10.226286
10.146111
10.133787
10.156566
10.185435
0.000000
0.000000
0.000000
0.000000
0.000000
0.000000
0.000000
0.000000
0.000000
0.000000
0.000000
0.000000
0.000000
0.000000
0.000000
0.000000
0.000000
0.000000
0.000000
0.000000
0.000000
0.000000
0.000000
0.000000
0.000000
0.000000
0.000000
0.000000
0.000000
0.000000
0.000000
0.000000
0.000000
0.000000
0.000000
0.000000
0.000000
0.000000
0.000000
0.000000
0.000000
0.000000
0.000000
0.000000
0.000000
0.000000
0.000000
0.000000
0.000000
0.000000
0.000000
0.000000
0.000000
0.000000
0.000000
0.000000
0.000000
0.000000
0.000000
0.000000
0.000000
0.000000
0.000000
0.000000
0.000000
0.000000
0.000000
0.000000
0.000000
0.000000
0.000000
0.000000
0.000000
0.000000
0.000000
0.000000
0.000000
0.000000
0.000000
0.000000
0.000000
0.000000
0.000000
0.000000
0.000000
0.000000
0.000000
0.000000
0.000000
0.000000
0.000000
0.000000
0.000000
0.000000
0.000000
0.000000
0.000000
0.000000
0.000000
0.000000
0.000000
0.000000
0.000000
0.000000
0.000000
0.000000
0.000000
0.000000
0.000000
0.000000
0.000000
0.000000
0.000000
0.000000
0.000000
0.000000
0.000000
0.000000
0.000000
0.000000
0.000000
0.000000
0.000000
0.000000
0.000000
0.000000
0.000000
0.000000
0.000000
0.000000
0.000000
0.000000
0.000000
0.000000
0.000000
0.000000
0.000000
0.000000
0.000000
0.000000
0.000000
0.000000
0.000000
0.000000
0.000000
0.000000
0.000000
0.000000
0.000000
0.000000
0.000000
0.000000
0.000000
0.000000
0.000000
0.000000
0.000000
0.000000
0.000000
0.000000
0.000000
0.000000
0.000000
0.000000
0.000000
0.000000
0.000000
0.000000
0.000000
0.000000
0.000000
0.000000
0.000000
0.000000
0.000000
0.000000
0.000000
0.000000
0.000000
0.000000
0.000000
0.000000
0.000000
0.000000
0.000000
0.000000
0.000000
0.000000
0.000000
0.000000
0.000000
0.000000
0.000000
0.000000
0.000000
0.000000
0.000000
0.000000
0.000000
0.000000
0.000000
0.000000
0.000000
0.000000
0.000000
0.000000
0.000000
0.000000
0.000000
0.000000
0.000000
0.000000
0.000000
0.000000
0.000000
0.000000
0.000000
0.000000
0.000000
0.000000
0.000000
0.000000
0.000000
0.000000
0.000000
0.000000
0.000000
0.000000
0.000000
0.000000
0.000000
0.000000
0.000000
0.000000
0.000000
0.000000
0.000000
0.000000
0.000000
0.000000
0.000000
0.000000
0.000000
0.000000
0.000000
0.000000
0.000000
0.000000
0.000000
0.000000
0.000000
0.000000
0.000000
0.000000
0.000000
0.000000
0.000000
0.000000
0.000000
0.000000
0.000000
0.000000
0.000000
0.000000
0.000000
0.000000
0.000000
0.000000
0.000000
0.000000
0.000000
0.000000
0.000000
0.000000
0.000000
0.000000
0.000000
0.000000
0.000000
0.000000
0.000000
0.000000
0.000000
0.000000
0.000000
0.000000
0.000000
0.000000
0.000000
0.000000
0.000000
0.000000
0.000000
0.000000
0.000000
0.000000
0.000000
0.000000
0.000000
0.000000
0.000000
0.000000
0.000000
0.000000
0.000000
0.000000
0.000000
0.000000
0.000000
0.000000
0.000000
0.000000
0.000000
0.000000
0.000000
0.000000
0.000000
0.000000
0.000000
0.000000
0.000000
0.000000
0.000000
0.000000
0.000000
0.000000
0.000000
0.000000
0.000000
0.000000
0.000000
0.000000
0.000000
0.000000
0.000000
0.000000
0.000000
0.000000
0.000000
0.000000
0.000000
0.000000
0.000000
0.000000
0.000000
0.000000
0.000000
0.000000
0.000000
0.000000
0.000000
0.000000
0.000000
0.000000
0.000000
0.000000
0.000000
0.000000
0.000000
0.000000
0.000000
0.000000
0.000000
0.000000
0.000000
0.000000
0.000000
0.000000
0.000000
0.000000
0.000000
0.000000
0.000000
0.000000
0.000000
0.000000
0.000000
0.000000
0.000000
0.000000
0.000000
0.000000
0.000000
0.000000
0.000000
0.000000
0.000000
0.000000
0.000000
0.000000
0.000000
0.000000
0.000000
0.000000
0.000000
0.000000
0.000000
0.000000
0.000000
0.000000
0.000000
0.000000
0.000000
0.000000
0.000000
0.000000
0.000000
0.000000
0.000000
0.000000
0.000000
0.000000
0.000000
0.000000
0.000000
0.000000
0.000000
0.000000
0.000000
0.000000
0.000000
0.000000
0.000000
0.000000
0.000000
0.000000
0.000000
0.000000
0.000000
0.000000
0.000000
0.000000
0.000000
0.000000
0.000000
0.000000
0.000000
0.000000
0.000000
0.000000
0.000000
0.000000
0.000000
0.000000
0.000000
0.000000
0.000000
0.000000
0.000000
0.000000
0.000000
0.000000
0.000000
0.000000
0.000000
0.000000
0.000000
0.000000
0.000000
0.000000
0.000000
0.000000
0.000000
0.000000
0.000000
0.000000
0.000000
0.000000
0.000000
0.000000
0.000000
0.000000
0.000000
0.000000
0.000000
0.000000
0.000000
0.000000
0.000000
0.000000
0.000000
0.000000
0.000000
0.000000
0.000000
0.000000
0.000000
0.000000
0.000000
0.000000
0.000000
0.000000
0.000000
0.000000
0.000000
0.000000
0.000000
0.000000
0.000000
0.000000
0.000000
0.000000
0.000000
0.000000
0.000000
0.000000
0.000000
0.000000
0.000000
0.000000
0.000000
0.000000
0.000000
0.000000
0.000000
0.000000
0.000000
0.000000
0.000000
0.000000
0.000000
0.000000
0.000000
0.000000
0.000000
0.000000
0.000000
0.000000
0.000000
0.000000
0.000000
0.000000
0.000000
0.000000
0.000000
0.000000
0.000000
0.000000
0.000000
0.000000
0.000000
0.000000
0.000000
0.000000
0.000000
0.000000
0.000000
0.000000
0.000000
0.000000
0.000000
0.000000
0.000000
0.000000
0.000000
0.000000
0.000000
0.000000
0.000000
0.000000
0.000000
0.000000
0.000000
0.000000
0.000000
0.000000
0.000000
0.000000
0.000000
0.000000
0.000000
0.000000
0.000000
0.000000
0.000000
0.000000
0.000000
0.000000
0.000000
0.000000
0.000000
0.000000
0.000000
0.000000
0.000000
0.000000
0.000000
0.000000
0.000000
0.000000
0.000000
0.000000
0.000000
0.000000
0.000000
0.000000
0.000000
0.000000
0.000000
0.000000
0.000000
0.000000
0.000000
0.000000
0.000000
0.000000
0.000000
0.000000
0.000000
0.000000
0.000000
0.000000
0.000000
0.000000
0.000000
0.000000
0.000000
0.000000
0.000000
0.000000
0.000000
0.000000
0.000000
0.000000
0.000000
0.000000
0.000000
0.000000
0.000000
0.000000
0.000000
0.000000
0.000000
0.000000
0.000000
0.000000
0.000000
0.000000
0.000000
0.000000
0.000000
0.000000
0.000000
0.000000
0.000000
0.000000
0.000000
0.000000
0.000000
0.000000
0.000000
0.000000
0.000000
0.000000
0.000000
0.000000
0.000000
0.000000
0.000000
0.000000
0.000000
0.000000
0.000000
0.000000
0.000000
0.000000
0.000000
0.000000
0.000000
0.000000
0.000000
0.000000
0.000000
0.000000
0.000000
0.000000
0.000000
0.000000
0.000000
0.000000
0.000000
0.000000
0.000000
0.000000
0.000000
0.000000
0.000000
0.000000
0.000000
0.000000
0.000000
0.000000
0.000000
0.000000
0.000000
0.000000
0.000000
0.000000
0.000000
0.000000
0.000000
0.000000
0.000000
0.000000
0.000000
0.000000
0.000000
0.000000
0.000000
0.000000
0.000000
0.000000
0.000000
0.000000
0.000000
0.000000
0.000000
0.000000
0.000000
0.000000
0.000000
0.000000
0.000000
0.000000
0.000000
0.000000
0.000000
0.000000
0.000000
0.000000
0.000000
0.000000
0.000000
0.000000
0.000000
0.000000
0.000000
0.000000
0.000000
0.000000
0.000000
0.000000
0.000000
0.000000
0.000000
0.000000
0.000000
0.000000
0.000000
0.000000
0.000000
0.000000
0.000000
0.000000
0.000000
0.000000
0.000000
0.000000
0.000000
0.000000
0.000000
0.000000
0.000000
0.000000
0.000000
0.000000
0.000000
0.000000
0.000000
0.000000
0.000000
0.000000
0.000000
0.000000
0.000000
0.000000
0.000000
0.000000
0.000000
0.000000
0.000000
0.000000
0.000000
0.000000
0.000000
0.000000
0.000000
0.000000
0.000000
0.000000
0.000000
0.000000
0.000000
0.000000
0.000000
0.000000
0.000000
0.000000
0.000000
0.000000
0.000000
0.000000
0.000000
0.000000
0.000000
0.000000
0.000000
0.000000
0.000000
0.000000
0.000000
0.000000
0.000000
0.000000
0.000000
0.000000
0.000000
0.000000
0.000000
0.000000
0.000000
0.000000
0.000000
0.000000
0.000000
0.000000
0.000000
0.000000
0.000000
0.000000
0.000000
0.000000
0.000000
0.000000
0.000000
0.000000
0.000000
0.000000
0.000000
0.000000
0.000000
0.000000
0.000000
0.000000
0.000000
0.000000
0.000000
0.000000
0.000000
0.000000
0.000000
0.000000
0.000000
0.000000
0.000000
0.000000
0.000000
0.000000
0.000000
0.000000
0.000000
0.000000
0.000000
0.000000
0.000000
0.000000
0.000000
0.000000
0.000000
0.000000
0.000000
0.000000
0.000000
0.000000
0.000000
0.000000
0.000000
0.000000
0.000000
0.000000
0.000000
0.000000
0.000000
0.000000
0.000000
0.000000
0.000000
0.000000
0.000000
0.000000
0.000000
0.000000
0.000000
0.000000
0.000000
0.000000
0.000000
0.000000
0.000000
0.000000
0.000000
0.000000
0.000000
0.000000
0.000000
0.000000
0.000000
0.000000
0.000000
0.000000
0.000000
0.000000
0.000000
0.000000
0.000000
0.000000
0.000000
0.000000
0.000000
0.000000
0.000000
0.000000
0.000000
0.000000
0.000000
0.000000
0.000000
0.000000
0.000000
0.000000
0.000000
0.000000
0.000000
0.000000
0.000000
0.000000
0.000000
0.000000
0.000000
0.000000
0.000000
0.000000
0.000000
0.000000
0.000000
0.000000
0.000000
0.000000
0.000000
0.000000
0.000000
0.000000
0.000000
0.000000
0.000000
0.000000
0.000000
0.000000
0.000000
0.000000
0.000000
0.000000
0.000000
0.000000
0.000000
0.000000
0.000000
0.000000
0.000000
0.000000
0.000000
0.000000
0.000000
0.000000
0.000000
0.000000
0.000000
0.000000
0.000000
0.000000
0.000000
0.000000
0.000000
0.000000
0.000000
0.000000
0.000000
0.000000
0.000000
0.000000
0.000000
0.000000
0.000000
0.000000
0.000000
0.000000
0.000000
0.000000
0.000000
0.000000
0.000000
0.000000
0.000000
0.000000
0.000000
0.000000
0.000000
0.000000
0.000000
0.000000
0.000000
0.000000
0.000000
0.000000
0.000000
0.000000
0.000000
0.000000
0.000000
0.000000
0.000000
0.000000
0.000000
0.000000
0.000000
0.000000
0.000000
0.000000
0.000000
0.000000
0.000000
0.000000
0.000000
0.000000
0.000000
0.000000
0.000000
0.000000
0.000000
0.000000
0.000000
0.000000
0.000000
0.000000
0.000000
0.000000
0.000000
0.000000
0.000000
0.000000
0.000000
0.000000
0.000000
0.000000
0.000000
0.000000
0.000000
0.000000
0.000000
0.000000
0.000000
0.000000
0.000000
0.000000
0.000000
0.000000
0.000000
0.000000
0.000000
0.000000
0.000000
0.000000
0.000000
0.000000
0.000000
0.000000
0.000000
0.000000
0.000000
0.000000
0.000000
0.000000
0.000000
0.000000
0.000000
0.000000
0.000000
0.000000
0.000000
0.000000
0.000000
0.000000
0.000000
0.000000
0.000000
0.000000
0.000000
0.000000
0.000000
0.000000
0.000000
0.000000
0.000000
0.000000
0.000000
0.000000
0.000000
0.000000
0.000000
0.000000
0.000000
0.000000
0.000000
0.000000
0.000000
0.000000
0.000000
0.000000
0.000000
0.000000
0.000000
0.000000
0.000000
0.000000
0.000000
0.000000
0.000000
0.000000
0.000000
0.000000
0.000000
0.000000
0.000000
0.000000
0.000000
0.000000
0.000000
0.000000
0.000000
0.000000
0.000000
0.000000
0.000000
0.000000
0.000000
0.000000
0.000000
0.000000
0.000000
0.000000
0.000000
0.000000
0.000000
0.000000
0.000000
0.000000
0.000000
0.000000
0.000000
0.000000
0.000000
0.000000
0.000000
0.000000
0.000000
0.000000
0.000000
0.000000
0.000000
0.000000
0.000000
0.000000
0.000000
0.000000
0.000000
0.000000
0.000000
0.000000
0.000000
0.000000
0.000000
0.000000
0.000000
0.000000
0.000000
0.000000
0.000000
0.000000
0.000000
0.000000
0.000000
0.000000
0.000000
0.000000
0.000000
0.000000
0.000000
0.000000
0.000000
0.000000
0.000000
0.000000
0.000000
0.000000
0.000000
0.000000
0.000000
0.000000
0.000000
0.000000
0.000000
0.000000
0.000000
0.000000
0.000000
0.000000
0.000000
0.000000
0.000000
0.000000
0.000000
0.000000
0.000000
0.000000
0.000000
0.000000
0.000000
0.000000
0.000000
0.000000
0.000000
0.000000
0.000000
0.000000
0.000000
0.000000
0.000000
0.000000
0.000000
0.000000
0.000000
0.000000
0.000000
0.000000
0.000000
0.000000
0.000000
0.000000
0.000000
0.000000
0.000000
0.000000
0.000000
0.000000
0.000000
0.000000
0.000000
0.000000
0.000000
0.000000
0.000000
0.000000
0.000000
0.000000
0.000000
0.000000
0.000000
0.000000
0.000000
0.000000
0.000000
0.000000
0.000000
0.000000
0.000000
0.000000
0.000000
0.000000
0.000000
0.000000
0.000000
0.000000
0.000000
0.000000
0.000000
0.000000
0.000000
0.000000
0.000000
0.000000
0.000000
0.000000
0.000000
0.000000
0.000000
0.000000
0.000000
0.000000
0.000000
0.000000
0.000000
0.000000
0.000000
0.000000
0.000000
0.000000
0.000000
0.000000
0.000000
0.000000
0.000000
0.000000
0.000000
0.000000
0.000000
0.000000
0.000000
0.000000
0.000000
0.000000
0.000000
0.000000
0.000000
0.000000
0.000000
0.000000
0.000000
0.000000
0.000000
0.000000
0.000000
0.000000
0.000000
0.000000
0.000000
0.000000
0.000000
0.000000
0.000000
0.000000
0.000000
0.000000
0.000000
0.000000
0.000000
0.000000
0.000000
0.000000
0.000000
0.000000
0.000000
0.000000
0.000000
0.000000
0.000000
0.000000
0.000000
0.000000
0.000000
0.000000
0.000000
0.000000
0.000000
0.000000
0.000000
0.000000
0.000000
0.000000
0.000000
0.000000
0.000000
0.000000
0.000000
0.000000
0.000000
0.000000
0.000000
0.000000
0.000000
0.000000
0.000000
0.000000
0.000000
0.000000
0.000000
0.000000
0.000000
0.000000
0.000000
0.000000
0.000000
0.000000
0.000000
0.000000
0.000000
0.000000
0.000000
0.000000
0.000000
0.000000
0.000000
0.000000
0.000000
0.000000
0.000000
0.000000
0.000000
0.000000
0.000000
0.000000
0.000000
0.000000
0.000000
0.000000
0.000000
0.000000
0.000000
0.000000
0.000000
0.000000
0.000000
0.000000
0.000000
0.000000
0.000000
0.000000
0.000000
0.000000
0.000000
0.000000
0.000000
0.000000
0.000000
0.000000
0.000000
0.000000
0.000000
0.000000
0.000000
0.000000
0.000000
0.000000
0.000000
0.000000
0.000000
0.000000
0.000000
0.000000
0.000000
0.000000
0.000000
0.000000
0.000000
0.000000
0.000000
0.000000
0.000000
0.000000
0.000000
0.000000
0.000000
0.000000
0.000000
0.000000
0.000000
0.000000
0.000000
0.000000
0.000000
0.000000
0.000000
0.000000
0.000000
0.000000
0.000000
0.000000
0.000000
0.000000
0.000000
0.000000
0.000000
0.000000
0.000000
0.000000
0.000000
0.000000
0.000000
0.000000
0.000000
0.000000
0.000000
0.000000
0.000000
0.000000
0.000000
0.000000
0.000000
0.000000
0.000000
0.000000
0.000000
0.000000
0.000000
0.000000
0.000000
0.000000
0.000000
0.000000
0.000000
0.000000
0.000000
0.000000
0.000000
0.000000
0.000000
0.000000
0.000000
0.000000
0.000000
0.000000
0.000000
0.000000
0.000000
0.000000
0.000000
0.000000
0.000000
0.000000
0.000000
0.000000
0.000000
0.000000
0.000000
0.000000
0.000000
0.000000
0.000000
0.000000
0.000000
0.000000
0.000000
0.000000
0.000000
0.000000
0.000000
0.000000
0.000000
0.000000
0.000000
0.000000
0.000000
0.000000
0.000000
0.000000
0.000000
0.000000
0.000000
0.000000
0.000000
0.000000
0.000000
0.000000
0.000000
0.000000
0.000000
0.000000
0.000000
0.000000
0.000000
0.000000
0.000000
0.000000
0.000000
0.000000
0.000000
0.000000
0.000000
0.000000
0.000000
0.000000
0.000000
0.000000
0.000000
0.000000
0.000000
0.000000
0.000000
0.000000
0.000000
0.000000
0.000000
0.000000
0.000000
0.000000
0.000000
0.000000
0.000000
0.000000
0.000000
0.000000
0.000000
0.000000
0.000000
0.000000
0.000000
0.000000
0.000000
0.000000
0.000000
0.000000
0.000000
0.000000
0.000000
0.000000
0.000000
0.000000
0.000000
0.000000
0.000000
0.000000
0.000000
0.000000
0.000000
0.000000
0.000000
0.000000
0.000000
0.000000
0.000000
0.000000
0.000000
0.000000
0.000000
0.000000
0.000000
0.000000
0.000000
0.000000
0.000000
0.000000
0.000000
0.000000
0.000000
0.000000
0.000000
0.000000
0.000000
0.000000
0.000000
0.000000
0.000000
0.000000
0.000000
0.000000
0.000000
0.000000
0.000000
0.000000
0.000000
0.000000
0.000000
0.000000
0.000000
0.000000
0.000000
0.000000
0.000000
0.000000
0.000000
0.000000
0.000000
0.000000
0.000000
0.000000
0.000000
0.000000
0.000000
0.000000
0.000000
0.000000
0.000000
0.000000
0.000000
0.000000
0.000000
0.000000
0.000000
0.000000
0.000000
0.000000
0.000000
0.000000
0.000000
0.000000
0.000000
0.000000
0.000000
0.000000
0.000000
0.000000
0.000000
0.000000
0.000000
0.000000
0.000000
0.000000
0.000000
0.000000
0.000000
0.000000
0.000000
0.000000
0.000000
0.000000
0.000000
0.000000
0.000000
0.000000
0.000000
0.000000
0.000000
0.000000
0.000000
0.000000
0.000000
0.000000
0.000000
0.000000
0.000000
0.000000
0.000000
0.000000
0.000000
0.000000
0.000000
0.000000
0.000000
0.000000
0.000000
0.000000
0.000000
0.000000
0.000000
0.000000
0.000000
0.000000
0.000000
0.000000
0.000000
0.000000
0.000000
0.000000
0.000000
0.000000
0.000000
0.000000
0.000000
0.000000
0.000000
0.000000
0.000000
0.000000
0.000000
0.000000
0.000000
0.000000
0.000000
0.000000
0.000000
0.000000
0.000000
0.000000
0.000000
0.000000
0.000000
0.000000
0.000000
0.000000
0.000000
0.000000
0.000000
0.000000
0.000000
0.000000
0.000000
0.000000
0.000000
0.000000
0.000000
0.000000
0.000000
0.000000
0.000000
0.000000
0.000000
0.000000
0.000000
0.000000
0.000000
0.000000
0.000000
0.000000
0.000000
0.000000
0.000000
0.000000
0.000000
0.000000
0.000000
0.000000
0.000000
0.000000
0.000000
0.000000
0.000000
0.000000
0.000000
0.000000
0.000000
0.000000
0.000000
0.000000
0.000000
0.000000
0.000000
0.000000
0.000000
0.000000
0.000000
0.000000
0.000000
0.000000
0.000000
0.000000
0.000000
0.000000
0.000000
0.000000
0.000000
0.000000
0.000000
0.000000
0.000000
0.000000
0.000000
0.000000
0.000000
0.000000
0.000000
0.000000
0.000000
0.000000
0.000000
0.000000
0.000000
0.000000
0.000000
0.000000
0.000000
0.000000
0.000000
0.000000
0.000000
0.000000
0.000000
0.000000
0.000000
0.000000
0.000000
0.000000
0.000000
0.000000
0.000000
0.000000
0.000000
0.000000
0.000000
0.000000
0.000000
0.000000
0.000000
0.000000
0.000000
0.000000
0.000000
0.000000
0.000000
0.000000
0.000000
0.000000
0.000000
0.000000
0.000000
0.000000
0.000000
0.000000
0.000000
0.000000
0.000000
0.000000
0.000000
0.000000
0.000000
0.000000
0.000000
0.000000
0.000000
0.000000
0.000000
0.000000
0.000000
0.000000
0.000000
0.000000
0.000000
0.000000
0.000000
0.000000
0.000000
0.000000
0.000000
0.000000
0.000000
0.000000
0.000000
0.000000
0.000000
0.000000
0.000000
0.000000
0.000000
0.000000
0.000000
0.000000
0.000000
0.000000
0.000000
0.000000
0.000000
0.000000
0.000000
0.000000
0.000000
0.000000
0.000000
0.000000
0.000000
0.000000
0.000000
0.000000
0.000000
0.000000
0.000000
0.000000
0.000000
0.000000
0.000000
0.000000
0.000000
0.000000
0.000000
0.000000
0.000000
0.000000
0.000000
0.000000
0.000000
0.000000
0.000000
0.000000
0.000000
0.000000
0.000000
0.000000
0.000000
0.000000
0.000000
0.000000
0.000000
0.000000
0.000000
0.000000
0.000000
0.000000
0.000000
0.000000
0.000000
0.000000
0.000000
0.000000
0.000000
0.000000
0.000000
0.000000
0.000000
0.000000
0.000000
0.000000
0.000000
0.000000
0.000000
0.000000
0.000000
0.000000
0.000000
0.000000
0.000000
0.000000
0.000000
0.000000
0.000000
0.000000
0.000000
0.000000
0.000000
0.000000
0.000000
0.000000
0.000000
0.000000
0.000000
0.000000
0.000000
0.000000
0.000000
0.000000
0.000000
0.000000
0.000000
0.000000
0.000000
0.000000
0.000000
0.000000
0.000000
0.000000
0.000000
0.000000
0.000000
0.000000
0.000000
0.000000
0.000000
0.000000
0.000000
0.000000
0.000000
0.000000
0.000000
0.000000
0.000000
0.000000
0.000000
0.000000
0.000000
0.000000
0.000000
0.000000
0.000000
0.000000
0.000000
0.000000
0.000000
0.000000
0.000000
0.000000
0.000000
0.000000
0.000000
0.000000
0.000000
0.000000
0.000000
0.000000
0.000000
0.000000
0.000000
0.000000
0.000000
0.000000
0.000000
0.000000
0.000000
0.000000
0.000000
0.000000
0.000000
0.000000
0.000000
0.000000
0.000000
0.000000
0.000000
0.000000
0.000000
0.000000
0.000000
0.000000
0.000000
0.000000
0.000000
0.000000
0.000000
0.000000
0.000000
0.000000
0.000000
0.000000
0.000000
0.000000
0.000000
0.000000
0.000000
0.000000
0.000000
0.000000
0.000000
0.000000
0.000000
0.000000
0.000000
0.000000
0.000000
0.000000
0.000000
0.000000
0.000000
0.000000
0.000000
0.000000
0.000000
0.000000
0.000000
0.000000
0.000000
0.000000
0.000000
0.000000
0.000000
0.000000
0.000000
0.000000
0.000000
0.000000
0.000000
0.000000
0.000000
0.000000
0.000000
0.000000
0.000000
0.000000
0.000000
0.000000
0.000000
0.000000
0.000000
0.000000
0.000000
0.000000
0.000000
0.000000
0.000000
0.000000
0.000000
0.000000
0.000000
0.000000
0.000000
0.000000
0.000000
0.000000
0.000000
0.000000
0.000000
0.000000
0.000000
0.000000
0.000000
0.000000
0.000000
0.000000
0.000000
0.000000
0.000000
0.000000
0.000000
0.000000
0.000000
0.000000
0.000000
0.000000
0.000000
0.000000
0.000000
0.000000
0.000000
0.000000
0.000000
0.000000
0.000000
0.000000
0.000000
0.000000
0.000000
0.000000
0.000000
0.000000
0.000000
0.000000
0.000000
0.000000
0.000000
0.000000
0.000000
0.000000
0.000000
0.000000
0.000000
0.000000
0.000000
0.000000
0.000000
0.000000
0.000000
0.000000
0.000000
0.000000
0.000000
0.000000
0.000000
0.000000
0.000000
0.000000
0.000000
0.000000
0.000000
0.000000
0.000000
0.000000
0.000000
0.000000
0.000000
0.000000
0.000000
0.000000
0.000000
0.000000
0.000000
0.000000
0.000000
0.000000
0.000000
0.000000
0.000000
0.000000
0.000000
0.000000
0.000000
0.000000
0.000000
0.000000
0.000000
0.000000
0.000000
0.000000
0.000000
0.000000
0.000000
0.000000
0.000000
0.000000
0.000000
0.000000
0.000000
0.000000
0.000000
0.000000
0.000000
0.000000
0.000000
0.000000
0.000000
0.000000
0.000000
0.000000
0.000000
0.000000
0.000000
0.000000
0.000000
0.000000
0.000000
0.000000
0.000000
0.000000
0.000000
0.000000
0.000000
0.000000
0.000000
0.000000
0.000000
0.000000
0.000000
0.000000
0.000000
0.000000
0.000000
0.000000
0.000000
0.000000
0.000000
0.000000
0.000000
0.000000
0.000000
0.000000
0.000000
0.000000
0.000000
0.000000
0.000000
0.000000
0.000000
0.000000
0.000000
0.000000
0.000000
0.000000
0.000000
0.000000
0.000000
0.000000
0.000000
0.000000
0.000000
0.000000
0.000000
0.000000
0.000000
0.000000
0.000000
0.000000
0.000000
0.000000
0.000000
0.000000
0.000000
0.000000
0.000000
0.000000
0.000000
0.000000
0.000000
0.000000
0.000000
0.000000
0.000000
0.000000
0.000000
0.000000
0.000000
0.000000
0.000000
0.000000
0.000000
0.000000
0.000000
0.000000
0.000000
0.000000
0.000000
0.000000
0.000000
0.000000
0.000000
0.000000
0.000000
0.000000
0.000000
0.000000
0.000000
0.000000
0.000000
0.000000
0.000000
0.000000
0.000000
0.000000
0.000000
0.000000
0.000000
0.000000
0.000000
0.000000
0.000000
0.000000
0.000000
0.000000
0.000000
0.000000
0.000000
0.000000
0.000000
0.000000
0.000000
0.000000
0.000000
0.000000
0.000000
0.000000
0.000000
0.000000
0.000000
0.000000
0.000000
0.000000
0.000000
0.000000
0.000000
0.000000
0.000000
0.000000
0.000000
0.000000
0.000000
0.000000
0.000000
0.000000
0.000000
0.000000
0.000000
0.000000
0.000000
0.000000
0.000000
0.000000
0.000000
0.000000
0.000000
0.000000
0.000000
0.000000
0.000000
0.000000
0.000000
0.000000
0.000000
0.000000
0.000000
0.000000
0.000000
0.000000
0.000000
0.000000
0.000000
0.000000
0.000000
0.000000
0.000000
0.000000
0.000000
0.000000
0.000000
0.000000
0.000000
0.000000
0.000000
0.000000
0.000000
0.000000
0.000000
0.000000
0.000000
0.000000
0.000000
0.000000
0.000000
0.000000
0.000000
0.000000
0.000000
0.000000
0.000000
0.000000
0.000000
0.000000
0.000000
0.000000
0.000000
0.000000
0.000000
0.000000
0.000000
0.000000
0.000000
0.000000
0.000000
0.000000
0.000000
0.000000
0.000000
0.000000
0.000000
0.000000
0.000000
0.000000
0.000000
0.000000
0.000000
0.000000
0.000000
0.000000
0.000000
0.000000
0.000000
0.000000
0.000000
0.000000
0.000000
0.000000
0.000000
0.000000
0.000000
0.000000
0.000000
0.000000
0.000000
0.000000
0.000000
0.000000
0.000000
0.000000
0.000000
0.000000
0.000000
0.000000
0.000000
0.000000
0.000000
0.000000
0.000000
0.000000
0.000000
0.000000
0.000000
0.000000
0.000000
0.000000
0.000000
0.000000
0.000000
0.000000
0.000000
0.000000
0.000000
0.000000
0.000000
0.000000
0.000000
0.000000
0.000000
0.000000
0.000000
0.000000
0.000000
0.000000
0.000000
0.000000
0.000000
0.000000
0.000000
0.000000
0.000000
0.000000
0.000000
0.000000
0.000000
0.000000
0.000000
0.000000
0.000000
0.000000
0.000000
0.000000
0.000000
0.000000
0.000000
0.000000
0.000000
0.000000
0.000000
0.000000
0.000000
0.000000
0.000000
0.000000
0.000000
0.000000
0.000000
0.000000
0.000000
0.000000
0.000000
0.000000
0.000000
0.000000
0.000000
0.000000
0.000000
0.000000
0.000000
0.000000
0.000000
0.000000
0.000000
0.000000
0.000000
0.000000
0.000000
0.000000
0.000000
0.000000
0.000000
0.000000
0.000000
0.000000
0.000000
0.000000
0.000000
0.000000
0.000000
0.000000
0.000000
0.000000
0.000000
0.000000
0.000000
0.000000
0.000000
0.000000
0.000000
0.000000
0.000000
0.000000
0.000000
0.000000
0.000000
0.000000
0.000000
0.000000
0.000000
0.000000
0.000000
0.000000
0.000000
0.000000
0.000000
0.000000
0.000000
0.000000
0.000000
0.000000
0.000000
0.000000
0.000000
0.000000
0.000000
0.000000
0.000000
0.000000
0.000000
0.000000
0.000000
0.000000
0.000000
0.000000
0.000000
0.000000
0.000000
0.000000
0.000000
0.000000
0.000000
0.000000
0.000000
0.000000
0.000000
0.000000
0.000000
0.000000
0.000000
0.000000
0.000000
0.000000
0.000000
0.000000
0.000000
0.000000
0.000000
0.000000
0.000000
0.000000
0.000000
0.000000
0.000000
0.000000
0.000000
0.000000
0.000000
0.000000
0.000000
0.000000
0.000000
0.000000
0.000000
0.000000
0.000000
0.000000
0.000000
0.000000
0.000000
0.000000
0.000000
0.000000
0.000000
0.000000
0.000000
0.000000
0.000000
0.000000
0.000000
0.000000
0.000000
0.000000
0.000000
0.000000
0.000000
0.000000
0.000000
0.000000
0.000000
0.000000
0.000000
0.000000
0.000000
0.000000
0.000000
0.000000
0.000000
0.000000
0.000000
0.000000
0.000000
0.000000
0.000000
0.000000
0.000000
0.000000
0.000000
0.000000
0.000000
0.000000
0.000000
0.000000
0.000000
0.000000
0.000000
0.000000
0.000000
0.000000
0.000000
0.000000
0.000000
0.000000
0.000000
0.000000
0.000000
0.000000
0.000000
0.000000
0.000000
0.000000
0.000000
0.000000
0.000000
0.000000
0.000000
0.000000
0.000000
0.000000
0.000000
0.000000
0.000000
0.000000
0.000000
0.000000
0.000000
0.000000
0.000000
0.000000
0.000000
0.000000
0.000000
0.000000
0.000000
0.000000
0.000000
0.000000
0.000000
0.000000
0.000000
0.000000
0.000000
0.000000
0.000000
0.000000
0.000000
0.000000
0.000000
0.000000
0.000000
0.000000
0.000000
0.000000
0.000000
0.000000
0.000000
0.000000
0.000000
0.000000
0.000000
0.000000
0.000000
0.000000
0.000000
0.000000
0.000000
0.000000
0.000000
0.000000
0.000000
0.000000
0.000000
0.000000
0.000000
0.000000
0.000000
0.000000
0.000000
0.000000
0.000000
0.000000
0.000000
0.000000
0.000000
0.000000
0.000000
0.000000
0.000000
0.000000
0.000000
0.000000
0.000000
0.000000
0.000000
0.000000
0.000000
0.000000
0.000000
0.000000
0.000000
0.000000
0.000000
0.000000
0.000000
0.000000
0.000000
0.000000
0.000000
0.000000
0.000000
0.000000
0.000000
0.000000
0.000000
0.000000
0.000000
0.000000
0.000000
0.000000
0.000000
0.000000
0.000000
0.000000
0.000000
0.000000
0.000000
0.000000
0.000000
0.000000
0.000000
0.000000
0.000000
0.000000
0.000000
0.000000
0.000000
0.000000
0.000000
0.000000
0.000000
0.000000
0.000000
0.000000
0.000000
0.000000
0.000000
0.000000
0.000000
0.000000
0.000000
0.000000
0.000000
0.000000
0.000000
0.000000
0.000000
0.000000
0.000000
0.000000
0.000000
0.000000
0.000000
0.000000
0.000000
0.000000
0.000000
0.000000
0.000000
0.000000
0.000000
0.000000
0.000000
0.000000
0.000000
0.000000
0.000000
0.000000
0.000000
0.000000
0.000000
0.000000
0.000000
0.000000
0.000000
0.000000
0.000000
0.000000
0.000000
0.000000
0.000000
0.000000
0.000000
0.000000
0.000000
0.000000
0.000000
0.000000
0.000000
0.000000
0.000000
0.000000
0.000000
0.000000
0.000000
0.000000
0.000000
0.000000
0.000000
0.000000
0.000000
0.000000
0.000000
0.000000
0.000000
0.000000
0.000000
0.000000
0.000000
0.000000
0.000000
0.000000
0.000000
0.000000
0.000000
0.000000
0.000000
0.000000
0.000000
0.000000
0.000000
0.000000
0.000000
0.000000
0.000000
0.000000
0.000000
0.000000
0.000000
0.000000
0.000000
0.000000
0.000000
0.000000
0.000000
0.000000
0.000000
0.000000
0.000000
0.000000
0.000000
0.000000
0.000000
0.000000
0.000000
0.000000
0.000000
0.000000
0.000000
0.000000
0.000000
0.000000
0.000000
0.000000
0.000000
0.000000
0.000000
0.000000
0.000000
0.000000
0.000000
0.000000
0.000000
0.000000
0.000000
0.000000
0.000000
0.000000
0.000000
0.000000
0.000000
0.000000
0.000000
0.000000
0.000000
0.000000
0.000000
0.000000
0.000000
0.000000
0.000000
0.000000
0.000000
0.000000
0.000000
0.000000
0.000000
0.000000
0.000000
0.000000
