1.388335
1.387002
1.385674
1.384351
1.383044
1.381743
1.380452
1.379173
1.377897
1.376622
1.375361
1.374107
1.372855
1.371614
1.370373
1.369130
1.367897
1.366674
1.365451
1.364232
1.363021
1.361809
1.360599
1.359400
1.358204
1.357008
1.355821
1.354635
1.353447
1.352267
1.351094
1.349918
1.348745
1.347583
1.346420
1.345258
1.344106
1.342954
1.341799
1.340653
1.339510
1.338365
1.337224
1.336092
1.334955
1.333821
1.332693
1.331564
1.330433
1.329312
1.328188
1.327046
1.325924
1.324804
1.323696
1.322598
1.321497
1.320395
1.319302
1.318209
1.317117
1.316028
1.314945
1.313858
1.312778
1.311704
1.310627
1.309546
1.308474
1.307410
1.306342
1.305284
1.304230
1.303163
1.302105
1.301039
1.300000
1.300000
1.300000
1.300000
1.300000
1.300000
1.300000
1.300000
1.300000
1.300000
1.300000
1.300000
1.300000
1.300000
1.300000
1.300000
1.303151
1.302110
1.301063
1.300000
1.300000
1.300000
1.300000
1.300000
1.300000
1.300000
1.300000
1.300000
1.300000
1.300000
1.300000
1.300000
1.300000
1.300000
1.300000
1.300000
1.336212
1.335090
1.333965
1.332837
1.331710
1.330581
1.329462
1.328346
1.327230
1.326113
1.324993
1.323878
1.322768
1.321661
1.320556
1.319453
1.318346
1.317243
1.316147
1.315057
1.313966
1.312880
1.311796
1.310711
1.309631
1.308557
1.307483
1.306411
1.305342
1.304271
1.303201
1.302135
1.301065
1.300000
1.300000
1.300000
1.300000
1.300000
1.300000
1.300000
1.300000
1.300000
1.300000
1.300000
1.300000
1.300000
1.300000
1.300000
1.300000
1.300000
1.300000
1.300000
1.300000
1.300000
1.300000
1.300000
1.300000
1.300000
1.300000
1.300000
1.300000
1.346471
1.345317
1.344161
1.343001
1.341843
1.340693
1.339550
1.338410
1.337268
1.336130
1.334993
1.333857
1.332725
1.331599
1.330475
1.329352
1.328232
1.327112
1.325992
1.324881
1.323774
1.322665
1.321564
1.320464
1.319365
1.318267
1.317173
1.316079
1.314989
1.313906
1.312822
1.311740
1.310665
1.309592
1.308519
1.307450
1.306377
1.305298
1.304228
1.303170
1.302116
1.301059
1.300000
1.300000
1.300000
1.300000
1.300000
1.300000
1.300000
1.300000
1.307413
1.306351
1.305284
1.304217
1.303156
1.302107
1.301059
1.300000
1.300000
1.300000
1.300000
1.300000
1.300000
1.300000
1.300000
1.300000
1.308508
1.307429
1.306359
1.305292
1.304226
1.303166
1.302113
1.301060
1.300000
1.300000
1.300000
1.300000
1.300000
1.300000
1.300000
1.300000
1.300000
1.300000
1.300000
1.300000
1.300000
1.300000
1.300000
1.300000
1.300000
1.300000
1.300000
1.300000
1.300000
1.300000
1.300000
1.307393
1.306326
1.305264
1.304210
1.303154
1.302101
1.301052
1.300000
1.300000
1.300000
1.300000
1.300000
1.300000
1.300000
1.300000
1.300000
1.300000
1.300000
1.300000
1.300000
1.307433
1.306350
1.305279
1.304222
1.303172
1.302119
1.301062
1.300000
1.300000
1.300000
1.300000
1.300000
1.300000
1.300000
1.300000
1.300000
1.300000
1.300000
1.300000
1.300000
1.300000
1.300000
1.300000
1.300000
1.300000
1.300000
1.300000
1.300000
1.300000
1.307388
1.306331
1.305279
1.304221
1.303163
1.302106
1.301051
1.300000
1.300000
1.300000
1.300000
1.300000
1.300000
1.300000
1.300000
1.300000
1.300000
1.300000
1.300000
1.300000
1.300000
1.300000
1.306361
1.305294
1.304235
1.303183
1.302128
1.301064
1.300000
1.300000
1.300000
1.300000
1.300000
1.300000
1.300000
1.300000
1.300000
1.300000
1.300000
1.300000
1.300000
1.300000
1.300000
1.300000
1.300000
1.300000
1.300000
1.300000
1.300000
1.300000
1.300000
1.306346
1.305288
1.304227
1.303167
1.302110
1.301053
1.300000
1.300000
1.300000
1.300000
1.300000
1.300000
1.300000
1.300000
1.307463
1.306387
1.305317
1.304252
1.303191
1.302128
1.301062
1.300000
1.300000
1.300000
1.300000
1.300000
1.300000
1.300000
1.300000
1.307407
1.306343
1.305278
1.304214
1.303157
1.302101
1.301050
1.300000
1.300000
1.300000
1.300000
1.300000
1.300000
1.300000
1.300000
1.307438
1.306363
1.305297
1.304239
1.303190
1.302130
1.301061
1.300000
1.300000
1.300000
1.300000
1.300000
1.300000
1.300000
1.300000
1.300000
1.300000
1.300000
1.300000
1.300000
1.300000
1.300000
1.300000
1.300000
1.300000
1.300000
1.300000
1.300000
1.300000
1.300000
1.307444
1.306377
1.305310
1.304250
1.303189
1.302127
1.301062
1.300000
1.300000
1.300000
1.300000
1.300000
1.300000
1.300000
1.307420
1.306347
1.305281
1.304225
1.303171
1.302117
1.301059
1.300000
1.300000
1.300000
1.300000
1.300000
1.300000
1.300000
1.300000
1.300000
1.300000
1.300000
1.307439
1.306370
1.305310
1.304255
1.303197
1.302125
1.301061
1.300000
1.300000
1.300000
1.300000
1.300000
1.300000
1.300000
1.300000
1.300000
1.300000
1.306338
1.305278
1.304227
1.303179
1.302125
1.301063
1.300000
1.300000
1.300000
1.300000
1.300000
1.300000
1.300000
1.300000
1.300000
1.300000
1.300000
1.300000
1.300000
1.300000
1.300000
1.300000
1.300000
1.300000
1.300000
1.300000
1.300000
1.300000
1.300000
1.300000
1.300000
1.300000
1.300000
1.300000
1.300000
1.300000
1.300000
1.300000
1.300000
1.300000
1.300000
1.300000
1.300000
1.300000
1.300000
1.300000
1.300000
1.300000
1.300000
1.300000
1.800000
1.800000
1.800000
1.800000
1.800000
1.800000
1.800000
1.800000
1.800000
1.800000
1.800000
1.800000
1.800000
1.800000
1.800000
1.800000
1.800000
1.800000
1.800000
1.800000
1.800000
1.780579
1.765310
1.753846
1.744333
1.736075
1.728697
1.721935
1.715683
1.709835
1.704321
1.699108
1.694141
1.689350
1.684753
1.680337
1.676078
1.671965
1.667983
1.664083
1.660298
1.656625
1.653039
1.649552
1.646171
1.642832
1.639547
1.636343
1.633190
1.630072
1.627044
1.624042
1.621110
1.618236
1.615407
1.612630
1.609896
1.607175
1.604480
1.601805
1.599161
1.596551
1.593983
1.591434
1.588921
1.586438
1.583974
1.581544
1.579151
1.576779
1.574433
1.572111
1.569816
1.567540
1.565286
1.563044
1.560819
1.558615
1.556434
1.554282
1.552155
1.550026
1.547915
1.545835
1.543774
1.541739
1.539731
1.537725
1.535729
1.533749
1.531788
1.529840
1.527912
1.525991
1.524079
1.522178
1.520285
1.518404
1.516543
1.514691
1.512848
1.511013
1.509189
1.507380
1.505595
1.503812
1.502036
1.500275
1.498522
1.496778
1.495053
1.493333
1.491617
1.489915
1.488216
1.486531
1.484860
1.483189
1.481521
1.479870
1.478224
1.476596
1.474987
1.473375
1.471766
1.470167
1.468577
1.466997
1.465430
1.463861
1.462296
1.460739
1.459185
1.457640
1.456107
1.454572
1.453050
1.451518
1.449972
1.448453
1.446957
1.445470
1.444003
1.442547
1.441077
1.439625
1.438187
1.436750
1.435317
1.433889
1.432459
1.431036
1.429611
1.428179
1.426754
1.425340
1.423928
1.422536
1.421152
1.419762
1.418380
1.417008
1.415641
1.414279
1.412929
1.411577
1.410220
1.408863
1.407510
1.406161
1.404824
1.403486
1.402155
1.400827
1.399503
1.398189
1.396883
1.395576
1.394276
1.392980
1.391681
1.390390
1.389109
1.387826
1.386548
1.385276
1.384010
1.382748
1.381489
1.380226
1.378966
1.377715
1.376470
1.375237
1.374004
1.372763
1.371526
1.370298
1.369072
1.367853
1.366644
1.365430
1.364216
1.363006
1.361802
1.360603
1.359413
1.358220
1.357026
1.355834
1.354644
1.353460
1.352284
1.351107
1.349934
1.348757
1.347590
1.346429
1.345277
1.344122
1.342970
1.341822
1.340675
1.339531
1.338389
1.337247
1.336102
1.334963
1.333827
1.332696
1.331568
1.330436
1.329308
1.328186
1.327070
1.325965
1.324861
1.323751
1.322646
1.321547
1.320448
1.319355
1.318269
1.317177
1.316088
1.315000
1.313913
1.312830
1.311752
1.310670
1.309592
1.308509
1.307433
1.306366
1.305306
1.304242
1.303183
1.302125
1.301057
1.300000
1.300000
1.300000
1.300000
1.300000
1.300000
1.300000
1.300000
1.300000
1.300000
1.300000
1.300000
1.300000
1.300000
1.300000
1.300000
1.300000
1.300000
1.300000
1.300000
1.300000
1.300000
1.300000
1.300000
1.300000
1.300000
1.300000
1.300000
1.300000
1.300000
1.300000
1.300000
1.300000
1.300000
1.300000
1.388077
1.386783
1.385492
1.384205
1.382917
1.381638
1.380369
1.379104
1.377845
1.376587
1.375329
1.374076
1.372830
1.371597
1.370365
1.369130
1.367899
1.366676
1.365456
1.364244
1.363041
1.361837
1.360628
1.359419
1.358208
1.357012
1.355826
1.354641
1.353453
1.352265
1.351082
1.349910
1.348742
1.347570
1.346400
1.345237
1.344076
1.342924
1.341774
1.340624
1.339478
1.338337
1.337203
1.336069
1.334938
1.333805
1.332675
1.331547
1.330422
1.329307
1.328194
1.327075
1.325956
1.324838
1.323728
1.322628
1.321530
1.320431
1.319330
1.318232
1.317141
1.316055
1.314967
1.313881
1.312799
1.311714
1.310634
1.309559
1.308484
1.307413
1.306347
1.305285
1.304228
1.303173
1.302116
1.301058
1.300000
1.330408
1.329298
1.328189
1.327073
1.325961
1.324854
1.323742
1.322627
1.321518
1.320411
1.319297
1.318195
1.317103
1.316013
1.314926
1.313845
1.312771
1.311695
1.310628
1.309567
1.308501
1.307434
1.306368
1.305305
1.304242
1.303183
1.302125
1.301061
1.300000
1.400889
1.399570
1.398260
1.396946
1.395632
1.394324
1.393021
1.391726
1.390440
1.389153
1.387865
1.386580
1.385297
1.384030
1.382770
1.381513
1.380257
1.379002
1.377747
1.376499
1.375256
1.374010
1.372769
1.371538
1.370312
1.369092
1.367876
1.366657
1.365440
1.364223
1.363017
1.361819
1.360619
1.359418
1.358219
1.357027
1.355841
1.354660
1.353483
1.352301
1.351121
1.349942
1.348770
1.347607
1.346450
1.345290
1.344127
1.342967
1.341813
1.340664
1.339517
1.338367
1.337225
1.336085
1.334953
1.333827
1.332704
1.331579
1.330454
1.329334
1.328220
1.327108
1.325991
1.324878
1.323771
1.322665
1.321568
1.320476
1.319380
1.318282
1.317186
1.316093
1.315006
1.313924
1.312841
1.311760
1.310679
1.309602
1.308530
1.307459
1.306384
1.305319
1.304253
1.303188
1.302130
1.301062
1.300000
1.300000
1.300000
1.300000
1.300000
1.300000
1.300000
1.300000
1.300000
1.300000
1.300000
1.300000
1.300000
1.300000
1.300000
1.300000
1.300000
1.300000
1.300000
1.300000
1.300000
1.300000
1.300000
1.300000
1.300000
1.300000
1.300000
1.300000
1.300000
1.300000
1.300000
1.300000
1.300000
1.300000
1.300000
1.316235
1.315138
1.314044
1.312952
1.311860
1.310770
1.309677
1.308586
1.307501
1.306420
1.305348
1.304278
1.303202
1.302130
1.301065
1.300000
1.300000
1.300000
1.300000
1.300000
1.300000
1.300000
1.300000
1.300000
1.300000
1.300000
1.300000
1.300000
1.300000
1.300000
1.300000
1.300000
1.300000
1.300000
1.300000
1.300000
1.300000
1.300000
1.300000
1.300000
1.300000
1.300000
1.300000
1.300000
1.300000
1.300000
1.300000
1.300000
1.300000
1.300000
1.300000
1.300000
1.300000
1.300000
1.300000
1.300000
1.300000
1.300000
1.300000
1.300000
1.300000
1.300000
1.300000
1.300000
1.300000
1.300000
1.300000
1.300000
1.300000
1.300000
1.300000
1.300000
1.300000
1.300000
1.300000
1.300000
1.300000
1.300000
1.300000
1.300000
1.300000
1.300000
1.300000
1.300000
1.300000
1.300000
1.300000
1.300000
1.300000
1.300000
1.300000
1.300000
1.300000
1.300000
1.300000
1.300000
1.300000
1.300000
1.300000
1.300000
1.300000
1.300000
1.300000
1.300000
1.300000
1.300000
1.300000
1.300000
1.300000
1.300000
1.300000
1.303197
1.302129
1.301065
1.300000
1.300000
1.300000
1.300000
1.300000
1.300000
1.300000
1.300000
1.300000
1.300000
1.300000
1.300000
1.300000
1.300000
1.300000
1.300000
1.300000
1.300000
1.300000
1.300000
1.300000
1.300000
1.300000
1.300000
1.300000
1.300000
1.300000
1.300000
1.300000
1.300000
1.300000
1.300000
1.300000
1.300000
1.300000
1.300000
1.300000
1.300000
1.300000
1.300000
1.303136
1.302100
1.301057
1.300000
1.300000
1.300000
1.300000
1.300000
1.300000
1.300000
1.300000
1.300000
1.300000
1.300000
1.300000
1.300000
1.300000
1.300000
1.300000
1.300000
1.300000
1.300000
1.300000
1.300000
1.300000
1.300000
1.300000
1.300000
1.300000
1.300000
1.300000
1.300000
1.300000
1.300000
1.300000
1.300000
1.353543
1.352354
1.351168
1.349984
1.348809
1.347636
1.346469
1.345310
1.344151
1.342994
1.341840
1.340695
1.339548
1.338408
1.337270
1.336132
1.334994
1.333860
1.332721
1.331569
1.330442
1.329325
1.328194
1.327072
1.325966
1.324858
1.323761
1.322667
1.321571
1.320475
1.319384
1.318295
1.317205
1.316119
1.315033
1.313946
1.312861
1.311784
1.310704
1.309629
1.308557
1.307483
1.306408
1.305342
1.304275
1.303207
1.302142
1.301061
1.300000
1.300000
1.300000
1.300000
1.300000
1.300000
1.300000
1.300000
1.300000
1.300000
1.300000
1.300000
1.300000
1.300000
1.300000
1.300000
1.300000
1.300000
1.300000
1.300000
1.300000
1.300000
1.300000
1.300000
1.300000
1.300000
1.300000
1.300000
1.300000
1.304282
1.303222
1.302151
1.301073
1.300000
1.300000
1.300000
1.300000
1.300000
1.300000
1.300000
1.300000
1.300000
1.300000
1.300000
1.300000
1.300000
1.300000
1.300000
1.300000
1.300000
1.332729
1.331593
1.330459
1.329334
1.328219
1.327106
1.325993
1.324883
1.323772
1.322664
1.321563
1.320467
1.319370
1.318277
1.317183
1.316090
1.315001
1.313919
1.312837
1.311759
1.310683
1.309606
1.308530
1.307462
1.306399
1.305334
1.304273
1.303203
1.302132
1.301059
1.300000
1.300000
1.300000
1.300000
1.300000
1.300000
1.300000
1.300000
1.300000
1.300000
1.304245
1.303176
1.302122
1.301064
1.300000
1.300000
1.300000
1.300000
1.300000
1.300000
1.300000
1.300000
1.300000
1.300000
1.300000
1.300000
1.300000
1.300000
1.300000
1.300000
1.300000
1.300000
1.300000
1.300000
1.304162
1.303139
1.302099
1.301056
1.300000
1.300000
1.300000
1.300000
1.300000
1.300000
1.300000
1.300000
1.304224
1.303162
1.302091
1.301046
1.300000
1.300000
1.300000
1.300000
1.300000
1.300000
1.300000
1.300000
1.300000
1.300000
1.300000
1.304168
1.303138
1.302106
1.301068
1.300000
1.300000
1.300000
1.300000
1.300000
1.300000
1.302082
1.301044
1.300000
1.300000
1.300000
1.300000
1.300000
1.300000
1.300000
1.300000
1.300000
1.300000
1.300000
1.300000
1.300000
1.300000
1.300000
1.300000
1.300000
1.300000
1.300000
1.300000
1.300000
1.300000
1.300000
1.300000
1.300000
1.300000
1.300000
1.300000
1.300000
1.300000
1.300000
1.300000
1.300000
1.300000
1.300000
1.300000
1.300000
1.300000
1.300000
1.300000
1.300000
1.300000
1.300000
1.300000
1.300000
1.300000
1.300000
1.300000
1.300000
1.300000
1.300000
1.303145
1.302100
1.301049
1.300000
1.300000
1.300000
1.300000
1.300000
1.300000
1.300000
1.300000
1.300000
1.300000
1.300000
1.300000
1.300000
1.300000
1.300000
1.300000
1.300000
1.300000
1.300000
1.300000
1.300000
1.300000
1.300000
1.300000
1.300000
1.300000
1.300000
1.300000
1.300000
1.300000
1.300000
1.300000
1.300000
1.300000
1.300000
1.300000
1.300000
1.300000
1.300000
1.304230
1.303188
1.302134
1.301067
1.300000
1.300000
1.300000
1.300000
1.300000
1.300000
1.300000
1.300000
1.300000
1.300000
1.300000
1.300000
1.300000
1.300000
1.300000
1.300000
1.300000
1.300000
1.300000
1.300000
1.300000
1.300000
1.300000
1.300000
1.300000
1.300000
1.300000
1.300000
1.300000
1.300000
1.300000
1.300000
1.300000
1.300000
1.300000
1.300000
1.300000
1.300000
1.304242
1.303182
1.302122
1.301066
1.300000
1.300000
1.300000
1.300000
1.300000
1.300000
1.300000
1.300000
1.300000
1.300000
1.300000
1.300000
1.300000
1.300000
1.300000
1.300000
1.300000
1.300000
1.300000
1.300000
1.300000
1.300000
1.300000
1.300000
1.300000
1.300000
1.300000
1.300000
1.300000
1.300000
1.300000
1.300000
1.300000
1.300000
1.300000
1.300000
1.300000
1.300000
1.300000
1.300000
1.300000
1.300000
1.300000
1.300000
1.300000
1.300000
1.471880
1.470266
1.468659
1.467069
1.465487
1.463905
1.462332
1.460774
1.459228
1.457694
1.456169
1.454632
1.453104
1.451591
1.450087
1.448595
1.447116
1.445631
1.444142
1.442663
1.441196
1.439737
1.438288
1.436846
1.435395
1.433948
1.432504
1.431054
1.429619
1.428208
1.426801
1.425390
1.423982
1.422580
1.421187
1.419801
1.418422
1.417041
1.415662
1.414290
1.412926
1.411569
1.410220
1.408870
1.407516
1.406170
1.404834
1.403501
1.402181
1.400869
1.399549
1.398233
1.396926
1.395624
1.394330
1.393046
1.391756
1.390461
1.389171
1.387889
1.386612
1.385346
1.384081
1.382803
1.381527
1.380260
1.378986
1.377718
1.376475
1.375235
1.373983
1.372746
1.371516
1.370278
1.369060
1.367859
1.366651
1.365443
1.364237
1.363026
1.361838
1.360646
1.359449
1.358248
1.357048
1.355853
1.354669
1.353492
1.352320
1.351147
1.349974
1.348804
1.347636
1.346475
1.345317
1.344160
1.343005
1.341852
1.340701
1.339554
1.338414
1.337278
1.336142
1.335001
1.333864
1.332729
1.331598
1.330472
1.329352
1.328230
1.327109
1.325992
1.324884
1.323779
1.322679
1.321580
1.320480
1.319383
1.318292
1.317206
1.316122
1.315040
1.313958
1.312871
1.311787
1.310708
1.309635
1.308564
1.307493
1.306417
1.305342
1.304275
1.303210
1.302146
1.301071
1.300000
1.300000
1.300000
1.300000
1.300000
1.300000
1.300000
1.300000
1.300000
1.300000
1.300000
1.300000
1.300000
1.300000
1.300000
1.300000
1.300000
1.300000
1.300000
1.300000
1.300000
1.300000
1.300000
1.300000
1.300000
1.300000
1.300000
1.300000
1.300000
1.300000
1.300000
1.300000
1.300000
1.300000
1.300000
1.300000
1.304205
1.303160
1.302104
1.301044
1.300000
1.300000
1.300000
1.300000
1.300000
1.300000
1.300000
1.300000
1.300000
1.300000
1.300000
1.300000
1.300000
1.300000
1.300000
1.300000
1.300000
1.300000
1.300000
1.300000
1.300000
1.300000
1.300000
1.300000
1.300000
1.302109
1.301060
1.300000
1.300000
1.300000
1.300000
1.300000
1.300000
1.300000
1.300000
1.300000
1.300000
1.300000
1.300000
1.300000
1.300000
1.300000
1.300000
1.300000
1.300000
1.300000
1.300000
1.300000
1.300000
1.300000
1.300000
1.300000
1.300000
1.300000
1.300000
1.300000
1.300000
1.300000
1.300000
1.300000
1.300000
1.300000
1.300000
1.300000
1.300000
1.300000
1.366965
1.365736
1.364505
1.363277
1.362057
1.360847
1.359640
1.358435
1.357234
1.356032
1.354836
1.353649
1.352464
1.351282
1.350103
1.348921
1.347744
1.346574
1.345410
1.344248
1.343090
1.341931
1.340772
1.339621
1.338478
1.337336
1.336196
1.335057
1.333916
1.332779
1.331647
1.330525
1.329409
1.328295
1.327176
1.326061
1.324949
1.323843
1.322741
1.321640
1.320539
1.319434
1.318334
1.317239
1.316150
1.315064
1.313978
1.312889
1.311801
1.310718
1.309641
1.308568
1.307499
1.306427
1.305352
1.304281
1.303213
1.302147
1.301074
1.300000
1.300000
1.300000
1.300000
1.300000
1.300000
1.300000
1.300000
1.300000
1.300000
1.300000
1.300000
1.300000
1.300000
1.300000
1.300000
1.300000
1.300000
1.300000
1.300000
1.300000
1.300000
1.300000
1.300000
1.300000
1.300000
1.300000
1.300000
1.300000
1.300000
1.300000
1.300000
1.300000
1.300000
1.300000
1.300000
1.346603
1.345424
1.344263
1.343106
1.341940
1.340781
1.339631
1.338488
1.337350
1.336214
1.335078
1.333937
1.332797
1.331665
1.330539
1.329410
1.328288
1.327164
1.326036
1.324911
1.323791
1.322673
1.321565
1.320468
1.319366
1.318266
1.317163
1.316068
1.314979
1.313896
1.312813
1.311730
1.310654
1.309584
1.308516
1.307449
1.306382
1.305315
1.304251
1.303179
1.302114
1.301057
1.300000
1.300000
1.300000
1.300000
1.300000
1.300000
1.300000
1.300000
1.300000
1.300000
1.300000
1.300000
1.300000
1.300000
1.300000
1.300000
1.300000
1.300000
1.300000
1.300000
1.300000
1.300000
1.300000
1.300000
1.300000
1.300000
1.300000
1.300000
1.300000
1.300000
1.300000
1.300000
1.300000
1.300000
1.300000
1.349004
1.347826
1.346648
1.345471
1.344305
1.343144
1.341985
1.340828
1.339676
1.338514
1.337354
1.336199
1.335054
1.333921
1.332778
1.331641
1.330511
1.329379
1.328249
1.327128
1.326012
1.324904
1.323802
1.322702
1.321602
1.320501
1.319400
1.318306
1.317217
1.316129
1.315043
1.313954
1.312866
1.311782
1.310704
1.309630
1.308557
1.307485
1.306409
1.305338
1.304272
1.303206
1.302138
1.301068
1.300000
1.300000
1.300000
1.300000
1.300000
1.300000
1.300000
1.300000
1.300000
1.300000
1.300000
1.300000
1.300000
1.300000
1.300000
1.300000
1.300000
1.300000
1.300000
1.300000
1.300000
1.300000
1.300000
1.300000
1.300000
1.300000
1.300000
1.300000
1.300000
1.300000
1.300000
1.300000
1.300000
1.300000
1.300000
1.300000
1.300000
1.300000
1.300000
1.300000
1.300000
1.300000
1.300000
1.300000
1.300000
1.300000
1.300000
1.300000
1.394314
1.393020
1.391729
1.390440
1.389147
1.387857
1.386576
1.385307
1.384044
1.382784
1.381521
1.380258
1.379001
1.377752
1.376511
1.375273
1.374038
1.372803
1.371566
1.370333
1.369106
1.367886
1.366671
1.365458
1.364242
1.363030
1.361823
1.360631
1.359440
1.358252
1.357064
1.355875
1.354691
1.353513
1.352336
1.351161
1.349989
1.348812
1.347636
1.346468
1.345309
1.344149
1.342992
1.341840
1.340684
1.339531
1.338385
1.337241
1.336093
1.334952
1.333818
1.332689
1.331565
1.330446
1.329326
1.328208
1.327098
1.325994
1.324891
1.323790
1.322689
1.321590
1.320491
1.319391
1.318298
1.317202
1.316102
1.315005
1.313909
1.312824
1.311746
1.310670
1.309593
1.308516
1.307442
1.306374
1.305310
1.304244
1.303180
1.302120
1.301058
1.300000
1.357040
1.355850
1.354664
1.353480
1.352302
1.351131
1.349958
1.348788
1.347625
1.346465
1.345307
1.344152
1.342996
1.341838
1.340684
1.339537
1.338398
1.337263
1.336128
1.334993
1.333857
1.332725
1.331598
1.330476
1.329352
1.328228
1.327113
1.325999
1.324888
1.323781
1.322675
1.321569
1.320466
1.319369
1.318276
1.317182
1.316087
1.314996
1.313908
1.312822
1.311743
1.310662
1.309579
1.308501
1.307426
1.306358
1.305297
1.304241
1.303185
1.302124
1.301061
1.300000
1.300000
1.300000
1.300000
1.300000
1.300000
1.300000
1.300000
1.300000
1.300000
1.300000
1.300000
1.300000
1.300000
1.304237
1.303172
1.302111
1.301053
1.300000
1.300000
1.300000
1.300000
1.300000
1.300000
1.300000
1.300000
1.300000
1.300000
1.300000
1.300000
1.300000
1.300000
1.300000
1.300000
1.300000
1.300000
1.300000
1.300000
1.304173
1.303134
1.302100
1.301049
1.300000
1.300000
1.300000
1.300000
1.300000
1.300000
1.300000
1.300000
1.300000
1.300000
1.304221
1.303173
1.302126
1.301069
1.300000
1.300000
1.300000
1.300000
1.300000
1.300000
1.300000
1.300000
1.300000
1.300000
1.300000
1.300000
1.300000
1.300000
1.300000
1.300000
1.300000
1.300000
1.300000
1.300000
1.300000
1.300000
1.300000
1.300000
1.300000
1.300000
1.300000
1.300000
1.300000
1.300000
1.300000
1.300000
1.716808
1.710775
1.705093
1.699730
1.694647
1.689815
1.685188
1.680712
1.676384
1.672217
1.668195
1.664301
1.660528
1.656842
1.653231
1.649704
1.646267
1.642915
1.639643
1.636428
1.633255
1.630141
1.627092
1.624090
1.621147
1.618264
1.615403
1.612577
1.609805
1.607077
1.604382
1.601735
1.599123
1.596519
1.593952
1.591423
1.588925
1.586463
1.584038
1.581621
1.579218
1.576843
1.574493
1.572173
1.569888
1.567624
1.565363
1.563125
1.560914
1.558725
1.556565
1.554430
1.552298
1.550180
1.548083
1.546007
1.543950
1.541919
1.539896
1.537875
1.535873
1.533892
1.531914
1.529971
1.528050
1.526121
1.524203
1.522304
1.520409
1.518532
1.516686
1.514851
1.513003
1.511171
1.509356
1.507550
1.505766
1.504000
1.502223
1.500449
1.498692
1.496942
1.495203
1.493489
1.491783
1.490070
1.488373
1.486689
1.485013
1.483349
1.481700
1.480042
1.478389
1.476749
1.475122
1.473504
1.471905
1.470310
1.468708
1.467117
1.465540
1.463964
1.462408
1.460870
1.459322
1.457774
1.456238
1.454703
1.453173
1.451665
1.450161
1.448647
1.447141
1.445647
1.444150
1.442667
1.441199
1.439723
1.438258
1.436810
1.435366
1.433930
1.432510
1.431089
1.429659
1.428239
1.426827
1.425417
1.424020
1.422636
1.421248
1.419858
1.418477
1.417099
1.415728
1.414368
1.413007
1.411635
1.410272
1.408914
1.407553
1.406198
1.404855
1.403520
1.402173
1.400841
1.399528
1.398211
1.396922
1.395635
1.394354
1.393085
1.391818
1.390550
1.389279
1.388012
1.386733
1.385449
1.384171
1.382899
1.381629
1.380370
1.379114
1.377855
1.376600
1.375354
1.374113
1.372880
1.371655
1.370422
1.369189
1.367965
1.366747
1.365535
1.364331
1.363126
1.361916
1.360713
1.359516
1.358323
1.357134
1.355953
1.354765
1.353575
1.352392
1.351212
1.350034
1.348866
1.347701
1.346532
1.345366
1.344206
1.343048
1.341895
1.340750
1.339600
1.338451
1.337308
1.336170
1.335037
1.333910
1.332784
1.331654
1.330527
1.329406
1.328287
1.327173
1.326064
1.324951
1.323837
1.322729
1.321625
1.320523
1.319429
1.318333
1.317235
1.316138
1.315048
1.313960
1.312878
1.311800
1.310716
1.309634
1.308556
1.307479
1.306410
1.305331
1.304253
1.303174
1.302104
1.301047
1.300000
1.300000
1.300000
1.300000
1.300000
1.300000
1.300000
1.300000
1.300000
1.300000
1.300000
1.300000
1.300000
1.303203
1.302137
1.301067
1.300000
1.300000
1.300000
1.300000
1.300000
1.300000
1.300000
1.300000
1.300000
1.300000
1.300000
1.300000
1.300000
1.300000
1.300000
1.306352
1.305300
1.304236
1.303171
1.302114
1.301055
1.300000
1.300000
1.300000
1.300000
1.300000
1.300000
1.300000
1.300000
1.300000
1.300000
1.300000
1.300000
1.300000
1.300000
1.300000
1.300000
1.300000
1.300000
1.300000
1.300000
1.300000
1.300000
1.300000
1.300000
1.300000
1.300000
1.300000
1.300000
1.300000
1.300000
1.300000
1.300000
1.300000
1.300000
1.300000
1.300000
1.300000
1.300000
1.300000
1.300000
1.300000
1.300000
1.300000
1.300000
1.300000
1.300000
1.300000
1.300000
1.300000
1.300000
1.300000
1.300000
1.300000
1.300000
1.300000
1.300000
1.300000
1.300000
1.300000
1.300000
1.300000
1.300000
1.300000
1.300000
1.300000
1.300000
1.300000
1.300000
1.300000
1.300000
1.300000
1.300000
1.300000
1.300000
1.300000
1.300000
1.300000
1.300000
1.300000
1.300000
1.336049
1.334900
1.333759
1.332633
1.331507
1.330386
1.329277
1.328166
1.327051
1.325943
1.324844
1.323746
1.322649
1.321553
1.320455
1.319356
1.318262
1.317173
1.316084
1.314998
1.313909
1.312822
1.311740
1.310660
1.309585
1.308516
1.307443
1.306368
1.305296
1.304226
1.303166
1.302113
1.301057
1.300000
1.342909
1.341758
1.340614
1.339471
1.338323
1.337185
1.336050
1.334916
1.333787
1.332660
1.331533
1.330409
1.329295
1.328182
1.327071
1.325963
1.324856
1.323751
1.322648
1.321552
1.320457
1.319364
1.318274
1.317185
1.316096
1.315014
1.313931
1.312850
1.311773
1.310697
1.309621
1.308546
1.307476
1.306407
1.305343
1.304281
1.303213
1.302142
1.301066
1.300000
1.300000
1.300000
1.300000
1.300000
1.300000
1.300000
1.300000
1.300000
1.300000
1.300000
1.300000
1.300000
1.300000
1.300000
1.300000
1.300000
1.300000
1.300000
1.300000
1.300000
1.300000
1.346434
1.345267
1.344105
1.342947
1.341795
1.340644
1.339500
1.338354
1.337213
1.336080
1.334948
1.333817
1.332690
1.331567
1.330442
1.329324
1.328210
1.327096
1.325985
1.324881
1.323773
1.322668
1.321570
1.320472
1.319375
1.318282
1.317193
1.316100
1.315016
1.313932
1.312847
1.311764
1.310691
1.309616
1.308540
1.307468
1.306392
1.305316
1.304248
1.303185
1.302131
1.301073
1.300000
1.300000
1.300000
1.300000
1.300000
1.300000
1.300000
1.300000
1.300000
1.300000
1.300000
1.300000
1.300000
1.300000
1.300000
1.300000
1.300000
1.300000
1.300000
1.300000
1.300000
1.300000
1.300000
1.300000
1.300000
1.300000
1.300000
1.300000
1.300000
1.300000
1.300000
1.300000
1.300000
1.300000
1.300000
1.300000
1.300000
1.300000
1.300000
1.300000
1.300000
1.300000
1.300000
1.300000
1.300000
1.300000
1.300000
1.300000
1.300000
1.300000
1.300000
1.300000
1.300000
1.300000
1.300000
1.300000
1.300000
1.300000
1.300000
1.300000
1.300000
1.300000
1.300000
1.300000
1.300000
1.300000
1.300000
1.300000
1.300000
1.300000
1.300000
1.300000
1.300000
1.300000
1.300000
1.300000
1.300000
1.300000
1.300000
1.300000
1.300000
1.300000
1.300000
1.300000
1.300000
1.300000
1.300000
1.300000
1.300000
1.300000
1.300000
1.300000
1.300000
1.300000
1.300000
1.300000
1.300000
1.300000
1.300000
1.300000
1.300000
1.300000
1.300000
1.300000
1.300000
1.300000
1.300000
1.300000
1.300000
1.300000
1.300000
1.300000
1.300000
1.300000
1.300000
1.300000
1.300000
1.300000
1.300000
1.300000
1.300000
1.300000
1.300000
1.300000
1.300000
1.300000
1.300000
1.300000
1.300000
1.300000
1.300000
1.300000
1.300000
1.300000
1.300000
1.300000
1.300000
1.300000
1.300000
1.300000
1.300000
1.300000
1.300000
1.300000
1.300000
1.300000
1.300000
1.300000
1.300000
1.300000
1.300000
1.300000
1.300000
1.300000
1.300000
1.300000
1.300000
1.300000
1.300000
1.300000
1.300000
1.300000
1.300000
1.300000
1.300000
1.300000
1.300000
1.300000
1.300000
1.300000
1.300000
1.300000
1.300000
1.300000
1.300000
1.300000
1.300000
1.300000
1.300000
1.300000
1.300000
1.300000
1.300000
1.300000
1.300000
1.300000
1.300000
1.300000
1.300000
1.300000
1.300000
1.300000
1.300000
1.300000
1.300000
1.300000
1.300000
1.300000
1.300000
1.300000
1.300000
1.300000
1.300000
1.300000
1.300000
1.300000
1.300000
1.300000
1.300000
1.300000
1.300000
1.300000
1.300000
1.300000
1.300000
1.300000
1.300000
1.300000
1.300000
1.300000
1.300000
1.300000
1.300000
1.300000
1.300000
1.300000
1.300000
1.300000
1.300000
1.300000
1.300000
1.300000
1.300000
1.300000
1.300000
1.300000
1.300000
1.300000
1.300000
1.300000
1.300000
1.300000
1.300000
1.300000
1.300000
1.300000
1.300000
1.300000
1.300000
1.300000
1.300000
1.300000
1.300000
1.300000
1.300000
1.300000
1.300000
1.300000
1.300000
1.300000
1.300000
1.300000
1.300000
1.300000
1.300000
1.300000
1.300000
1.300000
1.300000
1.300000
1.300000
1.300000
1.300000
1.300000
1.300000
1.300000
1.300000
1.300000
1.300000
1.300000
1.300000
1.300000
1.300000
1.300000
1.300000
1.300000
1.300000
1.300000
1.300000
1.300000
1.300000
1.300000
1.300000
1.300000
1.300000
1.300000
1.300000
1.300000
1.300000
1.300000
1.300000
1.300000
1.300000
1.300000
1.300000
1.300000
1.300000
1.300000
1.300000
1.300000
1.300000
1.300000
1.300000
1.300000
1.300000
1.300000
1.300000
1.300000
1.300000
1.300000
1.300000
1.300000
1.300000
1.300000
1.300000
1.300000
1.300000
1.300000
1.300000
1.300000
1.300000
1.300000
1.300000
1.300000
1.300000
1.300000
1.300000
1.300000
1.300000
1.300000
1.300000
1.300000
1.300000
1.300000
1.300000
1.300000
1.300000
1.300000
1.300000
1.300000
1.300000
1.300000
1.300000
1.300000
1.300000
1.300000
1.300000
1.300000
1.300000
1.300000
1.300000
1.300000
1.300000
1.300000
1.300000
1.300000
1.300000
1.300000
1.300000
1.300000
1.300000
1.300000
1.300000
1.300000
1.300000
1.300000
1.300000
1.300000
1.300000
1.300000
1.300000
1.300000
1.300000
1.300000
1.300000
1.300000
1.300000
1.300000
1.300000
1.300000
1.300000
1.300000
1.300000
1.300000
1.300000
1.300000
1.300000
1.300000
1.300000
1.300000
1.300000
1.300000
1.300000
1.300000
1.300000
1.300000
1.300000
1.300000
1.300000
1.300000
1.300000
1.300000
1.300000
1.300000
1.300000
1.300000
1.300000
1.300000
1.300000
1.300000
1.300000
1.300000
1.300000
1.300000
1.300000
1.300000
1.300000
1.300000
1.300000
1.300000
1.300000
1.300000
1.300000
1.300000
1.300000
1.300000
1.300000
1.300000
1.300000
1.300000
1.300000
1.300000
1.300000
1.300000
1.300000
1.300000
1.300000
1.300000
1.300000
1.300000
1.300000
1.300000
1.300000
1.300000
1.300000
1.300000
1.300000
1.300000
1.300000
1.300000
1.300000
1.300000
1.300000
1.300000
1.300000
1.300000
1.300000
1.300000
1.300000
1.300000
1.300000
1.300000
1.300000
1.300000
1.300000
1.300000
1.300000
1.300000
1.300000
1.300000
1.300000
1.300000
1.300000
1.300000
1.300000
1.300000
1.300000
1.300000
1.300000
1.300000
1.300000
1.300000
1.300000
1.300000
1.300000
1.300000
1.300000
1.300000
1.300000
1.300000
1.300000
1.300000
1.300000
1.300000
1.300000
1.300000
1.300000
1.300000
1.300000
1.300000
1.300000
1.300000
1.300000
1.300000
1.300000
1.300000
1.300000
1.300000
1.300000
1.300000
1.300000
1.300000
1.300000
1.300000
1.300000
1.300000
1.300000
1.300000
1.300000
1.300000
1.300000
1.300000
1.300000
1.300000
1.300000
1.300000
1.300000
1.300000
1.300000
1.300000
1.300000
1.300000
1.300000
1.300000
1.300000
1.300000
1.300000
1.300000
1.300000
1.300000
1.300000
1.300000
1.300000
1.300000
1.300000
1.300000
1.300000
1.300000
1.300000
1.300000
1.300000
1.300000
1.300000
1.300000
1.300000
1.300000
1.300000
1.300000
1.300000
1.300000
1.300000
1.300000
1.300000
1.300000
1.300000
1.300000
1.300000
1.300000
1.300000
1.300000
1.300000
1.300000
1.300000
1.300000
1.300000
1.300000
1.300000
1.300000
1.300000
1.300000
1.300000
1.300000
1.300000
1.300000
1.300000
1.300000
1.300000
1.300000
1.300000
1.300000
1.300000
1.300000
1.300000
1.300000
1.300000
1.300000
1.300000
1.300000
1.300000
1.300000
1.300000
1.300000
1.300000
1.300000
1.300000
1.300000
1.300000
1.300000
1.300000
1.300000
1.300000
1.300000
1.300000
1.300000
1.300000
1.300000
1.300000
1.300000
1.300000
1.300000
1.300000
1.300000
1.300000
1.300000
1.300000
1.300000
1.300000
1.300000
1.300000
1.300000
1.300000
1.300000
1.300000
1.300000
1.300000
1.300000
1.300000
1.300000
1.300000
1.300000
1.300000
1.300000
1.300000
1.300000
1.300000
1.300000
1.300000
1.300000
1.300000
1.300000
1.300000
1.300000
1.300000
1.300000
1.300000
1.300000
1.300000
1.300000
1.300000
1.300000
1.300000
1.300000
1.300000
1.300000
1.300000
1.300000
1.300000
1.300000
1.300000
1.300000
1.300000
1.300000
1.300000
1.300000
1.300000
1.300000
1.300000
1.300000
1.300000
1.300000
1.300000
1.300000
1.300000
1.300000
1.300000
1.300000
1.300000
1.300000
1.300000
1.300000
1.300000
1.300000
1.300000
1.300000
1.300000
1.300000
1.300000
1.300000
1.300000
1.300000
1.300000
1.300000
1.300000
1.300000
1.300000
1.300000
1.300000
1.300000
1.300000
1.300000
1.300000
1.300000
1.300000
1.300000
1.300000
1.300000
1.300000
1.300000
1.300000
1.300000
1.300000
1.300000
1.300000
1.300000
1.300000
1.300000
1.300000
1.300000
1.300000
1.300000
1.300000
1.300000
1.300000
1.300000
1.300000
1.300000
1.300000
1.300000
1.300000
1.300000
1.300000
1.300000
1.300000
1.300000
1.300000
1.300000
1.300000
1.300000
1.300000
1.300000
1.300000
1.300000
1.300000
1.300000
1.300000
1.300000
1.300000
1.300000
1.300000
1.300000
1.300000
1.300000
1.300000
1.300000
1.300000
1.300000
1.300000
1.300000
1.300000
1.300000
1.300000
1.300000
1.300000
1.300000
1.300000
1.300000
1.300000
1.300000
1.300000
1.300000
1.300000
1.300000
1.300000
1.300000
1.300000
1.300000
1.300000
1.300000
1.300000
1.300000
1.300000
1.300000
1.300000
1.300000
1.300000
1.300000
1.300000
1.300000
1.300000
1.300000
1.300000
1.300000
1.300000
1.300000
1.300000
1.300000
1.300000
1.300000
1.300000
1.300000
1.300000
1.300000
1.300000
1.300000
1.300000
1.300000
1.300000
1.300000
1.300000
1.300000
1.300000
1.300000
1.300000
1.300000
1.300000
1.300000
1.300000
1.300000
1.300000
1.300000
1.300000
1.300000
1.300000
1.300000
1.300000
1.300000
1.300000
1.300000
1.300000
1.300000
1.300000
1.300000
1.300000
1.300000
1.300000
1.300000
1.300000
1.300000
1.300000
1.300000
1.300000
1.300000
1.300000
1.300000
1.300000
1.300000
1.300000
1.300000
1.300000
1.300000
1.300000
1.300000
1.300000
1.300000
1.300000
1.300000
1.300000
1.300000
1.300000
1.300000
1.300000
1.300000
1.300000
1.300000
1.300000
1.300000
1.300000
1.300000
1.300000
1.300000
1.300000
1.300000
1.300000
1.300000
1.300000
1.300000
1.300000
1.300000
1.300000
1.300000
1.300000
1.300000
1.300000
1.300000
1.300000
1.300000
1.300000
1.300000
1.300000
1.300000
1.300000
1.300000
1.300000
1.300000
1.300000
1.300000
1.300000
1.300000
1.300000
1.300000
1.300000
1.300000
1.300000
1.300000
1.300000
1.300000
1.300000
1.300000
1.300000
1.300000
1.300000
1.300000
1.300000
1.300000
1.300000
1.300000
1.300000
1.300000
1.300000
1.300000
1.300000
1.300000
1.300000
1.300000
1.300000
1.300000
1.300000
1.300000
1.300000
1.300000
1.300000
1.300000
1.300000
1.300000
1.300000
1.300000
1.300000
1.300000
1.300000
1.300000
1.300000
1.300000
1.300000
1.300000
1.300000
1.300000
1.300000
1.300000
1.300000
1.300000
1.300000
1.300000
1.300000
1.300000
1.300000
1.300000
1.300000
1.300000
1.300000
1.300000
1.300000
1.300000
1.300000
1.300000
1.300000
1.300000
1.300000
1.300000
1.300000
1.300000
1.300000
1.300000
1.300000
1.300000
1.300000
1.300000
1.300000
1.300000
1.300000
1.300000
1.300000
1.300000
1.300000
1.300000
1.300000
1.300000
1.300000
1.300000
1.300000
1.300000
1.300000
1.300000
1.300000
1.300000
1.300000
1.300000
1.300000
1.300000
1.300000
1.300000
1.300000
1.300000
1.300000
1.300000
1.300000
1.300000
1.300000
1.300000
1.300000
1.300000
1.300000
1.300000
1.300000
1.300000
1.300000
1.300000
1.300000
1.300000
1.300000
1.300000
1.300000
1.300000
1.300000
1.300000
1.300000
1.300000
1.300000
1.300000
1.300000
1.300000
1.300000
1.300000
1.300000
1.300000
1.300000
1.300000
1.300000
1.300000
1.300000
1.300000
1.300000
1.300000
1.300000
1.300000
1.300000
1.300000
1.300000
1.300000
1.300000
1.300000
1.300000
1.300000
1.300000
1.300000
1.300000
1.300000
1.300000
1.300000
1.300000
1.300000
1.300000
1.300000
1.300000
1.300000
1.300000
1.300000
1.300000
1.300000
1.300000
1.300000
1.300000
1.300000
1.300000
1.300000
1.300000
1.300000
1.300000
1.300000
1.300000
1.300000
1.300000
1.300000
1.300000
1.300000
1.300000
1.300000
1.300000
1.300000
1.300000
1.300000
1.300000
1.300000
1.300000
1.300000
1.300000
1.300000
1.300000
1.300000
1.300000
1.300000
1.300000
1.300000
1.300000
1.300000
1.300000
1.300000
1.300000
1.300000
1.300000
1.300000
1.300000
1.300000
1.300000
1.300000
1.300000
1.300000
1.300000
1.300000
1.300000
1.300000
1.300000
1.300000
1.300000
1.300000
1.300000
1.300000
1.300000
1.300000
1.300000
1.300000
1.300000
1.300000
1.300000
1.300000
1.300000
1.300000
1.300000
1.300000
1.300000
1.300000
1.300000
1.300000
1.300000
1.300000
1.300000
1.300000
1.300000
1.300000
1.300000
1.300000
1.300000
1.300000
1.300000
1.300000
1.300000
1.300000
1.300000
1.300000
1.300000
1.300000
1.300000
1.300000
1.300000
1.300000
1.300000
1.300000
1.300000
1.300000
1.300000
1.300000
1.300000
1.300000
1.300000
1.300000
1.300000
1.300000
1.300000
1.300000
1.300000
1.300000
1.300000
1.300000
1.300000
1.300000
1.300000
1.300000
1.300000
1.300000
1.300000
1.300000
1.300000
1.300000
1.300000
1.300000
1.300000
1.300000
1.300000
1.300000
1.300000
1.300000
1.300000
1.300000
1.300000
1.300000
1.300000
1.300000
1.300000
1.300000
1.300000
1.300000
1.300000
1.300000
1.300000
1.300000
1.300000
1.300000
1.300000
1.300000
1.300000
1.300000
1.300000
1.300000
1.300000
1.300000
1.300000
1.300000
1.300000
1.300000
1.300000
1.300000
1.300000
1.300000
1.300000
1.300000
1.300000
1.300000
1.300000
1.300000
1.300000
1.300000
1.300000
1.300000
1.300000
1.300000
1.300000
1.300000
1.300000
1.300000
1.300000
1.300000
1.300000
1.300000
1.300000
1.300000
1.300000
1.300000
1.300000
1.300000
1.300000
1.300000
1.300000
1.300000
1.300000
1.300000
1.300000
1.300000
1.300000
1.300000
1.300000
1.300000
1.300000
1.300000
1.300000
1.300000
1.300000
1.300000
1.300000
1.300000
1.300000
1.300000
1.300000
1.300000
1.300000
1.300000
1.300000
1.300000
1.300000
1.300000
1.300000
1.300000
1.300000
1.300000
1.300000
1.300000
1.300000
1.300000
1.300000
1.300000
1.300000
1.300000
1.300000
1.300000
1.300000
1.300000
1.300000
1.300000
1.300000
1.300000
1.300000
1.300000
1.300000
1.300000
1.300000
1.300000
1.300000
1.300000
1.300000
1.300000
1.300000
1.300000
1.300000
1.300000
1.300000
1.300000
1.300000
1.300000
1.300000
1.300000
1.300000
1.300000
1.300000
1.300000
1.300000
1.300000
1.300000
1.300000
1.300000
1.300000
1.300000
1.300000
1.300000
1.300000
1.300000
1.300000
1.300000
1.300000
1.300000
1.300000
1.300000
1.300000
1.300000
1.300000
1.300000
1.300000
1.300000
1.300000
1.300000
1.300000
1.300000
1.300000
1.300000
1.300000
1.300000
1.300000
1.300000
1.300000
1.300000
1.300000
1.300000
1.300000
1.300000
1.300000
1.300000
1.300000
1.300000
1.300000
1.300000
1.300000
1.300000
1.300000
1.300000
1.300000
1.300000
1.300000
1.300000
1.300000
1.300000
1.300000
1.300000
1.300000
1.300000
1.300000
1.300000
1.300000
1.300000
1.300000
1.300000
1.300000
1.300000
1.300000
1.300000
1.300000
1.300000
1.300000
1.300000
1.300000
1.300000
1.300000
1.300000
1.300000
1.300000
1.300000
1.300000
1.300000
1.300000
1.300000
1.300000
1.300000
1.300000
1.300000
1.300000
1.300000
1.300000
1.300000
1.300000
1.300000
1.300000
1.300000
1.300000
1.300000
1.300000
1.300000
1.300000
1.300000
1.300000
1.300000
1.300000
1.300000
1.300000
1.300000
1.300000
1.300000
1.300000
1.300000
1.300000
1.300000
1.300000
1.300000
1.300000
1.300000
1.300000
1.300000
1.300000
1.300000
1.300000
1.300000
1.300000
1.300000
1.300000
1.300000
1.300000
1.300000
1.300000
1.300000
1.300000
1.300000
1.300000
1.300000
1.300000
1.300000
1.300000
1.300000
1.300000
1.300000
1.300000
1.300000
1.300000
1.300000
1.300000
1.300000
1.300000
1.300000
1.300000
1.300000
1.300000
1.300000
1.300000
1.300000
1.300000
1.300000
1.300000
1.300000
1.300000
1.300000
1.300000
1.300000
1.300000
1.300000
1.300000
1.300000
1.300000
1.300000
1.300000
1.300000
1.300000
1.300000
1.300000
1.300000
1.300000
1.300000
1.300000
1.300000
1.300000
1.300000
1.300000
1.300000
1.300000
1.300000
1.300000
1.300000
1.300000
1.300000
1.300000
1.300000
1.300000
1.300000
1.300000
1.300000
1.300000
1.300000
1.300000
1.300000
1.300000
1.300000
1.300000
1.300000
1.300000
1.300000
1.300000
1.300000
1.300000
1.300000
1.300000
1.300000
1.300000
1.300000
1.300000
1.300000
1.300000
1.300000
1.300000
1.300000
1.300000
1.300000
1.300000
1.300000
1.300000
1.300000
1.300000
1.300000
1.300000
1.300000
1.300000
1.300000
1.300000
1.300000
1.300000
1.300000
1.300000
1.300000
1.300000
1.300000
1.300000
1.300000
1.300000
1.300000
1.300000
1.300000
1.300000
1.300000
1.300000
1.300000
1.300000
1.300000
1.300000
1.300000
1.300000
1.300000
1.300000
1.300000
1.300000
1.300000
1.300000
1.300000
1.300000
1.300000
1.300000
1.300000
1.300000
1.300000
1.300000
1.300000
1.300000
1.300000
1.300000
1.300000
1.300000
1.300000
1.300000
1.300000
1.300000
1.300000
1.300000
1.300000
1.300000
1.300000
1.300000
1.300000
1.300000
1.300000
1.300000
1.300000
1.300000
1.300000
1.300000
1.300000
1.300000
1.300000
1.300000
1.300000
1.300000
1.300000
1.300000
1.300000
1.300000
1.300000
1.300000
1.300000
1.300000
1.300000
1.300000
1.300000
1.300000
1.300000
1.300000
1.300000
1.300000
1.300000
1.300000
1.300000
1.300000
1.300000
1.300000
1.300000
1.300000
1.300000
1.300000
1.300000
1.300000
1.300000
1.300000
1.300000
1.300000
1.300000
1.300000
1.300000
1.300000
1.300000
1.300000
1.300000
1.300000
1.300000
1.300000
1.300000
1.300000
1.300000
1.300000
1.300000
1.300000
1.300000
1.300000
1.300000
1.300000
1.300000
1.300000
1.300000
1.300000
1.300000
1.300000
1.300000
1.300000
1.300000
1.300000
1.300000
1.300000
1.300000
1.300000
1.300000
1.300000
1.300000
1.300000
1.300000
1.300000
1.300000
1.300000
1.300000
1.300000
1.300000
1.300000
1.300000
1.300000
1.300000
1.300000
1.300000
1.300000
1.300000
1.300000
1.300000
1.300000
1.300000
1.300000
1.300000
1.300000
1.300000
1.300000
1.300000
1.300000
1.300000
1.300000
1.300000
1.300000
1.300000
1.300000
1.300000
1.300000
1.300000
1.300000
1.300000
1.300000
1.300000
1.300000
1.300000
1.300000
1.300000
1.300000
1.300000
1.300000
1.300000
1.300000
1.300000
1.300000
1.300000
1.300000
1.300000
1.300000
1.300000
1.300000
1.300000
1.300000
1.300000
1.300000
1.300000
1.300000
1.300000
1.300000
1.300000
1.300000
1.300000
1.300000
1.300000
1.300000
1.300000
1.300000
1.300000
1.300000
1.300000
1.300000
1.300000
1.300000
1.300000
1.300000
1.300000
1.300000
1.300000
1.300000
1.300000
1.300000
1.300000
1.300000
1.300000
1.300000
1.300000
1.300000
1.300000
1.300000
1.300000
1.300000
1.300000
1.300000
1.300000
1.300000
1.300000
1.300000
1.300000
1.300000
1.300000
1.300000
1.300000
1.300000
1.300000
1.300000
1.300000
1.300000
1.300000
1.300000
1.300000
1.300000
1.300000
1.300000
1.300000
1.300000
1.300000
1.300000
1.300000
1.300000
1.300000
1.300000
1.300000
1.300000
1.300000
1.300000
1.300000
1.300000
1.300000
1.300000
1.300000
1.300000
1.300000
1.300000
1.300000
1.300000
1.300000
1.300000
1.300000
1.300000
1.300000
1.300000
1.300000
1.300000
1.300000
1.300000
1.300000
1.300000
1.300000
1.300000
1.300000
1.300000
1.300000
1.300000
1.300000
1.300000
1.300000
1.300000
1.300000
1.300000
1.300000
1.300000
1.300000
1.300000
1.300000
1.300000
1.300000
1.300000
1.300000
1.300000
1.300000
1.300000
1.300000
1.300000
1.300000
1.300000
1.300000
1.300000
1.300000
1.300000
1.300000
1.300000
1.300000
1.300000
1.300000
1.300000
1.300000
1.300000
1.300000
1.300000
1.300000
1.300000
1.300000
1.300000
1.300000
1.300000
1.300000
1.300000
1.300000
1.300000
1.300000
1.300000
1.300000
1.300000
1.300000
1.300000
1.300000
1.300000
1.300000
1.300000
1.300000
1.300000
1.300000
1.300000
1.300000
1.300000
1.300000
1.300000
1.300000
1.300000
1.300000
1.300000
1.300000
1.300000
1.300000
1.300000
1.300000
1.300000
1.300000
1.300000
1.300000
1.300000
1.300000
1.300000
1.300000
1.300000
1.300000
1.300000
1.300000
1.300000
1.300000
1.300000
1.300000
1.300000
1.300000
1.300000
1.300000
1.300000
1.300000
1.300000
1.300000
1.300000
1.300000
1.300000
1.300000
1.300000
1.300000
1.300000
1.300000
1.300000
1.300000
1.300000
1.300000
1.300000
1.300000
1.300000
1.300000
1.300000
1.300000
1.300000
1.300000
1.300000
1.300000
1.300000
1.300000
1.300000
1.300000
1.300000
1.300000
1.300000
1.300000
1.300000
1.300000
1.300000
1.300000
1.300000
1.300000
1.300000
1.300000
1.300000
1.300000
1.300000
1.300000
1.300000
1.300000
1.300000
1.300000
1.300000
1.300000
1.300000
1.300000
1.300000
1.300000
1.300000
1.300000
1.300000
1.300000
1.300000
1.300000
1.300000
1.300000
1.300000
1.300000
1.300000
1.300000
1.300000
1.300000
1.300000
1.300000
1.300000
1.300000
1.300000
1.300000
1.300000
1.300000
1.300000
1.300000
1.300000
1.300000
1.300000
1.300000
1.300000
1.300000
1.300000
1.300000
1.300000
1.300000
1.300000
1.300000
1.300000
1.300000
1.300000
1.300000
1.300000
1.300000
1.300000
1.300000
1.300000
1.300000
1.300000
1.300000
1.300000
1.300000
1.300000
1.300000
1.300000
1.300000
1.300000
1.300000
1.300000
1.300000
1.300000
1.300000
1.300000
1.300000
1.300000
1.300000
1.300000
1.300000
1.300000
1.300000
1.300000
1.300000
1.300000
1.300000
1.300000
1.300000
1.300000
1.300000
1.300000
1.300000
1.300000
1.300000
1.300000
1.300000
1.300000
1.300000
1.300000
1.300000
1.300000
1.300000
1.300000
1.300000
1.300000
1.300000
1.300000
1.300000
1.300000
1.300000
1.300000
1.300000
1.300000
1.300000
1.300000
1.300000
1.300000
1.300000
1.300000
1.300000
1.300000
1.300000
1.300000
1.300000
1.300000
1.300000
1.300000
1.300000
1.300000
1.300000
1.300000
1.300000
1.300000
1.300000
1.300000
1.300000
1.300000
1.300000
1.300000
1.300000
1.300000
1.300000
1.300000
1.300000
1.300000
1.300000
1.300000
1.300000
1.300000
1.300000
1.300000
1.300000
1.300000
1.300000
1.300000
1.300000
1.300000
1.300000
1.300000
1.300000
1.300000
1.300000
1.300000
1.300000
1.300000
1.300000
1.300000
1.300000
1.300000
1.300000
1.300000
1.300000
1.300000
1.300000
1.300000
1.300000
1.300000
1.300000
1.300000
1.300000
1.300000
1.300000
1.300000
1.300000
1.300000
1.300000
1.300000
1.300000
1.300000
1.300000
1.300000
1.300000
1.300000
1.300000
1.300000
1.300000
1.300000
1.300000
1.300000
1.300000
1.300000
1.300000
1.300000
1.300000
1.300000
1.300000
1.300000
1.300000
1.300000
1.300000
1.300000
1.300000
1.300000
1.300000
1.300000
1.300000
1.300000
1.300000
1.300000
1.300000
1.300000
1.300000
1.300000
1.300000
1.300000
1.300000
1.300000
1.300000
1.300000
1.300000
1.300000
1.300000
1.300000
1.300000
1.300000
1.300000
1.300000
1.300000
1.300000
1.300000
1.300000
1.300000
1.300000
1.300000
1.300000
1.300000
1.300000
1.300000
1.300000
1.300000
1.300000
1.300000
1.300000
1.300000
1.300000
1.300000
1.300000
1.300000
1.300000
1.300000
1.300000
1.300000
1.300000
1.300000
1.300000
1.300000
1.300000
1.300000
1.300000
1.300000
1.300000
1.300000
1.300000
1.300000
1.300000
1.300000
1.300000
1.300000
1.300000
1.300000
1.300000
1.300000
1.300000
1.300000
1.300000
1.300000
1.300000
1.300000
1.300000
1.300000
1.300000
1.300000
1.300000
1.300000
1.300000
1.300000
1.300000
1.300000
1.300000
1.300000
1.300000
1.300000
1.300000
1.300000
1.300000
1.300000
1.300000
1.300000
1.300000
1.300000
1.300000
1.300000
1.300000
1.300000
1.300000
1.300000
1.300000
1.300000
1.300000
1.300000
1.300000
1.300000
1.300000
1.300000
1.300000
1.300000
1.300000
1.300000
1.300000
1.300000
1.300000
1.300000
1.300000
1.300000
1.300000
1.300000
1.300000
1.300000
1.300000
1.300000
1.300000
1.300000
1.300000
1.300000
1.300000
1.300000
1.300000
1.300000
1.300000
1.300000
1.300000
1.300000
1.300000
1.300000
1.300000
1.300000
1.300000
1.300000
1.300000
1.300000
1.300000
1.300000
1.300000
1.300000
1.300000
1.300000
1.300000
1.300000
1.300000
1.300000
1.300000
1.300000
1.300000
1.300000
1.300000
1.300000
1.300000
1.300000
1.300000
1.300000
1.300000
1.300000
1.300000
1.300000
1.300000
1.300000
1.300000
1.300000
1.300000
1.300000
1.300000
1.300000
1.300000
1.300000
1.300000
1.300000
1.300000
1.300000
1.300000
1.300000
1.300000
1.300000
1.300000
1.300000
1.300000
1.300000
1.300000
1.300000
1.300000
1.300000
1.300000
1.300000
1.300000
1.300000
1.300000
1.300000
1.300000
1.300000
1.300000
1.300000
1.300000
1.300000
1.300000
1.300000
1.300000
1.300000
1.300000
1.300000
1.300000
1.300000
1.300000
1.300000
1.300000
1.300000
1.300000
1.300000
1.300000
1.300000
1.300000
1.300000
1.300000
1.300000
1.300000
1.300000
1.300000
1.300000
1.300000
1.300000
1.300000
1.300000
1.300000
1.300000
1.300000
1.300000
1.300000
1.300000
1.300000
1.300000
1.300000
1.300000
1.300000
1.300000
1.300000
1.300000
1.300000
1.300000
1.300000
1.300000
1.300000
1.300000
1.300000
1.300000
1.300000
1.300000
1.300000
1.300000
1.300000
1.300000
1.300000
1.300000
1.300000
1.300000
1.300000
1.300000
1.300000
1.300000
1.300000
1.300000
1.300000
1.300000
1.300000
1.300000
1.300000
1.300000
1.300000
1.300000
1.300000
1.300000
1.300000
1.300000
1.300000
1.300000
1.300000
1.300000
1.300000
1.300000
1.300000
1.300000
1.300000
1.300000
1.300000
1.300000
1.300000
1.300000
1.300000
1.300000
1.300000
1.300000
1.300000
1.300000
1.300000
1.300000
1.300000
1.300000
1.300000
1.300000
1.300000
1.300000
1.300000
1.300000
1.300000
1.300000
1.300000
1.300000
1.300000
1.300000
1.300000
1.300000
1.300000
1.300000
1.300000
1.300000
1.300000
1.300000
1.300000
1.300000
1.300000
1.300000
1.300000
1.300000
1.300000
1.300000
1.300000
1.300000
1.300000
1.300000
1.300000
1.300000
1.300000
1.300000
1.300000
1.300000
1.300000
1.300000
1.300000
1.300000
1.300000
1.300000
1.300000
1.300000
1.300000
1.300000
1.300000
1.300000
1.300000
1.300000
1.300000
1.300000
1.300000
1.300000
1.300000
1.300000
1.300000
1.300000
1.300000
1.300000
1.300000
1.300000
1.300000
1.300000
1.300000
1.300000
1.300000
1.300000
1.300000
1.300000
1.300000
1.300000
1.300000
1.300000
1.300000
1.300000
1.300000
1.300000
1.300000
1.300000
1.300000
1.300000
1.300000
1.300000
1.300000
1.300000
1.300000
1.300000
1.300000
1.300000
1.300000
1.300000
1.300000
1.300000
1.300000
1.300000
1.300000
1.300000
1.300000
1.300000
1.300000
1.300000
1.300000
1.300000
1.300000
1.300000
1.300000
1.300000
1.300000
1.300000
1.300000
1.300000
1.300000
1.300000
1.300000
1.300000
1.300000
1.300000
1.300000
1.300000
1.300000
1.300000
1.300000
1.300000
1.300000
1.300000
1.300000
1.300000
1.300000
1.300000
1.300000
1.300000
1.300000
1.300000
1.300000
1.300000
1.300000
1.300000
1.300000
1.300000
1.300000
1.300000
1.300000
1.300000
1.300000
1.300000
1.300000
1.300000
1.300000
1.300000
1.300000
1.300000
1.300000
1.300000
1.300000
1.300000
1.300000
1.300000
1.300000
1.300000
1.300000
1.300000
1.300000
1.300000
1.300000
1.300000
1.300000
1.300000
1.300000
1.300000
1.300000
1.300000
1.300000
1.300000
1.300000
1.300000
1.300000
1.300000
1.300000
1.300000
1.300000
1.300000
1.300000
1.300000
1.300000
1.300000
1.300000
1.300000
1.300000
1.300000
1.300000
1.300000
1.300000
1.300000
1.300000
1.300000
1.300000
1.300000
1.300000
1.300000
1.300000
1.300000
1.300000
1.300000
1.300000
1.300000
1.300000
1.300000
1.300000
1.300000
1.300000
1.300000
1.300000
1.300000
1.300000
1.300000
1.300000
1.300000
1.300000
1.300000
1.300000
1.300000
1.300000
1.300000
1.300000
1.300000
1.300000
1.300000
1.300000
1.300000
1.300000
1.300000
1.300000
1.300000
1.300000
1.300000
1.300000
1.300000
1.300000
1.300000
1.300000
1.300000
1.300000
1.300000
1.300000
1.300000
1.300000
1.300000
1.300000
1.300000
1.300000
1.300000
1.300000
1.300000
1.300000
1.300000
1.300000
1.300000
1.300000
1.300000
1.300000
1.300000
1.300000
1.300000
1.300000
1.300000
1.300000
1.300000
1.300000
1.300000
1.300000
1.300000
1.300000
1.300000
1.300000
1.300000
1.300000
1.300000
1.300000
1.300000
1.300000
1.300000
1.300000
1.300000
1.300000
1.300000
1.300000
1.300000
1.300000
1.300000
1.300000
1.300000
1.300000
1.300000
1.300000
1.300000
1.300000
1.300000
1.300000
1.300000
1.300000
1.300000
1.300000
1.300000
1.300000
1.300000
1.300000
1.300000
1.300000
1.300000
1.300000
1.300000
1.300000
1.300000
1.300000
1.300000
1.300000
1.300000
1.300000
1.300000
1.300000
1.300000
1.300000
1.300000
1.300000
1.300000
1.300000
1.300000
1.300000
1.300000
1.300000
1.300000
1.300000
1.300000
1.300000
1.300000
1.300000
1.300000
1.300000
1.300000
1.300000
1.300000
1.300000
1.300000
1.300000
1.300000
1.300000
1.300000
1.300000
1.300000
1.300000
1.300000
1.300000
1.300000
1.300000
1.300000
1.300000
1.300000
1.300000
1.300000
1.300000
1.300000
1.300000
1.300000
1.300000
1.300000
1.300000
1.300000
1.300000
1.300000
1.300000
1.300000
1.300000
1.300000
1.300000
1.300000
1.300000
1.300000
1.300000
1.300000
1.300000
1.300000
1.300000
1.300000
1.300000
1.300000
1.300000
1.300000
1.300000
1.300000
1.300000
1.300000
1.300000
1.300000
1.300000
1.300000
1.300000
1.300000
1.300000
1.300000
1.300000
1.300000
1.300000
1.300000
1.300000
1.300000
1.300000
1.300000
1.300000
1.300000
1.300000
1.300000
1.300000
1.300000
1.300000
1.300000
1.300000
1.300000
1.300000
1.300000
1.300000
1.300000
1.300000
1.300000
1.300000
1.300000
1.300000
1.300000
1.300000
1.300000
1.300000
1.300000
1.300000
1.300000
1.300000
1.300000
1.300000
1.300000
1.300000
1.300000
1.300000
1.300000
1.300000
1.300000
1.300000
1.300000
1.300000
1.300000
1.300000
1.300000
1.300000
1.300000
1.300000
1.300000
1.300000
1.300000
1.300000
1.300000
1.300000
1.300000
1.300000
1.300000
1.300000
1.300000
1.300000
1.300000
1.300000
1.300000
1.300000
1.300000
1.300000
1.300000
1.300000
1.300000
1.300000
1.300000
1.300000
1.300000
1.300000
1.300000
1.300000
1.300000
1.300000
1.300000
1.300000
1.300000
1.300000
1.300000
1.300000
1.300000
1.300000
1.300000
1.300000
1.300000
1.300000
1.300000
1.300000
1.300000
1.300000
1.300000
1.300000
1.300000
1.300000
1.300000
1.300000
1.300000
1.300000
1.300000
1.300000
1.300000
1.300000
1.300000
1.300000
1.300000
1.300000
1.300000
1.300000
1.300000
1.300000
1.300000
1.300000
1.300000
1.300000
1.300000
1.300000
1.300000
1.300000
1.300000
1.300000
1.300000
1.300000
1.300000
1.300000
1.300000
1.300000
1.300000
1.300000
1.300000
1.300000
1.300000
1.300000
1.300000
1.300000
1.300000
1.300000
1.300000
1.300000
1.300000
1.300000
1.300000
1.300000
1.300000
1.300000
1.300000
1.300000
1.300000
1.300000
1.300000
1.300000
1.300000
1.300000
1.300000
1.300000
1.300000
1.300000
1.300000
1.300000
1.300000
1.300000
1.300000
1.300000
1.300000
1.300000
1.300000
1.300000
1.300000
1.300000
1.300000
1.300000
1.300000
1.300000
1.300000
1.300000
1.300000
1.300000
1.300000
1.300000
1.300000
1.300000
1.300000
1.300000
1.300000
1.300000
1.300000
1.300000
1.300000
1.300000
1.300000
1.300000
1.300000
1.300000
1.300000
1.300000
1.300000
1.300000
1.300000
1.300000
1.300000
1.300000
