10.567346
10.731255
10.614940
10.529998
10.626452
10.586214
10.476143
10.460707
10.460485
10.443886
10.494497
10.561803
10.565774
10.537096
10.545023
10.526849
10.544060
10.593834
10.620159
10.547615
10.553942
10.551641
10.549461
10.572629
10.610616
10.587014
10.528584
10.548334
10.517768
10.520027
10.571493
10.607249
10.531448
10.563184
10.570655
10.517384
10.549358
10.586382
10.546565
10.522432
10.603356
10.531446
10.516078
10.588979
10.607084
10.512123
10.556324
10.564689
10.476671
10.527427
10.575935
10.556041
10.550078
10.571531
10.525459
10.607739
10.755825
10.770621
10.629631
10.567313
10.578726
10.528672
10.540997
10.678722
10.574878
10.528811
10.451825
10.480481
10.479521
10.488847
10.565104
10.525249
10.531241
10.543013
10.544824
10.584352
10.544140
10.567937
10.519116
10.591069
10.746881
10.708309
10.590200
10.464453
10.376738
10.340139
10.331149
10.346327
10.477767
10.579082
10.948061
10.612155
10.501060
10.588412
10.450914
10.410547
10.526609
10.729780
10.636590
10.547567
10.481548
10.425676
10.408940
10.406030
10.426784
10.353085
10.637792
10.599030
10.499920
10.520743
10.532150
10.554538
10.583979
10.550774
10.540916
10.553109
10.564037
10.553706
10.593236
10.589685
10.594012
10.622704
10.638030
10.570511
10.574691
10.570014
10.534920
10.570195
10.609449
10.576574
10.546357
10.591372
10.539104
10.515159
10.533747
10.547895
10.510663
10.559915
10.563524
10.536300
10.567917
10.585794
10.561889
10.497175
10.531695
10.613529
10.761554
10.770683
10.627701
10.705315
10.683257
10.497665
10.511015
10.610646
10.586237
10.564004
10.584087
10.552710
10.539834
10.473257
10.484445
10.560924
10.674623
10.645045
10.492592
10.488543
10.515835
10.511738
10.516466
10.499151
10.531109
10.552239
10.556102
10.645042
10.653742
10.604810
10.600703
10.644189
10.555305
10.542208
10.525511
10.468912
10.518978
10.605906
10.591952
10.507093
10.532975
10.494119
10.483788
10.543576
10.587472
10.564817
10.560119
10.559810
10.502077
10.523272
10.566388
10.577339
10.519410
10.604822
10.541324
10.486499
10.550134
10.586502
10.521544
10.523108
10.551579
10.486585
10.493787
10.583018
10.586318
10.639901
10.604390
10.522438
10.498610
10.543372
10.580713
10.590774
10.576076
10.574587
10.561496
10.570232
10.644275
10.606136
10.576150
10.688492
10.633208
10.553249
10.573745
10.556383
10.580244
10.584572
10.558511
10.608168
10.610673
10.550842
10.486738
10.480420
10.575844
10.611678
10.525322
10.589823
10.647556
10.613281
10.570562
10.526870
10.491808
10.555722
10.510335
10.571446
10.602005
10.541138
10.483611
10.538501
10.674274
10.671821
10.591227
10.602160
10.558249
10.539949
10.586067
10.557788
10.612200
10.550486
10.546370
10.499147
10.451086
10.470868
10.412545
10.428466
10.456277
10.481201
10.522110
10.524988
10.484756
10.504628
10.485418
10.533175
10.440219
10.478580
10.593355
10.485175
10.457253
10.485497
10.518004
10.556081
10.528787
10.550554
10.568711
10.572067
10.910239
10.811008
10.658003
10.671792
10.578011
10.443475
10.601078
10.595758
10.587631
10.562616
10.478528
10.435783
10.500446
10.604327
10.731840
10.662843
10.620439
10.563057
10.527276
10.515707
10.501460
10.544011
10.524805
10.618858
10.649442
10.547430
10.494964
10.480067
10.491957
10.449770
10.438081
10.511209
10.559088
10.534088
10.545026
10.528356
10.589461
10.532956
10.575947
10.619908
10.597704
10.553407
10.559647
10.632682
10.458750
10.612531
10.592578
10.610984
10.637112
10.603191
10.492495
10.431471
10.643641
10.604174
10.543228
10.522127
10.579454
10.604225
10.643684
10.594776
10.658189
10.628471
10.582443
10.547493
10.458923
10.516704
10.573974
10.562675
10.507859
10.477012
10.499846
10.531677
10.529274
10.513912
10.467980
10.536122
10.604847
10.635184
10.585300
10.507572
10.566070
10.543458
10.560463
10.556498
10.520843
10.499404
10.544243
10.624837
10.546298
10.523864
10.516706
10.545221
10.565422
10.523915
10.477145
10.545919
10.858990
10.709916
10.662992
10.711325
10.528125
10.449542
10.499638
10.555016
10.604704
10.555254
10.528946
10.546159
10.543550
10.539583
10.501119
10.474014
10.605179
10.573780
10.552810
10.521340
10.493166
10.520075
10.509342
10.481242
10.410696
10.398248
10.537919
10.578593
10.600746
10.694925
10.648697
10.555319
10.548101
10.572443
10.591022
10.706548
10.588844
10.561881
10.599653
10.581226
10.561796
10.481100
10.487091
10.532541
10.507139
10.512131
10.465402
10.445720
10.477590
10.552871
10.671636
10.605348
10.560705
10.591743
10.547265
10.506757
10.455272
10.454438
10.532916
10.550796
10.587112
10.580729
10.536078
10.635612
10.624137
10.605659
10.567701
10.555361
10.498680
10.583111
10.594788
10.628819
10.573592
10.599867
10.606439
10.584112
10.587039
10.515264
10.470180
10.475750
10.467645
10.562535
10.589134
10.548323
10.592107
10.564672
10.641235
10.602109
10.549424
10.640951
10.585653
10.530947
10.514089
10.537881
10.479245
10.591105
10.736685
10.564032
10.466084
10.423675
10.389216
10.395791
10.479351
10.553423
10.639057
10.617515
10.590420
10.557917
10.547018
10.594313
10.554721
10.531804
10.563102
10.593043
10.570727
10.509613
10.545570
10.603788
10.622140
10.608384
10.546320
10.501407
10.584843
10.617835
10.639109
10.678308
10.777632
10.763658
10.561260
10.339759
10.657014
10.525505
10.234673
10.377889
10.151228
10.367382
10.423063
10.492874
10.400833
10.319971
10.433621
10.534759
10.433871
10.380701
10.388828
10.393916
10.343492
10.351600
10.482306
10.488883
10.455481
10.461313
10.532866
10.667088
10.568639
10.557998
10.586320
10.665100
10.697717
10.695257
10.681026
10.720749
10.717543
10.661546
10.703606
10.675886
10.620991
10.648722
10.680820
10.616919
10.711556
10.653003
10.619434
10.567452
10.554667
10.539083
10.595778
10.628927
10.593696
10.586559
10.551849
10.534341
10.667982
10.640558
10.569016
10.564389
10.506284
10.462304
10.511555
10.517316
10.539067
10.553329
10.538239
10.535389
10.548068
10.530239
10.543617
10.538028
10.489383
10.472987
10.502959
10.486648
10.496727
10.531828
10.501145
10.470756
10.514742
10.523447
10.494987
10.540270
10.476851
10.458688
10.640761
10.617218
10.567294
10.677425
10.568569
10.496886
10.596370
10.557207
10.542190
10.561443
10.500154
10.503030
10.571258
10.573332
10.571345
10.588711
10.582633
10.588215
10.601544
10.580067
10.578583
10.610138
10.576057
10.598665
10.594708
10.544758
10.560032
10.582117
10.551650
10.572823
10.615991
10.588815
10.569738
10.576736
10.545527
10.561050
10.595306
10.590391
10.587747
10.564886
10.516201
10.550246
10.622918
10.612330
10.598597
10.573317
10.489283
10.565807
10.681168
10.606460
10.550089
10.557942
10.495649
10.471057
10.497010
10.501361
10.528985
10.571550
10.558631
10.553306
10.531678
10.505749
10.536484
10.579412
10.513209
10.559769
10.585854
10.544621
10.560307
10.574740
10.550161
10.559530
10.574541
10.553370
10.590052
10.593073
10.547577
10.586376
10.584538
10.528971
10.548934
10.556851
10.463669
10.547832
10.594007
10.564024
10.581173
10.630517
10.651972
10.667727
10.561502
10.467487
10.474327
10.447566
10.430433
10.518634
10.486673
10.518367
10.564820
10.548346
10.465788
10.577600
10.541814
10.565622
10.591825
10.533206
10.510711
10.581030
10.592848
10.573075
10.599730
10.524083
10.535846
10.677572
10.637899
10.594795
10.592603
10.539126
10.486750
10.673838
10.643291
10.544576
10.522139
10.499244
10.459066
10.516024
10.531450
10.545035
10.577112
10.572426
10.540014
10.547815
10.515064
10.555280
10.590371
10.548323
10.512031
10.546814
10.547710
10.524752
10.532972
10.561605
10.567833
10.590488
10.592329
10.573610
10.580503
10.539311
10.543079
10.621437
10.636139
10.584665
10.560483
10.499572
10.513442
10.647351
10.636164
10.561175
10.537607
10.497946
10.468210
10.536527
10.534266
10.546329
10.546729
10.525985
10.532181
10.546656
10.528296
10.566599
10.561397
10.506881
10.534617
10.562786
10.511547
10.509727
10.563132
10.546648
10.533137
10.579271
10.589474
10.629811
10.641325
10.573301
10.564163
10.596968
10.575597
10.567324
10.525078
10.456393
10.525428
10.549213
10.525621
10.498286
10.548995
10.523111
10.558604
10.560701
10.570120
10.575631
10.600335
10.556198
10.550798
10.534311
10.564938
10.586903
10.579516
10.512074
10.746243
10.593185
10.642336
10.437383
10.513362
10.485371
10.381348
10.352273
10.439438
10.500267
10.560458
10.478168
10.544318
10.568768
10.610010
10.412805
10.464331
10.488075
10.459021
10.300085
10.400311
10.502660
10.449645
10.339106
10.482107
10.499339
10.585406
10.651483
10.587838
10.592674
10.395251
10.414399
10.454153
10.448217
10.535838
10.612832
10.655746
10.686981
10.746208
10.720664
10.694051
10.684458
10.669391
10.674742
10.691215
10.696486
10.653087
10.643330
10.651157
10.628896
10.611546
10.620154
10.608412
10.580576
10.596487
10.621511
10.619716
10.603819
10.532095
10.532189
10.558811
10.596786
10.600361
10.577131
10.558047
10.600201
10.634873
10.590836
10.555571
10.517835
10.480558
10.530697
10.563852
10.564011
10.568158
10.504111
10.496618
10.546097
10.559797
10.556325
10.579313
10.583854
10.561755
10.578167
10.558599
10.567554
10.580967
10.503212
10.475765
10.498385
10.514431
10.572906
10.595943
10.561685
10.559630
10.610250
10.601410
10.550580
10.557304
10.523380
10.543690
10.596564
10.587757
10.568064
10.499161
10.460724
10.502027
10.555232
10.558910
10.568421
10.584953
10.548788
10.547510
10.557767
10.535953
10.510225
10.489669
10.534648
10.598473
10.544210
10.624920
10.685540
10.618649
10.480404
10.506502
10.541868
10.523389
10.544338
10.544536
10.481426
10.506050
10.527542
10.555696
10.537380
10.505083
10.527266
10.558907
10.585399
10.584063
10.625385
10.598746
10.558713
10.570413
10.569354
10.609147
10.593444
10.524147
10.556625
10.561527
10.586279
10.586602
10.556399
10.533571
10.586996
10.631657
10.587317
10.575200
10.527460
10.483866
10.545805
10.544584
10.558431
10.546663
10.484576
10.494831
10.566432
10.572712
10.527440
10.574110
10.578580
10.539986
10.537541
10.552018
10.597408
10.596990
10.503249
10.495370
10.517225
10.545240
10.561337
10.546354
10.529250
10.561235
10.630533
10.599457
10.570825
10.545609
10.492517
10.574425
10.625986
10.595763
10.577653
10.499762
10.466265
10.521143
10.559420
10.551868
10.554585
10.559042
10.533309
10.543742
10.567915
10.610541
10.706280
10.610185
10.518294
10.514209
10.509689
10.555109
10.555188
10.527003
10.577413
10.628616
10.601536
10.571564
10.553255
10.469120
10.493068
10.531204
10.510527
10.516712
10.506114
10.489401
10.509169
10.568233
10.542019
10.550634
10.573849
10.616601
10.640147
10.663165
10.747519
10.572928
10.487101
10.486645
10.535280
10.405072
10.540181
10.567121
10.604615
10.595099
10.594001
10.365893
10.461880
10.447942
10.549177
10.491360
10.539887
10.594392
10.437743
10.156020
10.184976
10.196222
10.374004
10.460572
10.580954
10.828915
10.573414
10.409355
10.277032
10.288342
10.303716
10.375835
10.505229
10.594492
10.643632
10.663933
10.700339
10.680576
10.678489
10.699179
10.696254
10.660010
10.673836
10.649009
10.670877
10.651443
10.640900
10.641575
10.692954
10.690950
10.664737
10.598539
10.566721
10.627881
10.650218
10.615415
10.576018
10.580045
10.554656
10.537442
10.517927
10.578451
10.612877
10.573709
10.574444
10.587316
10.530557
10.590551
10.622468
10.590463
10.587725
10.583876
10.557475
10.597388
10.555966
10.577858
10.557875
10.542401
10.498999
10.537391
10.514378
10.569675
10.596771
10.594752
10.612818
10.589626
10.612607
10.641973
10.615758
10.587783
10.581479
10.525251
10.604650
10.563347
10.521056
10.511668
10.516245
10.516011
10.529037
10.483709
10.525188
10.577424
10.522068
10.521954
10.548798
10.500319
10.570642
10.569216
10.547341
10.583543
10.589205
10.516812
10.578363
10.590163
10.573404
10.579141
10.538672
10.518676
10.477762
10.441485
10.517017
10.565575
10.553158
10.589176
10.576089
10.573290
10.599479
10.560226
10.549535
10.555857
10.529284
10.570464
10.579432
10.537803
10.516500
10.517482
10.521428
10.547379
10.506230
10.576981
10.577707
10.536734
10.524395
10.567009
10.542074
10.563180
10.576859
10.552765
10.624620
10.634306
10.606226
10.598594
10.541352
10.626729
10.516508
10.692807
10.585995
10.613579
10.597244
10.354980
10.278471
10.323980
10.337195
10.383416
10.375570
10.393321
10.690282
10.522325
10.483457
10.524014
10.551036
10.615088
10.650305
10.702700
10.607847
10.514425
10.439296
10.422370
10.391290
10.381042
10.432783
10.444485
10.515160
10.762619
10.655275
10.849601
10.714768
10.717798
10.477203
10.402277
10.422602
10.579641
10.589437
10.764258
10.657725
10.597362
10.583840
10.386326
10.332498
10.416707
10.517139
10.516195
10.586445
10.688265
10.618662
10.573160
10.522731
10.637593
10.567873
10.516190
10.455113
10.512644
10.456774
10.419020
10.489888
10.405618
10.377229
10.416592
10.506355
10.608339
10.610982
10.674394
10.639904
10.627337
10.670043
10.732262
10.657185
10.618922
10.603057
10.574961
10.601131
10.632128
10.598749
10.562185
10.590652
10.550909
10.538829
10.578264
10.591980
10.523025
10.567566
10.592709
10.578220
10.652503
10.805223
10.580694
10.548975
11.144353
10.674127
10.483171
10.722367
10.474913
10.259509
10.408472
10.600501
10.371703
10.417397
10.488120
10.432127
10.374345
10.417402
10.441082
10.457726
10.521059
10.598619
10.577521
10.605140
10.588696
10.536185
10.549430
10.599128
10.597100
10.675724
10.846124
10.655495
10.687296
10.578306
10.494752
10.464613
10.418385
10.440964
10.560222
10.584089
10.544657
10.514050
10.504940
10.451889
10.393669
10.362825
10.449024
10.420200
10.572121
10.378654
10.280769
10.384837
10.378544
10.413155
10.570011
10.505613
10.688274
10.697039
10.866352
10.587194
10.573731
10.478119
10.440557
10.534512
10.695162
10.653216
10.628675
10.689029
10.737307
10.762898
10.549534
10.498421
10.494392
10.489238
10.446391
10.505980
10.603906
10.625068
10.608377
10.632772
10.568293
10.544178
10.609549
10.629322
10.588446
10.569534
10.553120
10.551979
10.572964
10.603447
10.586056
10.564981
10.553789
10.552467
10.554132
10.579724
10.608510
10.585270
10.565579
10.552402
10.534055
10.543467
10.549302
10.558761
10.524943
10.535024
10.512798
10.514711
10.534719
10.559886
10.625059
10.728234
10.588869
10.647259
10.308351
10.466219
10.624302
10.632731
10.548668
10.589028
10.994514
10.578235
10.704934
10.527537
10.330832
10.278371
10.416742
10.352798
10.551430
10.672499
10.752416
10.758126
10.707139
10.459651
10.165481
10.110962
10.111403
10.493098
10.524549
10.612626
10.533577
10.552212
10.577881
10.713940
10.542472
10.506700
10.459225
10.288633
10.410749
10.647603
10.587945
10.645391
10.590939
10.659105
10.593153
10.791927
10.750529
10.015285
10.632528
10.606737
10.601951
10.552776
10.533377
10.533374
10.658499
10.626010
10.534424
10.718666
10.614397
10.430058
10.327571
10.463897
10.721546
10.443795
10.364990
10.531026
10.456009
10.553894
10.636628
10.797776
10.680032
10.687874
10.790146
10.718721
10.710087
10.564305
10.607479
10.601823
10.508805
10.523941
10.627126
10.637517
10.579353
10.537300
10.586835
10.627813
10.524426
10.531084
10.499583
10.583573
10.461773
10.403294
10.346341
10.414390
10.386958
10.465994
10.517296
10.555630
10.587856
10.557124
10.554023
10.608563
10.596629
10.679732
10.771502
10.831093
10.586064
10.631966
10.650313
10.524927
10.544415
10.513494
10.685884
10.593368
10.477265
10.376261
10.440370
10.353889
10.408231
10.496505
10.518229
10.474337
10.475822
10.471116
10.573974
10.540370
10.698570
10.506911
10.564238
10.606695
10.554013
10.581489
10.591745
10.661460
10.570349
10.644852
10.696134
10.543757
10.395494
10.528280
10.607446
10.809517
10.521090
10.528182
10.758469
10.571752
10.403641
10.189910
10.052115
10.149423
10.290688
10.302109
10.363400
10.571471
10.532744
10.549619
10.579924
10.609996
10.492287
10.496614
10.588748
10.628330
10.558707
10.484291
10.481675
10.571185
10.578428
10.813042
10.703657
10.795706
10.575974
10.416157
10.478993
10.524495
10.671080
10.777794
10.779118
10.796578
10.628409
10.609639
10.534994
10.480818
10.490694
10.527047
10.597268
10.611365
10.609858
10.560978
10.529905
10.474680
10.447227
10.479523
10.562620
10.574765
10.580178
10.551443
10.466251
10.454155
10.401417
10.363771
10.594019
10.520031
10.549104
10.506498
10.523359
10.466896
10.454041
10.537774
10.649408
10.610207
10.667990
10.472953
10.843094
10.594386
10.608493
10.689868
10.572162
10.563486
10.606544
10.655397
10.552205
10.667221
10.678836
10.690362
10.498376
10.532185
10.508538
10.609790
10.585751
10.683891
10.500175
10.374039
10.298304
10.597616
10.737206
10.504185
10.418926
10.417620
10.454144
10.568123
10.624162
10.647418
10.594838
10.642580
10.694070
10.714321
10.628902
10.636863
10.629560
10.607924
10.502110
10.517913
10.568588
10.502375
10.694570
10.659931
10.915176
10.716810
10.405473
10.403849
10.359985
10.308080
10.418084
10.482525
10.517897
10.552085
10.590737
10.557264
10.587764
10.584225
10.590901
10.623809
10.633600
10.588563
10.604900
10.572795
10.548405
10.573583
10.614237
10.573670
10.568115
10.571700
10.550935
10.552800
10.578020
10.584756
10.566501
10.605200
10.561255
10.530298
10.539701
10.594986
10.576440
10.587500
10.576988
10.586122
10.586371
10.627163
10.666163
10.601773
10.643095
10.600862
10.569826
10.585870
10.594913
10.527296
10.555263
10.504078
10.460283
10.476186
10.539654
10.521686
10.513724
10.572524
10.513430
10.488760
10.518197
10.552353
10.519816
10.551761
10.568005
10.564136
10.588468
10.599945
10.597133
10.507256
10.627231
10.650473
10.577570
10.576639
10.559363
10.490458
10.511818
10.533716
10.504442
10.536022
10.592314
10.599395
10.551426
10.583649
10.545900
10.547883
10.546306
10.594239
10.528015
10.433460
10.875709
10.655277
10.596908
10.583710
10.485484
10.397814
10.546329
10.527563
10.479980
10.536847
10.542233
10.506692
10.480598
10.525593
10.537203
10.551169
10.568521
10.593016
10.542648
10.658116
10.625587
10.553940
10.613086
10.549266
10.484031
10.463294
10.513573
10.517716
10.565094
10.593725
10.591259
10.550909
10.533165
10.523654
10.536365
10.541353
10.543095
10.554349
10.512698
10.500972
10.538011
10.546032
10.559249
10.585030
10.584933
10.566338
10.538986
10.538975
10.552090
10.565363
10.556334
10.610364
10.711546
10.663719
10.706327
10.511927
10.555983
10.630283
10.551735
10.487566
10.497089
10.474936
10.531109
10.417870
10.484178
10.575368
10.654593
10.430217
10.511936
10.616682
10.423155
10.299392
10.274061
10.327456
10.411043
10.313448
10.428732
10.550221
10.591900
10.407524
10.444496
10.441689
10.495284
10.349034
10.390386
10.377233
10.494922
10.554979
10.953342
10.908896
10.460895
10.470303
10.598866
10.471743
10.565612
10.580869
10.728947
10.697341
10.723243
10.676344
10.616528
10.547167
10.477189
10.462926
10.559309
10.511070
10.554906
10.578588
10.625802
10.613894
10.516978
10.565934
10.615852
10.591533
10.604635
10.479355
10.652594
10.751260
10.565805
10.485247
10.504770
10.456768
10.740396
10.456553
10.592607
10.395080
10.520020
10.494013
10.494287
10.529597
10.594810
10.582869
10.608517
10.528275
10.668824
10.680085
10.492725
10.384207
10.452597
10.526453
10.478606
10.340489
10.412654
10.458464
10.469694
10.390157
10.515202
10.548852
10.498647
10.431215
10.613534
10.552444
10.571074
10.517882
10.622337
10.683026
10.471437
10.446192
10.474819
10.446140
10.556889
10.654364
10.663378
10.660673
10.689217
10.691219
10.769940
10.756658
10.647651
10.634001
10.641823
10.561468
10.579574
10.602484
10.590407
10.610026
10.654851
10.649537
10.602398
10.598565
10.611383
10.623320
10.620887
10.621892
10.601661
10.570050
10.544502
10.560799
10.583591
10.631054
10.613164
10.630705
10.644025
10.607721
10.601523
10.607469
10.606188
10.556565
10.501887
10.471288
10.501823
10.510377
10.537235
10.534904
10.537840
10.550513
10.546143
10.568125
10.591018
10.604502
10.568382
10.556779
10.529299
10.543870
10.585369
10.614153
10.583033
10.575988
10.563968
10.556859
10.603079
10.657803
10.784307
10.745068
10.659812
10.636477
10.711828
10.728813
10.635702
10.592095
10.502073
10.471190
10.359147
10.349609
10.447351
10.428802
10.372953
10.372267
10.411082
10.372642
10.415851
10.443368
10.642405
10.529298
10.418512
10.336946
10.338219
10.284667
10.371051
10.417155
10.420995
10.517090
10.511930
10.539476
10.614050
10.653265
10.716909
10.734190
10.686328
10.716512
10.724348
10.712740
10.633894
10.599590
10.557549
10.584178
10.612394
10.654173
10.631262
10.592642
10.562288
10.535484
10.560345
10.592206
10.624827
10.584587
10.575076
10.672095
10.657215
10.641867
10.604437
10.549254
10.509343
10.565226
10.532933
10.657570
10.673198
10.619793
10.533265
10.508820
10.553160
10.569044
10.567019
10.580112
10.580376
10.536910
10.525260
10.519065
10.539474
10.624472
10.591759
10.605621
10.551944
10.580050
10.513699
10.575856
10.652695
10.516963
10.420112
10.418388
10.453720
10.524216
10.588237
10.469430
10.538281
10.505216
10.317237
10.263741
10.343113
10.300890
10.279648
10.310241
10.356242
10.358803
10.394951
10.432070
10.439320
10.461145
10.686231
10.619850
10.601129
10.622532
10.596119
10.655845
10.659176
10.655154
10.742657
10.785383
10.717022
10.737792
10.711253
10.629122
10.663814
10.644007
10.612589
10.631964
10.635791
10.609120
10.672945
10.465051
10.600052
10.734911
10.713374
10.631082
10.571918
10.530663
10.548218
10.575332
10.603780
10.619795
10.683349
10.613752
10.569870
10.550655
10.562018
10.577275
10.553765
10.569204
10.492655
10.476171
10.480083
10.530851
10.501398
10.555248
10.540020
10.498934
10.537148
10.588384
10.608646
10.627032
10.573627
10.586626
10.601970
10.620936
10.579475
10.503153
10.543692
10.621643
10.667623
10.605176
10.541009
10.538002
10.521581
10.501509
10.435251
10.401084
10.473878
10.556083
10.569115
10.543736
10.579092
10.581224
10.584307
10.475599
10.447379
10.445667
10.453103
10.448958
10.425817
10.550085
10.616116
10.600865
10.533061
10.477916
10.501575
10.550572
10.533965
10.530295
10.537469
10.561573
10.564143
10.555519
10.537689
10.558371
10.602467
10.642966
10.607826
10.572519
10.602994
10.638388
10.555766
10.555529
10.544387
10.518860
10.528052
10.587570
10.597997
10.559581
10.552273
10.532932
10.525974
10.545499
10.598122
10.576578
10.552829
10.554935
10.540868
10.534891
10.554803
10.548835
10.537747
10.570695
10.555610
10.595612
10.597229
10.629178
10.613283
10.664760
10.796818
10.644629
10.638152
10.635553
10.539487
10.486961
10.509859
10.448757
10.412504
10.481834
10.546250
10.545889
10.505601
10.502520
10.495853
10.535034
10.560859
10.577638
10.593864
10.539806
10.556826
10.605881
10.605034
10.565417
10.553726
10.570149
10.541509
10.582621
10.604068
10.569828
10.557609
10.512236
10.502333
10.513323
10.558046
10.607106
10.594915
10.541987
10.548254
10.604574
10.610697
10.572927
10.553805
10.506166
10.504896
10.554241
10.574892
10.551527
10.483849
10.520343
10.570179
10.617190
10.601980
10.587121
10.576121
10.505762
10.507476
10.540379
10.562415
10.559393
10.473541
10.494603
10.532577
10.560219
10.555969
10.554871
10.525873
10.547612
10.604873
10.611496
10.553423
10.536059
10.504296
10.500896
10.566360
10.561033
10.549456
10.539597
10.543840
10.573667
10.600258
10.583611
10.564898
10.549366
10.524920
10.547210
10.596548
10.605092
10.603342
10.557605
10.547901
10.574726
10.588982
10.589867
10.573663
10.544476
10.530444
10.577271
10.586788
10.535569
10.544180
10.498274
10.500553
10.593264
10.631927
10.673451
10.639795
10.507646
10.551333
10.579081
10.599154
10.601166
10.521223
10.522475
10.591033
10.587939
10.547799
10.581806
10.509866
10.557861
10.610314
10.527974
10.484050
10.417993
10.534944
10.408389
10.512197
10.620812
10.547983
10.511631
10.439546
10.488158
10.425021
10.274145
10.311204
10.372584
10.515282
10.419746
10.422917
10.961515
10.574021
10.836876
10.563921
10.284737
10.186458
10.357436
10.439762
10.728977
10.704640
10.727255
10.684279
10.485992
10.355408
10.404687
10.378012
10.464028
10.623308
10.655791
10.666277
10.552128
10.478035
10.529860
10.589610
10.536770
10.605651
10.554471
10.606891
10.735669
10.635295
10.529761
10.501143
10.514036
10.511133
10.423258
10.430902
10.474454
10.513538
10.349433
10.390894
10.489395
10.440736
10.347525
10.480268
10.560507
10.537211
10.775448
10.555687
10.443046
10.448869
10.498714
10.563989
10.627340
10.630669
10.700325
10.741937
10.734865
10.722649
10.687086
10.614408
10.693035
10.743428
10.697618
10.641772
10.632116
10.574764
10.603258
10.653799
10.601851
10.556987
10.530415
10.519424
10.492268
10.562328
10.579564
10.560799
10.560856
10.576119
10.526329
10.544386
10.580827
10.571941
10.549747
10.563866
10.543279
10.509592
10.578353
10.602489
10.589480
10.581060
10.586756
10.530073
10.531363
10.581510
10.584014
10.566998
10.577448
10.568232
10.519463
10.569839
10.590045
10.568906
10.550898
10.531698
10.503108
10.527667
10.569837
10.584168
10.553876
10.541700
10.538893
10.513102
10.547188
10.574702
10.553576
10.535726
10.518813
10.495405
10.522130
10.554605
10.581447
10.559453
10.585373
10.567096
10.526270
10.575541
10.614838
10.592518
10.574127
10.574422
10.526392
10.551430
10.587106
10.590173
10.558201
10.578904
10.552303
10.535441
10.575515
10.586987
10.569998
10.569903
10.579364
10.525679
10.542780
10.584199
10.578184
10.559088
10.551087
10.524066
10.507915
10.548298
10.589628
10.576841
10.563540
10.563179
10.519476
10.540846
10.586588
10.582506
10.567820
10.574833
10.549154
10.531760
10.579622
10.585168
10.570697
10.577762
10.578864
10.518502
10.551349
10.564302
10.566428
10.548767
10.545128
10.525905
10.518578
10.548426
10.572586
10.557707
10.561597
10.563192
10.510383
10.532690
10.528250
10.557882
10.544414
10.544165
10.533270
10.524814
10.556722
10.558119
10.570271
10.615063
10.622156
10.536463
10.554796
10.527459
10.545731
10.549237
10.460761
10.498577
10.507971
10.444732
10.427400
10.404883
10.449224
10.513398
10.495736
10.542507
10.588095
10.612153
10.594231
10.625325
10.605854
10.562470
10.570584
10.583176
10.577207
10.598639
10.597605
10.529476
10.535975
10.544499
10.570480
10.560790
10.586510
10.548099
10.520289
10.549402
10.567241
10.562859
10.573376
10.596079
10.527448
10.534440
10.554972
10.570440
10.581437
10.616162
10.568670
10.550811
10.550438
10.562927
10.574471
10.596028
10.580822
10.526297
10.539293
10.566946
10.571093
10.564609
10.592335
10.532094
10.536999
10.550341
10.562715
10.562389
10.602637
10.589097
10.529964
10.523646
10.552406
10.549482
10.561695
10.593044
10.547623
10.542281
10.540627
10.548428
10.551590
10.586267
10.582549
10.560305
10.556040
10.557734
10.568666
10.590288
10.585659
10.586082
10.571936
10.556906
10.589268
10.569145
10.500228
10.548265
10.526087
10.515630
10.508245
10.491171
10.527239
10.629994
10.613500
10.576939
10.561210
10.558848
10.608059
10.594667
10.624044
10.634295
10.613458
10.629341
10.613986
10.608666
10.705690
10.788316
10.674779
10.587955
10.450972
10.410091
10.341647
10.365880
10.413828
10.424407
10.463506
10.444077
10.474951
10.530611
10.592041
10.581517
10.591682
10.582980
10.589815
10.593542
10.569190
10.515962
10.520196
10.613663
10.614156
10.576515
10.542289
10.532157
10.579592
10.539153
10.556073
10.539824
10.609828
10.632924
10.583696
10.552790
10.545773
10.558223
10.568250
10.527690
10.548983
10.542618
10.590133
10.592138
10.547460
10.551238
10.525549
10.535296
10.508970
10.517289
10.542473
10.555996
10.609003
10.585556
10.543344
10.534099
10.559255
10.594242
10.557371
10.549924
10.532495
10.575885
10.616689
10.589277
10.528385
10.511082
10.495402
10.541560
10.553674
10.606231
10.587470
10.594362
10.602047
10.558589
10.520020
10.538865
10.570694
10.563922
10.512317
10.519063
10.523698
10.597638
10.598138
10.552436
10.519585
10.529520
10.561160
10.539124
10.540565
10.533380
10.545321
10.592293
10.575415
10.556047
10.554837
10.529205
10.549698
10.526867
10.535124
10.569294
10.598574
10.518803
10.503384
10.493275
10.498458
10.537272
10.573942
10.591219
10.572065
10.527319
10.515035
10.569165
10.591760
10.572252
10.578524
10.549783
10.581858
10.613316
10.591003
10.577323
10.555525
10.520632
10.503027
10.566788
10.632935
10.629810
10.598514
10.526473
10.541292
10.584461
10.590347
10.593941
10.560225
10.510287
10.548575
10.615525
10.602695
10.557294
10.502847
10.458024
10.506063
10.537568
10.536869
10.549003
10.494182
10.492037
10.552879
10.585145
10.553778
10.547538
10.551527
10.511620
10.527689
10.573191
10.553238
10.556390
10.584398
10.527247
10.515839
10.538323
10.558353
10.534745
10.535524
10.546260
10.509191
10.536253
10.552786
10.544106
10.543509
10.601637
10.624631
10.752484
10.695230
10.633373
10.778996
10.640814
10.524304
10.474320
10.465424
10.471620
10.541678
10.575468
10.604229
10.473791
10.439178
10.388565
10.418745
10.454774
10.440798
10.493736
10.569592
10.581520
10.561706
10.486007
10.527649
10.588521
10.615010
10.607114
10.613867
10.591005
10.542328
10.569971
10.583988
10.556746
10.541888
10.565407
10.529266
10.545294
10.580332
10.578564
10.544685
10.570172
10.542531
10.516519
10.569613
10.578694
10.543381
10.552970
10.585910
10.533777
10.564678
10.589557
10.572460
10.549482
10.579666
10.559290
10.512823
10.533065
10.553085
10.537977
10.539958
10.516537
10.486791
10.519028
10.624166
10.625578
10.587910
0.000000
0.000000
0.000000
0.000000
0.000000
0.000000
0.000000
0.000000
0.000000
0.000000
0.000000
0.000000
0.000000
0.000000
0.000000
0.000000
0.000000
0.000000
0.000000
0.000000
0.000000
0.000000
0.000000
0.000000
0.000000
0.000000
0.000000
0.000000
0.000000
0.000000
0.000000
0.000000
0.000000
0.000000
0.000000
0.000000
0.000000
0.000000
0.000000
0.000000
0.000000
0.000000
0.000000
0.000000
0.000000
0.000000
0.000000
0.000000
0.000000
0.000000
0.000000
0.000000
0.000000
0.000000
0.000000
0.000000
0.000000
0.000000
0.000000
0.000000
0.000000
0.000000
0.000000
0.000000
0.000000
0.000000
0.000000
0.000000
0.000000
0.000000
0.000000
0.000000
0.000000
0.000000
0.000000
0.000000
0.000000
0.000000
0.000000
0.000000
0.000000
0.000000
0.000000
0.000000
0.000000
0.000000
0.000000
0.000000
0.000000
0.000000
0.000000
0.000000
0.000000
0.000000
0.000000
0.000000
0.000000
0.000000
0.000000
0.000000
0.000000
0.000000
0.000000
0.000000
0.000000
0.000000
0.000000
0.000000
0.000000
0.000000
0.000000
0.000000
0.000000
0.000000
0.000000
0.000000
0.000000
0.000000
0.000000
0.000000
0.000000
0.000000
0.000000
0.000000
0.000000
0.000000
0.000000
0.000000
0.000000
0.000000
0.000000
0.000000
0.000000
0.000000
0.000000
0.000000
0.000000
0.000000
0.000000
0.000000
0.000000
0.000000
0.000000
0.000000
0.000000
0.000000
0.000000
0.000000
0.000000
0.000000
0.000000
0.000000
0.000000
0.000000
0.000000
0.000000
0.000000
0.000000
0.000000
0.000000
0.000000
0.000000
0.000000
0.000000
0.000000
0.000000
0.000000
0.000000
0.000000
0.000000
0.000000
0.000000
0.000000
0.000000
0.000000
0.000000
0.000000
0.000000
0.000000
0.000000
0.000000
0.000000
0.000000
0.000000
0.000000
0.000000
0.000000
0.000000
0.000000
0.000000
0.000000
0.000000
0.000000
0.000000
0.000000
0.000000
0.000000
0.000000
0.000000
0.000000
0.000000
0.000000
0.000000
0.000000
0.000000
0.000000
0.000000
0.000000
0.000000
0.000000
0.000000
0.000000
0.000000
0.000000
0.000000
0.000000
0.000000
0.000000
0.000000
0.000000
0.000000
0.000000
0.000000
0.000000
0.000000
0.000000
0.000000
0.000000
0.000000
0.000000
0.000000
0.000000
0.000000
0.000000
0.000000
0.000000
0.000000
0.000000
0.000000
0.000000
0.000000
0.000000
0.000000
0.000000
0.000000
0.000000
0.000000
0.000000
0.000000
0.000000
0.000000
0.000000
0.000000
0.000000
0.000000
0.000000
0.000000
0.000000
0.000000
0.000000
0.000000
0.000000
0.000000
0.000000
0.000000
0.000000
0.000000
0.000000
0.000000
0.000000
0.000000
0.000000
0.000000
0.000000
0.000000
0.000000
0.000000
0.000000
0.000000
0.000000
0.000000
0.000000
0.000000
0.000000
0.000000
0.000000
0.000000
0.000000
0.000000
0.000000
0.000000
0.000000
0.000000
0.000000
0.000000
0.000000
0.000000
0.000000
0.000000
0.000000
0.000000
0.000000
0.000000
0.000000
0.000000
0.000000
0.000000
0.000000
0.000000
0.000000
0.000000
0.000000
0.000000
0.000000
0.000000
0.000000
0.000000
0.000000
0.000000
0.000000
0.000000
0.000000
0.000000
0.000000
0.000000
0.000000
0.000000
0.000000
0.000000
0.000000
0.000000
0.000000
0.000000
0.000000
0.000000
0.000000
0.000000
0.000000
0.000000
0.000000
0.000000
0.000000
0.000000
0.000000
0.000000
0.000000
0.000000
0.000000
0.000000
0.000000
0.000000
0.000000
0.000000
0.000000
0.000000
0.000000
0.000000
0.000000
0.000000
0.000000
0.000000
0.000000
0.000000
0.000000
0.000000
0.000000
0.000000
0.000000
0.000000
0.000000
0.000000
0.000000
0.000000
0.000000
0.000000
0.000000
0.000000
0.000000
0.000000
0.000000
0.000000
0.000000
0.000000
0.000000
0.000000
0.000000
0.000000
0.000000
0.000000
0.000000
0.000000
0.000000
0.000000
0.000000
0.000000
0.000000
0.000000
0.000000
0.000000
0.000000
0.000000
0.000000
0.000000
0.000000
0.000000
0.000000
0.000000
0.000000
0.000000
0.000000
0.000000
0.000000
0.000000
0.000000
0.000000
0.000000
0.000000
0.000000
0.000000
0.000000
0.000000
0.000000
0.000000
0.000000
0.000000
0.000000
0.000000
0.000000
0.000000
0.000000
0.000000
0.000000
0.000000
0.000000
0.000000
0.000000
0.000000
0.000000
0.000000
0.000000
0.000000
0.000000
0.000000
0.000000
0.000000
0.000000
0.000000
0.000000
0.000000
0.000000
0.000000
0.000000
0.000000
0.000000
0.000000
0.000000
0.000000
0.000000
0.000000
0.000000
0.000000
0.000000
0.000000
0.000000
0.000000
0.000000
0.000000
0.000000
0.000000
0.000000
0.000000
0.000000
0.000000
0.000000
0.000000
0.000000
0.000000
0.000000
0.000000
0.000000
0.000000
0.000000
0.000000
0.000000
0.000000
0.000000
0.000000
0.000000
0.000000
0.000000
0.000000
0.000000
0.000000
0.000000
0.000000
0.000000
0.000000
0.000000
0.000000
0.000000
0.000000
0.000000
0.000000
0.000000
0.000000
0.000000
0.000000
0.000000
0.000000
0.000000
0.000000
0.000000
0.000000
0.000000
0.000000
0.000000
0.000000
0.000000
0.000000
0.000000
0.000000
0.000000
0.000000
0.000000
0.000000
0.000000
0.000000
0.000000
0.000000
0.000000
0.000000
0.000000
0.000000
0.000000
0.000000
0.000000
0.000000
0.000000
0.000000
0.000000
0.000000
0.000000
0.000000
0.000000
0.000000
0.000000
0.000000
0.000000
0.000000
0.000000
0.000000
0.000000
0.000000
0.000000
0.000000
0.000000
0.000000
0.000000
0.000000
0.000000
0.000000
0.000000
0.000000
0.000000
0.000000
0.000000
0.000000
0.000000
0.000000
0.000000
0.000000
0.000000
0.000000
0.000000
0.000000
0.000000
0.000000
0.000000
0.000000
0.000000
0.000000
0.000000
0.000000
0.000000
0.000000
0.000000
0.000000
0.000000
0.000000
0.000000
0.000000
0.000000
0.000000
0.000000
0.000000
0.000000
0.000000
0.000000
0.000000
0.000000
0.000000
0.000000
0.000000
0.000000
0.000000
0.000000
0.000000
0.000000
0.000000
0.000000
0.000000
0.000000
0.000000
0.000000
0.000000
0.000000
0.000000
0.000000
0.000000
0.000000
0.000000
0.000000
0.000000
0.000000
0.000000
0.000000
0.000000
0.000000
0.000000
0.000000
0.000000
0.000000
0.000000
0.000000
0.000000
0.000000
0.000000
0.000000
0.000000
0.000000
0.000000
0.000000
0.000000
0.000000
0.000000
0.000000
0.000000
0.000000
0.000000
0.000000
0.000000
0.000000
0.000000
0.000000
0.000000
0.000000
0.000000
0.000000
0.000000
0.000000
0.000000
0.000000
0.000000
0.000000
0.000000
0.000000
0.000000
0.000000
0.000000
0.000000
0.000000
0.000000
0.000000
0.000000
0.000000
0.000000
0.000000
0.000000
0.000000
0.000000
0.000000
0.000000
0.000000
0.000000
0.000000
0.000000
0.000000
0.000000
0.000000
0.000000
0.000000
0.000000
0.000000
0.000000
0.000000
0.000000
0.000000
0.000000
0.000000
0.000000
0.000000
0.000000
0.000000
0.000000
0.000000
0.000000
0.000000
0.000000
0.000000
0.000000
0.000000
0.000000
0.000000
0.000000
0.000000
0.000000
0.000000
0.000000
0.000000
0.000000
0.000000
0.000000
0.000000
0.000000
0.000000
0.000000
0.000000
0.000000
0.000000
0.000000
0.000000
0.000000
0.000000
0.000000
0.000000
0.000000
0.000000
0.000000
0.000000
0.000000
0.000000
0.000000
0.000000
0.000000
0.000000
0.000000
0.000000
0.000000
0.000000
0.000000
0.000000
0.000000
0.000000
0.000000
0.000000
0.000000
0.000000
0.000000
0.000000
0.000000
0.000000
0.000000
0.000000
0.000000
0.000000
0.000000
0.000000
0.000000
0.000000
0.000000
0.000000
0.000000
0.000000
0.000000
0.000000
0.000000
0.000000
0.000000
0.000000
0.000000
0.000000
0.000000
0.000000
0.000000
0.000000
0.000000
0.000000
0.000000
0.000000
0.000000
0.000000
0.000000
0.000000
0.000000
0.000000
0.000000
0.000000
0.000000
0.000000
0.000000
0.000000
0.000000
0.000000
0.000000
0.000000
0.000000
0.000000
0.000000
0.000000
0.000000
0.000000
0.000000
0.000000
0.000000
0.000000
0.000000
0.000000
0.000000
0.000000
0.000000
0.000000
0.000000
0.000000
0.000000
0.000000
0.000000
0.000000
0.000000
0.000000
0.000000
0.000000
0.000000
0.000000
0.000000
0.000000
0.000000
0.000000
0.000000
0.000000
0.000000
0.000000
0.000000
0.000000
0.000000
0.000000
0.000000
0.000000
0.000000
0.000000
0.000000
0.000000
0.000000
0.000000
0.000000
0.000000
0.000000
0.000000
0.000000
0.000000
0.000000
0.000000
0.000000
0.000000
0.000000
0.000000
0.000000
0.000000
0.000000
0.000000
0.000000
0.000000
0.000000
0.000000
0.000000
0.000000
0.000000
0.000000
0.000000
0.000000
0.000000
0.000000
0.000000
0.000000
0.000000
0.000000
0.000000
0.000000
0.000000
0.000000
0.000000
0.000000
0.000000
0.000000
0.000000
0.000000
0.000000
0.000000
0.000000
0.000000
0.000000
0.000000
0.000000
0.000000
0.000000
0.000000
0.000000
0.000000
0.000000
0.000000
0.000000
0.000000
0.000000
0.000000
0.000000
0.000000
0.000000
0.000000
0.000000
0.000000
0.000000
0.000000
0.000000
0.000000
0.000000
0.000000
0.000000
0.000000
0.000000
0.000000
0.000000
0.000000
0.000000
0.000000
0.000000
0.000000
0.000000
0.000000
0.000000
0.000000
0.000000
0.000000
0.000000
0.000000
0.000000
0.000000
0.000000
0.000000
0.000000
0.000000
0.000000
0.000000
0.000000
0.000000
0.000000
0.000000
0.000000
0.000000
0.000000
0.000000
0.000000
0.000000
0.000000
0.000000
0.000000
0.000000
0.000000
0.000000
0.000000
0.000000
0.000000
0.000000
0.000000
0.000000
0.000000
0.000000
0.000000
0.000000
0.000000
0.000000
0.000000
0.000000
0.000000
0.000000
0.000000
0.000000
0.000000
0.000000
0.000000
0.000000
0.000000
0.000000
0.000000
0.000000
0.000000
0.000000
0.000000
0.000000
0.000000
0.000000
0.000000
0.000000
0.000000
0.000000
0.000000
0.000000
0.000000
0.000000
0.000000
0.000000
0.000000
0.000000
0.000000
0.000000
0.000000
0.000000
0.000000
0.000000
0.000000
0.000000
0.000000
0.000000
0.000000
0.000000
0.000000
0.000000
0.000000
0.000000
0.000000
0.000000
0.000000
0.000000
0.000000
0.000000
0.000000
0.000000
0.000000
0.000000
0.000000
0.000000
0.000000
0.000000
0.000000
0.000000
0.000000
0.000000
0.000000
0.000000
0.000000
0.000000
0.000000
0.000000
0.000000
0.000000
0.000000
0.000000
0.000000
0.000000
0.000000
0.000000
0.000000
0.000000
0.000000
0.000000
0.000000
0.000000
0.000000
0.000000
0.000000
0.000000
0.000000
0.000000
0.000000
0.000000
0.000000
0.000000
0.000000
0.000000
0.000000
0.000000
0.000000
0.000000
0.000000
0.000000
0.000000
0.000000
0.000000
0.000000
0.000000
0.000000
0.000000
0.000000
0.000000
0.000000
0.000000
0.000000
0.000000
0.000000
0.000000
0.000000
0.000000
0.000000
0.000000
0.000000
0.000000
0.000000
0.000000
0.000000
0.000000
0.000000
0.000000
0.000000
0.000000
0.000000
0.000000
0.000000
0.000000
0.000000
0.000000
0.000000
0.000000
0.000000
0.000000
0.000000
0.000000
0.000000
0.000000
0.000000
0.000000
0.000000
0.000000
0.000000
0.000000
0.000000
0.000000
0.000000
0.000000
0.000000
0.000000
0.000000
0.000000
0.000000
0.000000
0.000000
0.000000
0.000000
0.000000
0.000000
0.000000
0.000000
0.000000
0.000000
0.000000
0.000000
0.000000
0.000000
0.000000
0.000000
0.000000
0.000000
0.000000
0.000000
0.000000
0.000000
0.000000
0.000000
0.000000
0.000000
0.000000
0.000000
0.000000
0.000000
0.000000
0.000000
0.000000
0.000000
0.000000
0.000000
0.000000
0.000000
0.000000
0.000000
0.000000
0.000000
0.000000
0.000000
0.000000
0.000000
0.000000
0.000000
0.000000
0.000000
0.000000
0.000000
0.000000
0.000000
0.000000
0.000000
0.000000
0.000000
0.000000
0.000000
0.000000
0.000000
0.000000
0.000000
0.000000
0.000000
0.000000
0.000000
0.000000
0.000000
0.000000
0.000000
0.000000
0.000000
0.000000
0.000000
0.000000
0.000000
0.000000
0.000000
0.000000
0.000000
0.000000
0.000000
0.000000
0.000000
0.000000
0.000000
0.000000
0.000000
0.000000
0.000000
0.000000
0.000000
0.000000
0.000000
0.000000
0.000000
0.000000
0.000000
0.000000
0.000000
0.000000
0.000000
0.000000
0.000000
0.000000
0.000000
0.000000
0.000000
0.000000
0.000000
0.000000
0.000000
0.000000
0.000000
0.000000
0.000000
0.000000
0.000000
0.000000
0.000000
0.000000
0.000000
0.000000
0.000000
0.000000
0.000000
0.000000
0.000000
0.000000
0.000000
0.000000
0.000000
0.000000
0.000000
0.000000
0.000000
0.000000
0.000000
0.000000
0.000000
0.000000
0.000000
0.000000
0.000000
0.000000
0.000000
0.000000
0.000000
0.000000
0.000000
0.000000
0.000000
0.000000
0.000000
0.000000
0.000000
0.000000
0.000000
0.000000
0.000000
0.000000
0.000000
0.000000
0.000000
0.000000
0.000000
0.000000
0.000000
0.000000
0.000000
0.000000
0.000000
0.000000
0.000000
0.000000
0.000000
0.000000
0.000000
0.000000
0.000000
0.000000
0.000000
0.000000
0.000000
0.000000
0.000000
0.000000
0.000000
0.000000
0.000000
0.000000
0.000000
0.000000
0.000000
0.000000
0.000000
0.000000
0.000000
0.000000
0.000000
0.000000
0.000000
0.000000
0.000000
0.000000
0.000000
0.000000
0.000000
0.000000
0.000000
0.000000
0.000000
0.000000
0.000000
0.000000
0.000000
0.000000
0.000000
0.000000
0.000000
0.000000
0.000000
0.000000
0.000000
0.000000
0.000000
0.000000
0.000000
0.000000
0.000000
0.000000
0.000000
0.000000
0.000000
0.000000
0.000000
0.000000
0.000000
0.000000
0.000000
0.000000
0.000000
0.000000
0.000000
0.000000
0.000000
0.000000
0.000000
0.000000
0.000000
0.000000
0.000000
0.000000
0.000000
0.000000
0.000000
0.000000
0.000000
0.000000
0.000000
0.000000
0.000000
0.000000
0.000000
0.000000
0.000000
0.000000
0.000000
0.000000
0.000000
0.000000
0.000000
0.000000
0.000000
0.000000
0.000000
0.000000
0.000000
0.000000
0.000000
0.000000
0.000000
0.000000
0.000000
0.000000
0.000000
0.000000
0.000000
0.000000
0.000000
0.000000
0.000000
0.000000
0.000000
0.000000
0.000000
0.000000
0.000000
0.000000
0.000000
0.000000
0.000000
0.000000
0.000000
0.000000
0.000000
0.000000
0.000000
0.000000
0.000000
0.000000
0.000000
0.000000
0.000000
0.000000
0.000000
0.000000
0.000000
0.000000
0.000000
0.000000
0.000000
0.000000
0.000000
0.000000
0.000000
0.000000
0.000000
0.000000
0.000000
0.000000
0.000000
0.000000
0.000000
0.000000
0.000000
0.000000
0.000000
0.000000
0.000000
0.000000
0.000000
0.000000
0.000000
0.000000
0.000000
0.000000
0.000000
0.000000
0.000000
0.000000
0.000000
0.000000
0.000000
0.000000
0.000000
0.000000
0.000000
0.000000
0.000000
0.000000
0.000000
0.000000
0.000000
0.000000
0.000000
0.000000
0.000000
0.000000
0.000000
0.000000
0.000000
0.000000
0.000000
0.000000
0.000000
0.000000
0.000000
0.000000
0.000000
0.000000
0.000000
0.000000
0.000000
0.000000
0.000000
0.000000
0.000000
0.000000
0.000000
0.000000
0.000000
0.000000
0.000000
0.000000
0.000000
0.000000
0.000000
0.000000
0.000000
0.000000
0.000000
0.000000
0.000000
0.000000
0.000000
0.000000
0.000000
0.000000
0.000000
0.000000
0.000000
0.000000
0.000000
0.000000
0.000000
0.000000
0.000000
0.000000
0.000000
0.000000
0.000000
0.000000
0.000000
0.000000
0.000000
0.000000
0.000000
0.000000
0.000000
0.000000
0.000000
0.000000
0.000000
0.000000
0.000000
0.000000
0.000000
0.000000
0.000000
0.000000
0.000000
0.000000
0.000000
0.000000
0.000000
0.000000
0.000000
0.000000
0.000000
0.000000
0.000000
0.000000
0.000000
0.000000
0.000000
0.000000
0.000000
0.000000
0.000000
0.000000
0.000000
0.000000
0.000000
0.000000
0.000000
0.000000
0.000000
0.000000
0.000000
0.000000
0.000000
0.000000
0.000000
0.000000
0.000000
0.000000
0.000000
0.000000
0.000000
0.000000
0.000000
0.000000
0.000000
0.000000
0.000000
0.000000
0.000000
0.000000
0.000000
0.000000
0.000000
0.000000
0.000000
0.000000
0.000000
0.000000
0.000000
0.000000
0.000000
0.000000
0.000000
0.000000
0.000000
0.000000
0.000000
0.000000
0.000000
0.000000
0.000000
0.000000
0.000000
0.000000
0.000000
0.000000
0.000000
0.000000
0.000000
0.000000
0.000000
0.000000
0.000000
0.000000
0.000000
0.000000
0.000000
0.000000
0.000000
0.000000
0.000000
0.000000
0.000000
0.000000
0.000000
0.000000
0.000000
0.000000
0.000000
0.000000
0.000000
0.000000
0.000000
0.000000
0.000000
0.000000
0.000000
0.000000
0.000000
0.000000
0.000000
0.000000
0.000000
0.000000
0.000000
0.000000
0.000000
0.000000
0.000000
0.000000
0.000000
0.000000
0.000000
0.000000
0.000000
0.000000
0.000000
0.000000
0.000000
0.000000
0.000000
0.000000
0.000000
0.000000
0.000000
0.000000
0.000000
0.000000
0.000000
0.000000
0.000000
0.000000
0.000000
0.000000
0.000000
0.000000
0.000000
0.000000
0.000000
0.000000
0.000000
0.000000
0.000000
0.000000
0.000000
0.000000
0.000000
0.000000
0.000000
0.000000
0.000000
0.000000
0.000000
0.000000
0.000000
0.000000
0.000000
0.000000
0.000000
0.000000
0.000000
0.000000
0.000000
0.000000
0.000000
0.000000
0.000000
0.000000
0.000000
0.000000
0.000000
0.000000
0.000000
0.000000
0.000000
0.000000
0.000000
0.000000
0.000000
0.000000
0.000000
0.000000
0.000000
0.000000
0.000000
0.000000
0.000000
0.000000
0.000000
0.000000
0.000000
0.000000
0.000000
0.000000
0.000000
0.000000
0.000000
0.000000
0.000000
0.000000
0.000000
0.000000
0.000000
0.000000
0.000000
0.000000
0.000000
0.000000
0.000000
0.000000
0.000000
0.000000
0.000000
0.000000
0.000000
0.000000
0.000000
0.000000
0.000000
0.000000
0.000000
0.000000
0.000000
0.000000
0.000000
0.000000
0.000000
0.000000
0.000000
0.000000
0.000000
0.000000
0.000000
0.000000
0.000000
0.000000
0.000000
0.000000
0.000000
0.000000
0.000000
0.000000
0.000000
0.000000
0.000000
0.000000
0.000000
0.000000
0.000000
0.000000
0.000000
0.000000
0.000000
0.000000
0.000000
0.000000
0.000000
0.000000
0.000000
0.000000
0.000000
0.000000
0.000000
0.000000
0.000000
0.000000
0.000000
0.000000
0.000000
0.000000
0.000000
0.000000
0.000000
0.000000
0.000000
0.000000
0.000000
0.000000
0.000000
0.000000
0.000000
0.000000
0.000000
0.000000
0.000000
0.000000
0.000000
0.000000
0.000000
0.000000
0.000000
0.000000
0.000000
0.000000
0.000000
0.000000
0.000000
0.000000
0.000000
0.000000
0.000000
0.000000
0.000000
0.000000
0.000000
0.000000
0.000000
0.000000
0.000000
0.000000
0.000000
0.000000
0.000000
0.000000
0.000000
0.000000
0.000000
0.000000
0.000000
0.000000
0.000000
0.000000
0.000000
0.000000
0.000000
0.000000
0.000000
0.000000
0.000000
0.000000
0.000000
0.000000
0.000000
0.000000
0.000000
0.000000
0.000000
0.000000
0.000000
0.000000
0.000000
0.000000
0.000000
0.000000
0.000000
0.000000
0.000000
0.000000
0.000000
0.000000
0.000000
0.000000
0.000000
0.000000
0.000000
0.000000
0.000000
0.000000
0.000000
0.000000
0.000000
0.000000
0.000000
0.000000
0.000000
0.000000
0.000000
0.000000
0.000000
0.000000
0.000000
0.000000
0.000000
0.000000
0.000000
0.000000
0.000000
0.000000
0.000000
0.000000
0.000000
0.000000
0.000000
0.000000
0.000000
0.000000
0.000000
0.000000
0.000000
0.000000
0.000000
0.000000
0.000000
0.000000
0.000000
0.000000
0.000000
0.000000
0.000000
0.000000
0.000000
0.000000
0.000000
0.000000
0.000000
0.000000
0.000000
0.000000
0.000000
0.000000
0.000000
0.000000
0.000000
0.000000
0.000000
0.000000
0.000000
0.000000
0.000000
0.000000
0.000000
0.000000
0.000000
0.000000
0.000000
0.000000
0.000000
0.000000
0.000000
0.000000
0.000000
0.000000
0.000000
0.000000
0.000000
0.000000
0.000000
0.000000
0.000000
0.000000
0.000000
0.000000
0.000000
0.000000
0.000000
0.000000
0.000000
0.000000
0.000000
0.000000
0.000000
0.000000
0.000000
0.000000
0.000000
0.000000
0.000000
0.000000
0.000000
0.000000
0.000000
0.000000
0.000000
0.000000
0.000000
0.000000
0.000000
0.000000
0.000000
0.000000
0.000000
0.000000
0.000000
0.000000
0.000000
0.000000
0.000000
0.000000
0.000000
0.000000
0.000000
0.000000
0.000000
0.000000
0.000000
0.000000
0.000000
0.000000
0.000000
0.000000
0.000000
0.000000
0.000000
0.000000
0.000000
0.000000
0.000000
0.000000
0.000000
0.000000
0.000000
0.000000
0.000000
0.000000
0.000000
0.000000
0.000000
0.000000
0.000000
0.000000
0.000000
0.000000
0.000000
0.000000
0.000000
0.000000
0.000000
0.000000
0.000000
0.000000
0.000000
0.000000
0.000000
0.000000
0.000000
0.000000
0.000000
0.000000
0.000000
0.000000
0.000000
0.000000
0.000000
0.000000
0.000000
0.000000
0.000000
0.000000
0.000000
0.000000
0.000000
0.000000
0.000000
0.000000
0.000000
0.000000
0.000000
0.000000
0.000000
0.000000
0.000000
0.000000
0.000000
0.000000
0.000000
0.000000
0.000000
0.000000
0.000000
0.000000
0.000000
0.000000
0.000000
0.000000
0.000000
0.000000
0.000000
0.000000
0.000000
0.000000
0.000000
0.000000
0.000000
0.000000
0.000000
0.000000
0.000000
0.000000
0.000000
0.000000
0.000000
0.000000
0.000000
0.000000
0.000000
0.000000
0.000000
0.000000
0.000000
0.000000
0.000000
0.000000
0.000000
0.000000
0.000000
0.000000
0.000000
0.000000
0.000000
0.000000
0.000000
0.000000
0.000000
0.000000
0.000000
0.000000
0.000000
0.000000
0.000000
0.000000
0.000000
0.000000
0.000000
0.000000
0.000000
0.000000
0.000000
0.000000
0.000000
0.000000
0.000000
0.000000
0.000000
0.000000
0.000000
0.000000
0.000000
0.000000
0.000000
0.000000
0.000000
0.000000
0.000000
0.000000
0.000000
0.000000
0.000000
0.000000
0.000000
0.000000
0.000000
0.000000
0.000000
0.000000
0.000000
0.000000
0.000000
0.000000
0.000000
0.000000
0.000000
0.000000
0.000000
0.000000
0.000000
0.000000
0.000000
0.000000
0.000000
0.000000
0.000000
0.000000
0.000000
0.000000
0.000000
0.000000
0.000000
0.000000
0.000000
0.000000
0.000000
0.000000
0.000000
0.000000
0.000000
0.000000
0.000000
0.000000
0.000000
0.000000
0.000000
0.000000
0.000000
0.000000
0.000000
0.000000
0.000000
0.000000
0.000000
0.000000
0.000000
0.000000
0.000000
0.000000
0.000000
0.000000
0.000000
0.000000
0.000000
0.000000
0.000000
0.000000
0.000000
0.000000
0.000000
0.000000
0.000000
0.000000
0.000000
0.000000
0.000000
0.000000
0.000000
0.000000
0.000000
0.000000
0.000000
0.000000
0.000000
0.000000
0.000000
0.000000
0.000000
0.000000
0.000000
0.000000
0.000000
0.000000
0.000000
0.000000
0.000000
0.000000
0.000000
0.000000
0.000000
0.000000
0.000000
0.000000
0.000000
0.000000
0.000000
0.000000
0.000000
0.000000
0.000000
0.000000
0.000000
0.000000
0.000000
0.000000
0.000000
0.000000
0.000000
0.000000
0.000000
0.000000
0.000000
0.000000
0.000000
0.000000
0.000000
0.000000
0.000000
0.000000
0.000000
0.000000
0.000000
0.000000
0.000000
0.000000
0.000000
0.000000
0.000000
0.000000
0.000000
0.000000
0.000000
0.000000
0.000000
0.000000
0.000000
0.000000
0.000000
0.000000
0.000000
0.000000
0.000000
0.000000
0.000000
0.000000
0.000000
0.000000
0.000000
0.000000
0.000000
0.000000
0.000000
0.000000
0.000000
0.000000
0.000000
0.000000
0.000000
0.000000
0.000000
0.000000
0.000000
0.000000
0.000000
0.000000
0.000000
0.000000
0.000000
0.000000
0.000000
0.000000
0.000000
0.000000
0.000000
0.000000
0.000000
0.000000
0.000000
0.000000
0.000000
0.000000
0.000000
0.000000
0.000000
0.000000
0.000000
0.000000
0.000000
0.000000
0.000000
0.000000
0.000000
0.000000
0.000000
0.000000
0.000000
0.000000
0.000000
0.000000
0.000000
0.000000
0.000000
0.000000
0.000000
0.000000
0.000000
0.000000
0.000000
0.000000
0.000000
0.000000
0.000000
0.000000
0.000000
0.000000
0.000000
0.000000
0.000000
0.000000
0.000000
0.000000
0.000000
0.000000
0.000000
0.000000
0.000000
0.000000
0.000000
0.000000
0.000000
0.000000
0.000000
0.000000
0.000000
0.000000
0.000000
0.000000
0.000000
0.000000
0.000000
0.000000
0.000000
0.000000
0.000000
0.000000
0.000000
0.000000
0.000000
0.000000
0.000000
0.000000
0.000000
0.000000
0.000000
0.000000
0.000000
0.000000
0.000000
0.000000
0.000000
0.000000
0.000000
0.000000
0.000000
0.000000
0.000000
0.000000
0.000000
0.000000
0.000000
0.000000
0.000000
0.000000
0.000000
0.000000
0.000000
0.000000
0.000000
0.000000
0.000000
0.000000
0.000000
0.000000
0.000000
0.000000
0.000000
0.000000
0.000000
0.000000
0.000000
0.000000
0.000000
0.000000
0.000000
0.000000
0.000000
0.000000
0.000000
0.000000
0.000000
0.000000
0.000000
0.000000
0.000000
0.000000
0.000000
0.000000
0.000000
0.000000
0.000000
0.000000
0.000000
0.000000
0.000000
0.000000
0.000000
0.000000
0.000000
0.000000
0.000000
0.000000
0.000000
0.000000
0.000000
0.000000
0.000000
0.000000
0.000000
0.000000
0.000000
0.000000
0.000000
0.000000
0.000000
0.000000
0.000000
0.000000
0.000000
0.000000
0.000000
0.000000
0.000000
0.000000
0.000000
0.000000
0.000000
0.000000
0.000000
0.000000
0.000000
0.000000
0.000000
0.000000
0.000000
0.000000
0.000000
0.000000
0.000000
0.000000
0.000000
0.000000
0.000000
0.000000
0.000000
0.000000
0.000000
0.000000
0.000000
0.000000
0.000000
0.000000
0.000000
0.000000
0.000000
0.000000
0.000000
0.000000
0.000000
0.000000
0.000000
0.000000
0.000000
0.000000
0.000000
0.000000
0.000000
0.000000
0.000000
0.000000
0.000000
0.000000
0.000000
0.000000
0.000000
0.000000
0.000000
0.000000
0.000000
0.000000
0.000000
0.000000
0.000000
0.000000
0.000000
0.000000
0.000000
0.000000
0.000000
0.000000
0.000000
0.000000
0.000000
0.000000
0.000000
0.000000
0.000000
0.000000
0.000000
0.000000
0.000000
0.000000
0.000000
0.000000
0.000000
0.000000
0.000000
0.000000
0.000000
0.000000
0.000000
0.000000
0.000000
0.000000
0.000000
0.000000
0.000000
0.000000
0.000000
0.000000
0.000000
0.000000
0.000000
0.000000
0.000000
0.000000
0.000000
0.000000
0.000000
0.000000
0.000000
0.000000
0.000000
0.000000
0.000000
0.000000
0.000000
0.000000
0.000000
0.000000
0.000000
0.000000
0.000000
0.000000
0.000000
0.000000
0.000000
0.000000
0.000000
0.000000
0.000000
0.000000
0.000000
0.000000
0.000000
0.000000
0.000000
0.000000
0.000000
0.000000
0.000000
0.000000
0.000000
0.000000
0.000000
0.000000
0.000000
0.000000
0.000000
0.000000
0.000000
0.000000
0.000000
0.000000
0.000000
0.000000
0.000000
0.000000
0.000000
0.000000
0.000000
0.000000
0.000000
0.000000
0.000000
0.000000
0.000000
0.000000
0.000000
0.000000
0.000000
0.000000
0.000000
0.000000
0.000000
0.000000
0.000000
0.000000
0.000000
0.000000
0.000000
0.000000
0.000000
0.000000
0.000000
0.000000
0.000000
0.000000
0.000000
0.000000
0.000000
0.000000
0.000000
0.000000
0.000000
0.000000
0.000000
0.000000
0.000000
0.000000
0.000000
0.000000
0.000000
0.000000
0.000000
0.000000
0.000000
0.000000
0.000000
0.000000
0.000000
0.000000
0.000000
0.000000
0.000000
0.000000
0.000000
0.000000
0.000000
0.000000
0.000000
0.000000
0.000000
0.000000
0.000000
0.000000
0.000000
0.000000
0.000000
0.000000
0.000000
0.000000
0.000000
0.000000
0.000000
0.000000
0.000000
0.000000
0.000000
0.000000
0.000000
0.000000
0.000000
0.000000
0.000000
0.000000
0.000000
0.000000
0.000000
0.000000
0.000000
0.000000
0.000000
0.000000
0.000000
0.000000
0.000000
0.000000
0.000000
0.000000
0.000000
0.000000
0.000000
0.000000
0.000000
0.000000
0.000000
0.000000
0.000000
0.000000
0.000000
0.000000
0.000000
0.000000
0.000000
0.000000
0.000000
0.000000
0.000000
0.000000
0.000000
0.000000
0.000000
0.000000
0.000000
0.000000
0.000000
0.000000
0.000000
0.000000
0.000000
0.000000
0.000000
0.000000
0.000000
0.000000
0.000000
0.000000
0.000000
0.000000
0.000000
0.000000
0.000000
0.000000
0.000000
0.000000
0.000000
0.000000
0.000000
0.000000
0.000000
0.000000
0.000000
0.000000
0.000000
0.000000
0.000000
0.000000
0.000000
0.000000
0.000000
0.000000
0.000000
0.000000
0.000000
0.000000
0.000000
0.000000
0.000000
0.000000
0.000000
0.000000
0.000000
0.000000
0.000000
0.000000
0.000000
0.000000
0.000000
0.000000
0.000000
0.000000
0.000000
0.000000
0.000000
0.000000
0.000000
0.000000
0.000000
0.000000
0.000000
0.000000
0.000000
0.000000
0.000000
0.000000
0.000000
0.000000
0.000000
0.000000
0.000000
0.000000
0.000000
0.000000
0.000000
0.000000
0.000000
0.000000
0.000000
0.000000
0.000000
0.000000
0.000000
0.000000
0.000000
0.000000
0.000000
0.000000
0.000000
0.000000
0.000000
0.000000
0.000000
0.000000
0.000000
0.000000
0.000000
0.000000
0.000000
0.000000
0.000000
0.000000
0.000000
0.000000
0.000000
0.000000
0.000000
0.000000
0.000000
0.000000
0.000000
0.000000
0.000000
0.000000
0.000000
0.000000
0.000000
0.000000
0.000000
0.000000
0.000000
0.000000
0.000000
0.000000
0.000000
0.000000
0.000000
0.000000
0.000000
0.000000
0.000000
0.000000
0.000000
0.000000
0.000000
0.000000
0.000000
0.000000
0.000000
0.000000
0.000000
0.000000
0.000000
0.000000
0.000000
0.000000
0.000000
0.000000
0.000000
0.000000
0.000000
0.000000
0.000000
0.000000
0.000000
0.000000
0.000000
0.000000
0.000000
0.000000
0.000000
0.000000
0.000000
0.000000
0.000000
0.000000
0.000000
0.000000
0.000000
0.000000
0.000000
0.000000
0.000000
0.000000
0.000000
0.000000
0.000000
0.000000
0.000000
0.000000
0.000000
0.000000
0.000000
0.000000
0.000000
0.000000
0.000000
0.000000
0.000000
0.000000
0.000000
0.000000
0.000000
0.000000
0.000000
0.000000
0.000000
0.000000
0.000000
0.000000
0.000000
0.000000
0.000000
0.000000
0.000000
0.000000
0.000000
0.000000
0.000000
0.000000
0.000000
0.000000
0.000000
0.000000
0.000000
0.000000
0.000000
0.000000
0.000000
0.000000
0.000000
0.000000
0.000000
0.000000
0.000000
0.000000
0.000000
0.000000
0.000000
0.000000
0.000000
0.000000
0.000000
0.000000
0.000000
0.000000
0.000000
0.000000
0.000000
0.000000
0.000000
0.000000
0.000000
0.000000
0.000000
0.000000
0.000000
0.000000
0.000000
0.000000
0.000000
0.000000
0.000000
0.000000
0.000000
0.000000
0.000000
0.000000
0.000000
0.000000
