3.883180
15.075957
25.803453
36.265766
46.541328
58.138863
69.328598
80.367973
91.304016
101.990364
112.351418
122.698662
132.960632
143.130295
153.193909
164.556229
175.805511
186.966537
198.005661
208.930191
219.813828
230.590775
241.319656
252.067230
262.801666
273.483856
284.200806
294.861572
305.456940
316.064270
326.673706
337.229980
347.834290
358.465057
369.002380
379.534485
390.072083
400.576019
411.047546
421.615265
432.127106
442.548767
453.018158
463.463074
473.851746
484.275269
494.813232
505.216644
515.564087
534.828430
545.224243
555.547668
565.933838
576.317200
586.582947
596.886780
607.209839
617.510925
627.834412
638.243469
648.703674
658.995422
669.280029
679.525635
689.715454
699.915466
710.196838
720.378235
730.525085
740.716553
750.900757
761.052917
771.214050
781.328735
791.442810
800.551697
810.643494
820.782837
830.912598
841.110962
851.285339
861.600281
871.733948
881.824463
891.866821
902.030457
912.090393
922.128479
932.370972
942.524963
952.746704
962.951904
974.152405
985.271545
996.417236
1006.484375
1016.557922
1026.760986
1036.954346
1047.154907
1057.226440
1067.279053
1077.382202
1087.475830
1098.722656
1109.933228
1121.069824
1132.250122
1142.286499
1152.358276
1162.452881
1172.619873
1182.877930
1193.136353
1203.436646
1213.920776
1224.446899
1234.927002
1245.464844
1255.990112
1266.403320
1276.805664
1287.294678
1297.778320
1308.232788
1318.702148
1329.134155
1339.509521
1349.929565
1360.380127
1370.801147
1381.214233
1391.623535
1401.953125
1412.228638
1422.579346
1432.929077
1443.229858
1453.534790
1463.809448
1474.007080
1484.209351
1494.499268
1504.765503
1515.039429
1525.349487
1535.433594
1545.553345
1555.766113
1566.047729
1576.328857
1586.580688
1596.816040
1607.036133
1617.292603
1627.579102
1637.824707
1648.059937
1658.281494
1668.511353
1678.675293
1688.818604
1698.913086
1708.990723
1719.050781
1729.093628
1739.195312
1749.353271
1759.493042
1769.611938
1779.688477
1789.775024
1799.936157
1810.112061
1820.311523
1830.707031
1841.156250
1851.495361
1861.871216
1872.287720
1882.758301
1893.246826
1903.794922
1914.306763
1924.736084
1935.180054
1945.666626
1956.139404
1966.578247
1977.007324
1987.442993
1997.851318
2008.273804
2018.719360
2029.146240
2039.550293
2049.964844
2060.349609
2070.727539
2081.121338
2091.504883
2101.854004
2112.195801
2122.523926
2132.826172
2143.138184
2153.459229
2163.755127
2174.014893
2184.256836
2194.473633
2204.645020
2214.867920
2214.497070
2224.750488
2234.978516
2245.196045
2255.428223
2265.644531
2275.828369
2285.958496
2296.084961
2306.212158
2316.356934
2326.510742
2336.683838
2346.825439
2356.989258
2367.409180
2377.765625
2387.998291
2398.193604
2408.386719
2418.463379
2428.463867
2438.495361
2448.622314
2458.785889
2468.941162
2479.104980
2489.279053
2499.462891
2509.728516
2520.041016
2530.314453
2540.590088
2550.808350
2560.992188
2571.140625
2581.266846
2591.419189
2601.599365
2611.843506
2622.034668
2632.187500
2642.354492
2652.545898
2662.776123
2672.979004
2683.142822
2693.280518
2703.411133
2713.611084
2723.888184
2734.081543
2744.210693
2754.341064
2764.441406
2774.541748
2784.628418
2794.687256
2804.768066
2814.866211
2824.957520
2835.079590
2845.225098
2855.449951
2865.656738
2875.798828
2885.938965
2896.067139
2906.219727
2916.411377
2926.538818
2936.682373
2946.902588
2957.138184
2967.338867
2977.418945
2987.446533
2997.452393
3007.454346
3017.563477
3027.823486
3038.127686
3048.505859
3058.918457
3069.197021
3079.414795
3089.637695
3099.886230
3110.086670
3120.263428
3130.544434
3140.762451
3150.898193
3161.024902
3171.144531
3181.265869
3191.537598
3201.783691
3211.954834
3222.115967
3232.247559
3242.371582
3252.467773
3262.547607
3272.631104
3282.755127
3292.919189
3303.060791
3313.219482
3323.424072
3333.608398
3343.774658
3354.088135
3364.364258
3374.614258
3384.700684
3394.728027
3404.796387
3414.881104
3425.063721
3435.415039
3445.585449
3455.709961
3465.974365
3476.225098
3486.447754
3496.498291
3506.639648
3516.838867
3527.078369
3537.360352
3547.395264
3557.569092
3567.803711
3578.032227
3588.107910
3599.114746
3609.202393
3619.472900
3629.592773
3639.691406
3649.735352
3659.781982
3669.812256
3679.982422
3690.212402
3700.428711
3710.687744
3720.979980
3731.206299
3741.377197
3751.504150
3761.612305
3771.706543
3781.801025
3791.954102
3802.138916
3812.363770
3822.592773
3832.813965
3843.024658
3853.223389
3863.407471
3873.590088
3883.754395
3893.930664
3904.143555
3914.387207
3924.632324
3934.851807
3945.029053
3955.196045
3965.373535
3975.581787
3985.796631
3996.018066
4006.213623
4016.375000
4026.501953
4036.643799
4046.828857
4057.037354
4067.293945
4077.594727
4087.876465
4098.181152
4108.442383
4118.640137
4128.798828
4138.962402
4149.178223
4159.379395
4169.566895
4179.719727
4189.871094
4200.028320
4210.191895
4220.373535
4230.628906
4240.808105
4250.961426
4261.201660
4271.428711
4281.566406
4291.666016
4301.724609
4311.823242
4321.982910
4332.179688
4342.350586
4352.475098
4362.600586
4372.877930
4383.093262
4393.261719
4403.399414
4413.562012
4423.746582
4433.896973
4444.041504
4454.272949
4464.431152
4474.625977
4484.820801
4494.973145
4505.079102
4515.211426
4525.370117
4535.657715
4545.952637
4556.183105
4566.369629
4576.517090
4586.664062
4596.756348
4606.862305
4616.992188
4627.136230
4637.319824
4647.468262
4657.598145
4667.803223
4677.998047
4688.196777
4698.377930
4708.504395
4718.572754
4728.680176
4738.847168
4749.015137
4759.113770
4769.173828
4779.324219
4789.512695
4799.701172
4809.927246
4820.123535
4830.288574
4840.654297
4850.975586
4861.249023
4871.451172
4881.602051
4891.699219
4901.778809
4912.019531
4922.242676
4932.439453
4942.612305
4952.798828
4963.016602
4973.236328
4983.416504
4993.553711
5003.705078
5013.875488
5024.036621
5034.259766
5044.435547
5054.553223
5064.665527
5074.826172
5084.988770
5095.137207
5105.316895
5115.438965
5125.571289
5135.633789
5145.774414
5155.946777
5166.114746
5176.328125
5186.581543
5196.803223
5207.183594
5217.471680
5227.701660
5237.883301
5248.074219
5258.282715
5268.491211
5278.652344
5288.804199
5298.977539
5309.161133
5319.363770
5329.526855
5339.722656
5349.827148
5359.962402
5370.115234
5380.269531
5390.529785
5400.791504
5411.070312
5421.104980
5431.215820
5441.514160
5451.517090
5462.559082
5472.568848
5483.750488
5493.823730
5503.941895
5515.177246
5526.289551
5537.388184
5548.436035
5559.619141
5570.858398
5580.933594
5591.016602
5601.077637
5611.127930
5621.227539
5631.345703
5641.434570
5651.448242
5662.689941
5672.882812
5683.058105
5693.190430
5703.307129
5713.437012
5723.625488
5734.057617
5745.495605
5756.345703
5767.703613
5779.330566
5790.992676
5801.079102
5811.472656
5822.062012
5832.583496
5843.115234
5853.661621
5864.280273
5875.068848
5885.883789
5896.664062
5907.549316
5918.384277
5929.188477
5939.994141
5950.800781
5961.580566
5972.362305
5983.068848
5993.724121
6004.333496
6014.875977
6025.358887
6035.759277
6046.093262
6056.409668
6066.723145
6076.990234
6087.152832
6097.282227
6107.372559
6117.411621
6127.540039
6137.627441
6149.259766
6160.823730
6172.360352
6183.793457
6195.199219
6206.572754
6217.894043
6229.172363
6240.331055
6251.434082
6262.573242
6273.730469
6284.859375
6295.984863
6307.106445
6318.147949
6329.125488
6340.114746
6351.208984
6362.241211
6373.185547
6384.157227
6395.057129
6405.904785
6416.804199
6427.643555
6438.472168
6449.319336
6460.171387
6470.981445
6481.778320
6492.556152
6503.373535
6514.215332
6525.038086
6535.842285
6546.635742
6557.353516
6568.039551
6578.742188
6589.408691
6600.042969
6610.630859
6621.183594
6631.707520
6642.242676
6652.806641
6663.335938
6673.873535
6684.371094
6694.838867
6705.289062
6715.767090
6726.246582
6736.724121
6747.154785
6757.565918
6768.001465
6778.396973
6788.790039
6799.178711
6809.529297
6819.839355
6830.161133
6840.493164
6850.775391
6861.048828
6871.313477
6881.585449
6891.850586
6902.107910
6912.334961
6922.559082
6932.753418
6942.944824
6953.207520
6963.466797
6973.681152
6983.876953
6994.060059
7004.158203
7014.224121
7024.322754
7034.422852
7044.486816
7054.539062
7064.568848
7074.580078
7084.607910
7094.639160
7104.666992
7114.680664
7126.070801
7137.461914
7148.853027
7160.222168
7171.612305
7182.992676
7194.322266
7205.653320
7216.977051
7228.249023
7239.603027
7250.859863
7262.070312
7273.327637
7284.616211
7295.866699
7307.042969
7318.146484
7329.280273
7340.389648
7351.485840
7362.585938
7373.672852
7384.706543
7395.830078
7406.967285
7418.078613
7429.193359
7440.254395
7451.262207
7462.292969
7473.361816
7484.426270
7495.496094
7506.548340
7517.599609
7528.638672
7539.667480
7550.708008
7561.741699
7572.698730
7583.666016
7594.620605
7605.538574
7616.514648
7627.460938
7638.330566
7649.176270
7660.033691
7670.842285
7681.645996
7692.448242
7703.261719
7714.098633
7724.956543
7735.792480
7746.604004
7757.366211
7768.139160
7778.974121
7789.781250
7800.544434
7811.308105
7822.003418
7832.644043
7843.340332
7854.028809
7864.690918
7875.355957
7886.023438
7896.650391
7907.353516
7918.049805
7928.676758
7939.252930
7949.777344
7960.292480
7970.860352
7981.450684
7992.084473
8002.702148
8013.255371
8023.767578
8034.307129
8044.809570
8055.319336
8065.840332
8076.305664
8086.748047
8097.234863
8107.704590
8118.132812
8128.545410
8138.979004
8149.428711
8159.908691
8170.382324
8180.818848
8191.253418
8201.628906
8212.029297
8222.496094
8232.919922
8243.277344
8253.646484
8263.980469
8274.221680
8284.487305
8294.760742
8305.019531
8315.262695
8325.497070
8335.705078
8345.939453
8356.190430
8366.455078
8376.750977
8387.041016
8397.251953
8407.510742
8417.762695
8427.964844
8438.211914
8448.456055
8458.576172
8468.712891
8479.897461
8489.908203
8501.086914
8511.279297
8521.506836
8531.743164
8541.938477
8552.087891
8562.172852
8572.346680
8582.480469
8592.511719
8602.568359
8612.638672
8622.693359
8633.865234
8645.074219
8655.114258
8665.143555
8676.380859
8686.439453
8696.495117
8707.686523
8717.685547
8727.701172
8738.922852
8750.113281
8760.343750
8770.691406
8780.830078
8790.967773
8800.978516
8812.208984
8822.239258
8832.326172
8842.613281
8853.146484
8863.782227
8874.487305
8885.402344
8896.384766
8907.358398
8918.443359
8929.538086
8940.535156
8951.488281
8962.400391
8973.250977
8984.119141
8994.958984
9005.822266
9016.693359
9027.545898
9038.389648
9049.220703
9060.014648
9070.769531
9081.504883
9092.170898
9102.830078
9113.555664
9124.274414
9134.997070
9145.715820
9156.359375
9166.944336
9177.537109
9188.156250
9198.780273
9209.339844
9219.865234
9230.400391
9240.945312
9251.422852
9261.908203
9272.388672
9282.846680
9293.329102
9303.817383
9314.295898
9324.742188
9335.154297
9345.581055
9355.987305
9366.379883
9376.767578
9387.132812
9397.462891
9407.759766
9418.109375
9428.477539
9438.835938
9449.268555
9459.632812
9469.908203
9480.163086
9490.421875
9500.708984
9510.987305
9521.230469
9531.459961
9541.715820
9551.969727
9562.204102
9572.453125
9582.666992
9592.867188
9603.071289
9613.271484
9623.455078
9633.587891
9643.704102
9653.985352
9664.277344
9674.580078
9684.931641
9695.242188
9705.480469
9715.676758
9725.966797
9736.277344
9746.569336
9756.934570
9767.439453
9777.919922
9788.339844
9798.643555
9809.030273
9819.369141
9829.500977
9839.629883
9849.851562
9860.066406
9870.225586
9880.415039
9890.575195
9900.710938
9910.915039
9921.166016
9931.409180
9941.603516
9951.831055
9962.291016
9972.817383
9983.412109
9994.101562
10004.836914
10015.589844
10026.402344
10037.299805
10048.235352
10059.216797
10070.250977
10081.216797
10092.126953
10103.028320
10113.970703
10124.891602
10135.751953
10146.611328
10157.486328
10168.338867
10179.133789
10189.889648
10200.628906
10211.333984
10222.036133
10232.775391
10243.519531
10254.221680
10264.959961
10275.756836
10286.512695
10297.240234
10307.929688
10318.547852
10329.108398
10339.694336
10350.332031
10360.961914
10371.576172
10382.139648
10392.667969
10403.182617
10413.712891
10424.301758
10434.873047
10445.408203
10455.975586
10466.546875
10477.074219
10487.542969
10497.989258
10508.395508
10518.789062
10529.159180
10539.590820
10550.049805
10560.485352
10570.906250
10581.354492
10591.806641
10602.218750
10612.620117
10622.978516
10633.265625
10643.561523
10653.922852
10664.308594
10674.658203
10684.986328
10695.290039
10705.559570
10715.831055
10726.159180
10736.503906
10746.809570
10757.072266
10767.328125
10777.586914
10787.797852
10797.998047
10808.190430
10818.338867
10828.476562
10838.627930
10848.789062
10858.917969
10868.977539
10879.024414
10889.251953
10899.440430
10909.674805
10919.847656
10929.980469
10940.104492
10950.180664
10960.382812
10970.582031
10980.804688
10991.014648
11001.234375
11011.361328
11021.368164
11032.539062
11042.549805
11053.748047
11064.895508
11076.058594
11086.088867
11096.106445
11106.169922
11116.301758
11126.492188
11136.627930
11146.677734
11156.717773
11166.934570
11177.232422
11187.286133
11198.503906
11208.516602
11219.681641
11230.853516
11241.030273
11251.272461
11261.492188
11271.735352
11282.074219
11292.356445
11302.610352
11312.959961
11323.309570
11333.610352
11343.947266
11354.262695
11364.596680
11374.935547
11385.236328
11395.528320
11405.867188
11416.199219
11426.482422
11436.750977
11446.987305
11457.195312
11467.437500
11477.704102
11487.978516
11498.244141
11508.485352
11518.730469
11528.980469
11539.190430
11549.416992
11559.676758
11569.895508
11580.124023
11590.352539
11600.548828
11610.741211
11620.902344
11631.059570
11641.292969
11651.486328
11661.674805
11671.878906
11682.068359
11692.222656
11702.385742
11712.553711
11722.795898
11732.992188
11743.139648
11753.275391
11763.445312
11773.599609
11783.743164
11793.875000
11804.008789
11814.179688
11824.379883
11834.576172
11844.780273
11854.969727
11865.107422
11875.287109
11885.494141
11895.680664
11905.844727
11915.992188
11926.117188
11936.256836
11946.401367
11956.571289
11966.767578
11976.939453
11987.086914
11997.247070
12007.396484
12017.537109
12027.689453
12037.795898
12047.971680
12058.154297
12068.332031
12078.453125
12088.527344
12098.669922
12108.864258
12119.056641
12129.234375
12139.440430
12149.607422
12159.766602
12169.993164
12180.182617
12190.350586
12200.526367
12210.667969
12220.801758
12231.001953
12241.205078
12251.387695
12261.550781
12271.666992
12281.772461
12291.916992
12302.067383
12312.265625
12322.458984
12332.601562
12342.767578
12352.926758
12363.048828
12373.217773
12383.379883
12393.517578
12403.672852
12413.860352
12424.036133
12434.213867
12444.377930
12454.558594
12464.730469
12474.894531
12485.088867
12495.443359
12505.719727
12515.870117
12526.069336
12536.345703
12546.472656
12556.635742
12566.788086
12576.842773
12588.065430
12599.220703
12610.400391
12620.467773
12631.577148
12642.753906
12653.086914
12663.180664
12673.213867
12684.360352
12694.520508
12704.565430
12714.695312
12724.891602
12735.017578
12745.112305
12755.195312
12765.310547
12775.370117
12785.432617
12795.480469
12805.581055
12816.840820
12827.240234
12837.518555
12847.988281
12858.444336
12868.508789
12878.849609
12888.879883
12899.868164
12910.842773
12922.043945
12932.083984
12942.257812
12952.441406
12962.556641
12972.700195
12982.858398
12993.005859
13003.238281
13013.533203
13023.705078
13033.875977
13044.088867
13054.315430
13064.488281
13074.587891
13084.709961
13094.814453
13104.923828
13115.036133
13125.225586
13135.424805
13145.611328
13155.900391
13166.100586
13176.259766
13186.365234
13196.495117
13206.582031
13216.621094
13226.684570
13236.869141
13247.149414
13257.509766
13268.075195
13278.720703
13289.343750
13300.041016
13310.734375
13321.358398
13332.022461
13342.698242
13353.304688
13363.868164
13374.490234
13385.059570
13395.623047
13406.201172
13416.761719
13427.216797
13437.742188
13405.635742
13416.149414
13426.812500
13437.385742
13447.825195
13458.175781
13468.593750
13478.938477
13489.253906
13499.645508
13510.044922
13520.333984
13530.654297
13541.015625
13551.318359
13561.636719
13572.002930
13582.326172
13592.588867
13602.910156
13613.176758
13623.400391
13633.667969
13643.972656
13654.201172
13664.435547
13674.725586
13684.968750
13695.191406
13705.491211
13715.783203
13726.031250
13737.364258
13747.365234
13758.523438
13769.740234
13779.921875
13790.161133
13800.390625
13810.570312
13820.795898
13831.010742
13841.338867
13851.479492
13861.624023
13871.689453
13881.875977
13893.114258
13903.142578
13914.314453
13925.485352
13936.673828
13947.771484
13958.924805
13970.147461
13981.293945
13992.409180
14003.676758
14013.933594
14024.049805
14034.602539
14044.922852
14055.111328
14065.250977
14075.328125
14085.445312
14095.626953
14106.152344
14116.685547
14127.131836
14137.515625
14147.764648
14157.968750
14168.155273
14178.329102
14188.476562
14198.604492
14208.732422
14218.861328
14229.024414
14239.249023
14249.500000
14259.773438
14270.035156
14280.327148
14290.710938
14301.131836
14311.561523
14322.040039
14332.504883
14342.925781
14353.356445
14363.792969
14374.177734
14384.554688
14394.942383
14405.272461
14415.573242
14425.889648
14436.220703
14446.493164
14456.791992
14467.091797
14477.333008
14487.566406
14497.838867
14508.106445
14518.325195
14528.578125
14538.808594
14548.986328
14559.162109
14569.356445
14579.536133
14589.755859
14599.782227
14609.900391
14621.145508
14631.385742
14641.692383
14651.908203
14662.027344
14672.136719
14682.525391
14692.916992
14703.966797
14714.053711
14725.270508
14735.455078
14745.583008
14755.823242
14766.056641
14776.291992
14786.702148
14797.000977
14807.395508
14817.812500
14828.112305
14839.251953
14850.251953
14861.168945
14871.250000
14881.302734
14891.501953
14901.630859
14911.647461
14922.773438
14933.990234
14944.255859
14954.539062
14965.797852
14976.165039
14986.280273
14997.303711
15008.245117
15019.229492
15029.288086
15039.324219
15049.615234
15059.764648
15070.125000
15080.433594
15090.626953
15101.240234
15112.482422
15122.840820
15132.861328
15142.885742
15152.954102
15163.096680
15173.244141
15183.655273
15194.067383
15204.475586
15214.876953
15225.288086
15235.652344
15245.830078
15256.883789
15267.036133
15277.455078
15287.456055
15298.387695
15309.578125
15319.723633
15330.004883
15340.339844
15350.416992
15360.515625
15371.164062
15381.879883
15391.908203
15401.933594
15412.153320
15422.462891
15432.802734
15443.162109
15453.710938
15464.019531
15474.208008
15484.376953
15494.534180
15504.658203
15514.794922
15524.973633
15535.196289
15545.301758
15555.321289
15565.447266
15575.498047
15585.533203
15595.580078
15605.597656
15615.719727
15625.805664
15635.940430
15646.132812
15656.333984
15666.597656
15676.892578
15687.195312
15697.533203
15707.612305
15717.935547
15728.324219
15738.670898
15749.004883
15759.309570
15769.581055
15779.872070
15790.151367
15800.445312
15810.702148
15820.851562
15830.886719
15840.916016
15850.976562
15861.080078
15871.164062
15881.301758
15891.518555
15901.689453
15911.957031
15922.083008
15933.281250
15943.294922
15953.349609
15964.485352
15975.674805
15985.702148
15995.898438
16006.229492
16016.557617
16026.822266
16037.013672
16047.132812
16057.226562
16067.340820
16077.510742
16087.907227
16098.041992
16108.166992
16118.381836
16128.601562
16138.754883
16148.887695
16159.038086
16169.055664
16180.289062
16191.433594
16201.458008
16211.519531
16221.522461
16231.557617
16241.607422
16251.703125
16261.797852
16271.924805
16281.979492
16292.058594
16302.284180
16312.592773
16322.815430
16332.885742
16343.130859
16353.552734
16363.722656
16373.990234
16385.203125
16395.451172
16405.771484
16416.871094
16427.785156
16439.025391
16449.097656
16459.376953
16469.546875
16479.935547
16490.355469
16500.742188
16510.958984
16521.070312
16531.089844
16541.238281
16551.392578
16561.593750
16571.925781
16582.394531
16592.517578
16603.728516
16613.855469
16624.101562
16634.318359
16644.347656
16654.583984
16664.900391
16675.177734
16686.419922
16697.652344
16707.681641
16718.921875
16730.130859
16740.386719
16750.578125
16760.669922
16770.714844
16780.855469
16790.980469
16801.054688
16811.099609
16821.324219
16831.564453
16842.029297
16852.542969
16863.128906
16873.644531
16883.750000
16893.775391
16904.953125
16915.050781
16925.136719
16935.324219
16945.550781
16955.988281
16966.439453
16976.740234
16987.072266
16997.427734
17007.964844
17018.218750
17028.410156
17038.529297
17048.675781
17058.792969
17069.025391
17079.070312
17089.285156
17099.541016
17109.550781
17120.769531
17131.937500
17143.148438
17153.187500
17163.263672
17173.650391
17183.972656
17194.306641
17204.599609
17214.802734
17225.015625
17235.316406
17245.658203
17255.869141
17266.068359
17276.238281
17286.410156
17296.525391
17306.724609
17317.089844
17328.031250
17338.080078
17349.263672
17360.316406
17371.347656
17382.443359
17393.576172
17404.742188
17416.066406
17426.085938
17436.144531
17446.222656
17456.339844
17466.425781
17476.480469
17486.585938
17496.710938
17506.816406
17516.902344
17526.976562
17538.398438
17549.798828
17559.826172
17569.845703
17581.224609
17591.234375
17602.628906
17613.912109
17625.228516
17636.537109
17647.771484
17659.025391
17670.250000
17681.376953
17692.519531
17703.681641
17594.957031
17606.185547
17617.466797
17628.574219
17639.667969
17650.769531
17661.845703
17672.966797
17684.130859
17695.177734
17706.181641
17717.205078
17728.205078
17739.208984
17750.240234
17761.197266
17772.140625
17783.179688
17794.220703
17805.210938
17816.271484
17827.263672
17838.154297
17849.140625
17860.115234
17871.031250
17881.992188
17892.931641
17901.261719
17912.091797
17922.953125
17933.818359
17944.677734
17955.519531
17966.296875
17977.082031
17987.919922
17998.792969
18009.630859
18020.453125
18031.236328
18042.003906
18052.808594
18063.669922
18074.474609
18085.267578
18096.007812
18109.554688
18120.199219
18130.914062
18141.623047
18152.298828
18162.943359
18173.525391
18184.111328
18194.734375
18205.388672
18215.988281
18226.554688
18237.093750
18247.587891
18258.115234
18268.697266
18279.269531
18289.835938
18300.402344
18311.634766
18322.115234
18332.603516
18343.093750
18353.580078
18364.074219
18374.511719
18384.875000
18395.257812
18405.701172
18416.154297
18426.585938
18437.044922
18447.449219
18457.812500
18468.234375
18478.667969
18489.058594
18499.445312
18509.808594
18520.095703
18530.376953
18540.697266
18551.011719
18561.302734
18571.611328
18581.859375
18592.039062
18602.322266
18612.642578
18622.919922
18633.191406
18643.488281
18653.697266
18663.849609
18674.068359
18684.314453
18694.548828
18704.787109
18714.984375
18725.167969
18735.070312
18745.226562
18755.453125
18765.539062
18775.701172
18785.908203
18796.195312
18806.382812
18816.490234
18826.585938
18836.685547
18846.736328
18856.775391
18866.886719
18877.021484
18887.058594
18897.062500
18907.166016
18917.291016
18927.371094
18938.589844
18948.667969
18958.757812
18968.775391
18979.923828
18991.164062
19001.171875
19012.347656
19023.507812
19034.660156
19044.667969
19055.896484
19065.933594
19077.148438
19087.150391
19097.830078
19107.871094
19118.183594
19128.333984
19139.570312
19149.779297
19159.843750
19170.044922
19180.095703
19190.234375
19200.375000
19210.617188
19220.808594
19231.056641
19241.287109
19251.599609
19261.890625
19272.138672
19282.369141
19292.662109
19302.906250
19313.087891
19323.208984
19333.359375
19343.490234
19353.669922
19363.820312
19374.068359
19384.470703
19394.792969
19405.189453
19415.691406
19426.085938
19437.316406
19448.423828
19459.500000
19470.714844
19480.869141
19490.941406
19501.156250
19511.281250
19521.509766
19531.689453
19541.933594
19552.269531
19562.509766
19572.669922
19582.980469
19593.115234
19603.261719
19613.423828
19623.550781
19634.802734
19644.886719
19654.957031
19665.007812
19675.017578
19685.125000
19695.222656
19705.292969
19715.298828
19725.339844
19735.380859
19745.496094
19756.728516
19766.847656
19777.216797
19787.292969
19797.535156
19807.695312
19817.880859
19829.105469
19840.275391
19850.445312
19860.785156
19871.146484
19881.720703
19892.478516
19903.179688
19913.900391
19924.703125
19935.466797
19946.277344
19957.058594
19967.800781
19978.556641
19989.367188
20000.156250
20010.880859
20021.632812
20032.363281
20043.039062
20053.736328
20064.437500
20075.056641
20085.679688
20096.308594
20106.875000
20117.435547
20128.056641
20138.611328
20149.111328
20117.460938
20127.974609
20138.503906
20149.035156
20159.521484
20169.925781
20180.382812
20190.830078
20201.203125
20211.589844
20222.046875
20232.443359
20242.777344
20253.156250
20263.521484
20273.833984
20284.207031
20294.615234
20304.951172
20315.257812
20325.546875
20335.806641
20346.056641
20356.347656
20366.658203
20376.890625
20387.136719
20397.417969
20407.654297
20417.888672
20428.173828
20438.451172
20448.660156
20458.951172
20467.089844
20477.388672
20487.619141
20498.746094
20508.812500
20518.978516
20529.212891
20539.498047
20549.773438
20559.996094
20570.281250
20580.560547
20590.839844
20601.033203
20612.269531
20623.365234
20634.472656
20645.562500
20656.597656
20667.775391
20678.996094
20689.015625
20699.050781
20709.199219
20719.361328
20729.474609
20739.488281
20749.519531
20759.621094
20769.625000
20779.658203
20789.738281
20799.818359
20809.929688
20820.072266
20830.253906
20840.527344
20850.816406
20861.220703
20871.730469
20882.208984
20892.736328
20903.375000
20914.046875
20924.656250
20935.259766
20945.806641
20956.291016
20966.802734
20977.369141
20987.927734
20998.433594
21008.951172
21019.417969
21029.853516
21040.320312
21047.576172
21058.015625
21068.453125
21078.896484
21089.318359
21099.759766
21110.212891
21120.681641
21131.113281
21141.515625
21151.843750
21162.113281
21172.388672
21182.677734
21192.958984
21203.214844
21213.476562
21223.695312
21233.925781
21244.171875
21254.433594
21264.621094
21274.818359
21284.998047
21295.207031
21305.609375
21316.103516
21326.462891
21336.585938
21346.804688
21357.048828
21367.125000
21378.345703
21388.375000
21399.576172
21409.646484
21419.691406
21429.785156
21439.794922
21449.824219
21459.876953
21471.062500
21482.128906
21493.314453
21504.523438
21515.707031
21526.767578
21538.000000
21548.033203
21558.039062
21569.244141
21580.480469
21591.587891
21601.730469
21612.021484
21622.154297
21632.251953
21642.333984
21652.458984
21662.634766
21672.892578
21683.285156
21693.761719
21704.298828
21714.917969
21725.583984
21736.263672
21746.914062
21757.583984
21768.208984
21761.000000
21771.712891
21782.435547
21793.072266
21803.728516
21814.339844
21824.876953
21835.400391
21845.943359
21856.419922
21866.859375
21877.292969
21887.679688
21898.074219
21908.494141
21918.917969
21929.271484
21939.640625
21950.000000
21960.330078
21970.687500
21981.064453
21991.410156
22001.685547
22011.992188
22022.261719
22032.505859
22042.779297
22053.078125
22063.330078
22073.556641
22083.798828
22093.984375
22104.154297
22112.429688
22122.642578
22132.955078
22143.335938
22153.617188
22163.849609
22174.035156
22184.234375
22194.378906
22204.525391
22214.679688
22224.859375
22235.068359
22245.257812
22255.423828
22265.576172
22275.750000
22285.896484
22295.964844
22306.017578
22316.060547
22326.125000
22336.203125
22346.271484
22356.382812
22366.535156
22376.726562
22386.892578
22397.085938
22407.265625
22417.398438
22427.503906
22437.533203
22447.539062
22457.562500
22467.654297
22477.771484
22487.859375
22498.001953
22508.181641
22518.398438
22528.564453
22538.707031
22548.853516
22558.974609
22569.140625
22579.353516
22589.511719
22599.630859
22609.748047
22619.912109
22630.095703
22640.310547
22650.677734
22661.150391
22671.730469
22682.388672
22693.195312
22704.033203
22714.869141
22725.759766
22736.681641
22747.560547
22758.455078
22769.333984
22780.189453
22791.074219
22801.962891
22812.802734
22823.599609
22834.406250
22845.142578
22851.880859
22862.695312
22873.527344
22884.253906
22895.052734
22905.808594
22916.431641
22927.042969
22937.650391
22948.201172
22958.767578
22969.337891
22979.878906
22990.425781
23001.011719
23011.593750
23022.158203
23032.781250
23043.367188
23053.927734
23064.494141
23075.037109
23085.541016
23096.050781
23106.525391
23117.001953
23127.492188
23137.990234
23148.515625
23159.013672
23169.453125
23179.945312
23190.464844
23200.968750
23211.425781
23221.841797
23232.222656
23242.542969
23252.867188
23263.238281
23273.605469
23283.966797
23294.347656
23304.710938
23315.039062
23325.343750
23335.691406
23346.017578
23356.324219
23366.634766
23376.970703
23387.285156
23397.515625
23407.730469
23417.945312
23428.169922
23438.433594
23448.695312
23458.949219
23469.148438
23479.326172
23489.562500
23499.818359
23510.115234
23520.505859
23530.908203
23541.304688
23551.708984
23562.181641
23572.716797
23583.289062
23593.878906
23604.435547
23614.980469
23625.507812
23636.056641
23646.634766
23657.185547
23667.697266
23678.203125
23688.742188
23699.232422
23709.679688
23720.105469
23730.517578
23740.935547
23751.376953
23761.812500
23772.234375
23782.603516
23792.998047
23803.437500
23813.886719
23824.304688
23834.699219
23845.050781
23855.333984
23865.595703
23875.896484
23886.224609
23896.597656
23906.937500
23917.248047
23927.544922
23937.800781
23948.054688
23958.333984
23968.585938
23978.820312
23989.066406
23999.322266
24009.523438
24019.669922
24029.839844
24040.003906
24050.261719
24060.533203
24070.775391
24080.966797
24091.125000
24101.242188
24111.357422
24121.550781
24131.757812
24141.935547
24152.105469
24162.308594
24172.443359
24182.593750
24192.765625
24202.976562
24213.189453
24223.443359
24233.529297
24243.621094
24253.697266
24263.835938
24273.945312
24283.994141
24294.107422
24304.199219
24314.375000
24324.414062
24334.466797
24344.501953
24355.736328
24366.865234
24378.068359
24389.259766
24399.300781
24409.396484
24419.455078
24429.951172
24440.085938
24450.238281
24460.453125
24470.509766
24481.744141
24491.769531
24501.996094
24512.031250
24522.240234
24532.511719
24542.703125
24552.746094
24563.904297
24574.121094
24584.423828
24594.890625
24605.220703
24615.675781
24625.781250
24635.828125
24645.845703
24657.044922
24667.095703
24678.332031
24688.478516
24698.541016
24708.689453
24718.855469
24728.988281
24739.039062
24749.177734
24759.306641
24769.394531
24779.398438
24789.476562
24799.570312
24809.658203
24820.882812
24830.951172
24841.046875
24851.240234
24861.253906
24871.386719
24881.654297
24891.775391
24902.208984
24912.357422
24922.412109
24933.558594
24944.640625
24955.812500
24965.835938
24976.185547
24987.492188
24997.728516
25008.404297
25019.572266
25030.757812
25042.080078
25053.662109
25065.289062
25076.931641
25088.587891
25100.228516
25110.255859
25120.312500
25130.335938
25140.343750
25150.361328
25162.015625
25173.621094
25185.203125
25196.751953
25208.269531
25219.783203
25231.294922
25242.740234
25254.169922
25265.531250
25276.818359
25288.103516
25299.355469
25310.527344
25321.699219
25332.830078
25343.875000
25354.914062
25365.957031
25376.943359
25387.935547
25398.894531
25409.779297
25420.658203
25431.535156
25442.373047
25453.191406
25464.031250
25474.802734
25485.529297
25496.269531
25506.980469
25517.640625
25528.349609
25539.011719
25549.615234
25560.242188
25570.867188
25581.412109
25591.984375
25602.560547
25613.066406
25623.546875
25634.041016
25644.478516
25654.886719
25665.332031
25675.744141
25686.105469
25696.478516
25706.865234
25717.228516
25727.583984
25737.970703
25748.314453
25758.636719
25768.990234
25779.343750
25789.642578
25799.968750
25810.283203
25820.539062
25830.804688
25841.113281
25851.361328
25861.568359
25871.824219
25882.048828
25892.226562
25902.435547
25912.654297
25922.812500
25932.958984
25943.134766
25953.257812
25963.339844
25973.466797
25983.578125
25993.621094
26003.681641
26013.765625
26023.792969
26033.822266
26043.865234
26055.281250
26066.652344
26078.068359
26089.453125
26100.808594
26112.199219
26123.585938
26134.923828
26146.304688
26157.652344
26168.958984
26180.312500
26191.662109
26202.933594
26214.222656
26225.486328
26236.738281
26248.033203
26259.289062
26270.472656
26281.681641
26292.847656
26303.957031
26315.087891
26326.242188
26337.341797
26348.488281
26359.644531
26370.722656
26381.818359
26392.931641
26403.962891
26414.996094
26425.990234
26436.947266
26447.935547
26458.988281
26470.005859
26481.017578
26492.046875
26502.996094
26513.921875
26524.892578
26535.884766
26546.802734
26557.759766
26568.769531
26579.621094
26590.361328
26601.037109
26611.669922
26622.388672
26633.142578
26643.894531
26654.691406
26665.554688
26676.363281
26687.173828
26698.007812
26708.800781
26719.591797
26730.423828
26741.199219
26751.923828
26762.681641
26773.386719
26784.056641
26794.767578
26805.486328
26816.152344
26826.835938
26837.511719
26848.142578
26858.761719
26869.412109
26880.023438
26890.625000
26901.259766
26911.855469
26922.414062
26933.007812
26943.597656
26954.128906
26964.714844
26975.316406
26985.849609
26996.388672
27006.953125
27017.449219
27027.943359
27038.453125
27048.927734
27059.373047
27069.873047
27080.357422
27090.759766
27101.210938
27111.636719
27121.998047
27132.365234
27142.746094
27153.093750
27163.445312
27173.837891
27184.183594
27194.480469
27204.796875
27215.142578
27225.455078
27235.802734
27246.146484
27256.427734
27266.681641
27276.968750
27287.251953
27297.511719
27307.812500
27318.097656
27328.316406
27338.580078
27348.849609
27327.443359
27337.707031
27347.931641
27358.154297
27368.382812
27378.603516
27388.816406
27399.070312
27409.337891
27419.537109
27429.736328
27439.900391
27450.056641
27460.250000
27470.439453
27480.613281
27490.792969
27500.939453
27511.087891
27521.267578
27531.410156
27541.718750
27552.062500
27562.318359
27572.607422
27582.875000
27593.072266
27603.246094
27613.431641
27623.634766
27633.830078
27643.941406
27654.078125
27664.251953
27674.494141
27684.667969
27694.841797
27705.179688
27715.343750
27726.533203
27736.582031
27746.628906
27757.816406
27767.892578
27778.041016
27788.126953
27798.205078
27808.281250
27818.302734
27828.359375
27838.472656
27848.640625
27858.837891
27869.001953
27879.154297
27889.318359
27899.490234
27909.638672
27919.757812
27929.902344
27940.128906
27950.359375
27960.589844
27970.800781
27980.994141
27991.199219
28001.416016
28011.597656
28021.748047
28031.908203
28042.113281
28052.337891
28062.556641
28072.755859
28082.931641
28093.134766
28103.351562
28113.544922
28123.683594
28133.802734
28143.970703
28154.156250
28164.347656
28174.537109
28184.708984
28194.896484
28205.099609
28215.267578
28225.398438
28235.537109
28245.724609
28255.919922
28266.119141
28276.304688
28286.464844
28296.636719
28306.810547
28316.962891
28327.076172
28337.189453
28347.351562
28357.523438
28367.712891
28377.878906
28388.039062
28398.222656
28408.404297
28418.541016
28428.642578
28438.748047
28448.906250
28459.083984
28469.287109
28479.484375
28489.638672
28499.812500
28509.994141
28520.169922
28530.300781
28540.421875
28550.574219
28560.738281
28570.929688
28581.119141
28591.263672
28601.480469
28611.705078
28621.921875
28632.148438
28642.314453
28652.515625
28662.865234
28673.253906
28683.628906
28694.111328
28704.568359
28714.919922
28725.232422
28735.597656
28745.974609
28756.345703
28766.722656
28777.078125
28787.406250
28797.708984
28808.064453
28818.460938
28828.816406
28839.171875
28849.568359
28859.941406
28870.242188
28880.552734
28890.832031
28901.033203
28911.232422
28921.441406
28931.652344
28941.828125
28951.966797
28962.101562
28972.251953
28982.431641
28992.603516
29002.781250
29013.025391
29023.277344
29033.583984
29043.968750
29054.425781
29064.929688
29075.435547
29085.869141
29096.271484
29106.679688
29117.109375
29127.531250
29137.923828
29148.287109
29158.673828
29169.074219
29179.443359
29189.839844
29200.234375
29210.580078
29220.904297
29231.248047
29241.572266
29251.906250
29262.242188
29272.542969
29282.810547
29293.076172
29303.339844
29313.564453
29323.812500
29334.052734
29344.259766
29354.455078
29364.691406
29374.904297
29385.070312
29395.439453
29405.791016
29416.093750
29426.341797
29436.414062
29446.562500
29456.710938
29466.914062
29477.123047
29487.529297
29497.863281
29508.128906
29518.285156
29529.507812
29539.623047
29550.830078
29561.919922
29572.960938
29584.031250
29595.154297
29606.328125
29616.359375
29626.488281
29636.677734
29646.906250
29657.273438
29667.632812
29678.029297
29688.447266
29698.927734
29709.445312
29719.949219
29730.455078
29740.990234
29751.533203
29762.082031
29772.664062
29783.238281
29793.773438
29804.296875
29814.826172
29825.296875
29835.761719
29846.242188
29856.683594
29867.078125
29877.490234
29887.884766
29898.234375
29908.611328
29918.980469
29929.314453
29939.646484
29949.998047
29960.287109
29970.556641
29980.857422
29991.134766
30001.371094
30011.630859
30021.914062
30032.140625
30042.382812
30052.613281
30062.783203
30073.060547
30083.404297
30093.626953
30103.761719
0.000000
0.000000
0.000000
0.000000
0.000000
0.000000
0.000000
0.000000
0.000000
0.000000
0.000000
0.000000
0.000000
0.000000
0.000000
0.000000
0.000000
0.000000
0.000000
0.000000
0.000000
0.000000
0.000000
0.000000
0.000000
0.000000
0.000000
0.000000
0.000000
0.000000
0.000000
0.000000
0.000000
0.000000
0.000000
0.000000
0.000000
0.000000
0.000000
0.000000
0.000000
0.000000
0.000000
0.000000
0.000000
0.000000
0.000000
0.000000
0.000000
0.000000
0.000000
0.000000
0.000000
0.000000
0.000000
0.000000
0.000000
0.000000
0.000000
0.000000
0.000000
0.000000
0.000000
0.000000
0.000000
0.000000
0.000000
0.000000
0.000000
0.000000
0.000000
0.000000
0.000000
0.000000
0.000000
0.000000
0.000000
0.000000
0.000000
0.000000
0.000000
0.000000
0.000000
0.000000
0.000000
0.000000
0.000000
0.000000
0.000000
0.000000
0.000000
0.000000
0.000000
0.000000
0.000000
0.000000
0.000000
0.000000
0.000000
0.000000
0.000000
0.000000
0.000000
0.000000
0.000000
0.000000
0.000000
0.000000
0.000000
0.000000
0.000000
0.000000
0.000000
0.000000
0.000000
0.000000
0.000000
0.000000
0.000000
0.000000
0.000000
0.000000
0.000000
0.000000
0.000000
0.000000
0.000000
0.000000
0.000000
0.000000
0.000000
0.000000
0.000000
0.000000
0.000000
0.000000
0.000000
0.000000
0.000000
0.000000
0.000000
0.000000
0.000000
0.000000
0.000000
0.000000
0.000000
0.000000
0.000000
0.000000
0.000000
0.000000
0.000000
0.000000
0.000000
0.000000
0.000000
0.000000
0.000000
0.000000
0.000000
0.000000
0.000000
0.000000
0.000000
0.000000
0.000000
0.000000
0.000000
0.000000
0.000000
0.000000
0.000000
0.000000
0.000000
0.000000
0.000000
0.000000
0.000000
0.000000
0.000000
0.000000
0.000000
0.000000
0.000000
0.000000
0.000000
0.000000
0.000000
0.000000
0.000000
0.000000
0.000000
0.000000
0.000000
0.000000
0.000000
0.000000
0.000000
0.000000
0.000000
0.000000
0.000000
0.000000
0.000000
0.000000
0.000000
0.000000
0.000000
0.000000
0.000000
0.000000
0.000000
0.000000
0.000000
0.000000
0.000000
0.000000
0.000000
0.000000
0.000000
0.000000
0.000000
0.000000
0.000000
0.000000
0.000000
0.000000
0.000000
0.000000
0.000000
0.000000
0.000000
0.000000
0.000000
0.000000
0.000000
0.000000
0.000000
0.000000
0.000000
0.000000
0.000000
0.000000
0.000000
0.000000
0.000000
0.000000
0.000000
0.000000
0.000000
0.000000
0.000000
0.000000
0.000000
0.000000
0.000000
0.000000
0.000000
0.000000
0.000000
0.000000
0.000000
0.000000
0.000000
0.000000
0.000000
0.000000
0.000000
0.000000
0.000000
0.000000
0.000000
0.000000
0.000000
0.000000
0.000000
0.000000
0.000000
0.000000
0.000000
0.000000
0.000000
0.000000
0.000000
0.000000
0.000000
0.000000
0.000000
0.000000
0.000000
0.000000
0.000000
0.000000
0.000000
0.000000
0.000000
0.000000
0.000000
0.000000
0.000000
0.000000
0.000000
0.000000
0.000000
0.000000
0.000000
0.000000
0.000000
0.000000
0.000000
0.000000
0.000000
0.000000
0.000000
0.000000
0.000000
0.000000
0.000000
0.000000
0.000000
0.000000
0.000000
0.000000
0.000000
0.000000
0.000000
0.000000
0.000000
0.000000
0.000000
0.000000
0.000000
0.000000
0.000000
0.000000
0.000000
0.000000
0.000000
0.000000
0.000000
0.000000
0.000000
0.000000
0.000000
0.000000
0.000000
0.000000
0.000000
0.000000
0.000000
0.000000
0.000000
0.000000
0.000000
0.000000
0.000000
0.000000
0.000000
0.000000
0.000000
0.000000
0.000000
0.000000
0.000000
0.000000
0.000000
0.000000
0.000000
0.000000
0.000000
0.000000
0.000000
0.000000
0.000000
0.000000
0.000000
0.000000
0.000000
0.000000
0.000000
0.000000
0.000000
0.000000
0.000000
0.000000
0.000000
0.000000
0.000000
0.000000
0.000000
0.000000
0.000000
0.000000
0.000000
0.000000
0.000000
0.000000
0.000000
0.000000
0.000000
0.000000
0.000000
0.000000
0.000000
0.000000
0.000000
0.000000
0.000000
0.000000
0.000000
0.000000
0.000000
0.000000
0.000000
0.000000
0.000000
0.000000
0.000000
0.000000
0.000000
0.000000
0.000000
0.000000
0.000000
0.000000
0.000000
0.000000
0.000000
0.000000
0.000000
0.000000
0.000000
0.000000
0.000000
0.000000
0.000000
0.000000
0.000000
0.000000
0.000000
0.000000
0.000000
0.000000
0.000000
0.000000
0.000000
0.000000
0.000000
0.000000
0.000000
0.000000
0.000000
0.000000
0.000000
0.000000
0.000000
0.000000
0.000000
0.000000
0.000000
0.000000
0.000000
0.000000
0.000000
0.000000
0.000000
0.000000
0.000000
0.000000
0.000000
0.000000
0.000000
0.000000
0.000000
0.000000
0.000000
0.000000
0.000000
0.000000
0.000000
0.000000
0.000000
0.000000
0.000000
0.000000
0.000000
0.000000
0.000000
0.000000
0.000000
0.000000
0.000000
0.000000
0.000000
0.000000
0.000000
0.000000
0.000000
0.000000
0.000000
0.000000
0.000000
0.000000
0.000000
0.000000
0.000000
0.000000
0.000000
0.000000
0.000000
0.000000
0.000000
0.000000
0.000000
0.000000
0.000000
0.000000
0.000000
0.000000
0.000000
0.000000
0.000000
0.000000
0.000000
0.000000
0.000000
0.000000
0.000000
0.000000
0.000000
0.000000
0.000000
0.000000
0.000000
0.000000
0.000000
0.000000
0.000000
0.000000
0.000000
0.000000
0.000000
0.000000
0.000000
0.000000
0.000000
0.000000
0.000000
0.000000
0.000000
0.000000
0.000000
0.000000
0.000000
0.000000
0.000000
0.000000
0.000000
0.000000
0.000000
0.000000
0.000000
0.000000
0.000000
0.000000
0.000000
0.000000
0.000000
0.000000
0.000000
0.000000
0.000000
0.000000
0.000000
0.000000
0.000000
0.000000
0.000000
0.000000
0.000000
0.000000
0.000000
0.000000
0.000000
0.000000
0.000000
0.000000
0.000000
0.000000
0.000000
0.000000
0.000000
0.000000
0.000000
0.000000
0.000000
0.000000
0.000000
0.000000
0.000000
0.000000
0.000000
0.000000
0.000000
0.000000
0.000000
0.000000
0.000000
0.000000
0.000000
0.000000
0.000000
0.000000
0.000000
0.000000
0.000000
0.000000
0.000000
0.000000
0.000000
0.000000
0.000000
0.000000
0.000000
0.000000
0.000000
0.000000
0.000000
0.000000
0.000000
0.000000
0.000000
0.000000
0.000000
0.000000
0.000000
0.000000
0.000000
0.000000
0.000000
0.000000
0.000000
0.000000
0.000000
0.000000
0.000000
0.000000
0.000000
0.000000
0.000000
0.000000
0.000000
0.000000
0.000000
0.000000
0.000000
0.000000
0.000000
0.000000
0.000000
0.000000
0.000000
0.000000
0.000000
0.000000
0.000000
0.000000
0.000000
0.000000
0.000000
0.000000
0.000000
0.000000
0.000000
0.000000
0.000000
0.000000
0.000000
0.000000
0.000000
0.000000
0.000000
0.000000
0.000000
0.000000
0.000000
0.000000
0.000000
0.000000
0.000000
0.000000
0.000000
0.000000
0.000000
0.000000
0.000000
0.000000
0.000000
0.000000
0.000000
0.000000
0.000000
0.000000
0.000000
0.000000
0.000000
0.000000
0.000000
0.000000
0.000000
0.000000
0.000000
0.000000
0.000000
0.000000
0.000000
0.000000
0.000000
0.000000
0.000000
0.000000
0.000000
0.000000
0.000000
0.000000
0.000000
0.000000
0.000000
0.000000
0.000000
0.000000
0.000000
0.000000
0.000000
0.000000
0.000000
0.000000
0.000000
0.000000
0.000000
0.000000
0.000000
0.000000
0.000000
0.000000
0.000000
0.000000
0.000000
0.000000
0.000000
0.000000
0.000000
0.000000
0.000000
0.000000
0.000000
0.000000
0.000000
0.000000
0.000000
0.000000
0.000000
0.000000
0.000000
0.000000
0.000000
0.000000
0.000000
0.000000
0.000000
0.000000
0.000000
0.000000
0.000000
0.000000
0.000000
0.000000
0.000000
0.000000
0.000000
0.000000
0.000000
0.000000
0.000000
0.000000
0.000000
0.000000
0.000000
0.000000
0.000000
0.000000
0.000000
0.000000
0.000000
0.000000
0.000000
0.000000
0.000000
0.000000
0.000000
0.000000
0.000000
0.000000
0.000000
0.000000
0.000000
0.000000
0.000000
0.000000
0.000000
0.000000
0.000000
0.000000
0.000000
0.000000
0.000000
0.000000
0.000000
0.000000
0.000000
0.000000
0.000000
0.000000
0.000000
0.000000
0.000000
0.000000
0.000000
0.000000
0.000000
0.000000
0.000000
0.000000
0.000000
0.000000
0.000000
0.000000
0.000000
0.000000
0.000000
0.000000
0.000000
0.000000
0.000000
0.000000
0.000000
0.000000
0.000000
0.000000
0.000000
0.000000
0.000000
0.000000
0.000000
0.000000
0.000000
0.000000
0.000000
0.000000
0.000000
0.000000
0.000000
0.000000
0.000000
0.000000
0.000000
0.000000
0.000000
0.000000
0.000000
0.000000
0.000000
0.000000
0.000000
0.000000
0.000000
0.000000
0.000000
0.000000
0.000000
0.000000
0.000000
0.000000
0.000000
0.000000
0.000000
0.000000
0.000000
0.000000
0.000000
0.000000
0.000000
0.000000
0.000000
0.000000
0.000000
0.000000
0.000000
0.000000
0.000000
0.000000
0.000000
0.000000
0.000000
0.000000
0.000000
0.000000
0.000000
0.000000
0.000000
0.000000
0.000000
0.000000
0.000000
0.000000
0.000000
0.000000
0.000000
0.000000
0.000000
0.000000
0.000000
0.000000
0.000000
0.000000
0.000000
0.000000
0.000000
0.000000
0.000000
0.000000
0.000000
0.000000
0.000000
0.000000
0.000000
0.000000
0.000000
0.000000
0.000000
0.000000
0.000000
0.000000
0.000000
0.000000
0.000000
0.000000
0.000000
0.000000
0.000000
0.000000
0.000000
0.000000
0.000000
0.000000
0.000000
0.000000
0.000000
0.000000
0.000000
0.000000
0.000000
0.000000
0.000000
0.000000
0.000000
0.000000
0.000000
0.000000
0.000000
0.000000
0.000000
0.000000
0.000000
0.000000
0.000000
0.000000
0.000000
0.000000
0.000000
0.000000
0.000000
0.000000
0.000000
0.000000
0.000000
0.000000
0.000000
0.000000
0.000000
0.000000
0.000000
0.000000
0.000000
0.000000
0.000000
0.000000
0.000000
0.000000
0.000000
0.000000
0.000000
0.000000
0.000000
0.000000
0.000000
0.000000
0.000000
0.000000
0.000000
0.000000
0.000000
0.000000
0.000000
0.000000
0.000000
0.000000
0.000000
0.000000
0.000000
0.000000
0.000000
0.000000
0.000000
0.000000
0.000000
0.000000
0.000000
0.000000
0.000000
0.000000
0.000000
0.000000
0.000000
0.000000
0.000000
0.000000
0.000000
0.000000
0.000000
0.000000
0.000000
0.000000
0.000000
0.000000
0.000000
0.000000
0.000000
0.000000
0.000000
0.000000
0.000000
0.000000
0.000000
0.000000
0.000000
0.000000
0.000000
0.000000
0.000000
0.000000
0.000000
0.000000
0.000000
0.000000
0.000000
0.000000
0.000000
0.000000
0.000000
0.000000
0.000000
0.000000
0.000000
0.000000
0.000000
0.000000
0.000000
0.000000
0.000000
0.000000
0.000000
0.000000
0.000000
0.000000
0.000000
0.000000
0.000000
0.000000
0.000000
0.000000
0.000000
0.000000
0.000000
0.000000
0.000000
0.000000
0.000000
0.000000
0.000000
0.000000
0.000000
0.000000
0.000000
0.000000
0.000000
0.000000
0.000000
0.000000
0.000000
0.000000
0.000000
0.000000
0.000000
0.000000
0.000000
0.000000
0.000000
0.000000
0.000000
0.000000
0.000000
0.000000
0.000000
0.000000
0.000000
0.000000
0.000000
0.000000
0.000000
0.000000
0.000000
0.000000
0.000000
0.000000
0.000000
0.000000
0.000000
0.000000
0.000000
0.000000
0.000000
0.000000
0.000000
0.000000
0.000000
0.000000
0.000000
0.000000
0.000000
0.000000
0.000000
0.000000
0.000000
0.000000
0.000000
0.000000
0.000000
0.000000
0.000000
0.000000
0.000000
0.000000
0.000000
0.000000
0.000000
0.000000
0.000000
0.000000
0.000000
0.000000
0.000000
0.000000
0.000000
0.000000
0.000000
0.000000
0.000000
0.000000
0.000000
0.000000
0.000000
0.000000
0.000000
0.000000
0.000000
0.000000
0.000000
0.000000
0.000000
0.000000
0.000000
0.000000
0.000000
0.000000
0.000000
0.000000
0.000000
0.000000
0.000000
0.000000
0.000000
0.000000
0.000000
0.000000
0.000000
0.000000
0.000000
0.000000
0.000000
0.000000
0.000000
0.000000
0.000000
0.000000
0.000000
0.000000
0.000000
0.000000
0.000000
0.000000
0.000000
0.000000
0.000000
0.000000
0.000000
0.000000
0.000000
0.000000
0.000000
0.000000
0.000000
0.000000
0.000000
0.000000
0.000000
0.000000
0.000000
0.000000
0.000000
0.000000
0.000000
0.000000
0.000000
0.000000
0.000000
0.000000
0.000000
0.000000
0.000000
0.000000
0.000000
0.000000
0.000000
0.000000
0.000000
0.000000
0.000000
0.000000
0.000000
0.000000
0.000000
0.000000
0.000000
0.000000
0.000000
0.000000
0.000000
0.000000
0.000000
0.000000
0.000000
0.000000
0.000000
0.000000
0.000000
0.000000
0.000000
0.000000
0.000000
0.000000
0.000000
0.000000
0.000000
0.000000
0.000000
0.000000
0.000000
0.000000
0.000000
0.000000
0.000000
0.000000
0.000000
0.000000
0.000000
0.000000
0.000000
0.000000
0.000000
0.000000
0.000000
0.000000
0.000000
0.000000
0.000000
0.000000
0.000000
0.000000
0.000000
0.000000
0.000000
0.000000
0.000000
0.000000
0.000000
0.000000
0.000000
0.000000
0.000000
0.000000
0.000000
0.000000
0.000000
0.000000
0.000000
0.000000
0.000000
0.000000
0.000000
0.000000
0.000000
0.000000
0.000000
0.000000
0.000000
0.000000
0.000000
0.000000
0.000000
0.000000
0.000000
0.000000
0.000000
0.000000
0.000000
0.000000
0.000000
0.000000
0.000000
0.000000
0.000000
0.000000
0.000000
0.000000
0.000000
0.000000
0.000000
0.000000
0.000000
0.000000
0.000000
0.000000
0.000000
0.000000
0.000000
0.000000
0.000000
0.000000
0.000000
0.000000
0.000000
0.000000
0.000000
0.000000
0.000000
0.000000
0.000000
0.000000
0.000000
0.000000
0.000000
0.000000
0.000000
0.000000
0.000000
0.000000
0.000000
0.000000
0.000000
0.000000
0.000000
0.000000
0.000000
0.000000
0.000000
0.000000
0.000000
0.000000
0.000000
0.000000
0.000000
0.000000
0.000000
0.000000
0.000000
0.000000
0.000000
0.000000
0.000000
0.000000
0.000000
0.000000
0.000000
0.000000
0.000000
0.000000
0.000000
0.000000
0.000000
0.000000
0.000000
0.000000
0.000000
0.000000
0.000000
0.000000
0.000000
0.000000
0.000000
0.000000
0.000000
0.000000
0.000000
0.000000
0.000000
0.000000
0.000000
0.000000
0.000000
0.000000
0.000000
0.000000
0.000000
0.000000
0.000000
0.000000
0.000000
0.000000
0.000000
0.000000
0.000000
0.000000
0.000000
0.000000
0.000000
0.000000
0.000000
0.000000
0.000000
0.000000
0.000000
0.000000
0.000000
0.000000
0.000000
0.000000
0.000000
0.000000
0.000000
0.000000
0.000000
0.000000
0.000000
0.000000
0.000000
0.000000
0.000000
0.000000
0.000000
0.000000
0.000000
0.000000
0.000000
0.000000
0.000000
0.000000
0.000000
0.000000
0.000000
0.000000
0.000000
0.000000
0.000000
0.000000
0.000000
0.000000
0.000000
0.000000
0.000000
0.000000
0.000000
0.000000
0.000000
0.000000
0.000000
0.000000
0.000000
0.000000
0.000000
0.000000
0.000000
0.000000
0.000000
0.000000
0.000000
0.000000
0.000000
0.000000
0.000000
0.000000
0.000000
0.000000
0.000000
0.000000
0.000000
0.000000
0.000000
0.000000
0.000000
0.000000
0.000000
0.000000
0.000000
0.000000
0.000000
0.000000
0.000000
0.000000
0.000000
0.000000
0.000000
0.000000
0.000000
0.000000
0.000000
0.000000
0.000000
0.000000
0.000000
0.000000
0.000000
0.000000
0.000000
0.000000
0.000000
0.000000
0.000000
0.000000
0.000000
0.000000
0.000000
0.000000
0.000000
0.000000
0.000000
0.000000
0.000000
0.000000
0.000000
0.000000
0.000000
0.000000
0.000000
0.000000
0.000000
0.000000
0.000000
0.000000
0.000000
0.000000
0.000000
0.000000
0.000000
0.000000
0.000000
0.000000
0.000000
0.000000
0.000000
0.000000
0.000000
0.000000
0.000000
0.000000
0.000000
0.000000
0.000000
0.000000
0.000000
0.000000
0.000000
0.000000
0.000000
0.000000
0.000000
0.000000
0.000000
0.000000
0.000000
0.000000
0.000000
0.000000
0.000000
0.000000
0.000000
0.000000
0.000000
0.000000
0.000000
0.000000
0.000000
0.000000
0.000000
0.000000
0.000000
0.000000
0.000000
0.000000
0.000000
0.000000
0.000000
0.000000
0.000000
0.000000
0.000000
0.000000
0.000000
0.000000
0.000000
0.000000
0.000000
0.000000
0.000000
0.000000
0.000000
0.000000
0.000000
0.000000
0.000000
0.000000
0.000000
0.000000
0.000000
0.000000
0.000000
0.000000
0.000000
0.000000
0.000000
0.000000
0.000000
0.000000
0.000000
0.000000
0.000000
0.000000
0.000000
0.000000
0.000000
0.000000
0.000000
0.000000
0.000000
0.000000
0.000000
0.000000
0.000000
0.000000
0.000000
0.000000
0.000000
0.000000
0.000000
0.000000
0.000000
0.000000
0.000000
0.000000
0.000000
0.000000
0.000000
0.000000
0.000000
0.000000
0.000000
0.000000
0.000000
0.000000
0.000000
0.000000
0.000000
0.000000
0.000000
0.000000
0.000000
0.000000
0.000000
0.000000
0.000000
0.000000
0.000000
0.000000
0.000000
0.000000
0.000000
0.000000
0.000000
0.000000
0.000000
0.000000
0.000000
0.000000
0.000000
0.000000
0.000000
0.000000
0.000000
0.000000
0.000000
0.000000
0.000000
0.000000
0.000000
0.000000
0.000000
0.000000
0.000000
0.000000
0.000000
0.000000
0.000000
0.000000
0.000000
0.000000
0.000000
0.000000
0.000000
0.000000
0.000000
0.000000
0.000000
0.000000
0.000000
0.000000
0.000000
0.000000
0.000000
0.000000
0.000000
0.000000
0.000000
0.000000
0.000000
0.000000
0.000000
0.000000
0.000000
0.000000
0.000000
0.000000
0.000000
0.000000
0.000000
0.000000
0.000000
0.000000
0.000000
0.000000
0.000000
0.000000
0.000000
0.000000
0.000000
0.000000
0.000000
0.000000
0.000000
0.000000
0.000000
0.000000
0.000000
0.000000
0.000000
0.000000
0.000000
0.000000
0.000000
0.000000
0.000000
0.000000
0.000000
0.000000
0.000000
0.000000
0.000000
0.000000
0.000000
0.000000
0.000000
0.000000
0.000000
0.000000
0.000000
0.000000
0.000000
0.000000
0.000000
0.000000
0.000000
0.000000
0.000000
0.000000
0.000000
0.000000
0.000000
0.000000
0.000000
0.000000
0.000000
0.000000
0.000000
0.000000
0.000000
0.000000
0.000000
0.000000
0.000000
0.000000
0.000000
0.000000
0.000000
0.000000
0.000000
0.000000
0.000000
0.000000
0.000000
0.000000
0.000000
0.000000
0.000000
0.000000
0.000000
0.000000
0.000000
0.000000
0.000000
0.000000
0.000000
0.000000
0.000000
0.000000
0.000000
0.000000
0.000000
0.000000
0.000000
0.000000
0.000000
0.000000
0.000000
0.000000
0.000000
0.000000
0.000000
0.000000
0.000000
0.000000
0.000000
0.000000
0.000000
0.000000
0.000000
0.000000
0.000000
0.000000
0.000000
0.000000
0.000000
0.000000
0.000000
0.000000
0.000000
0.000000
0.000000
0.000000
0.000000
0.000000
0.000000
0.000000
0.000000
0.000000
0.000000
0.000000
0.000000
0.000000
0.000000
0.000000
0.000000
0.000000
0.000000
0.000000
0.000000
0.000000
0.000000
0.000000
0.000000
0.000000
0.000000
0.000000
0.000000
0.000000
0.000000
0.000000
0.000000
0.000000
0.000000
0.000000
0.000000
0.000000
0.000000
0.000000
0.000000
0.000000
0.000000
0.000000
0.000000
0.000000
0.000000
0.000000
0.000000
0.000000
0.000000
0.000000
0.000000
0.000000
0.000000
0.000000
0.000000
0.000000
0.000000
0.000000
0.000000
0.000000
0.000000
0.000000
0.000000
0.000000
0.000000
0.000000
0.000000
0.000000
0.000000
0.000000
0.000000
0.000000
0.000000
0.000000
0.000000
0.000000
0.000000
0.000000
0.000000
0.000000
0.000000
0.000000
0.000000
0.000000
0.000000
0.000000
0.000000
0.000000
0.000000
0.000000
0.000000
0.000000
0.000000
0.000000
0.000000
0.000000
0.000000
0.000000
0.000000
0.000000
0.000000
0.000000
0.000000
0.000000
0.000000
0.000000
0.000000
0.000000
0.000000
0.000000
0.000000
0.000000
0.000000
0.000000
0.000000
0.000000
0.000000
0.000000
0.000000
0.000000
0.000000
0.000000
0.000000
0.000000
0.000000
0.000000
0.000000
0.000000
0.000000
0.000000
0.000000
0.000000
0.000000
0.000000
0.000000
0.000000
0.000000
0.000000
0.000000
0.000000
0.000000
0.000000
0.000000
0.000000
0.000000
0.000000
0.000000
0.000000
0.000000
0.000000
0.000000
0.000000
0.000000
0.000000
0.000000
0.000000
0.000000
0.000000
0.000000
0.000000
0.000000
0.000000
0.000000
0.000000
0.000000
0.000000
0.000000
0.000000
0.000000
0.000000
0.000000
0.000000
0.000000
0.000000
0.000000
0.000000
0.000000
0.000000
0.000000
0.000000
0.000000
0.000000
0.000000
0.000000
0.000000
0.000000
0.000000
0.000000
0.000000
0.000000
0.000000
0.000000
0.000000
0.000000
0.000000
0.000000
0.000000
0.000000
0.000000
0.000000
0.000000
0.000000
0.000000
0.000000
0.000000
0.000000
0.000000
0.000000
0.000000
0.000000
0.000000
0.000000
0.000000
0.000000
0.000000
0.000000
0.000000
0.000000
0.000000
0.000000
0.000000
0.000000
0.000000
0.000000
0.000000
0.000000
0.000000
0.000000
0.000000
0.000000
0.000000
0.000000
0.000000
0.000000
0.000000
0.000000
0.000000
0.000000
0.000000
0.000000
0.000000
0.000000
0.000000
0.000000
0.000000
0.000000
0.000000
0.000000
0.000000
0.000000
0.000000
0.000000
0.000000
0.000000
0.000000
0.000000
0.000000
0.000000
0.000000
0.000000
0.000000
0.000000
0.000000
0.000000
0.000000
0.000000
0.000000
0.000000
0.000000
0.000000
0.000000
0.000000
0.000000
0.000000
0.000000
0.000000
0.000000
0.000000
0.000000
0.000000
0.000000
0.000000
0.000000
0.000000
0.000000
0.000000
0.000000
0.000000
0.000000
0.000000
0.000000
0.000000
0.000000
0.000000
0.000000
0.000000
0.000000
0.000000
0.000000
0.000000
0.000000
0.000000
0.000000
0.000000
0.000000
0.000000
0.000000
0.000000
0.000000
0.000000
0.000000
0.000000
0.000000
0.000000
0.000000
0.000000
0.000000
0.000000
0.000000
0.000000
0.000000
0.000000
0.000000
0.000000
0.000000
0.000000
0.000000
0.000000
0.000000
0.000000
0.000000
0.000000
0.000000
0.000000
0.000000
0.000000
0.000000
0.000000
0.000000
0.000000
0.000000
0.000000
0.000000
0.000000
0.000000
0.000000
0.000000
0.000000
0.000000
0.000000
0.000000
0.000000
0.000000
0.000000
0.000000
0.000000
0.000000
0.000000
0.000000
0.000000
0.000000
0.000000
0.000000
0.000000
0.000000
0.000000
0.000000
0.000000
0.000000
0.000000
0.000000
0.000000
0.000000
0.000000
0.000000
0.000000
0.000000
0.000000
0.000000
0.000000
0.000000
0.000000
0.000000
0.000000
0.000000
0.000000
0.000000
0.000000
0.000000
0.000000
0.000000
0.000000
0.000000
0.000000
0.000000
0.000000
0.000000
0.000000
0.000000
0.000000
0.000000
0.000000
0.000000
0.000000
0.000000
0.000000
0.000000
0.000000
0.000000
0.000000
0.000000
0.000000
0.000000
0.000000
0.000000
0.000000
0.000000
0.000000
0.000000
0.000000
0.000000
0.000000
0.000000
0.000000
0.000000
0.000000
0.000000
0.000000
0.000000
0.000000
0.000000
0.000000
0.000000
0.000000
0.000000
0.000000
0.000000
0.000000
0.000000
0.000000
0.000000
0.000000
0.000000
0.000000
0.000000
0.000000
0.000000
0.000000
0.000000
0.000000
0.000000
0.000000
0.000000
0.000000
0.000000
0.000000
0.000000
0.000000
0.000000
0.000000
0.000000
0.000000
0.000000
0.000000
0.000000
0.000000
0.000000
0.000000
0.000000
0.000000
0.000000
0.000000
0.000000
0.000000
0.000000
0.000000
0.000000
0.000000
0.000000
0.000000
0.000000
0.000000
0.000000
0.000000
0.000000
0.000000
0.000000
0.000000
0.000000
0.000000
0.000000
0.000000
0.000000
0.000000
0.000000
0.000000
0.000000
0.000000
0.000000
0.000000
0.000000
0.000000
0.000000
0.000000
0.000000
0.000000
0.000000
0.000000
0.000000
0.000000
0.000000
0.000000
0.000000
0.000000
0.000000
0.000000
0.000000
0.000000
0.000000
0.000000
0.000000
0.000000
0.000000
0.000000
0.000000
0.000000
0.000000
0.000000
0.000000
0.000000
0.000000
0.000000
0.000000
0.000000
0.000000
0.000000
0.000000
0.000000
0.000000
0.000000
0.000000
0.000000
0.000000
0.000000
0.000000
0.000000
0.000000
0.000000
0.000000
0.000000
0.000000
0.000000
0.000000
0.000000
0.000000
0.000000
0.000000
0.000000
0.000000
0.000000
0.000000
0.000000
0.000000
0.000000
0.000000
0.000000
0.000000
0.000000
0.000000
0.000000
0.000000
0.000000
0.000000
0.000000
0.000000
0.000000
0.000000
0.000000
0.000000
0.000000
0.000000
0.000000
0.000000
0.000000
0.000000
0.000000
0.000000
0.000000
0.000000
0.000000
0.000000
0.000000
0.000000
0.000000
0.000000
0.000000
0.000000
0.000000
0.000000
0.000000
0.000000
0.000000
0.000000
0.000000
0.000000
0.000000
0.000000
0.000000
0.000000
0.000000
0.000000
0.000000
0.000000
0.000000
0.000000
0.000000
0.000000
0.000000
0.000000
0.000000
0.000000
0.000000
0.000000
0.000000
0.000000
0.000000
0.000000
0.000000
0.000000
0.000000
0.000000
0.000000
0.000000
0.000000
0.000000
0.000000
0.000000
0.000000
0.000000
0.000000
0.000000
0.000000
0.000000
0.000000
0.000000
0.000000
0.000000
0.000000
0.000000
0.000000
0.000000
0.000000
0.000000
0.000000
0.000000
0.000000
0.000000
0.000000
0.000000
0.000000
0.000000
0.000000
0.000000
0.000000
0.000000
0.000000
0.000000
0.000000
0.000000
0.000000
0.000000
0.000000
0.000000
0.000000
0.000000
0.000000
0.000000
0.000000
0.000000
0.000000
0.000000
0.000000
0.000000
0.000000
0.000000
0.000000
0.000000
0.000000
0.000000
0.000000
0.000000
0.000000
0.000000
0.000000
0.000000
0.000000
0.000000
0.000000
0.000000
0.000000
0.000000
0.000000
0.000000
0.000000
0.000000
0.000000
0.000000
0.000000
0.000000
0.000000
0.000000
0.000000
0.000000
0.000000
0.000000
0.000000
0.000000
0.000000
0.000000
0.000000
0.000000
0.000000
0.000000
0.000000
0.000000
0.000000
0.000000
0.000000
0.000000
0.000000
0.000000
0.000000
0.000000
0.000000
0.000000
0.000000
0.000000
0.000000
0.000000
0.000000
0.000000
0.000000
0.000000
0.000000
0.000000
0.000000
0.000000
0.000000
0.000000
0.000000
0.000000
0.000000
0.000000
0.000000
0.000000
0.000000
0.000000
0.000000
0.000000
0.000000
0.000000
0.000000
0.000000
0.000000
0.000000
0.000000
0.000000
0.000000
0.000000
0.000000
0.000000
0.000000
0.000000
0.000000
0.000000
0.000000
0.000000
0.000000
0.000000
0.000000
0.000000
0.000000
0.000000
0.000000
0.000000
0.000000
0.000000
0.000000
0.000000
0.000000
0.000000
0.000000
0.000000
0.000000
0.000000
0.000000
0.000000
0.000000
0.000000
0.000000
0.000000
0.000000
0.000000
0.000000
0.000000
0.000000
0.000000
0.000000
0.000000
0.000000
0.000000
0.000000
0.000000
0.000000
0.000000
0.000000
0.000000
0.000000
0.000000
0.000000
0.000000
0.000000
0.000000
0.000000
0.000000
0.000000
0.000000
0.000000
0.000000
0.000000
0.000000
0.000000
0.000000
0.000000
0.000000
0.000000
0.000000
0.000000
0.000000
0.000000
0.000000
0.000000
0.000000
0.000000
0.000000
0.000000
0.000000
0.000000
0.000000
0.000000
0.000000
0.000000
0.000000
0.000000
0.000000
0.000000
0.000000
0.000000
0.000000
0.000000
0.000000
0.000000
0.000000
0.000000
0.000000
0.000000
0.000000
0.000000
0.000000
0.000000
0.000000
0.000000
0.000000
0.000000
0.000000
0.000000
0.000000
0.000000
0.000000
0.000000
0.000000
0.000000
0.000000
0.000000
0.000000
0.000000
0.000000
0.000000
0.000000
0.000000
0.000000
0.000000
0.000000
0.000000
0.000000
0.000000
0.000000
0.000000
0.000000
0.000000
0.000000
0.000000
0.000000
0.000000
0.000000
0.000000
0.000000
0.000000
0.000000
0.000000
0.000000
0.000000
0.000000
0.000000
0.000000
0.000000
0.000000
0.000000
0.000000
0.000000
0.000000
0.000000
0.000000
0.000000
0.000000
0.000000
0.000000
0.000000
0.000000
0.000000
0.000000
0.000000
0.000000
0.000000
0.000000
0.000000
0.000000
0.000000
0.000000
0.000000
0.000000
0.000000
0.000000
0.000000
0.000000
0.000000
0.000000
0.000000
0.000000
0.000000
0.000000
0.000000
0.000000
0.000000
0.000000
0.000000
0.000000
0.000000
0.000000
0.000000
0.000000
0.000000
0.000000
0.000000
0.000000
0.000000
0.000000
0.000000
0.000000
0.000000
0.000000
0.000000
0.000000
0.000000
0.000000
0.000000
0.000000
0.000000
0.000000
0.000000
0.000000
0.000000
0.000000
0.000000
0.000000
0.000000
0.000000
0.000000
0.000000
0.000000
0.000000
0.000000
0.000000
0.000000
0.000000
0.000000
0.000000
0.000000
0.000000
0.000000
0.000000
0.000000
0.000000
0.000000
0.000000
0.000000
0.000000
0.000000
0.000000
0.000000
0.000000
0.000000
0.000000
0.000000
0.000000
0.000000
0.000000
0.000000
0.000000
0.000000
0.000000
0.000000
0.000000
0.000000
0.000000
0.000000
0.000000
0.000000
0.000000
0.000000
0.000000
0.000000
0.000000
0.000000
0.000000
0.000000
0.000000
0.000000
0.000000
0.000000
0.000000
0.000000
0.000000
0.000000
0.000000
0.000000
0.000000
0.000000
0.000000
0.000000
0.000000
0.000000
0.000000
0.000000
0.000000
0.000000
0.000000
0.000000
0.000000
0.000000
0.000000
0.000000
0.000000
0.000000
0.000000
0.000000
0.000000
0.000000
0.000000
0.000000
0.000000
0.000000
0.000000
0.000000
0.000000
0.000000
0.000000
0.000000
0.000000
0.000000
0.000000
0.000000
0.000000
0.000000
0.000000
0.000000
0.000000
0.000000
0.000000
0.000000
0.000000
0.000000
0.000000
0.000000
0.000000
0.000000
0.000000
0.000000
0.000000
0.000000
0.000000
0.000000
0.000000
0.000000
0.000000
0.000000
0.000000
0.000000
0.000000
0.000000
0.000000
0.000000
0.000000
0.000000
0.000000
0.000000
0.000000
0.000000
0.000000
0.000000
0.000000
0.000000
0.000000
0.000000
0.000000
0.000000
0.000000
0.000000
0.000000
0.000000
0.000000
0.000000
0.000000
0.000000
0.000000
0.000000
0.000000
0.000000
0.000000
0.000000
0.000000
0.000000
0.000000
0.000000
0.000000
0.000000
0.000000
0.000000
0.000000
0.000000
0.000000
0.000000
0.000000
0.000000
0.000000
0.000000
0.000000
0.000000
0.000000
0.000000
0.000000
0.000000
0.000000
0.000000
0.000000
0.000000
0.000000
0.000000
0.000000
0.000000
0.000000
0.000000
0.000000
0.000000
0.000000
0.000000
0.000000
0.000000
0.000000
0.000000
0.000000
0.000000
0.000000
0.000000
0.000000
0.000000
0.000000
