-0.004153
-0.002099
0.000218
0.001461
0.000827
-0.000450
-0.001245
-0.001258
-0.000781
-0.000385
-0.000453
-0.001637
-0.001730
-0.000816
-0.000321
0.000580
0.000033
0.000097
-0.000597
-0.000906
-0.000444
-0.000470
-0.000287
-0.000802
-0.002195
-0.001614
-0.000400
0.000846
0.000904
0.000710
-0.000119
-0.000662
-0.000684
-0.000471
0.000175
0.000373
0.000125
-0.000604
-0.001192
-0.000179
0.000564
0.000805
0.000185
-0.003417
-0.002671
-0.001402
-0.000755
-0.000175
0.000609
0.000424
0.000095
0.002740
0.004625
-0.001865
-0.006528
-0.004740
0.000482
0.004068
0.004155
0.001598
-0.001392
-0.001180
-0.001170
-0.001346
-0.002612
-0.004426
-0.005351
-0.005220
-0.003841
-0.002471
-0.000439
-0.000783
-0.001776
-0.005428
-0.010289
-0.017855
-0.029878
-0.043611
-0.054289
-0.059028
-0.062601
-0.069457
-0.079220
-0.090339
-0.099115
-0.102998
-0.100301
-0.091181
-0.078243
-0.059727
-0.040416
-0.022334
-0.009613
0.001492
0.014060
0.026071
0.040593
0.053616
0.063785
0.072402
0.079555
0.085108
0.086881
0.081746
0.073300
0.061833
0.052202
0.045661
0.042412
0.035492
0.027799
0.023722
0.019725
0.018539
0.016137
0.013581
0.009918
0.008413
0.007642
0.007562
0.006594
0.004457
0.004219
0.004336
0.004117
0.003386
0.002831
0.003376
0.003145
0.002636
0.003203
0.003134
0.003008
0.002369
0.000836
0.000778
0.000657
0.000430
0.000690
0.000991
-0.000235
0.000247
0.002469
0.007718
0.015836
0.026142
0.032358
0.035612
0.041872
0.044588
0.049244
0.056181
0.058570
0.059023
0.059600
0.061626
0.066223
0.067421
0.069140
0.072154
0.073249
0.074566
0.074610
0.071456
0.066528
0.055916
0.047656
0.041655
0.038170
0.036015
0.034141
0.029103
0.024759
0.020058
0.018360
0.018256
0.014841
0.010154
0.008216
0.007084
0.006819
0.006524
0.005235
0.003428
0.002908
0.002994
0.002839
0.003077
0.003409
0.002516
0.002147
0.001468
0.001256
0.001698
0.001596
0.001089
0.000532
0.000743
0.001415
0.001229
0.000548
0.000036
-0.000003
0.000360
0.001258
0.000818
0.000773
0.002182
0.004836
0.008129
0.013657
0.016136
0.017426
0.018421
0.020903
0.024425
0.027084
0.030247
0.035011
0.037068
0.035556
0.032546
0.026534
0.018622
0.010921
0.005079
0.001093
-0.003480
-0.010190
-0.016186
-0.022240
-0.028338
-0.032293
-0.034617
-0.035516
-0.036662
-0.037948
-0.036679
-0.029725
-0.019393
-0.010320
-0.003922
0.000429
0.004517
0.008610
0.013579
0.019780
0.023464
0.028412
0.033903
0.038755
0.042617
0.043426
0.043438
0.042687
0.041834
0.042889
0.043986
0.044699
0.046101
0.046277
0.050795
0.053322
0.051743
0.048419
0.045120
0.042557
0.038511
0.032563
0.024045
0.016190
0.009429
0.002853
-0.003500
-0.010042
-0.015199
-0.018944
-0.022068
-0.026875
-0.034735
-0.036866
-0.038542
-0.039543
-0.040424
-0.042090
-0.044100
-0.045646
-0.046516
-0.040456
-0.029704
-0.018645
-0.009131
-0.004498
-0.000385
0.004351
0.011136
0.018009
0.024640
0.029191
0.031934
0.033900
0.035775
0.037921
0.040678
0.042768
0.044889
0.046397
0.048470
0.049522
0.049289
0.049162
0.048964
0.048747
0.049654
0.050584
0.052827
0.053216
0.044799
0.032416
0.019883
0.012141
0.008658
0.003835
-0.002550
-0.009665
-0.017471
-0.021520
-0.021203
-0.023421
-0.028014
-0.034799
-0.040646
-0.042422
-0.042181
-0.041227
-0.044263
-0.046778
-0.049121
-0.046507
-0.040553
-0.028715
-0.011192
-0.001387
0.000823
0.004136
0.009070
0.015757
0.024328
0.030640
0.036007
0.037874
0.037749
0.039052
0.042147
0.047209
0.051267
0.052667
0.052566
0.051113
0.050231
0.049359
0.048988
0.049481
0.051044
0.053854
0.055248
0.054401
0.051461
0.041179
0.028178
0.018058
0.011476
0.006693
0.001005
-0.007163
-0.015421
-0.022043
-0.024861
-0.027626
-0.030810
-0.034441
-0.040717
-0.038454
-0.030768
-0.019831
-0.010710
-0.004451
-0.000435
0.004519
0.009871
0.016867
0.023221
0.025425
0.027343
0.029368
0.031215
0.033335
0.033854
0.028105
0.018440
0.009225
0.002280
-0.002306
-0.005494
-0.009694
-0.017390
-0.024865
-0.029374
-0.033452
-0.034927
-0.036968
-0.037994
-0.036212
-0.028093
-0.017979
-0.009346
-0.003137
0.000603
0.005145
0.011688
0.018276
0.022929
0.028457
0.032407
0.033601
0.036165
0.038606
0.040665
0.042188
0.043240
0.044250
0.044933
0.048569
0.051683
0.053231
0.052320
0.049637
0.047095
0.048049
0.048905
0.049664
0.047646
0.040273
0.030791
0.019163
0.010553
0.006032
0.002134
-0.002195
-0.009969
-0.017880
-0.025511
-0.029286
-0.029741
-0.030931
-0.033460
-0.035250
-0.029336
-0.018584
-0.007774
-0.002039
0.001920
0.004458
0.010089
0.017458
0.023128
0.028874
0.032505
0.035261
0.037855
0.040708
0.040736
0.036568
0.031675
0.026846
0.021984
0.017003
0.011801
0.003183
-0.002314
-0.006721
-0.010605
-0.020158
-0.025730
-0.029392
-0.031493
-0.031087
-0.033332
-0.038410
-0.042584
-0.042608
-0.034388
-0.021814
-0.012406
-0.007412
-0.004157
0.001168
0.008211
0.015929
0.021915
0.026561
0.030500
0.035147
0.037869
0.038444
0.041770
0.047556
0.056733
0.069397
0.079340
0.084924
0.086518
0.088446
0.090731
0.092771
0.093693
0.093171
0.093188
0.093197
0.095028
0.098425
0.105380
0.109327
0.110556
0.111832
0.113959
0.114337
0.115873
0.117894
0.118667
0.117033
0.113815
0.107179
0.097613
0.084346
0.070708
0.059656
0.049180
0.040927
0.034025
0.031199
0.028649
0.024989
0.020365
0.016284
0.013472
0.011137
0.012119
0.008736
0.006518
0.004823
0.002083
-0.000274
-0.002263
-0.005980
-0.010713
-0.013002
-0.013672
-0.014562
-0.015114
-0.015250
-0.016041
-0.016044
-0.008897
-0.010043
-0.012148
-0.012623
-0.015121
-0.016349
-0.015750
-0.013989
-0.015294
-0.014447
-0.013002
-0.011521
-0.010728
-0.011229
-0.011177
-0.010540
-0.009495
-0.008938
-0.007902
-0.008162
-0.008237
-0.008905
-0.008876
-0.009015
-0.008255
-0.007562
-0.007838
-0.009234
-0.011365
-0.012537
-0.012466
-0.012161
-0.011633
-0.009799
-0.009792
-0.010185
-0.010632
-0.011385
-0.012653
-0.013411
-0.014656
-0.015097
-0.015101
-0.013868
-0.014414
-0.016505
-0.016934
-0.016234
-0.015889
-0.012728
-0.010725
-0.009850
-0.009559
-0.009350
-0.007828
-0.006778
-0.011121
-0.011326
-0.011357
-0.011145
-0.011592
-0.012346
-0.012978
-0.013164
-0.014475
-0.013805
-0.012624
-0.009620
-0.009703
-0.010893
-0.011586
-0.012353
-0.012098
-0.011506
-0.011482
-0.011755
-0.012785
-0.013039
-0.012395
-0.011932
-0.009943
-0.010353
-0.011525
-0.012207
-0.011402
-0.010183
-0.009434
-0.010802
-0.013095
-0.014907
-0.015785
-0.015012
-0.014929
-0.013814
-0.014408
-0.014514
-0.015118
-0.015631
-0.015578
-0.013961
-0.014889
-0.014836
-0.014266
-0.013369
-0.009588
-0.009433
-0.010241
-0.012645
-0.012761
-0.011881
-0.011636
-0.011988
-0.012860
-0.013993
-0.013623
-0.017425
-0.015520
-0.015226
-0.016924
-0.019694
-0.020039
-0.015546
-0.011325
-0.009663
-0.009972
-0.011436
-0.010674
-0.010255
-0.008751
-0.008665
-0.010223
-0.012717
-0.014500
-0.017066
-0.018123
-0.017498
-0.016162
-0.013577
-0.012044
-0.011619
-0.010528
-0.009804
-0.010034
-0.009150
-0.007589
-0.007042
-0.007249
-0.008056
-0.009380
-0.009891
-0.009345
-0.009494
-0.010786
-0.011368
-0.012806
-0.013283
-0.012624
-0.010656
-0.010061
-0.010892
-0.012479
-0.014036
-0.014633
-0.010910
-0.010753
-0.011339
-0.010923
-0.011388
-0.010983
-0.010549
-0.009970
-0.011202
-0.011494
-0.011220
-0.011019
-0.010754
-0.010827
-0.012449
-0.013017
-0.010985
-0.011486
-0.012334
-0.011248
-0.011049
-0.011279
-0.009890
-0.008226
-0.007846
-0.008212
-0.009547
-0.012598
-0.014017
-0.014332
-0.013672
-0.013095
-0.015801
-0.017575
-0.017681
-0.016464
-0.015067
-0.013496
-0.013132
-0.013106
-0.012269
-0.012487
-0.012181
-0.012527
-0.012527
-0.011971
-0.011826
-0.011517
-0.011027
-0.011145
-0.012371
-0.013376
-0.012898
-0.011192
-0.011765
-0.013234
-0.014127
-0.016800
-0.017143
-0.015247
-0.015398
-0.014878
-0.015367
-0.014967
-0.013694
-0.011788
-0.010808
-0.010233
-0.010656
-0.011482
-0.010287
-0.010315
-0.010598
-0.010329
-0.013648
-0.018766
-0.027295
-0.038743
-0.050196
-0.058722
-0.063529
-0.066530
-0.071404
-0.079496
-0.090787
-0.099624
-0.103157
-0.102491
-0.102171
-0.103850
-0.105159
-0.107639
-0.111191
-0.113397
-0.113098
-0.112643
-0.114089
-0.115072
-0.114700
-0.115467
-0.115906
-0.112584
-0.101249
-0.091772
-0.080980
-0.068408
-0.055234
-0.043620
-0.035504
-0.029786
-0.025322
-0.020453
-0.015737
-0.010234
-0.006995
-0.004485
-0.002230
-0.000212
0.001485
0.004195
0.006769
0.009161
0.011046
0.012168
0.012321
0.013796
0.016096
0.017251
0.016908
0.015765
0.014578
0.014176
0.014300
0.014227
0.014261
0.014746
0.014815
0.016161
0.018503
0.020230
0.020774
0.019913
0.018544
0.017702
0.018133
0.017630
0.017225
0.016473
0.015816
0.015190
0.015727
0.015018
0.012638
0.011516
0.011948
0.013237
0.015784
0.017043
0.017699
0.017430
0.016493
0.015069
0.015027
0.014890
0.014545
0.014173
0.014775
0.015763
0.016708
0.017349
0.017921
0.018242
0.018350
0.018567
0.018445
0.018253
0.017880
0.018372
0.017725
0.017173
0.015869
0.014897
0.014019
0.015532
0.016045
0.018163
0.020964
0.021215
0.018856
0.016682
0.015491
0.015545
0.015769
0.015843
0.015706
0.015681
0.015692
0.015304
0.014864
0.016433
0.019201
0.020739
0.019246
0.016816
0.014885
0.013760
0.013191
0.013375
0.014212
0.014525
0.014422
0.014885
0.014790
0.015035
0.016907
0.019809
0.021453
0.021225
0.020142
0.019377
0.018608
0.017935
0.017322
0.017211
0.016797
0.016783
0.016344
0.015504
0.017563
0.018476
0.018913
0.018566
0.018056
0.018287
0.017532
0.017123
0.017032
0.017306
0.017894
0.016933
0.015038
0.014558
0.014742
0.015599
0.018636
0.020168
0.020345
0.020191
0.018939
0.017656
0.017832
0.017239
0.016555
0.015329
0.013175
0.012939
0.012943
0.011235
0.010884
0.010845
0.011702
0.012989
0.014085
0.015918
0.016982
0.018237
0.019559
0.020817
0.019973
0.018493
0.017541
0.016916
0.017036
0.017764
0.018119
0.017594
0.016112
0.015073
0.015135
0.016050
0.015034
0.013258
0.012651
0.012245
0.012814
0.014243
0.015442
0.018007
0.019896
0.020360
0.020311
0.020360
0.019974
0.018373
0.016527
0.014792
0.014331
0.012336
0.011417
0.010889
0.012125
0.014976
0.019547
0.024662
0.031276
0.039870
0.050701
0.061004
0.070398
0.079255
0.086191
0.090762
0.095327
0.099037
0.100366
0.100604
0.103227
0.104429
0.104298
0.105400
0.109192
0.112827
0.113509
0.112489
0.112016
0.113940
0.116199
0.121080
0.124105
0.120175
0.106762
0.089702
0.073234
0.059112
0.049935
0.041766
0.035302
0.027832
0.020681
0.013937
0.008683
0.004746
0.001763
-0.000518
-0.002385
-0.005131
-0.008241
-0.010907
-0.012362
-0.013246
-0.013892
-0.019403
-0.020847
-0.021848
-0.023192
-0.023370
-0.021691
-0.021878
-0.022506
-0.023515
-0.023808
-0.023717
-0.025991
-0.027910
-0.028862
-0.028333
-0.026524
-0.025056
-0.023667
-0.023403
-0.023378
-0.024197
-0.024232
-0.024281
-0.025025
-0.026334
-0.026377
-0.024838
-0.023102
-0.022219
-0.021796
-0.024595
-0.026041
-0.025747
-0.025310
-0.023848
-0.024725
-0.024569
-0.023407
-0.023010
-0.022467
-0.023704
-0.026390
-0.027916
-0.030496
-0.031081
-0.029394
-0.026980
-0.024349
-0.023767
-0.023304
-0.023134
-0.025608
-0.028204
-0.028798
-0.028313
-0.026539
-0.024580
-0.023606
-0.022622
-0.021177
-0.021402
-0.023728
-0.024365
-0.026257
-0.028164
-0.027894
-0.026518
-0.025643
-0.025188
-0.026292
-0.028419
-0.029178
-0.027134
-0.024805
-0.024427
-0.021523
-0.021071
-0.021251
-0.022819
-0.025189
-0.027620
-0.026788
-0.025251
-0.024515
-0.025092
-0.026845
-0.028633
-0.029402
-0.027610
-0.025932
-0.025064
-0.024566
-0.024330
-0.024058
-0.024193
-0.023799
-0.023796
-0.022602
-0.020102
-0.021022
-0.020326
-0.023429
-0.028880
-0.033072
-0.033121
-0.034095
-0.039708
-0.050274
-0.061595
-0.070840
-0.077340
-0.082872
-0.086745
-0.087424
-0.087983
-0.092431
-0.098207
-0.100427
-0.096356
-0.086440
-0.071926
-0.061515
-0.058081
-0.058665
-0.067047
-0.078885
-0.082861
-0.084713
-0.088326
-0.092742
-0.095196
-0.096511
-0.099885
-0.107082
-0.110252
-0.106600
-0.097042
-0.078696
-0.059327
-0.040959
-0.025536
-0.011298
0.002035
0.014640
0.027599
0.041097
0.053672
0.064664
0.074350
0.080750
0.086241
0.089378
0.092435
0.096173
0.098584
0.098999
0.100124
0.102770
0.104858
0.106260
0.108594
0.111888
0.115181
0.116628
0.114694
0.109483
0.100483
0.085974
0.070267
0.060006
0.052800
0.047036
0.040863
0.034344
0.027657
0.022853
0.021828
0.020122
0.016771
0.013877
0.011931
0.010223
0.008693
0.007642
0.006206
0.004935
0.004095
0.004149
0.003226
0.002094
0.001259
0.000438
-0.000281
0.001752
0.003442
0.005359
0.001326
-0.001617
-0.001952
-0.000194
0.001492
0.000723
-0.001184
-0.002676
-0.001879
-0.000199
0.000380
0.000659
-0.000362
-0.000166
0.000804
0.000439
0.000554
0.000471
0.000321
0.000546
0.001004
0.000532
0.000165
-0.000229
-0.000934
-0.001974
-0.002059
-0.008655
-0.016028
-0.027795
-0.040797
-0.049648
-0.055529
-0.060503
-0.065197
-0.072741
-0.081665
-0.090962
-0.098427
-0.101057
-0.101874
-0.106950
-0.111824
-0.118018
-0.123714
-0.126977
-0.123641
-0.116944
-0.111193
-0.108041
-0.106801
-0.106701
-0.107367
-0.104840
-0.095691
-0.076979
-0.053820
-0.033475
-0.017968
-0.008325
0.000927
0.013610
0.031333
0.048992
0.061831
0.066963
0.068992
0.072260
0.075826
0.077273
0.073411
0.062494
0.052857
0.046753
0.042501
0.038114
0.033149
0.025947
0.022033
0.017334
0.016729
0.015537
0.013298
0.010923
0.007927
0.007699
0.007401
0.006418
0.005383
0.004895
0.004200
0.003906
0.003124
0.002013
0.001767
0.001921
0.001641
0.001261
0.000641
0.000436
0.000845
0.001269
0.000782
0.000803
0.000171
-0.000088
-0.002402
-0.008343
-0.017651
-0.028502
-0.039489
-0.050621
-0.060138
-0.068022
-0.074977
-0.077256
-0.071532
-0.056206
-0.035105
-0.016956
-0.005339
0.003482
0.014303
0.026281
0.039809
0.054192
0.066414
0.074227
0.079360
0.081538
0.084207
0.089758
0.094772
0.098329
0.101755
0.105294
0.108179
0.110707
0.111328
0.105591
0.094623
0.074274
0.045890
0.018419
0.004082
-0.003926
-0.010712
-0.023454
-0.037959
-0.051499
-0.062928
-0.070994
-0.069857
-0.056256
-0.035750
-0.015673
0.000487
0.011414
0.015815
0.022467
0.034978
0.051735
0.065531
0.074480
0.078301
0.080445
0.077632
0.067501
0.053530
0.034164
0.018996
0.007009
-0.002126
-0.010675
-0.022722
-0.038877
-0.052592
-0.054260
-0.050540
-0.024002
-0.000581
0.017803
0.026878
0.030437
0.036925
0.046521
0.060247
0.076258
0.087228
0.092301
0.094061
0.095626
0.098120
0.100274
0.103425
0.106874
0.107167
0.103586
0.096378
0.087198
0.073448
0.062523
0.053710
0.047641
0.042166
0.036970
0.032065
0.030146
0.034076
0.043000
0.053999
0.062758
0.068226
0.075087
0.081019
0.086222
0.089216
0.093106
0.096164
0.099325
0.103262
0.105572
0.105128
0.103277
0.103342
0.106784
0.110060
0.108933
0.098629
0.079368
0.057839
0.036841
0.021188
0.009344
-0.002284
-0.013667
-0.028675
-0.042766
-0.056825
-0.066738
-0.071406
-0.073246
-0.079619
-0.088029
-0.092635
-0.095617
-0.104886
-0.115703
-0.119002
-0.113449
-0.105730
-0.099321
-0.107970
-0.097964
-0.096654
-0.091926
-0.089294
-0.089881
-0.094260
-0.100128
-0.104377
-0.108301
-0.111901
-0.114030
-0.116923
-0.117958
-0.117960
-0.116815
-0.118859
-0.123740
-0.122426
-0.112288
-0.092878
-0.064846
-0.038765
-0.019511
-0.005329
0.007189
0.020007
0.035376
0.052104
0.070005
0.085863
0.094827
0.095867
0.092656
0.091276
0.092341
0.094687
0.097249
0.099222
0.100803
0.101703
0.104485
0.108985
0.112010
0.112475
0.112910
0.114422
0.115805
0.116716
0.117551
0.116242
0.112754
0.110593
0.111143
0.114503
0.117662
0.116037
0.111782
0.107686
0.106371
0.102758
0.093398
0.076241
0.051645
0.028265
0.013135
0.004088
-0.005605
-0.018171
-0.030681
-0.042313
-0.055226
-0.068773
-0.078607
-0.083721
-0.086706
-0.091618
-0.098766
-0.103530
-0.105130
-0.104575
-0.101153
-0.096844
-0.089140
-0.077232
-0.065153
-0.054725
-0.047617
-0.042123
-0.038945
-0.036718
-0.037606
-0.044451
-0.053769
-0.063736
-0.074938
-0.081629
-0.086985
-0.090172
-0.093503
-0.096198
-0.098311
-0.100805
-0.101232
-0.096535
-0.086142
-0.073577
-0.061576
-0.053196
-0.048257
-0.043627
-0.037731
-0.030824
-0.025622
-0.022538
-0.020255
-0.017989
-0.014639
-0.011138
-0.010503
-0.009218
-0.008584
-0.009113
-0.007727
-0.005576
-0.003899
-0.003539
-0.003727
-0.003725
-0.003683
-0.002882
-0.001557
-0.000722
-0.002107
-0.002583
-0.003235
-0.002746
-0.001666
-0.000336
0.000135
-0.000097
-0.003007
-0.003303
-0.000426
-0.000172
-0.000834
-0.000469
-0.000473
-0.000640
0.001054
0.000957
0.001333
0.000738
0.001991
0.000908
0.000043
0.000213
0.000523
0.000195
0.000730
0.000548
0.001177
0.001126
0.001723
0.002351
-0.000097
-0.001626
-0.002671
-0.001932
-0.000215
-0.000032
0.001770
0.004570
0.002735
-0.001542
-0.003282
-0.001224
0.003011
0.005129
0.003592
0.001516
-0.001961
-0.001466
0.000673
0.003689
0.003818
0.001106
-0.000797
-0.001267
-0.000405
0.001149
0.005708
0.005672
0.002201
-0.001842
-0.004589
-0.000484
0.003526
0.002949
0.000522
-0.001940
-0.002729
-0.001373
0.001270
0.000028
-0.001512
-0.001652
-0.001850
-0.001782
-0.000733
0.001947
0.001138
-0.001291
-0.000125
0.000977
0.002600
0.003150
0.002167
0.000386
0.000669
0.001343
0.000260
-0.003334
-0.005791
-0.005123
-0.003480
-0.002156
-0.001574
-0.001069
-0.000470
0.000111
-0.000411
-0.000646
-0.000269
-0.000223
0.000259
0.000260
-0.000041
0.000344
0.001813
0.001248
0.001003
0.001635
0.000699
-0.000060
-0.000549
-0.001158
-0.003100
-0.009006
-0.018529
-0.029813
-0.039871
-0.048357
-0.055841
-0.061789
-0.070878
-0.080141
-0.090730
-0.098914
-0.102557
-0.104398
-0.106205
-0.106537
-0.103682
-0.105538
-0.109183
-0.112170
-0.111459
-0.112851
-0.115556
-0.114237
-0.111155
-0.110493
-0.111564
-0.111318
-0.110584
-0.111221
-0.112804
-0.115472
-0.118484
-0.120649
-0.117011
-0.104696
-0.081859
-0.058580
-0.034735
-0.016435
-0.003677
0.005946
0.018996
0.036398
0.053553
0.065321
0.072496
0.079057
0.085196
0.089984
0.094727
0.098990
0.103225
0.107920
0.113048
0.114991
0.112614
0.107185
0.106052
0.111471
0.118554
0.121382
0.110703
0.090166
0.064062
0.043050
0.030680
0.021450
0.008359
-0.009077
-0.025935
-0.039163
-0.049486
-0.056094
-0.062265
-0.069745
-0.077825
-0.084926
-0.093189
-0.103822
-0.110508
-0.110783
-0.108936
-0.107893
-0.106867
-0.105121
-0.106130
-0.107550
-0.107895
-0.106041
-0.105473
-0.107534
-0.107837
-0.108276
-0.110444
-0.114284
-0.115529
-0.114302
-0.110460
-0.105221
-0.091305
-0.075536
-0.060775
-0.050642
-0.043047
-0.038708
-0.033973
-0.029180
-0.024099
-0.019747
-0.017203
-0.018278
-0.016768
-0.013108
-0.009876
-0.007117
-0.004856
-0.003297
0.000578
-0.000906
-0.001599
-0.001528
-0.000792
-0.001619
-0.002215
-0.002579
-0.002032
-0.000370
0.001005
0.001266
0.000792
0.000060
0.000050
0.001145
0.002836
0.002997
0.000736
-0.000010
0.000039
0.000776
0.000549
-0.000020
-0.001195
-0.001197
0.001850
0.002290
0.001834
0.003516
0.004735
0.004013
0.003740
0.002635
0.001690
0.000627
0.000158
-0.000403
-0.000538
-0.000735
0.002896
0.002095
0.001773
0.002101
0.000268
-0.003079
-0.001036
0.001521
0.008153
0.019146
0.031673
0.044539
0.052218
0.057618
0.062684
0.069479
0.076291
0.083149
0.089167
0.093799
0.097101
0.098931
0.102534
0.105873
0.108742
0.109488
0.111018
0.113702
0.116269
0.118278
0.120502
0.122002
0.120691
0.117068
0.113746
0.107241
0.097450
0.084549
0.069260
0.057416
0.051725
0.047004
0.041311
0.034826
0.028112
0.023057
0.018654
0.016836
0.016403
0.014705
0.012114
0.008684
0.007181
0.006368
0.005841
0.006477
0.006179
0.005651
0.004890
0.002971
0.002501
0.002942
0.002256
0.001384
0.005036
0.007210
0.004314
-0.000018
-0.004887
-0.003685
0.000290
0.002371
0.001072
-0.000682
-0.000110
0.001394
0.001130
0.000705
0.000495
0.000519
0.000763
0.000147
0.000381
-0.000225
-0.000800
-0.004465
-0.012017
-0.020366
-0.030069
-0.039804
-0.048363
-0.058092
-0.069204
-0.077422
-0.083171
-0.090338
-0.096315
-0.099064
-0.101956
-0.107215
-0.112144
-0.112184
-0.111380
-0.109968
-0.107981
-0.107447
-0.108408
-0.109518
-0.109719
-0.107439
-0.106648
-0.106992
-0.105213
-0.100510
-0.092039
-0.079349
-0.066034
-0.055234
-0.047756
-0.042472
-0.038140
-0.031762
-0.026076
-0.020170
-0.019136
-0.018894
-0.017547
-0.013581
-0.010702
-0.010260
-0.012195
-0.011565
-0.005337
0.004055
0.004409
-0.004126
-0.012421
-0.013327
-0.007062
-0.000669
0.001167
-0.001768
-0.003922
-0.003154
-0.001100
0.000730
-0.000009
-0.000834
-0.000800
0.000169
0.000798
0.000480
-0.000065
-0.000490
-0.000061
0.000857
0.000690
0.000603
0.000370
0.000633
0.000483
-0.000224
-0.000205
0.002896
0.007657
0.013804
0.021262
0.027056
0.031418
0.035250
0.040874
0.046544
0.049106
0.051207
0.053102
0.056291
0.059202
0.063123
0.067477
0.071019
0.073081
0.073097
0.071508
0.069090
0.068286
0.068889
0.069959
0.071358
0.073099
0.074631
0.075838
0.077012
0.077028
0.072778
0.070476
0.068797
0.069121
0.069858
0.070832
0.071482
0.071631
0.072755
0.074168
0.075259
0.075696
0.073970
0.069373
0.061497
0.051948
0.044123
0.038748
0.035767
0.033469
0.029583
0.024956
0.019939
0.016946
0.015949
0.015178
0.012431
0.010028
0.007436
0.006188
0.006823
0.006401
0.004763
0.004143
0.002979
0.002415
0.002115
0.002300
0.002508
0.001621
0.000482
-0.000390
0.001740
0.003245
0.001650
0.000616
-0.001693
-0.000690
0.001543
0.002377
0.001397
0.000089
-0.000641
-0.000474
-0.000058
0.000400
0.000956
0.001775
0.002631
0.003783
0.004930
0.006711
0.008110
0.009169
0.009446
0.009583
0.011344
0.012460
0.013124
0.013906
0.014560
0.013390
0.013836
0.014790
0.015293
0.014906
0.015865
0.016174
0.015740
0.015789
0.016850
0.017815
0.017893
0.016561
0.015322
0.015800
0.016039
0.016961
0.017953
0.016942
0.016269
0.015451
0.015722
0.017215
0.018041
0.017918
0.016960
0.016780
0.016754
0.016976
0.017566
0.019026
0.020687
0.021270
0.020623
0.019367
0.018202
0.018371
0.018805
0.019891
0.020544
0.020070
0.018727
0.017394
0.017331
0.017793
0.018540
0.018835
0.017729
0.016251
0.015638
0.016164
0.018029
0.019731
0.019059
0.017843
0.017001
0.017183
0.018177
0.018286
0.017631
0.018239
0.018945
0.018473
0.018449
0.017929
0.016802
0.016240
0.016353
0.018136
0.018935
0.017816
0.016417
0.015842
0.016178
0.017714
0.018034
0.015664
0.012994
0.011613
0.011180
0.012141
0.012589
0.013918
0.017139
0.021523
0.025814
0.028962
0.031594
0.033176
0.035404
0.038289
0.042510
0.045811
0.047545
0.045753
0.040126
0.032138
0.021840
0.012026
0.000526
-0.009406
-0.019786
-0.032517
-0.045015
-0.057850
-0.069272
-0.078690
-0.083784
-0.085723
-0.088373
-0.094208
-0.098273
-0.100421
-0.100488
-0.101172
-0.100886
-0.100718
-0.097482
-0.086098
-0.067706
-0.044065
-0.023371
-0.009261
0.000453
0.009022
0.020648
0.036993
0.055896
0.069405
0.076377
0.078220
0.077902
0.074174
0.063195
0.045033
0.024411
0.007310
-0.004356
-0.010395
-0.017068
-0.029722
-0.046650
-0.062075
-0.070671
-0.074474
-0.079081
-0.082388
-0.085352
-0.091758
-0.100702
-0.105663
-0.110454
-0.112963
-0.112587
-0.109027
-0.105810
-0.105148
-0.106694
-0.108442
-0.109145
-0.108160
-0.103340
-0.092880
-0.078626
-0.065950
-0.054681
-0.046081
-0.039667
-0.034640
-0.031428
-0.026725
-0.022138
-0.017570
-0.015296
-0.012354
-0.011397
-0.010149
-0.008199
-0.007106
-0.006659
-0.006466
-0.006065
-0.004876
-0.004130
-0.003436
-0.001392
-0.001579
-0.002925
-0.003434
-0.002523
-0.001299
-0.000492
-0.000325
-0.000418
-0.000904
-0.000715
0.000184
0.000539
0.000803
-0.001644
-0.003349
-0.004062
-0.002622
-0.001022
0.000262
0.000991
0.002114
0.000675
0.000065
0.000693
0.000868
0.000680
0.001378
0.002107
0.002960
0.002711
0.003043
0.002392
0.000911
0.000049
0.000679
0.001003
0.001023
0.000791
0.000636
-0.000146
-0.000398
-0.000922
0.000055
0.000564
0.000305
0.000445
0.000107
-0.000945
-0.000744
-0.000050
0.000974
0.001311
0.000491
-0.000440
-0.000855
-0.000374
0.000471
0.000908
0.001566
0.001134
0.000331
-0.001004
-0.000837
-0.000061
0.000755
0.001022
0.000025
-0.000508
0.000504
0.000772
0.001224
0.002257
0.000956
-0.000169
-0.001370
-0.000545
0.000143
-0.000420
-0.000436
0.000383
-0.000118
-0.000268
0.000288
0.001252
0.000934
0.002836
0.001564
0.000865
0.000676
0.001460
0.000967
0.001223
0.001203
-0.001764
-0.001379
0.000334
0.000447
0.000648
0.000281
-0.000121
-0.000177
0.000351
0.001138
0.000507
0.000237
-0.001015
-0.000768
-0.000181
0.000483
0.000878
0.000698
-0.000792
-0.000753
-0.000811
-0.000454
-0.000602
-0.000650
0.000677
0.000376
-0.000393
-0.000706
0.000184
-0.001505
-0.001908
-0.001688
-0.001953
-0.002628
-0.000963
-0.000292
0.001359
0.003363
0.002726
0.000613
-0.000421
0.001707
0.001261
0.001307
0.000184
0.000165
0.000013
0.001791
0.002907
0.002309
0.001020
0.000148
-0.000893
-0.000064
0.000951
0.000387
0.000335
0.000323
-0.000232
0.000053
0.000422
0.001012
0.000619
0.000647
0.001558
0.000827
0.000403
0.000627
0.001027
0.000014
0.000257
-0.000348
-0.001002
-0.000369
-0.000542
-0.001211
-0.001839
-0.001729
-0.001256
-0.000293
0.000289
-0.000073
0.000122
-0.000277
-0.001038
-0.000026
-0.000037
-0.002284
-0.002595
-0.001948
-0.001168
-0.001004
-0.000338
-0.000231
-0.000180
0.000047
0.000329
-0.000256
0.000144
0.000904
0.000648
0.001518
0.001111
0.000623
0.000877
0.000779
-0.000165
0.000005
-0.000335
-0.000535
-0.001473
-0.001304
-0.000547
-0.000724
-0.003018
-0.004826
-0.008890
-0.012031
-0.012660
-0.013564
-0.014013
-0.017338
-0.020583
-0.019567
-0.021363
-0.022331
-0.024458
-0.027067
-0.029885
-0.031000
-0.032278
-0.031620
-0.030887
-0.029999
-0.031533
-0.029398
-0.022990
-0.009401
0.006525
0.020313
0.029191
0.036251
0.041968
0.051285
0.064358
0.077458
0.086796
0.091763
0.090864
0.085201
0.072303
0.055717
0.041010
0.031014
0.024302
0.017674
0.009432
0.000163
-0.008175
-0.013643
-0.018087
-0.022281
-0.026134
-0.029754
-0.034518
-0.039165
-0.042990
-0.044196
-0.044534
-0.044959
-0.043465
-0.043311
-0.044693
-0.049880
-0.053215
-0.054769
-0.054612
-0.052487
-0.052871
-0.052840
-0.051525
-0.049517
-0.051173
-0.053049
-0.054216
-0.054066
-0.055667
-0.055969
-0.055766
-0.054967
-0.052928
-0.052155
-0.053150
-0.054265
-0.055325
-0.056231
-0.055918
-0.056321
-0.054793
-0.052233
-0.050956
-0.050904
-0.052617
-0.054637
-0.055308
-0.056176
-0.055668
-0.055256
-0.054113
-0.052660
-0.052278
-0.052316
-0.054049
-0.056847
-0.057410
-0.057133
-0.055518
-0.054471
-0.053343
-0.050874
-0.049862
-0.051386
-0.053817
-0.055438
-0.056787
-0.056579
-0.055974
-0.055275
-0.053963
-0.052429
-0.052285
-0.053377
-0.054256
-0.054686
-0.055658
-0.055040
-0.051650
-0.043685
-0.034670
-0.026927
-0.023054
-0.020706
-0.018038
-0.011841
-0.006183
-0.002093
-0.000388
0.001149
0.002620
0.004556
0.006542
0.007373
0.007435
0.009748
0.011428
0.013303
0.014661
0.013841
0.013108
0.013218
0.014348
0.016302
0.016516
0.015499
0.014471
0.014632
0.015363
0.017658
0.018289
0.016878
0.016313
0.015598
0.017090
0.019526
0.021873
0.019288
0.017262
0.016514
0.017178
0.018110
0.017331
0.016518
0.016228
0.015642
0.015048
0.014028
0.011702
0.009079
0.007851
0.008050
0.007648
0.006660
0.005264
0.004836
0.003613
0.003236
0.003067
0.002548
0.002244
0.001468
0.001200
0.000987
0.000646
0.000479
0.000609
0.000438
-0.000232
0.000022
-0.001847
-0.003904
-0.002604
0.001769
0.008889
0.019158
0.030628
0.040625
0.049419
0.058775
0.067450
0.073994
0.079311
0.083861
0.088707
0.092917
0.096440
0.096398
0.091054
0.079428
0.065173
0.054798
0.048011
0.044066
0.040024
0.034795
0.028215
0.022443
0.019473
0.019388
0.017447
0.015347
0.012096
0.010433
0.008809
0.008246
0.007195
0.005914
0.004796
0.004570
0.003959
0.003246
0.002151
0.001857
0.001937
0.001517
0.001435
0.001032
0.000633
0.000719
-0.000134
-0.000172
0.000442
0.000610
0.000878
-0.001349
-0.000913
-0.000826
0.000457
0.000538
-0.001071
-0.001194
-0.000577
0.000334
0.000561
0.000708
-0.000203
-0.000417
0.000927
0.002400
-0.000407
0.000000
0.000000
0.000000
0.000000
0.000000
0.000000
0.000000
0.000000
0.000000
0.000000
0.000000
0.000000
0.000000
0.000000
0.000000
0.000000
0.000000
0.000000
0.000000
0.000000
0.000000
0.000000
0.000000
0.000000
0.000000
0.000000
0.000000
0.000000
0.000000
0.000000
0.000000
0.000000
0.000000
0.000000
0.000000
0.000000
0.000000
0.000000
0.000000
0.000000
0.000000
0.000000
0.000000
0.000000
0.000000
0.000000
0.000000
0.000000
0.000000
0.000000
0.000000
0.000000
0.000000
0.000000
0.000000
0.000000
0.000000
0.000000
0.000000
0.000000
0.000000
0.000000
0.000000
0.000000
0.000000
0.000000
0.000000
0.000000
0.000000
0.000000
0.000000
0.000000
0.000000
0.000000
0.000000
0.000000
0.000000
0.000000
0.000000
0.000000
0.000000
0.000000
0.000000
0.000000
0.000000
0.000000
0.000000
0.000000
0.000000
0.000000
0.000000
0.000000
0.000000
0.000000
0.000000
0.000000
0.000000
0.000000
0.000000
0.000000
0.000000
0.000000
0.000000
0.000000
0.000000
0.000000
0.000000
0.000000
0.000000
0.000000
0.000000
0.000000
0.000000
0.000000
0.000000
0.000000
0.000000
0.000000
0.000000
0.000000
0.000000
0.000000
0.000000
0.000000
0.000000
0.000000
0.000000
0.000000
0.000000
0.000000
0.000000
0.000000
0.000000
0.000000
0.000000
0.000000
0.000000
0.000000
0.000000
0.000000
0.000000
0.000000
0.000000
0.000000
0.000000
0.000000
0.000000
0.000000
0.000000
0.000000
0.000000
0.000000
0.000000
0.000000
0.000000
0.000000
0.000000
0.000000
0.000000
0.000000
0.000000
0.000000
0.000000
0.000000
0.000000
0.000000
0.000000
0.000000
0.000000
0.000000
0.000000
0.000000
0.000000
0.000000
0.000000
0.000000
0.000000
0.000000
0.000000
0.000000
0.000000
0.000000
0.000000
0.000000
0.000000
0.000000
0.000000
0.000000
0.000000
0.000000
0.000000
0.000000
0.000000
0.000000
0.000000
0.000000
0.000000
0.000000
0.000000
0.000000
0.000000
0.000000
0.000000
0.000000
0.000000
0.000000
0.000000
0.000000
0.000000
0.000000
0.000000
0.000000
0.000000
0.000000
0.000000
0.000000
0.000000
0.000000
0.000000
0.000000
0.000000
0.000000
0.000000
0.000000
0.000000
0.000000
0.000000
0.000000
0.000000
0.000000
0.000000
0.000000
0.000000
0.000000
0.000000
0.000000
0.000000
0.000000
0.000000
0.000000
0.000000
0.000000
0.000000
0.000000
0.000000
0.000000
0.000000
0.000000
0.000000
0.000000
0.000000
0.000000
0.000000
0.000000
0.000000
0.000000
0.000000
0.000000
0.000000
0.000000
0.000000
0.000000
0.000000
0.000000
0.000000
0.000000
0.000000
0.000000
0.000000
0.000000
0.000000
0.000000
0.000000
0.000000
0.000000
0.000000
0.000000
0.000000
0.000000
0.000000
0.000000
0.000000
0.000000
0.000000
0.000000
0.000000
0.000000
0.000000
0.000000
0.000000
0.000000
0.000000
0.000000
0.000000
0.000000
0.000000
0.000000
0.000000
0.000000
0.000000
0.000000
0.000000
0.000000
0.000000
0.000000
0.000000
0.000000
0.000000
0.000000
0.000000
0.000000
0.000000
0.000000
0.000000
0.000000
0.000000
0.000000
0.000000
0.000000
0.000000
0.000000
0.000000
0.000000
0.000000
0.000000
0.000000
0.000000
0.000000
0.000000
0.000000
0.000000
0.000000
0.000000
0.000000
0.000000
0.000000
0.000000
0.000000
0.000000
0.000000
0.000000
0.000000
0.000000
0.000000
0.000000
0.000000
0.000000
0.000000
0.000000
0.000000
0.000000
0.000000
0.000000
0.000000
0.000000
0.000000
0.000000
0.000000
0.000000
0.000000
0.000000
0.000000
0.000000
0.000000
0.000000
0.000000
0.000000
0.000000
0.000000
0.000000
0.000000
0.000000
0.000000
0.000000
0.000000
0.000000
0.000000
0.000000
0.000000
0.000000
0.000000
0.000000
0.000000
0.000000
0.000000
0.000000
0.000000
0.000000
0.000000
0.000000
0.000000
0.000000
0.000000
0.000000
0.000000
0.000000
0.000000
0.000000
0.000000
0.000000
0.000000
0.000000
0.000000
0.000000
0.000000
0.000000
0.000000
0.000000
0.000000
0.000000
0.000000
0.000000
0.000000
0.000000
0.000000
0.000000
0.000000
0.000000
0.000000
0.000000
0.000000
0.000000
0.000000
0.000000
0.000000
0.000000
0.000000
0.000000
0.000000
0.000000
0.000000
0.000000
0.000000
0.000000
0.000000
0.000000
0.000000
0.000000
0.000000
0.000000
0.000000
0.000000
0.000000
0.000000
0.000000
0.000000
0.000000
0.000000
0.000000
0.000000
0.000000
0.000000
0.000000
0.000000
0.000000
0.000000
0.000000
0.000000
0.000000
0.000000
0.000000
0.000000
0.000000
0.000000
0.000000
0.000000
0.000000
0.000000
0.000000
0.000000
0.000000
0.000000
0.000000
0.000000
0.000000
0.000000
0.000000
0.000000
0.000000
0.000000
0.000000
0.000000
0.000000
0.000000
0.000000
0.000000
0.000000
0.000000
0.000000
0.000000
0.000000
0.000000
0.000000
0.000000
0.000000
0.000000
0.000000
0.000000
0.000000
0.000000
0.000000
0.000000
0.000000
0.000000
0.000000
0.000000
0.000000
0.000000
0.000000
0.000000
0.000000
0.000000
0.000000
0.000000
0.000000
0.000000
0.000000
0.000000
0.000000
0.000000
0.000000
0.000000
0.000000
0.000000
0.000000
0.000000
0.000000
0.000000
0.000000
0.000000
0.000000
0.000000
0.000000
0.000000
0.000000
0.000000
0.000000
0.000000
0.000000
0.000000
0.000000
0.000000
0.000000
0.000000
0.000000
0.000000
0.000000
0.000000
0.000000
0.000000
0.000000
0.000000
0.000000
0.000000
0.000000
0.000000
0.000000
0.000000
0.000000
0.000000
0.000000
0.000000
0.000000
0.000000
0.000000
0.000000
0.000000
0.000000
0.000000
0.000000
0.000000
0.000000
0.000000
0.000000
0.000000
0.000000
0.000000
0.000000
0.000000
0.000000
0.000000
0.000000
0.000000
0.000000
0.000000
0.000000
0.000000
0.000000
0.000000
0.000000
0.000000
0.000000
0.000000
0.000000
0.000000
0.000000
0.000000
0.000000
0.000000
0.000000
0.000000
0.000000
0.000000
0.000000
0.000000
0.000000
0.000000
0.000000
0.000000
0.000000
0.000000
0.000000
0.000000
0.000000
0.000000
0.000000
0.000000
0.000000
0.000000
0.000000
0.000000
0.000000
0.000000
0.000000
0.000000
0.000000
0.000000
0.000000
0.000000
0.000000
0.000000
0.000000
0.000000
0.000000
0.000000
0.000000
0.000000
0.000000
0.000000
0.000000
0.000000
0.000000
0.000000
0.000000
0.000000
0.000000
0.000000
0.000000
0.000000
0.000000
0.000000
0.000000
0.000000
0.000000
0.000000
0.000000
0.000000
0.000000
0.000000
0.000000
0.000000
0.000000
0.000000
0.000000
0.000000
0.000000
0.000000
0.000000
0.000000
0.000000
0.000000
0.000000
0.000000
0.000000
0.000000
0.000000
0.000000
0.000000
0.000000
0.000000
0.000000
0.000000
0.000000
0.000000
0.000000
0.000000
0.000000
0.000000
0.000000
0.000000
0.000000
0.000000
0.000000
0.000000
0.000000
0.000000
0.000000
0.000000
0.000000
0.000000
0.000000
0.000000
0.000000
0.000000
0.000000
0.000000
0.000000
0.000000
0.000000
0.000000
0.000000
0.000000
0.000000
0.000000
0.000000
0.000000
0.000000
0.000000
0.000000
0.000000
0.000000
0.000000
0.000000
0.000000
0.000000
0.000000
0.000000
0.000000
0.000000
0.000000
0.000000
0.000000
0.000000
0.000000
0.000000
0.000000
0.000000
0.000000
0.000000
0.000000
0.000000
0.000000
0.000000
0.000000
0.000000
0.000000
0.000000
0.000000
0.000000
0.000000
0.000000
0.000000
0.000000
0.000000
0.000000
0.000000
0.000000
0.000000
0.000000
0.000000
0.000000
0.000000
0.000000
0.000000
0.000000
0.000000
0.000000
0.000000
0.000000
0.000000
0.000000
0.000000
0.000000
0.000000
0.000000
0.000000
0.000000
0.000000
0.000000
0.000000
0.000000
0.000000
0.000000
0.000000
0.000000
0.000000
0.000000
0.000000
0.000000
0.000000
0.000000
0.000000
0.000000
0.000000
0.000000
0.000000
0.000000
0.000000
0.000000
0.000000
0.000000
0.000000
0.000000
0.000000
0.000000
0.000000
0.000000
0.000000
0.000000
0.000000
0.000000
0.000000
0.000000
0.000000
0.000000
0.000000
0.000000
0.000000
0.000000
0.000000
0.000000
0.000000
0.000000
0.000000
0.000000
0.000000
0.000000
0.000000
0.000000
0.000000
0.000000
0.000000
0.000000
0.000000
0.000000
0.000000
0.000000
0.000000
0.000000
0.000000
0.000000
0.000000
0.000000
0.000000
0.000000
0.000000
0.000000
0.000000
0.000000
0.000000
0.000000
0.000000
0.000000
0.000000
0.000000
0.000000
0.000000
0.000000
0.000000
0.000000
0.000000
0.000000
0.000000
0.000000
0.000000
0.000000
0.000000
0.000000
0.000000
0.000000
0.000000
0.000000
0.000000
0.000000
0.000000
0.000000
0.000000
0.000000
0.000000
0.000000
0.000000
0.000000
0.000000
0.000000
0.000000
0.000000
0.000000
0.000000
0.000000
0.000000
0.000000
0.000000
0.000000
0.000000
0.000000
0.000000
0.000000
0.000000
0.000000
0.000000
0.000000
0.000000
0.000000
0.000000
0.000000
0.000000
0.000000
0.000000
0.000000
0.000000
0.000000
0.000000
0.000000
0.000000
0.000000
0.000000
0.000000
0.000000
0.000000
0.000000
0.000000
0.000000
0.000000
0.000000
0.000000
0.000000
0.000000
0.000000
0.000000
0.000000
0.000000
0.000000
0.000000
0.000000
0.000000
0.000000
0.000000
0.000000
0.000000
0.000000
0.000000
0.000000
0.000000
0.000000
0.000000
0.000000
0.000000
0.000000
0.000000
0.000000
0.000000
0.000000
0.000000
0.000000
0.000000
0.000000
0.000000
0.000000
0.000000
0.000000
0.000000
0.000000
0.000000
0.000000
0.000000
0.000000
0.000000
0.000000
0.000000
0.000000
0.000000
0.000000
0.000000
0.000000
0.000000
0.000000
0.000000
0.000000
0.000000
0.000000
0.000000
0.000000
0.000000
0.000000
0.000000
0.000000
0.000000
0.000000
0.000000
0.000000
0.000000
0.000000
0.000000
0.000000
0.000000
0.000000
0.000000
0.000000
0.000000
0.000000
0.000000
0.000000
0.000000
0.000000
0.000000
0.000000
0.000000
0.000000
0.000000
0.000000
0.000000
0.000000
0.000000
0.000000
0.000000
0.000000
0.000000
0.000000
0.000000
0.000000
0.000000
0.000000
0.000000
0.000000
0.000000
0.000000
0.000000
0.000000
0.000000
0.000000
0.000000
0.000000
0.000000
0.000000
0.000000
0.000000
0.000000
0.000000
0.000000
0.000000
0.000000
0.000000
0.000000
0.000000
0.000000
0.000000
0.000000
0.000000
0.000000
0.000000
0.000000
0.000000
0.000000
0.000000
0.000000
0.000000
0.000000
0.000000
0.000000
0.000000
0.000000
0.000000
0.000000
0.000000
0.000000
0.000000
0.000000
0.000000
0.000000
0.000000
0.000000
0.000000
0.000000
0.000000
0.000000
0.000000
0.000000
0.000000
0.000000
0.000000
0.000000
0.000000
0.000000
0.000000
0.000000
0.000000
0.000000
0.000000
0.000000
0.000000
0.000000
0.000000
0.000000
0.000000
0.000000
0.000000
0.000000
0.000000
0.000000
0.000000
0.000000
0.000000
0.000000
0.000000
0.000000
0.000000
0.000000
0.000000
0.000000
0.000000
0.000000
0.000000
0.000000
0.000000
0.000000
0.000000
0.000000
0.000000
0.000000
0.000000
0.000000
0.000000
0.000000
0.000000
0.000000
0.000000
0.000000
0.000000
0.000000
0.000000
0.000000
0.000000
0.000000
0.000000
0.000000
0.000000
0.000000
0.000000
0.000000
0.000000
0.000000
0.000000
0.000000
0.000000
0.000000
0.000000
0.000000
0.000000
0.000000
0.000000
0.000000
0.000000
0.000000
0.000000
0.000000
0.000000
0.000000
0.000000
0.000000
0.000000
0.000000
0.000000
0.000000
0.000000
0.000000
0.000000
0.000000
0.000000
0.000000
0.000000
0.000000
0.000000
0.000000
0.000000
0.000000
0.000000
0.000000
0.000000
0.000000
0.000000
0.000000
0.000000
0.000000
0.000000
0.000000
0.000000
0.000000
0.000000
0.000000
0.000000
0.000000
0.000000
0.000000
0.000000
0.000000
0.000000
0.000000
0.000000
0.000000
0.000000
0.000000
0.000000
0.000000
0.000000
0.000000
0.000000
0.000000
0.000000
0.000000
0.000000
0.000000
0.000000
0.000000
0.000000
0.000000
0.000000
0.000000
0.000000
0.000000
0.000000
0.000000
0.000000
0.000000
0.000000
0.000000
0.000000
0.000000
0.000000
0.000000
0.000000
0.000000
0.000000
0.000000
0.000000
0.000000
0.000000
0.000000
0.000000
0.000000
0.000000
0.000000
0.000000
0.000000
0.000000
0.000000
0.000000
0.000000
0.000000
0.000000
0.000000
0.000000
0.000000
0.000000
0.000000
0.000000
0.000000
0.000000
0.000000
0.000000
0.000000
0.000000
0.000000
0.000000
0.000000
0.000000
0.000000
0.000000
0.000000
0.000000
0.000000
0.000000
0.000000
0.000000
0.000000
0.000000
0.000000
0.000000
0.000000
0.000000
0.000000
0.000000
0.000000
0.000000
0.000000
0.000000
0.000000
0.000000
0.000000
0.000000
0.000000
0.000000
0.000000
0.000000
0.000000
0.000000
0.000000
0.000000
0.000000
0.000000
0.000000
0.000000
0.000000
0.000000
0.000000
0.000000
0.000000
0.000000
0.000000
0.000000
0.000000
0.000000
0.000000
0.000000
0.000000
0.000000
0.000000
0.000000
0.000000
0.000000
0.000000
0.000000
0.000000
0.000000
0.000000
0.000000
0.000000
0.000000
0.000000
0.000000
0.000000
0.000000
0.000000
0.000000
0.000000
0.000000
0.000000
0.000000
0.000000
0.000000
0.000000
0.000000
0.000000
0.000000
0.000000
0.000000
0.000000
0.000000
0.000000
0.000000
0.000000
0.000000
0.000000
0.000000
0.000000
0.000000
0.000000
0.000000
0.000000
0.000000
0.000000
0.000000
0.000000
0.000000
0.000000
0.000000
0.000000
0.000000
0.000000
0.000000
0.000000
0.000000
0.000000
0.000000
0.000000
0.000000
0.000000
0.000000
0.000000
0.000000
0.000000
0.000000
0.000000
0.000000
0.000000
0.000000
0.000000
0.000000
0.000000
0.000000
0.000000
0.000000
0.000000
0.000000
0.000000
0.000000
0.000000
0.000000
0.000000
0.000000
0.000000
0.000000
0.000000
0.000000
0.000000
0.000000
0.000000
0.000000
0.000000
0.000000
0.000000
0.000000
0.000000
0.000000
0.000000
0.000000
0.000000
0.000000
0.000000
0.000000
0.000000
0.000000
0.000000
0.000000
0.000000
0.000000
0.000000
0.000000
0.000000
0.000000
0.000000
0.000000
0.000000
0.000000
0.000000
0.000000
0.000000
0.000000
0.000000
0.000000
0.000000
0.000000
0.000000
0.000000
0.000000
0.000000
0.000000
0.000000
0.000000
0.000000
0.000000
0.000000
0.000000
0.000000
0.000000
0.000000
0.000000
0.000000
0.000000
0.000000
0.000000
0.000000
0.000000
0.000000
0.000000
0.000000
0.000000
0.000000
0.000000
0.000000
0.000000
0.000000
0.000000
0.000000
0.000000
0.000000
0.000000
0.000000
0.000000
0.000000
0.000000
0.000000
0.000000
0.000000
0.000000
0.000000
0.000000
0.000000
0.000000
0.000000
0.000000
0.000000
0.000000
0.000000
0.000000
0.000000
0.000000
0.000000
0.000000
0.000000
0.000000
0.000000
0.000000
0.000000
0.000000
0.000000
0.000000
0.000000
0.000000
0.000000
0.000000
0.000000
0.000000
0.000000
0.000000
0.000000
0.000000
0.000000
0.000000
0.000000
0.000000
0.000000
0.000000
0.000000
0.000000
0.000000
0.000000
0.000000
0.000000
0.000000
0.000000
0.000000
0.000000
0.000000
0.000000
0.000000
0.000000
0.000000
0.000000
0.000000
0.000000
0.000000
0.000000
0.000000
0.000000
0.000000
0.000000
0.000000
0.000000
0.000000
0.000000
0.000000
0.000000
0.000000
0.000000
0.000000
0.000000
0.000000
0.000000
0.000000
0.000000
0.000000
0.000000
0.000000
0.000000
0.000000
0.000000
0.000000
0.000000
0.000000
0.000000
0.000000
0.000000
0.000000
0.000000
0.000000
0.000000
0.000000
0.000000
0.000000
0.000000
0.000000
0.000000
0.000000
0.000000
0.000000
0.000000
0.000000
0.000000
0.000000
0.000000
0.000000
0.000000
0.000000
0.000000
0.000000
0.000000
0.000000
0.000000
0.000000
0.000000
0.000000
0.000000
0.000000
0.000000
0.000000
0.000000
0.000000
0.000000
0.000000
0.000000
0.000000
0.000000
0.000000
0.000000
0.000000
0.000000
0.000000
0.000000
0.000000
0.000000
0.000000
0.000000
0.000000
0.000000
0.000000
0.000000
0.000000
0.000000
0.000000
0.000000
0.000000
0.000000
0.000000
0.000000
0.000000
0.000000
0.000000
0.000000
0.000000
0.000000
0.000000
0.000000
0.000000
0.000000
0.000000
0.000000
0.000000
0.000000
0.000000
0.000000
0.000000
0.000000
0.000000
0.000000
0.000000
0.000000
0.000000
0.000000
0.000000
0.000000
0.000000
0.000000
0.000000
0.000000
0.000000
0.000000
0.000000
0.000000
0.000000
0.000000
0.000000
0.000000
0.000000
0.000000
0.000000
0.000000
0.000000
0.000000
0.000000
0.000000
0.000000
0.000000
0.000000
0.000000
0.000000
0.000000
0.000000
0.000000
0.000000
0.000000
0.000000
0.000000
0.000000
0.000000
0.000000
0.000000
0.000000
0.000000
0.000000
0.000000
0.000000
0.000000
0.000000
0.000000
0.000000
0.000000
0.000000
0.000000
0.000000
0.000000
0.000000
0.000000
0.000000
0.000000
0.000000
0.000000
0.000000
0.000000
0.000000
0.000000
0.000000
0.000000
0.000000
0.000000
0.000000
0.000000
0.000000
0.000000
0.000000
0.000000
0.000000
0.000000
0.000000
0.000000
0.000000
0.000000
0.000000
0.000000
0.000000
0.000000
0.000000
0.000000
0.000000
0.000000
0.000000
0.000000
0.000000
0.000000
0.000000
0.000000
0.000000
0.000000
0.000000
0.000000
0.000000
0.000000
0.000000
0.000000
0.000000
0.000000
0.000000
0.000000
0.000000
0.000000
0.000000
0.000000
0.000000
0.000000
0.000000
0.000000
0.000000
0.000000
0.000000
0.000000
0.000000
0.000000
0.000000
0.000000
0.000000
0.000000
0.000000
0.000000
0.000000
0.000000
0.000000
0.000000
0.000000
0.000000
0.000000
0.000000
0.000000
0.000000
0.000000
0.000000
0.000000
0.000000
0.000000
0.000000
0.000000
0.000000
0.000000
0.000000
0.000000
0.000000
0.000000
0.000000
0.000000
0.000000
0.000000
0.000000
0.000000
0.000000
0.000000
0.000000
0.000000
0.000000
0.000000
0.000000
0.000000
0.000000
0.000000
0.000000
0.000000
0.000000
0.000000
0.000000
0.000000
0.000000
0.000000
0.000000
0.000000
0.000000
0.000000
0.000000
0.000000
0.000000
0.000000
0.000000
0.000000
0.000000
0.000000
0.000000
0.000000
0.000000
0.000000
0.000000
0.000000
0.000000
0.000000
0.000000
0.000000
0.000000
0.000000
0.000000
0.000000
0.000000
0.000000
0.000000
0.000000
0.000000
0.000000
0.000000
0.000000
0.000000
0.000000
0.000000
0.000000
0.000000
0.000000
0.000000
0.000000
0.000000
0.000000
0.000000
0.000000
0.000000
0.000000
0.000000
0.000000
0.000000
0.000000
0.000000
0.000000
0.000000
0.000000
0.000000
0.000000
0.000000
0.000000
0.000000
0.000000
0.000000
0.000000
0.000000
0.000000
0.000000
0.000000
0.000000
0.000000
0.000000
0.000000
0.000000
0.000000
0.000000
0.000000
0.000000
0.000000
0.000000
0.000000
0.000000
0.000000
0.000000
0.000000
0.000000
0.000000
0.000000
0.000000
0.000000
0.000000
0.000000
0.000000
0.000000
0.000000
0.000000
0.000000
0.000000
0.000000
0.000000
0.000000
0.000000
0.000000
0.000000
0.000000
0.000000
0.000000
0.000000
0.000000
0.000000
0.000000
0.000000
0.000000
0.000000
0.000000
0.000000
0.000000
0.000000
0.000000
0.000000
0.000000
0.000000
0.000000
0.000000
0.000000
0.000000
0.000000
0.000000
0.000000
0.000000
0.000000
0.000000
0.000000
0.000000
0.000000
0.000000
0.000000
0.000000
0.000000
0.000000
0.000000
0.000000
0.000000
0.000000
0.000000
0.000000
0.000000
0.000000
0.000000
0.000000
0.000000
0.000000
0.000000
0.000000
0.000000
0.000000
0.000000
0.000000
0.000000
0.000000
0.000000
0.000000
0.000000
0.000000
0.000000
0.000000
0.000000
0.000000
0.000000
0.000000
0.000000
0.000000
0.000000
0.000000
0.000000
0.000000
0.000000
0.000000
0.000000
0.000000
0.000000
0.000000
0.000000
0.000000
0.000000
0.000000
0.000000
0.000000
0.000000
0.000000
0.000000
0.000000
0.000000
0.000000
0.000000
0.000000
0.000000
0.000000
0.000000
0.000000
0.000000
0.000000
0.000000
0.000000
0.000000
0.000000
0.000000
0.000000
0.000000
0.000000
0.000000
0.000000
0.000000
0.000000
0.000000
0.000000
0.000000
0.000000
0.000000
0.000000
0.000000
0.000000
0.000000
0.000000
0.000000
0.000000
0.000000
0.000000
0.000000
0.000000
0.000000
0.000000
0.000000
0.000000
0.000000
0.000000
0.000000
0.000000
0.000000
0.000000
0.000000
0.000000
0.000000
0.000000
0.000000
0.000000
0.000000
0.000000
0.000000
0.000000
0.000000
0.000000
0.000000
0.000000
0.000000
0.000000
0.000000
0.000000
0.000000
0.000000
0.000000
0.000000
0.000000
0.000000
0.000000
0.000000
0.000000
0.000000
0.000000
0.000000
0.000000
0.000000
0.000000
0.000000
0.000000
0.000000
0.000000
0.000000
0.000000
0.000000
0.000000
0.000000
0.000000
0.000000
0.000000
0.000000
0.000000
0.000000
0.000000
0.000000
0.000000
0.000000
0.000000
0.000000
0.000000
0.000000
0.000000
0.000000
0.000000
0.000000
0.000000
0.000000
0.000000
0.000000
0.000000
0.000000
0.000000
0.000000
0.000000
0.000000
0.000000
0.000000
0.000000
0.000000
0.000000
0.000000
0.000000
0.000000
0.000000
0.000000
0.000000
0.000000
0.000000
0.000000
0.000000
0.000000
0.000000
0.000000
0.000000
0.000000
0.000000
0.000000
0.000000
0.000000
0.000000
0.000000
0.000000
0.000000
0.000000
0.000000
0.000000
0.000000
0.000000
0.000000
0.000000
0.000000
0.000000
0.000000
0.000000
0.000000
0.000000
0.000000
0.000000
0.000000
0.000000
0.000000
0.000000
0.000000
0.000000
0.000000
0.000000
0.000000
0.000000
0.000000
0.000000
0.000000
0.000000
0.000000
0.000000
0.000000
0.000000
0.000000
0.000000
0.000000
0.000000
0.000000
0.000000
0.000000
0.000000
0.000000
0.000000
0.000000
0.000000
0.000000
0.000000
0.000000
0.000000
0.000000
0.000000
0.000000
0.000000
0.000000
0.000000
0.000000
0.000000
0.000000
0.000000
0.000000
0.000000
0.000000
0.000000
0.000000
0.000000
0.000000
0.000000
0.000000
0.000000
0.000000
0.000000
0.000000
0.000000
0.000000
0.000000
0.000000
0.000000
0.000000
0.000000
0.000000
0.000000
0.000000
0.000000
0.000000
0.000000
0.000000
0.000000
0.000000
0.000000
0.000000
0.000000
0.000000
0.000000
0.000000
0.000000
0.000000
0.000000
0.000000
0.000000
0.000000
0.000000
0.000000
0.000000
0.000000
0.000000
0.000000
0.000000
0.000000
0.000000
0.000000
0.000000
0.000000
0.000000
0.000000
0.000000
0.000000
0.000000
0.000000
0.000000
0.000000
0.000000
0.000000
0.000000
0.000000
0.000000
0.000000
0.000000
0.000000
0.000000
0.000000
0.000000
0.000000
0.000000
0.000000
0.000000
0.000000
0.000000
0.000000
0.000000
0.000000
0.000000
0.000000
0.000000
0.000000
0.000000
0.000000
0.000000
0.000000
0.000000
0.000000
0.000000
0.000000
0.000000
0.000000
0.000000
0.000000
0.000000
0.000000
0.000000
0.000000
0.000000
0.000000
0.000000
0.000000
0.000000
0.000000
0.000000
0.000000
0.000000
0.000000
0.000000
0.000000
0.000000
0.000000
0.000000
0.000000
0.000000
0.000000
0.000000
0.000000
0.000000
0.000000
0.000000
0.000000
0.000000
0.000000
0.000000
0.000000
0.000000
0.000000
0.000000
0.000000
0.000000
0.000000
0.000000
0.000000
0.000000
0.000000
0.000000
0.000000
0.000000
0.000000
0.000000
0.000000
0.000000
0.000000
0.000000
0.000000
0.000000
0.000000
0.000000
0.000000
0.000000
0.000000
0.000000
0.000000
0.000000
0.000000
0.000000
0.000000
0.000000
0.000000
0.000000
0.000000
0.000000
0.000000
0.000000
0.000000
0.000000
0.000000
0.000000
0.000000
0.000000
0.000000
0.000000
0.000000
0.000000
0.000000
0.000000
0.000000
0.000000
0.000000
0.000000
0.000000
0.000000
0.000000
0.000000
0.000000
0.000000
0.000000
0.000000
0.000000
0.000000
0.000000
0.000000
0.000000
0.000000
0.000000
0.000000
0.000000
0.000000
0.000000
0.000000
0.000000
0.000000
0.000000
0.000000
0.000000
0.000000
0.000000
0.000000
0.000000
0.000000
0.000000
0.000000
0.000000
0.000000
0.000000
0.000000
0.000000
0.000000
0.000000
0.000000
0.000000
0.000000
0.000000
0.000000
0.000000
0.000000
0.000000
0.000000
0.000000
0.000000
0.000000
0.000000
0.000000
0.000000
0.000000
0.000000
0.000000
0.000000
0.000000
0.000000
0.000000
0.000000
0.000000
0.000000
0.000000
0.000000
0.000000
0.000000
0.000000
0.000000
0.000000
0.000000
0.000000
0.000000
0.000000
0.000000
0.000000
0.000000
0.000000
0.000000
0.000000
0.000000
0.000000
0.000000
0.000000
0.000000
0.000000
0.000000
0.000000
0.000000
0.000000
0.000000
0.000000
0.000000
0.000000
0.000000
0.000000
0.000000
0.000000
0.000000
0.000000
0.000000
0.000000
0.000000
0.000000
0.000000
0.000000
0.000000
0.000000
0.000000
0.000000
0.000000
0.000000
0.000000
0.000000
0.000000
0.000000
0.000000
0.000000
0.000000
0.000000
0.000000
0.000000
0.000000
0.000000
0.000000
0.000000
0.000000
0.000000
0.000000
0.000000
0.000000
0.000000
0.000000
0.000000
0.000000
0.000000
0.000000
0.000000
0.000000
0.000000
0.000000
0.000000
0.000000
0.000000
0.000000
0.000000
0.000000
0.000000
0.000000
0.000000
0.000000
0.000000
0.000000
0.000000
0.000000
0.000000
0.000000
0.000000
0.000000
0.000000
0.000000
0.000000
0.000000
0.000000
0.000000
0.000000
0.000000
0.000000
0.000000
0.000000
0.000000
0.000000
0.000000
0.000000
0.000000
0.000000
0.000000
0.000000
0.000000
0.000000
0.000000
0.000000
0.000000
0.000000
0.000000
0.000000
0.000000
0.000000
0.000000
0.000000
0.000000
0.000000
0.000000
0.000000
0.000000
0.000000
0.000000
0.000000
0.000000
0.000000
0.000000
0.000000
0.000000
0.000000
0.000000
0.000000
0.000000
0.000000
0.000000
0.000000
0.000000
0.000000
0.000000
0.000000
0.000000
0.000000
0.000000
0.000000
0.000000
0.000000
0.000000
0.000000
0.000000
0.000000
0.000000
0.000000
0.000000
0.000000
0.000000
0.000000
0.000000
0.000000
0.000000
0.000000
0.000000
0.000000
0.000000
0.000000
0.000000
0.000000
0.000000
0.000000
0.000000
0.000000
0.000000
0.000000
0.000000
0.000000
0.000000
0.000000
0.000000
0.000000
0.000000
0.000000
0.000000
0.000000
0.000000
0.000000
0.000000
0.000000
0.000000
0.000000
0.000000
0.000000
0.000000
0.000000
0.000000
0.000000
0.000000
0.000000
0.000000
0.000000
0.000000
0.000000
0.000000
0.000000
0.000000
0.000000
0.000000
0.000000
0.000000
0.000000
0.000000
0.000000
0.000000
0.000000
0.000000
0.000000
0.000000
0.000000
0.000000
0.000000
0.000000
0.000000
0.000000
0.000000
0.000000
0.000000
0.000000
0.000000
0.000000
0.000000
0.000000
0.000000
0.000000
0.000000
0.000000
0.000000
0.000000
0.000000
0.000000
0.000000
0.000000
0.000000
0.000000
0.000000
0.000000
0.000000
0.000000
0.000000
0.000000
0.000000
0.000000
0.000000
0.000000
0.000000
0.000000
0.000000
0.000000
0.000000
0.000000
0.000000
0.000000
0.000000
0.000000
0.000000
0.000000
0.000000
0.000000
0.000000
0.000000
0.000000
0.000000
0.000000
0.000000
0.000000
0.000000
0.000000
0.000000
0.000000
0.000000
0.000000
0.000000
0.000000
0.000000
0.000000
0.000000
0.000000
0.000000
0.000000
0.000000
0.000000
0.000000
0.000000
0.000000
0.000000
0.000000
0.000000
0.000000
0.000000
0.000000
0.000000
0.000000
0.000000
0.000000
0.000000
0.000000
0.000000
0.000000
0.000000
0.000000
0.000000
0.000000
0.000000
0.000000
0.000000
0.000000
0.000000
0.000000
0.000000
0.000000
0.000000
0.000000
0.000000
0.000000
0.000000
0.000000
0.000000
0.000000
0.000000
0.000000
0.000000
0.000000
0.000000
0.000000
0.000000
0.000000
0.000000
0.000000
0.000000
0.000000
0.000000
0.000000
0.000000
0.000000
0.000000
0.000000
0.000000
0.000000
0.000000
0.000000
0.000000
0.000000
0.000000
0.000000
0.000000
0.000000
0.000000
0.000000
0.000000
0.000000
0.000000
0.000000
0.000000
0.000000
0.000000
0.000000
0.000000
0.000000
0.000000
0.000000
0.000000
0.000000
0.000000
0.000000
0.000000
0.000000
0.000000
0.000000
0.000000
0.000000
0.000000
0.000000
0.000000
0.000000
0.000000
0.000000
0.000000
0.000000
0.000000
0.000000
0.000000
0.000000
0.000000
0.000000
0.000000
0.000000
0.000000
0.000000
0.000000
0.000000
0.000000
0.000000
0.000000
0.000000
0.000000
0.000000
0.000000
0.000000
0.000000
0.000000
0.000000
0.000000
0.000000
0.000000
0.000000
0.000000
0.000000
0.000000
0.000000
0.000000
0.000000
0.000000
0.000000
0.000000
0.000000
0.000000
0.000000
0.000000
0.000000
0.000000
0.000000
0.000000
0.000000
0.000000
0.000000
0.000000
0.000000
0.000000
0.000000
0.000000
0.000000
0.000000
0.000000
0.000000
0.000000
0.000000
0.000000
0.000000
0.000000
0.000000
0.000000
0.000000
0.000000
0.000000
0.000000
0.000000
0.000000
0.000000
0.000000
0.000000
0.000000
0.000000
0.000000
0.000000
0.000000
0.000000
0.000000
0.000000
0.000000
0.000000
0.000000
0.000000
0.000000
0.000000
0.000000
0.000000
0.000000
0.000000
0.000000
0.000000
0.000000
0.000000
0.000000
0.000000
0.000000
0.000000
0.000000
0.000000
0.000000
0.000000
0.000000
0.000000
0.000000
0.000000
0.000000
0.000000
0.000000
0.000000
0.000000
0.000000
0.000000
0.000000
0.000000
0.000000
0.000000
0.000000
0.000000
0.000000
0.000000
0.000000
0.000000
0.000000
0.000000
0.000000
0.000000
0.000000
0.000000
0.000000
0.000000
0.000000
0.000000
0.000000
0.000000
0.000000
0.000000
0.000000
0.000000
0.000000
0.000000
0.000000
0.000000
0.000000
0.000000
0.000000
0.000000
0.000000
0.000000
0.000000
0.000000
0.000000
0.000000
0.000000
0.000000
0.000000
0.000000
0.000000
0.000000
0.000000
0.000000
0.000000
0.000000
0.000000
0.000000
0.000000
0.000000
0.000000
0.000000
0.000000
0.000000
0.000000
0.000000
0.000000
0.000000
0.000000
0.000000
0.000000
0.000000
0.000000
0.000000
0.000000
0.000000
0.000000
0.000000
0.000000
0.000000
0.000000
0.000000
0.000000
0.000000
0.000000
0.000000
0.000000
0.000000
0.000000
0.000000
0.000000
0.000000
0.000000
0.000000
0.000000
0.000000
0.000000
0.000000
0.000000
0.000000
0.000000
0.000000
0.000000
0.000000
0.000000
0.000000
0.000000
0.000000
0.000000
0.000000
0.000000
0.000000
0.000000
0.000000
0.000000
0.000000
0.000000
0.000000
0.000000
0.000000
0.000000
0.000000
0.000000
0.000000
0.000000
0.000000
0.000000
0.000000
0.000000
0.000000
0.000000
0.000000
0.000000
0.000000
0.000000
0.000000
0.000000
0.000000
0.000000
0.000000
0.000000
0.000000
0.000000
0.000000
0.000000
0.000000
0.000000
0.000000
0.000000
0.000000
0.000000
0.000000
0.000000
0.000000
0.000000
0.000000
0.000000
0.000000
0.000000
0.000000
0.000000
0.000000
0.000000
0.000000
0.000000
0.000000
0.000000
0.000000
0.000000
0.000000
0.000000
0.000000
