0.000011
-0.001983
-0.000300
-0.004287
-0.003513
-0.004403
-0.004035
-0.004482
-0.002671
-0.000045
0.001094
0.003035
0.002614
0.002681
0.001457
0.000565
-0.001102
-0.002113
-0.004163
-0.003911
-0.003163
0.002018
0.002621
0.002847
0.003076
0.003176
0.001379
0.002664
0.001666
0.001155
0.000256
0.000028
-0.000191
0.001284
-0.000653
-0.000536
-0.005129
-0.003830
-0.002683
-0.003397
-0.002159
0.000552
0.000693
0.004521
0.005391
0.005350
0.006542
0.004866
0.004038
0.002656
0.004587
0.019892
0.019520
0.018203
0.016924
0.014236
0.008681
0.005345
0.006164
0.002986
0.003150
0.004906
0.007201
0.006369
0.004062
0.002123
0.002063
0.000757
-0.001516
0.000074
-0.004766
-0.009357
-0.015665
-0.024870
-0.037620
-0.052977
-0.068524
-0.081018
-0.086673
-0.086039
-0.083083
-0.090544
-0.095612
-0.100325
-0.102709
-0.084104
-0.071202
-0.056025
-0.036307
-0.017546
0.002085
0.015686
0.023809
0.032794
0.044841
0.057089
0.069021
0.082891
0.090905
0.095493
0.094457
0.086944
0.069908
0.063544
0.060287
0.055908
0.049939
0.040920
0.032404
0.023963
0.014893
0.010887
0.008545
0.009666
0.010929
0.009641
0.007044
0.004184
0.000975
0.000771
-0.000468
0.000497
0.001787
0.002154
0.002116
0.000650
0.000603
0.000475
0.000621
0.000713
0.000163
0.001447
0.002490
0.002957
0.003828
-0.000385
-0.000585
-0.000319
-0.000809
-0.002183
-0.001983
-0.007477
-0.004513
0.001993
0.010188
0.019547
0.029933
0.039495
0.045487
0.048319
0.050293
0.052176
0.053855
0.054252
0.057339
0.061677
0.065450
0.067029
0.068174
0.068465
0.068554
0.068423
0.068076
0.067810
0.066590
0.062622
0.055910
0.047185
0.039943
0.033068
0.027624
0.023915
0.021625
0.019074
0.014071
0.011674
0.009264
0.007241
0.006335
0.005160
0.002715
0.000950
0.004202
0.003882
0.002995
0.000138
-0.000265
0.000578
-0.001507
-0.001931
-0.002772
-0.003353
-0.001349
-0.000846
-0.005273
-0.002694
-0.002203
-0.002116
-0.001971
-0.000915
0.003878
0.003235
0.002883
0.002229
0.002055
0.002540
0.001437
0.001013
0.002966
0.007783
0.013646
0.021225
0.027133
0.029866
0.030861
0.029245
0.027789
0.027295
0.029126
0.032736
0.037626
0.041150
0.042107
0.038719
0.028133
0.013274
-0.001202
-0.015902
-0.033714
-0.042920
-0.049817
-0.052445
-0.048944
-0.043873
-0.040497
-0.037872
-0.040262
-0.039555
-0.036348
-0.031489
-0.023015
-0.006788
0.010386
0.024267
0.033459
0.036216
0.036127
0.035263
0.032467
0.031396
0.034679
0.039340
0.046917
0.053815
0.059080
0.061136
0.060843
0.053976
0.046518
0.042453
0.042654
0.045077
0.050666
0.054605
0.056212
0.052489
0.048769
0.039811
0.028738
0.015205
0.005717
-0.002163
-0.007194
-0.010997
-0.017651
-0.023272
-0.028514
-0.035480
-0.044503
-0.050210
-0.053478
-0.055206
-0.052885
-0.046877
-0.042261
-0.041223
-0.041483
-0.044042
-0.045404
-0.040609
-0.031147
-0.018406
-0.003852
0.008643
0.016021
0.020386
0.018403
0.018970
0.022345
0.026043
0.030905
0.036104
0.046226
0.055230
0.060029
0.064795
0.063860
0.055356
0.047637
0.043281
0.043508
0.049983
0.057534
0.062650
0.061459
0.056415
0.051441
0.041451
0.031858
0.023290
0.016165
0.009621
0.001791
-0.006899
-0.015394
-0.022955
-0.027357
-0.030452
-0.031993
-0.034777
-0.039977
-0.044199
-0.047001
-0.048753
-0.050193
-0.052467
-0.055576
-0.055805
-0.052934
-0.045173
-0.032791
-0.017029
-0.004432
0.002553
0.008750
0.013973
0.018927
0.025426
0.032873
0.039678
0.045270
0.050838
0.054553
0.055150
0.053685
0.051562
0.051149
0.051148
0.051104
0.050759
0.049993
0.050470
0.050467
0.050927
0.053672
0.055068
0.056732
0.055126
0.048164
0.036275
0.020809
0.009976
-0.000886
-0.009654
-0.015695
-0.020216
-0.023443
-0.025957
-0.030751
-0.034251
-0.038569
-0.041252
-0.040369
-0.036722
-0.026849
-0.015364
-0.003402
0.005922
0.013457
0.019060
0.022910
0.025323
0.028216
0.030648
0.034931
0.039096
0.043734
0.042985
0.036186
0.026640
0.013039
-0.002762
-0.016344
-0.026094
-0.027168
-0.029434
-0.026295
-0.026037
-0.028546
-0.036143
-0.043176
-0.046251
-0.045365
-0.040369
-0.028749
-0.012681
0.003666
0.015201
0.021833
0.023433
0.023391
0.025238
0.028838
0.033540
0.038004
0.042086
0.046400
0.050945
0.055501
0.056992
0.055716
0.053564
0.051363
0.049102
0.046910
0.046706
0.045885
0.044935
0.044306
0.048524
0.051915
0.053293
0.049657
0.037356
0.021418
0.004924
-0.011452
-0.023278
-0.028825
-0.027857
-0.025579
-0.024635
-0.027447
-0.032434
-0.037571
-0.045430
-0.048902
-0.045879
-0.037154
-0.020967
-0.004220
0.009313
0.018175
0.021726
0.022022
0.022683
0.025495
0.031255
0.039646
0.049008
0.055218
0.055746
0.050479
0.041324
0.032141
0.020547
0.013196
0.007285
0.000190
-0.004169
-0.011530
-0.023273
-0.032625
-0.042444
-0.043603
-0.051288
-0.060238
-0.054662
-0.050173
-0.042096
-0.035142
-0.023903
-0.012700
-0.001934
0.006354
0.009643
0.010509
0.013767
0.020848
0.028869
0.036123
0.040231
0.040148
0.038834
0.039181
0.043302
0.048842
0.055513
0.063570
0.073848
0.083910
0.101734
0.100667
0.091551
0.086071
0.086002
0.090478
0.097747
0.094018
0.101232
0.106546
0.108375
0.106535
0.101150
0.101163
0.089341
0.093691
0.100290
0.107071
0.113412
0.116329
0.114276
0.108535
0.101518
0.095413
0.088201
0.079516
0.069940
0.059466
0.048195
0.036871
0.025184
0.013829
0.008055
0.004079
0.003867
0.006498
0.009441
0.010038
0.009980
0.005163
-0.000033
-0.005559
-0.009056
-0.009997
-0.010085
-0.010889
-0.008813
-0.011299
-0.014873
-0.015501
-0.016200
-0.016454
-0.015414
-0.015915
-0.016018
-0.015689
-0.014641
-0.013350
-0.013681
-0.014429
-0.015171
-0.014952
-0.013027
-0.010956
-0.009669
-0.009768
-0.010940
-0.012105
-0.011982
-0.011977
-0.011346
-0.010423
-0.010177
-0.013907
-0.013246
-0.013620
-0.012124
-0.010941
-0.011835
-0.012142
-0.012723
-0.011893
-0.012827
-0.013181
-0.013065
-0.011967
-0.011288
-0.011648
-0.012011
-0.011390
-0.012401
-0.012158
-0.013395
-0.014753
-0.015731
-0.016799
-0.016251
-0.014804
-0.013327
-0.011542
-0.009738
-0.009236
-0.009400
-0.009382
-0.008694
-0.008807
-0.009941
-0.010385
-0.010124
-0.010734
-0.011388
-0.011890
-0.013162
-0.014171
-0.013672
-0.013867
-0.014439
-0.013520
-0.012468
-0.011225
-0.010614
-0.012026
-0.014631
-0.015052
-0.015614
-0.014876
-0.013168
-0.012547
-0.013403
-0.012973
-0.011712
-0.011587
-0.011510
-0.012150
-0.013080
-0.013044
-0.013270
-0.012937
-0.012940
-0.013275
-0.014105
-0.015057
-0.015117
-0.014927
-0.014503
-0.013551
-0.014279
-0.011824
-0.012712
-0.012586
-0.012612
-0.011859
-0.012534
-0.013745
-0.013550
-0.014868
-0.015616
-0.015180
-0.014959
-0.015040
-0.014463
-0.013273
-0.013279
-0.013803
-0.014266
-0.012906
-0.012799
-0.012299
-0.011894
-0.010952
-0.009778
-0.008642
-0.007359
-0.007287
-0.007878
-0.008433
-0.008173
-0.008941
-0.012563
-0.015360
-0.018767
-0.022362
-0.023951
-0.022569
-0.019389
-0.014757
-0.008257
-0.006394
-0.005596
-0.006111
-0.005301
-0.006017
-0.007312
-0.007090
-0.008832
-0.008135
-0.007197
-0.007439
-0.010062
-0.012309
-0.011604
-0.012035
-0.012461
-0.012718
-0.013147
-0.013416
-0.014020
-0.014172
-0.015126
-0.015814
-0.016391
-0.015564
-0.014315
-0.013848
-0.013142
-0.012618
-0.011562
-0.010187
-0.010221
-0.008554
-0.009368
-0.011908
-0.012290
-0.012067
-0.011155
-0.009763
-0.009713
-0.010077
-0.009384
-0.010866
-0.010277
-0.006235
-0.006569
-0.006539
-0.006805
-0.007359
-0.008689
-0.009665
-0.011013
-0.015658
-0.017559
-0.018602
-0.018696
-0.018368
-0.015843
-0.014167
-0.012941
-0.011357
-0.011489
-0.012096
-0.013333
-0.013479
-0.013898
-0.012073
-0.010774
-0.010640
-0.012470
-0.013047
-0.013662
-0.014194
-0.019259
-0.017941
-0.019302
-0.016785
-0.017669
-0.016732
-0.015835
-0.014965
-0.013349
-0.017242
-0.018001
-0.020306
-0.018425
-0.012185
-0.010130
-0.008529
-0.008090
-0.008600
-0.008859
-0.008815
-0.007986
-0.009067
-0.018121
-0.027051
-0.045008
-0.055545
-0.066455
-0.072673
-0.076307
-0.078248
-0.082514
-0.093326
-0.084591
-0.097743
-0.100288
-0.101624
-0.104683
-0.109370
-0.100016
-0.103587
-0.102952
-0.106179
-0.095645
-0.096391
-0.096866
-0.100137
-0.103570
-0.107844
-0.110678
-0.112334
-0.107288
-0.101505
-0.095568
-0.087870
-0.074628
-0.060404
-0.047875
-0.037960
-0.028818
-0.018780
-0.009760
-0.003672
0.000659
0.004525
0.006101
0.006905
0.007074
0.007407
0.008902
0.010020
0.012538
0.015001
0.017508
0.018649
0.019210
0.019555
0.018583
0.017691
0.016805
0.016169
0.015528
0.014506
0.011751
0.012463
0.013200
0.014754
0.015986
0.018687
0.021038
0.022553
0.022988
0.022344
0.021685
0.020602
0.018851
0.017743
0.017221
0.017290
0.016283
0.014743
0.013065
0.012016
0.012050
0.013765
0.014770
0.016133
0.017760
0.019232
0.020332
0.020383
0.019539
0.017655
0.016382
0.016113
0.015879
0.016545
0.018802
0.020310
0.021114
0.019985
0.019231
0.019459
0.018733
0.017635
0.017355
0.015811
0.015053
0.014699
0.014177
0.014173
0.014579
0.015799
0.017960
0.019416
0.021344
0.022346
0.021925
0.020636
0.018072
0.016312
0.015345
0.013845
0.013499
0.014748
0.016413
0.016700
0.016521
0.016998
0.017765
0.018209
0.017948
0.017824
0.016566
0.015036
0.012442
0.012049
0.012760
0.013524
0.015316
0.016805
0.018727
0.019948
0.020932
0.020729
0.020656
0.020211
0.018145
0.017034
0.016788
0.016996
0.017101
0.018506
0.019500
0.020178
0.020152
0.019925
0.019350
0.018739
0.018304
0.018459
0.018755
0.017509
0.017715
0.017470
0.016465
0.016698
0.016263
0.015083
0.015601
0.016513
0.018260
0.018878
0.019429
0.019754
0.019068
0.018838
0.018794
0.017773
0.017445
0.015748
0.015157
0.014970
0.015107
0.013694
0.013259
0.011406
0.010838
0.012771
0.015004
0.017490
0.019146
0.020060
0.021404
0.021578
0.023760
0.023702
0.023302
0.022142
0.020288
0.018692
0.016517
0.017063
0.008965
0.009697
0.010638
0.011760
0.012520
0.016513
0.020411
0.018660
0.018052
0.016678
0.017326
0.017888
0.019628
0.021422
0.022188
0.021414
0.017876
0.012482
0.011060
0.010134
0.011274
0.011340
0.010806
0.012979
0.012833
0.016551
0.022865
0.032149
0.044124
0.054368
0.062304
0.069467
0.075384
0.080544
0.085228
0.089401
0.094712
0.110310
0.110154
0.096216
0.093287
0.094237
0.085875
0.090598
0.095592
0.100750
0.104540
0.106255
0.103181
0.102315
0.101901
0.103139
0.109302
0.114415
0.116069
0.115059
0.107001
0.091337
0.075511
0.060090
0.046459
0.035601
0.026883
0.019864
0.013340
0.005536
-0.004178
-0.014480
-0.023499
-0.030383
-0.032091
-0.029530
-0.025317
-0.020998
-0.017445
-0.016048
-0.016509
-0.021005
-0.024021
-0.027818
-0.029826
-0.030558
-0.029753
-0.027619
-0.026173
-0.025844
-0.025525
-0.027868
-0.029402
-0.027991
-0.028570
-0.028779
-0.026936
-0.024397
-0.023262
-0.023434
-0.023935
-0.024892
-0.025327
-0.025615
-0.025608
-0.025491
-0.024836
-0.023486
-0.022197
-0.022642
-0.023138
-0.025315
-0.028338
-0.028177
-0.028444
-0.028544
-0.027468
-0.025854
-0.022300
-0.021716
-0.022118
-0.025647
-0.027727
-0.029011
-0.028373
-0.028073
-0.026645
-0.024638
-0.022511
-0.021603
-0.021719
-0.023460
-0.022788
-0.024387
-0.025894
-0.026130
-0.027024
-0.026458
-0.025190
-0.024388
-0.022403
-0.021643
-0.021236
-0.022000
-0.023917
-0.025713
-0.028214
-0.030767
-0.031657
-0.032859
-0.030760
-0.030193
-0.029064
-0.026096
-0.023151
-0.025475
-0.024264
-0.022976
-0.023958
-0.028380
-0.029812
-0.030668
-0.028383
-0.026265
-0.024914
-0.025031
-0.028168
-0.029429
-0.030978
-0.028803
-0.025865
-0.025333
-0.024043
-0.021699
-0.021693
-0.023257
-0.023297
-0.022561
-0.021521
-0.018963
-0.016163
-0.020751
-0.028275
-0.034170
-0.037326
-0.041425
-0.047987
-0.059317
-0.068093
-0.075473
-0.084102
-0.091145
-0.094962
-0.095884
-0.095735
-0.096039
-0.096467
-0.094378
-0.088891
-0.078613
-0.065847
-0.056945
-0.053853
-0.058380
-0.069010
-0.079447
-0.088140
-0.092095
-0.096478
-0.096614
-0.094498
-0.090253
-0.091211
-0.095453
-0.099184
-0.099794
-0.092196
-0.077790
-0.061219
-0.043207
-0.027933
-0.015825
-0.001343
0.012974
0.024528
0.038859
0.055280
0.068767
0.072218
0.074106
0.065911
0.069442
0.073960
0.082181
0.093359
0.103601
0.108480
0.108158
0.105413
0.101961
0.099178
0.099615
0.101269
0.103506
0.105428
0.104944
0.103831
0.102232
0.101444
0.094673
0.083240
0.073706
0.060882
0.046803
0.037115
0.029088
0.020498
0.013578
0.010081
0.010454
0.012014
0.008421
0.006164
0.002765
0.000679
-0.000197
0.002099
0.003617
0.005462
0.002855
0.002221
0.000140
0.000295
0.000572
-0.000469
-0.000993
-0.001653
-0.000359
0.000932
0.002274
0.002867
0.002478
0.002657
0.000740
0.000217
0.001015
0.002777
0.003204
0.001349
0.000136
-0.000671
-0.000511
0.001529
0.002294
0.002482
0.001839
0.001152
-0.000163
0.000560
0.001776
0.002372
0.001949
0.000319
-0.000415
-0.006145
-0.005722
-0.004826
-0.011234
-0.025136
-0.040649
-0.054431
-0.062539
-0.066852
-0.072537
-0.080192
-0.087278
-0.091720
-0.097266
-0.100463
-0.101468
-0.098479
-0.108318
-0.108430
-0.111705
-0.116475
-0.106433
-0.105755
-0.102915
-0.100893
-0.113336
-0.114968
-0.117559
-0.106769
-0.106818
-0.095377
-0.080687
-0.058507
-0.034866
-0.014170
0.000794
0.008912
0.015881
0.026691
0.041822
0.060946
0.078662
0.088615
0.089163
0.085164
0.077224
0.068627
0.061874
0.057234
0.046796
0.042544
0.038892
0.033022
0.028615
0.024528
0.021850
0.021090
0.020008
0.016197
0.013221
0.010495
0.008293
0.007762
0.007471
0.006790
0.007364
0.005618
0.004782
0.002991
0.005461
0.005442
0.004448
0.001683
0.001372
0.010469
0.007501
0.008235
0.007733
0.005199
0.004337
0.001264
0.004742
0.002693
0.001912
-0.006539
-0.015651
-0.026469
-0.039679
-0.052242
-0.067536
-0.081578
-0.093283
-0.110581
-0.111858
-0.102697
-0.082568
-0.061117
-0.038125
-0.008130
0.019554
0.038914
0.064691
0.088800
0.106795
0.112601
0.108979
0.100545
0.098971
0.089495
0.077310
0.088230
0.092685
0.084696
0.082566
0.088955
0.079162
0.083538
0.089759
0.094759
0.094873
0.089585
0.074391
0.053357
0.025589
0.000984
-0.014573
-0.022638
-0.026412
-0.035206
-0.046343
-0.055884
-0.064218
-0.073055
-0.069710
-0.058201
-0.037820
-0.014521
0.008882
0.024973
0.031942
0.036160
0.037967
0.046459
0.060075
0.076653
0.088919
0.083293
0.082783
0.077787
0.065481
0.050895
0.036693
0.025807
0.012317
-0.007429
-0.024728
-0.038029
-0.051799
-0.065768
-0.068073
-0.065230
-0.053487
-0.034130
-0.012781
0.008925
0.030294
0.049817
0.063467
0.070810
0.075343
0.079017
0.082986
0.086353
0.092941
0.100205
0.105644
0.106674
0.104923
0.102295
0.099245
0.098180
0.098698
0.097751
0.093201
0.071100
0.064721
0.049357
0.038270
0.033177
0.027609
0.024891
0.023022
0.023363
0.029373
0.040501
0.053293
0.065428
0.074820
0.081053
0.083731
0.083615
0.084264
0.086003
0.088557
0.092380
0.097380
0.100682
0.100519
0.098047
0.096079
0.097173
0.099752
0.102700
0.101457
0.094156
0.080450
0.055575
0.029057
0.004144
-0.016661
-0.032907
-0.047002
-0.056289
-0.062089
-0.067864
-0.075412
-0.081881
-0.085019
-0.089299
-0.093277
-0.097616
-0.102464
-0.106287
-0.107692
-0.106971
-0.104938
-0.104967
-0.106461
-0.106763
-0.106055
-0.104610
-0.101893
-0.100504
-0.097792
-0.097262
-0.100609
-0.103144
-0.103162
-0.103595
-0.104757
-0.105859
-0.105235
-0.103218
-0.101670
-0.105980
-0.108406
-0.109472
-0.107979
-0.097611
-0.082039
-0.059670
-0.037242
-0.015733
0.000125
0.012060
0.024430
0.038218
0.052684
0.068528
0.079049
0.087494
0.092100
0.093146
0.091050
0.091557
0.094753
0.098360
0.100283
0.099926
0.097704
0.095462
0.095803
0.099399
0.105953
0.111225
0.114113
0.113024
0.108679
0.116526
0.112964
0.099234
0.098921
0.098533
0.099200
0.100416
0.101768
0.102803
0.101924
0.100923
0.100419
0.103097
0.104402
0.104016
0.097405
0.083974
0.061790
0.034820
0.008119
-0.011486
-0.029463
-0.040043
-0.047885
-0.054380
-0.059958
-0.065482
-0.072866
-0.080762
-0.088341
-0.095643
-0.102372
-0.110473
-0.114664
-0.114387
-0.111318
-0.106795
-0.096329
-0.084105
-0.071105
-0.056937
-0.045372
-0.034787
-0.028515
-0.027331
-0.027762
-0.030135
-0.037700
-0.047285
-0.056190
-0.064216
-0.071272
-0.076996
-0.081005
-0.082979
-0.087936
-0.081946
-0.085035
-0.087827
-0.090943
-0.094455
-0.094513
-0.091724
-0.084819
-0.071861
-0.055673
-0.040789
-0.030572
-0.024349
-0.025761
-0.024514
-0.026001
-0.028982
-0.026923
-0.019542
-0.018730
-0.008777
-0.001272
0.004131
0.007186
0.009638
0.009922
0.005061
-0.000785
-0.005049
-0.009180
-0.012012
-0.009927
-0.007184
-0.003531
-0.001380
0.001513
0.000438
-0.001231
-0.003863
-0.005818
-0.005291
-0.005197
-0.001894
-0.000218
0.002716
0.000792
-0.001563
-0.002101
-0.002386
-0.001163
0.000421
0.001313
0.001901
0.001099
0.000100
-0.000873
-0.001642
-0.002494
-0.005376
-0.004026
-0.002751
-0.001799
-0.001347
0.000338
-0.001146
-0.003847
-0.004503
-0.003892
-0.001628
0.000021
0.002710
0.002983
-0.000294
-0.001317
-0.002656
-0.002630
-0.001119
0.000495
0.001322
0.001839
0.002632
0.001594
0.002510
0.002415
0.000572
-0.000090
0.001384
0.000900
-0.000064
-0.001879
-0.003403
-0.003353
-0.002097
-0.000368
0.001005
0.002084
0.002256
-0.000314
-0.001508
-0.001865
-0.001169
0.000457
0.002252
-0.001125
0.001506
-0.001527
-0.003028
-0.001594
-0.002419
0.000963
0.001075
0.002522
0.003050
0.003180
0.002695
0.000163
-0.002162
-0.002455
-0.001884
-0.000883
-0.000210
-0.000311
0.000806
-0.001823
-0.004498
-0.002740
-0.003101
-0.002036
-0.001412
0.000476
-0.000708
-0.000906
0.005199
0.003414
0.004192
0.002638
0.006477
0.005781
0.004777
0.003443
0.003013
0.002399
0.002561
0.002947
0.001531
-0.001006
-0.006718
-0.016354
-0.026872
-0.037684
-0.050878
-0.063757
-0.071926
-0.076074
-0.077790
-0.082628
-0.086294
-0.087867
-0.087452
-0.100771
-0.106914
-0.110698
-0.112666
-0.114516
-0.115926
-0.103607
-0.118313
-0.108926
-0.110223
-0.110654
-0.124217
-0.110159
-0.108063
-0.105941
-0.120511
-0.105864
-0.105711
-0.106264
-0.107170
-0.106703
-0.105475
-0.098745
-0.085041
-0.064801
-0.048134
-0.029851
-0.012919
0.004076
0.021841
0.040640
0.055429
0.065101
0.072492
0.077770
0.080393
0.082361
0.087088
0.091691
0.094765
0.095652
0.095301
0.094436
0.097188
0.102596
0.105883
0.105288
0.101526
0.098575
0.098272
0.101462
0.104469
0.100349
0.091827
0.086391
0.062476
0.035774
0.011551
-0.006679
-0.019091
-0.027441
-0.035186
-0.046011
-0.058194
-0.067761
-0.075041
-0.082463
-0.089066
-0.092285
-0.094567
-0.098692
-0.104155
-0.105112
-0.105120
-0.103359
-0.102429
-0.100764
-0.099556
-0.099995
-0.101756
-0.103542
-0.103342
-0.103191
-0.103539
-0.104981
-0.105031
-0.103979
-0.102639
-0.107348
-0.105608
-0.100455
-0.092816
-0.072806
-0.065123
-0.057226
-0.048218
-0.040471
-0.033895
-0.031096
-0.026535
-0.022584
-0.019725
-0.017845
-0.015185
-0.012210
-0.010379
-0.009811
-0.008380
-0.008056
-0.007367
-0.006448
-0.004854
-0.003728
-0.002691
-0.002551
-0.002141
-0.002658
-0.003116
-0.003051
-0.002766
-0.000874
-0.001443
-0.001017
0.000420
0.000271
-0.000044
-0.001461
-0.000040
-0.000802
0.000807
0.003130
0.004670
0.004691
0.003336
-0.000199
-0.003539
-0.004219
-0.002029
-0.000513
0.001862
0.000900
-0.000511
-0.001707
-0.002824
-0.002220
-0.000753
0.000685
0.002624
0.001833
-0.001511
-0.001018
-0.000482
-0.000238
-0.000060
0.000241
0.000945
0.001314
0.002811
0.007895
0.019212
0.033549
0.045608
0.057683
0.065151
0.071885
0.079412
0.084877
0.087468
0.087087
0.095242
0.093197
0.086190
0.092882
0.100951
0.119591
0.118783
0.101544
0.108355
0.107507
0.099679
0.105708
0.124104
0.124261
0.120117
0.115566
0.110029
0.101488
0.079823
0.069244
0.057023
0.041525
0.035164
0.032039
0.029310
0.027283
0.024694
0.021273
0.018300
0.014079
0.011886
0.010515
0.009517
0.009552
0.007937
0.006192
0.006442
0.004605
0.003961
0.004008
0.003707
0.004459
0.003028
-0.000428
0.000601
-0.000292
-0.001222
-0.000029
0.000924
0.002176
0.003245
0.003083
0.001941
0.004548
0.002893
0.005636
0.006304
0.005704
0.003573
0.003674
0.002109
0.002558
0.002094
-0.000101
0.001736
-0.004289
-0.012019
-0.020151
-0.029574
-0.038640
-0.048715
-0.060306
-0.072630
-0.076692
-0.089360
-0.083962
-0.085681
-0.091391
-0.093360
-0.106879
-0.113304
-0.103162
-0.116233
-0.115737
-0.114497
-0.115007
-0.117818
-0.119253
-0.118648
-0.119725
-0.109280
-0.108624
-0.105370
-0.099874
-0.092553
-0.083628
-0.067633
-0.064391
-0.047154
-0.038326
-0.033161
-0.029964
-0.027543
-0.025104
-0.021447
-0.018107
-0.014524
-0.011587
-0.009351
-0.010031
-0.010219
-0.011016
-0.011475
-0.009676
-0.004916
-0.000506
0.003553
0.002229
-0.000450
-0.002853
-0.001416
-0.001410
0.000236
0.001488
0.002112
0.003042
0.001352
0.000416
-0.000546
-0.000964
-0.000440
-0.001897
-0.001648
0.000496
0.000981
-0.000119
-0.000235
-0.001885
-0.001521
-0.000960
-0.000723
0.001180
0.001778
0.000897
0.003606
0.011304
0.018166
0.028244
0.038133
0.047234
0.054401
0.058152
0.060467
0.060373
0.057948
0.055891
0.056770
0.059930
0.064088
0.066489
0.067617
0.067251
0.065323
0.064309
0.064437
0.066601
0.069821
0.072288
0.073235
0.073142
0.071667
0.069728
0.068667
0.069248
0.070617
0.072388
0.072603
0.074624
0.077262
0.078947
0.078636
0.074835
0.070747
0.068431
0.069459
0.069848
0.069617
0.067292
0.062919
0.054397
0.041505
0.033199
0.027237
0.023149
0.021463
0.020111
0.017447
0.015108
0.010723
0.007316
0.008035
0.007768
0.007234
0.006847
0.006243
0.003539
0.002329
0.002401
0.003205
0.003068
0.003325
0.011702
0.009613
0.008335
0.005075
0.001535
0.000456
0.002690
0.005701
0.007896
0.007665
0.003299
-0.000725
-0.006130
-0.006235
-0.002375
0.001638
-0.001005
0.000048
0.003776
0.002952
0.002103
0.002488
0.005287
0.008634
0.010232
0.010862
0.009915
0.011235
0.011542
0.012521
0.014254
0.016991
0.017634
0.017624
0.016209
0.015719
0.014741
0.014258
0.015790
0.017507
0.019136
0.020887
0.020622
0.019012
0.016377
0.014806
0.014732
0.015721
0.016770
0.018187
0.018478
0.017538
0.017191
0.016879
0.016732
0.017452
0.018052
0.016189
0.015990
0.014625
0.016650
0.018563
0.020538
0.022060
0.022017
0.019878
0.017805
0.016326
0.014838
0.015081
0.016040
0.018434
0.019769
0.020203
0.019031
0.016742
0.015132
0.013532
0.015451
0.016429
0.017775
0.019080
0.019877
0.019647
0.017792
0.016616
0.016477
0.016391
0.016681
0.017152
0.017043
0.018805
0.019437
0.019305
0.018483
0.017213
0.016510
0.015884
0.016103
0.017311
0.018027
0.019052
0.019487
0.019219
0.017969
0.015733
0.014441
0.012257
0.011528
0.013937
0.015465
0.018895
0.022995
0.028506
0.034092
0.032482
0.034731
0.039051
0.040951
0.044217
0.043558
0.049654
0.051388
0.054044
0.047719
0.034601
0.016425
-0.002810
-0.017865
-0.030430
-0.037125
-0.045859
-0.054529
-0.062444
-0.080806
-0.084776
-0.091577
-0.105466
-0.107901
-0.108400
-0.107627
-0.106984
-0.108668
-0.109930
-0.095465
-0.090910
-0.080147
-0.072809
-0.055794
-0.036822
-0.015112
0.004866
0.018738
0.026656
0.033707
0.041959
0.055092
0.068508
0.080582
0.088164
0.088018
0.080408
0.069372
0.053614
0.033277
0.013224
-0.005562
-0.020990
-0.026825
-0.035540
-0.046042
-0.055872
-0.063965
-0.072253
-0.082175
-0.090912
-0.089860
-0.091213
-0.093084
-0.094934
-0.095630
-0.096552
-0.099089
-0.098636
-0.099643
-0.099512
-0.111904
-0.099545
-0.099243
-0.100336
-0.104344
-0.105659
-0.103537
-0.093320
-0.073140
-0.063116
-0.050610
-0.042301
-0.037866
-0.031357
-0.027136
-0.024687
-0.020821
-0.017193
-0.012729
-0.010213
-0.008040
-0.007442
-0.008088
-0.007517
-0.006002
-0.004372
-0.003533
-0.002357
-0.002026
-0.002728
-0.001914
-0.000592
-0.001375
-0.001416
-0.002301
-0.001664
-0.001305
-0.000600
-0.000384
0.000059
0.001530
0.002416
0.001859
0.002368
0.001558
0.001207
0.001245
0.000005
-0.000391
-0.001342
-0.001673
-0.002339
-0.002518
-0.002179
-0.001457
0.000165
0.000440
0.002601
0.003815
0.006056
0.006876
0.006336
0.005599
0.005609
0.003789
0.001923
-0.000703
-0.002761
-0.004698
-0.005443
-0.004048
-0.004673
-0.002850
-0.001165
0.000687
0.003604
0.004923
0.006628
0.007005
0.006975
0.006338
0.005293
0.003935
0.001741
-0.000658
-0.002178
-0.002562
-0.002996
-0.002472
-0.001512
-0.001165
0.002442
0.004653
0.006548
0.007672
0.008291
0.007738
0.006755
0.004546
0.002930
0.000569
-0.001555
-0.003349
-0.003489
-0.003252
-0.002169
-0.001185
0.000975
0.002329
0.004328
0.004861
0.004585
0.004072
0.002243
-0.000033
-0.002159
-0.003435
-0.004618
-0.005581
-0.004757
-0.004432
-0.002379
-0.000067
0.001330
0.002085
0.003557
0.003471
0.004917
0.002604
0.001589
-0.000429
-0.001544
-0.004569
-0.006317
-0.005094
-0.006082
-0.004952
-0.003372
0.000298
0.000568
0.003011
0.003736
0.001697
0.002521
0.000698
-0.000871
-0.001951
-0.006225
-0.006544
-0.005729
-0.003520
-0.001795
0.000681
0.004396
0.007564
0.006882
0.006215
0.004216
-0.000809
-0.003763
-0.005984
-0.010634
-0.008853
-0.008120
-0.004682
0.000293
0.006637
0.009196
0.010094
0.009271
0.007331
0.004021
0.000329
-0.001755
-0.003014
-0.003472
-0.001202
-0.000153
0.003292
0.004979
0.003972
0.003294
0.000826
-0.000211
-0.002040
-0.004080
-0.002684
-0.003943
-0.001854
-0.000115
0.001522
0.001126
0.000267
-0.000672
-0.003414
-0.003187
0.000503
0.001005
0.002095
0.003432
0.004672
0.004715
0.003770
0.002038
0.000219
0.002407
0.001857
0.003181
0.004250
0.004237
0.005808
0.004518
0.003654
0.001566
0.000060
0.001315
0.001039
0.002427
0.001878
0.002463
0.001078
0.000807
-0.000224
0.002195
0.003931
0.002761
0.001861
0.000637
-0.000140
-0.000677
-0.001527
-0.001628
-0.001158
-0.001184
-0.000148
-0.000989
-0.001100
-0.001753
-0.004571
-0.009870
-0.015453
-0.017040
-0.016280
-0.000723
-0.004259
-0.009743
-0.014882
-0.018875
-0.021657
-0.025333
-0.027276
-0.029073
-0.029382
-0.029767
-0.031459
-0.032117
-0.029994
-0.022771
-0.012245
0.000316
0.012979
0.023438
0.031453
0.032303
0.036386
0.044693
0.057922
0.070229
0.081327
0.090587
0.097981
0.101196
0.100213
0.089552
0.075185
0.059379
0.043907
0.032509
0.025459
0.017868
0.009007
-0.000491
-0.012919
-0.025873
-0.036592
-0.043682
-0.046059
-0.046499
-0.044618
-0.044868
-0.045175
-0.047079
-0.049307
-0.052053
-0.053776
-0.055452
-0.053532
-0.050512
-0.051354
-0.052152
-0.052518
-0.053404
-0.054321
-0.056073
-0.055800
-0.054643
-0.053708
-0.053718
-0.053828
-0.055142
-0.055278
-0.056187
-0.056607
-0.056163
-0.055601
-0.054553
-0.054795
-0.054921
-0.055283
-0.054603
-0.053820
-0.053723
-0.053973
-0.053424
-0.052712
-0.053122
-0.054184
-0.055834
-0.056722
-0.057050
-0.056229
-0.054356
-0.052163
-0.051216
-0.052178
-0.053734
-0.055818
-0.057012
-0.055966
-0.055910
-0.055870
-0.054998
-0.054396
-0.052936
-0.053488
-0.054240
-0.056078
-0.056958
-0.057513
-0.057349
-0.055908
-0.055232
-0.053936
-0.052012
-0.051977
-0.054578
-0.055427
-0.056897
-0.057605
-0.055788
-0.051412
-0.044220
-0.035270
-0.026345
-0.018321
-0.013027
-0.010952
-0.008151
-0.005265
-0.000227
0.004277
0.008162
0.009879
0.009934
0.009207
0.008184
0.010069
0.012004
0.014078
0.014543
0.014281
0.014477
0.013423
0.012991
0.014828
0.015954
0.016784
0.017787
0.017441
0.015994
0.015804
0.016281
0.016372
0.016297
0.016309
0.016931
0.016902
0.016962
0.013205
0.013793
0.016891
0.016464
0.017627
0.018858
0.018143
0.016059
0.013104
0.011633
0.009398
0.007670
0.008991
0.008225
0.007330
0.007541
0.006680
0.004348
0.004598
0.005887
0.008628
0.007557
0.007629
0.006344
0.004490
0.000431
0.001317
-0.001062
-0.002047
-0.002713
-0.000654
0.000376
-0.000578
-0.000365
0.001551
0.004406
0.008421
0.015467
0.023892
0.034246
0.044340
0.052024
0.058740
0.067216
0.077836
0.088710
0.098035
0.103697
0.105642
0.106464
0.103051
0.094216
0.084288
0.077234
0.071701
0.060559
0.048433
0.036028
0.023314
0.013747
0.009487
0.007929
0.008290
0.009478
0.006248
0.003471
-0.000284
-0.001410
-0.002199
-0.000743
0.001466
0.002536
0.000952
0.000843
-0.001423
0.000405
0.000655
-0.000271
0.000069
-0.000058
-0.000152
0.001672
0.001774
0.000974
0.007554
0.011196
0.010523
0.010551
0.008793
0.006426
0.004846
0.004016
0.003513
0.004008
0.004126
0.003618
0.002354
0.000613
0.001754
0.002834
0.003732
0.003252
0.003201
0.002126
0.001460
0.001779
0.000000
0.000000
0.000000
0.000000
0.000000
0.000000
0.000000
0.000000
0.000000
0.000000
0.000000
0.000000
0.000000
0.000000
0.000000
0.000000
0.000000
0.000000
0.000000
0.000000
0.000000
0.000000
0.000000
0.000000
0.000000
0.000000
0.000000
0.000000
0.000000
0.000000
0.000000
0.000000
0.000000
0.000000
0.000000
0.000000
0.000000
0.000000
0.000000
0.000000
0.000000
0.000000
0.000000
0.000000
0.000000
0.000000
0.000000
0.000000
0.000000
0.000000
0.000000
0.000000
0.000000
0.000000
0.000000
0.000000
0.000000
0.000000
0.000000
0.000000
0.000000
0.000000
0.000000
0.000000
0.000000
0.000000
0.000000
0.000000
0.000000
0.000000
0.000000
0.000000
0.000000
0.000000
0.000000
0.000000
0.000000
0.000000
0.000000
0.000000
0.000000
0.000000
0.000000
0.000000
0.000000
0.000000
0.000000
0.000000
0.000000
0.000000
0.000000
0.000000
0.000000
0.000000
0.000000
0.000000
0.000000
0.000000
0.000000
0.000000
0.000000
0.000000
0.000000
0.000000
0.000000
0.000000
0.000000
0.000000
0.000000
0.000000
0.000000
0.000000
0.000000
0.000000
0.000000
0.000000
0.000000
0.000000
0.000000
0.000000
0.000000
0.000000
0.000000
0.000000
0.000000
0.000000
0.000000
0.000000
0.000000
0.000000
0.000000
0.000000
0.000000
0.000000
0.000000
0.000000
0.000000
0.000000
0.000000
0.000000
0.000000
0.000000
0.000000
0.000000
0.000000
0.000000
0.000000
0.000000
0.000000
0.000000
0.000000
0.000000
0.000000
0.000000
0.000000
0.000000
0.000000
0.000000
0.000000
0.000000
0.000000
0.000000
0.000000
0.000000
0.000000
0.000000
0.000000
0.000000
0.000000
0.000000
0.000000
0.000000
0.000000
0.000000
0.000000
0.000000
0.000000
0.000000
0.000000
0.000000
0.000000
0.000000
0.000000
0.000000
0.000000
0.000000
0.000000
0.000000
0.000000
0.000000
0.000000
0.000000
0.000000
0.000000
0.000000
0.000000
0.000000
0.000000
0.000000
0.000000
0.000000
0.000000
0.000000
0.000000
0.000000
0.000000
0.000000
0.000000
0.000000
0.000000
0.000000
0.000000
0.000000
0.000000
0.000000
0.000000
0.000000
0.000000
0.000000
0.000000
0.000000
0.000000
0.000000
0.000000
0.000000
0.000000
0.000000
0.000000
0.000000
0.000000
0.000000
0.000000
0.000000
0.000000
0.000000
0.000000
0.000000
0.000000
0.000000
0.000000
0.000000
0.000000
0.000000
0.000000
0.000000
0.000000
0.000000
0.000000
0.000000
0.000000
0.000000
0.000000
0.000000
0.000000
0.000000
0.000000
0.000000
0.000000
0.000000
0.000000
0.000000
0.000000
0.000000
0.000000
0.000000
0.000000
0.000000
0.000000
0.000000
0.000000
0.000000
0.000000
0.000000
0.000000
0.000000
0.000000
0.000000
0.000000
0.000000
0.000000
0.000000
0.000000
0.000000
0.000000
0.000000
0.000000
0.000000
0.000000
0.000000
0.000000
0.000000
0.000000
0.000000
0.000000
0.000000
0.000000
0.000000
0.000000
0.000000
0.000000
0.000000
0.000000
0.000000
0.000000
0.000000
0.000000
0.000000
0.000000
0.000000
0.000000
0.000000
0.000000
0.000000
0.000000
0.000000
0.000000
0.000000
0.000000
0.000000
0.000000
0.000000
0.000000
0.000000
0.000000
0.000000
0.000000
0.000000
0.000000
0.000000
0.000000
0.000000
0.000000
0.000000
0.000000
0.000000
0.000000
0.000000
0.000000
0.000000
0.000000
0.000000
0.000000
0.000000
0.000000
0.000000
0.000000
0.000000
0.000000
0.000000
0.000000
0.000000
0.000000
0.000000
0.000000
0.000000
0.000000
0.000000
0.000000
0.000000
0.000000
0.000000
0.000000
0.000000
0.000000
0.000000
0.000000
0.000000
0.000000
0.000000
0.000000
0.000000
0.000000
0.000000
0.000000
0.000000
0.000000
0.000000
0.000000
0.000000
0.000000
0.000000
0.000000
0.000000
0.000000
0.000000
0.000000
0.000000
0.000000
0.000000
0.000000
0.000000
0.000000
0.000000
0.000000
0.000000
0.000000
0.000000
0.000000
0.000000
0.000000
0.000000
0.000000
0.000000
0.000000
0.000000
0.000000
0.000000
0.000000
0.000000
0.000000
0.000000
0.000000
0.000000
0.000000
0.000000
0.000000
0.000000
0.000000
0.000000
0.000000
0.000000
0.000000
0.000000
0.000000
0.000000
0.000000
0.000000
0.000000
0.000000
0.000000
0.000000
0.000000
0.000000
0.000000
0.000000
0.000000
0.000000
0.000000
0.000000
0.000000
0.000000
0.000000
0.000000
0.000000
0.000000
0.000000
0.000000
0.000000
0.000000
0.000000
0.000000
0.000000
0.000000
0.000000
0.000000
0.000000
0.000000
0.000000
0.000000
0.000000
0.000000
0.000000
0.000000
0.000000
0.000000
0.000000
0.000000
0.000000
0.000000
0.000000
0.000000
0.000000
0.000000
0.000000
0.000000
0.000000
0.000000
0.000000
0.000000
0.000000
0.000000
0.000000
0.000000
0.000000
0.000000
0.000000
0.000000
0.000000
0.000000
0.000000
0.000000
0.000000
0.000000
0.000000
0.000000
0.000000
0.000000
0.000000
0.000000
0.000000
0.000000
0.000000
0.000000
0.000000
0.000000
0.000000
0.000000
0.000000
0.000000
0.000000
0.000000
0.000000
0.000000
0.000000
0.000000
0.000000
0.000000
0.000000
0.000000
0.000000
0.000000
0.000000
0.000000
0.000000
0.000000
0.000000
0.000000
0.000000
0.000000
0.000000
0.000000
0.000000
0.000000
0.000000
0.000000
0.000000
0.000000
0.000000
0.000000
0.000000
0.000000
0.000000
0.000000
0.000000
0.000000
0.000000
0.000000
0.000000
0.000000
0.000000
0.000000
0.000000
0.000000
0.000000
0.000000
0.000000
0.000000
0.000000
0.000000
0.000000
0.000000
0.000000
0.000000
0.000000
0.000000
0.000000
0.000000
0.000000
0.000000
0.000000
0.000000
0.000000
0.000000
0.000000
0.000000
0.000000
0.000000
0.000000
0.000000
0.000000
0.000000
0.000000
0.000000
0.000000
0.000000
0.000000
0.000000
0.000000
0.000000
0.000000
0.000000
0.000000
0.000000
0.000000
0.000000
0.000000
0.000000
0.000000
0.000000
0.000000
0.000000
0.000000
0.000000
0.000000
0.000000
0.000000
0.000000
0.000000
0.000000
0.000000
0.000000
0.000000
0.000000
0.000000
0.000000
0.000000
0.000000
0.000000
0.000000
0.000000
0.000000
0.000000
0.000000
0.000000
0.000000
0.000000
0.000000
0.000000
0.000000
0.000000
0.000000
0.000000
0.000000
0.000000
0.000000
0.000000
0.000000
0.000000
0.000000
0.000000
0.000000
0.000000
0.000000
0.000000
0.000000
0.000000
0.000000
0.000000
0.000000
0.000000
0.000000
0.000000
0.000000
0.000000
0.000000
0.000000
0.000000
0.000000
0.000000
0.000000
0.000000
0.000000
0.000000
0.000000
0.000000
0.000000
0.000000
0.000000
0.000000
0.000000
0.000000
0.000000
0.000000
0.000000
0.000000
0.000000
0.000000
0.000000
0.000000
0.000000
0.000000
0.000000
0.000000
0.000000
0.000000
0.000000
0.000000
0.000000
0.000000
0.000000
0.000000
0.000000
0.000000
0.000000
0.000000
0.000000
0.000000
0.000000
0.000000
0.000000
0.000000
0.000000
0.000000
0.000000
0.000000
0.000000
0.000000
0.000000
0.000000
0.000000
0.000000
0.000000
0.000000
0.000000
0.000000
0.000000
0.000000
0.000000
0.000000
0.000000
0.000000
0.000000
0.000000
0.000000
0.000000
0.000000
0.000000
0.000000
0.000000
0.000000
0.000000
0.000000
0.000000
0.000000
0.000000
0.000000
0.000000
0.000000
0.000000
0.000000
0.000000
0.000000
0.000000
0.000000
0.000000
0.000000
0.000000
0.000000
0.000000
0.000000
0.000000
0.000000
0.000000
0.000000
0.000000
0.000000
0.000000
0.000000
0.000000
0.000000
0.000000
0.000000
0.000000
0.000000
0.000000
0.000000
0.000000
0.000000
0.000000
0.000000
0.000000
0.000000
0.000000
0.000000
0.000000
0.000000
0.000000
0.000000
0.000000
0.000000
0.000000
0.000000
0.000000
0.000000
0.000000
0.000000
0.000000
0.000000
0.000000
0.000000
0.000000
0.000000
0.000000
0.000000
0.000000
0.000000
0.000000
0.000000
0.000000
0.000000
0.000000
0.000000
0.000000
0.000000
0.000000
0.000000
0.000000
0.000000
0.000000
0.000000
0.000000
0.000000
0.000000
0.000000
0.000000
0.000000
0.000000
0.000000
0.000000
0.000000
0.000000
0.000000
0.000000
0.000000
0.000000
0.000000
0.000000
0.000000
0.000000
0.000000
0.000000
0.000000
0.000000
0.000000
0.000000
0.000000
0.000000
0.000000
0.000000
0.000000
0.000000
0.000000
0.000000
0.000000
0.000000
0.000000
0.000000
0.000000
0.000000
0.000000
0.000000
0.000000
0.000000
0.000000
0.000000
0.000000
0.000000
0.000000
0.000000
0.000000
0.000000
0.000000
0.000000
0.000000
0.000000
0.000000
0.000000
0.000000
0.000000
0.000000
0.000000
0.000000
0.000000
0.000000
0.000000
0.000000
0.000000
0.000000
0.000000
0.000000
0.000000
0.000000
0.000000
0.000000
0.000000
0.000000
0.000000
0.000000
0.000000
0.000000
0.000000
0.000000
0.000000
0.000000
0.000000
0.000000
0.000000
0.000000
0.000000
0.000000
0.000000
0.000000
0.000000
0.000000
0.000000
0.000000
0.000000
0.000000
0.000000
0.000000
0.000000
0.000000
0.000000
0.000000
0.000000
0.000000
0.000000
0.000000
0.000000
0.000000
0.000000
0.000000
0.000000
0.000000
0.000000
0.000000
0.000000
0.000000
0.000000
0.000000
0.000000
0.000000
0.000000
0.000000
0.000000
0.000000
0.000000
0.000000
0.000000
0.000000
0.000000
0.000000
0.000000
0.000000
0.000000
0.000000
0.000000
0.000000
0.000000
0.000000
0.000000
0.000000
0.000000
0.000000
0.000000
0.000000
0.000000
0.000000
0.000000
0.000000
0.000000
0.000000
0.000000
0.000000
0.000000
0.000000
0.000000
0.000000
0.000000
0.000000
0.000000
0.000000
0.000000
0.000000
0.000000
0.000000
0.000000
0.000000
0.000000
0.000000
0.000000
0.000000
0.000000
0.000000
0.000000
0.000000
0.000000
0.000000
0.000000
0.000000
0.000000
0.000000
0.000000
0.000000
0.000000
0.000000
0.000000
0.000000
0.000000
0.000000
0.000000
0.000000
0.000000
0.000000
0.000000
0.000000
0.000000
0.000000
0.000000
0.000000
0.000000
0.000000
0.000000
0.000000
0.000000
0.000000
0.000000
0.000000
0.000000
0.000000
0.000000
0.000000
0.000000
0.000000
0.000000
0.000000
0.000000
0.000000
0.000000
0.000000
0.000000
0.000000
0.000000
0.000000
0.000000
0.000000
0.000000
0.000000
0.000000
0.000000
0.000000
0.000000
0.000000
0.000000
0.000000
0.000000
0.000000
0.000000
0.000000
0.000000
0.000000
0.000000
0.000000
0.000000
0.000000
0.000000
0.000000
0.000000
0.000000
0.000000
0.000000
0.000000
0.000000
0.000000
0.000000
0.000000
0.000000
0.000000
0.000000
0.000000
0.000000
0.000000
0.000000
0.000000
0.000000
0.000000
0.000000
0.000000
0.000000
0.000000
0.000000
0.000000
0.000000
0.000000
0.000000
0.000000
0.000000
0.000000
0.000000
0.000000
0.000000
0.000000
0.000000
0.000000
0.000000
0.000000
0.000000
0.000000
0.000000
0.000000
0.000000
0.000000
0.000000
0.000000
0.000000
0.000000
0.000000
0.000000
0.000000
0.000000
0.000000
0.000000
0.000000
0.000000
0.000000
0.000000
0.000000
0.000000
0.000000
0.000000
0.000000
0.000000
0.000000
0.000000
0.000000
0.000000
0.000000
0.000000
0.000000
0.000000
0.000000
0.000000
0.000000
0.000000
0.000000
0.000000
0.000000
0.000000
0.000000
0.000000
0.000000
0.000000
0.000000
0.000000
0.000000
0.000000
0.000000
0.000000
0.000000
0.000000
0.000000
0.000000
0.000000
0.000000
0.000000
0.000000
0.000000
0.000000
0.000000
0.000000
0.000000
0.000000
0.000000
0.000000
0.000000
0.000000
0.000000
0.000000
0.000000
0.000000
0.000000
0.000000
0.000000
0.000000
0.000000
0.000000
0.000000
0.000000
0.000000
0.000000
0.000000
0.000000
0.000000
0.000000
0.000000
0.000000
0.000000
0.000000
0.000000
0.000000
0.000000
0.000000
0.000000
0.000000
0.000000
0.000000
0.000000
0.000000
0.000000
0.000000
0.000000
0.000000
0.000000
0.000000
0.000000
0.000000
0.000000
0.000000
0.000000
0.000000
0.000000
0.000000
0.000000
0.000000
0.000000
0.000000
0.000000
0.000000
0.000000
0.000000
0.000000
0.000000
0.000000
0.000000
0.000000
0.000000
0.000000
0.000000
0.000000
0.000000
0.000000
0.000000
0.000000
0.000000
0.000000
0.000000
0.000000
0.000000
0.000000
0.000000
0.000000
0.000000
0.000000
0.000000
0.000000
0.000000
0.000000
0.000000
0.000000
0.000000
0.000000
0.000000
0.000000
0.000000
0.000000
0.000000
0.000000
0.000000
0.000000
0.000000
0.000000
0.000000
0.000000
0.000000
0.000000
0.000000
0.000000
0.000000
0.000000
0.000000
0.000000
0.000000
0.000000
0.000000
0.000000
0.000000
0.000000
0.000000
0.000000
0.000000
0.000000
0.000000
0.000000
0.000000
0.000000
0.000000
0.000000
0.000000
0.000000
0.000000
0.000000
0.000000
0.000000
0.000000
0.000000
0.000000
0.000000
0.000000
0.000000
0.000000
0.000000
0.000000
0.000000
0.000000
0.000000
0.000000
0.000000
0.000000
0.000000
0.000000
0.000000
0.000000
0.000000
0.000000
0.000000
0.000000
0.000000
0.000000
0.000000
0.000000
0.000000
0.000000
0.000000
0.000000
0.000000
0.000000
0.000000
0.000000
0.000000
0.000000
0.000000
0.000000
0.000000
0.000000
0.000000
0.000000
0.000000
0.000000
0.000000
0.000000
0.000000
0.000000
0.000000
0.000000
0.000000
0.000000
0.000000
0.000000
0.000000
0.000000
0.000000
0.000000
0.000000
0.000000
0.000000
0.000000
0.000000
0.000000
0.000000
0.000000
0.000000
0.000000
0.000000
0.000000
0.000000
0.000000
0.000000
0.000000
0.000000
0.000000
0.000000
0.000000
0.000000
0.000000
0.000000
0.000000
0.000000
0.000000
0.000000
0.000000
0.000000
0.000000
0.000000
0.000000
0.000000
0.000000
0.000000
0.000000
0.000000
0.000000
0.000000
0.000000
0.000000
0.000000
0.000000
0.000000
0.000000
0.000000
0.000000
0.000000
0.000000
0.000000
0.000000
0.000000
0.000000
0.000000
0.000000
0.000000
0.000000
0.000000
0.000000
0.000000
0.000000
0.000000
0.000000
0.000000
0.000000
0.000000
0.000000
0.000000
0.000000
0.000000
0.000000
0.000000
0.000000
0.000000
0.000000
0.000000
0.000000
0.000000
0.000000
0.000000
0.000000
0.000000
0.000000
0.000000
0.000000
0.000000
0.000000
0.000000
0.000000
0.000000
0.000000
0.000000
0.000000
0.000000
0.000000
0.000000
0.000000
0.000000
0.000000
0.000000
0.000000
0.000000
0.000000
0.000000
0.000000
0.000000
0.000000
0.000000
0.000000
0.000000
0.000000
0.000000
0.000000
0.000000
0.000000
0.000000
0.000000
0.000000
0.000000
0.000000
0.000000
0.000000
0.000000
0.000000
0.000000
0.000000
0.000000
0.000000
0.000000
0.000000
0.000000
0.000000
0.000000
0.000000
0.000000
0.000000
0.000000
0.000000
0.000000
0.000000
0.000000
0.000000
0.000000
0.000000
0.000000
0.000000
0.000000
0.000000
0.000000
0.000000
0.000000
0.000000
0.000000
0.000000
0.000000
0.000000
0.000000
0.000000
0.000000
0.000000
0.000000
0.000000
0.000000
0.000000
0.000000
0.000000
0.000000
0.000000
0.000000
0.000000
0.000000
0.000000
0.000000
0.000000
0.000000
0.000000
0.000000
0.000000
0.000000
0.000000
0.000000
0.000000
0.000000
0.000000
0.000000
0.000000
0.000000
0.000000
0.000000
0.000000
0.000000
0.000000
0.000000
0.000000
0.000000
0.000000
0.000000
0.000000
0.000000
0.000000
0.000000
0.000000
0.000000
0.000000
0.000000
0.000000
0.000000
0.000000
0.000000
0.000000
0.000000
0.000000
0.000000
0.000000
0.000000
0.000000
0.000000
0.000000
0.000000
0.000000
0.000000
0.000000
0.000000
0.000000
0.000000
0.000000
0.000000
0.000000
0.000000
0.000000
0.000000
0.000000
0.000000
0.000000
0.000000
0.000000
0.000000
0.000000
0.000000
0.000000
0.000000
0.000000
0.000000
0.000000
0.000000
0.000000
0.000000
0.000000
0.000000
0.000000
0.000000
0.000000
0.000000
0.000000
0.000000
0.000000
0.000000
0.000000
0.000000
0.000000
0.000000
0.000000
0.000000
0.000000
0.000000
0.000000
0.000000
0.000000
0.000000
0.000000
0.000000
0.000000
0.000000
0.000000
0.000000
0.000000
0.000000
0.000000
0.000000
0.000000
0.000000
0.000000
0.000000
0.000000
0.000000
0.000000
0.000000
0.000000
0.000000
0.000000
0.000000
0.000000
0.000000
0.000000
0.000000
0.000000
0.000000
0.000000
0.000000
0.000000
0.000000
0.000000
0.000000
0.000000
0.000000
0.000000
0.000000
0.000000
0.000000
0.000000
0.000000
0.000000
0.000000
0.000000
0.000000
0.000000
0.000000
0.000000
0.000000
0.000000
0.000000
0.000000
0.000000
0.000000
0.000000
0.000000
0.000000
0.000000
0.000000
0.000000
0.000000
0.000000
0.000000
0.000000
0.000000
0.000000
0.000000
0.000000
0.000000
0.000000
0.000000
0.000000
0.000000
0.000000
0.000000
0.000000
0.000000
0.000000
0.000000
0.000000
0.000000
0.000000
0.000000
0.000000
0.000000
0.000000
0.000000
0.000000
0.000000
0.000000
0.000000
0.000000
0.000000
0.000000
0.000000
0.000000
0.000000
0.000000
0.000000
0.000000
0.000000
0.000000
0.000000
0.000000
0.000000
0.000000
0.000000
0.000000
0.000000
0.000000
0.000000
0.000000
0.000000
0.000000
0.000000
0.000000
0.000000
0.000000
0.000000
0.000000
0.000000
0.000000
0.000000
0.000000
0.000000
0.000000
0.000000
0.000000
0.000000
0.000000
0.000000
0.000000
0.000000
0.000000
0.000000
0.000000
0.000000
0.000000
0.000000
0.000000
0.000000
0.000000
0.000000
0.000000
0.000000
0.000000
0.000000
0.000000
0.000000
0.000000
0.000000
0.000000
0.000000
0.000000
0.000000
0.000000
0.000000
0.000000
0.000000
0.000000
0.000000
0.000000
0.000000
0.000000
0.000000
0.000000
0.000000
0.000000
0.000000
0.000000
0.000000
0.000000
0.000000
0.000000
0.000000
0.000000
0.000000
0.000000
0.000000
0.000000
0.000000
0.000000
0.000000
0.000000
0.000000
0.000000
0.000000
0.000000
0.000000
0.000000
0.000000
0.000000
0.000000
0.000000
0.000000
0.000000
0.000000
0.000000
0.000000
0.000000
0.000000
0.000000
0.000000
0.000000
0.000000
0.000000
0.000000
0.000000
0.000000
0.000000
0.000000
0.000000
0.000000
0.000000
0.000000
0.000000
0.000000
0.000000
0.000000
0.000000
0.000000
0.000000
0.000000
0.000000
0.000000
0.000000
0.000000
0.000000
0.000000
0.000000
0.000000
0.000000
0.000000
0.000000
0.000000
0.000000
0.000000
0.000000
0.000000
0.000000
0.000000
0.000000
0.000000
0.000000
0.000000
0.000000
0.000000
0.000000
0.000000
0.000000
0.000000
0.000000
0.000000
0.000000
0.000000
0.000000
0.000000
0.000000
0.000000
0.000000
0.000000
0.000000
0.000000
0.000000
0.000000
0.000000
0.000000
0.000000
0.000000
0.000000
0.000000
0.000000
0.000000
0.000000
0.000000
0.000000
0.000000
0.000000
0.000000
0.000000
0.000000
0.000000
0.000000
0.000000
0.000000
0.000000
0.000000
0.000000
0.000000
0.000000
0.000000
0.000000
0.000000
0.000000
0.000000
0.000000
0.000000
0.000000
0.000000
0.000000
0.000000
0.000000
0.000000
0.000000
0.000000
0.000000
0.000000
0.000000
0.000000
0.000000
0.000000
0.000000
0.000000
0.000000
0.000000
0.000000
0.000000
0.000000
0.000000
0.000000
0.000000
0.000000
0.000000
0.000000
0.000000
0.000000
0.000000
0.000000
0.000000
0.000000
0.000000
0.000000
0.000000
0.000000
0.000000
0.000000
0.000000
0.000000
0.000000
0.000000
0.000000
0.000000
0.000000
0.000000
0.000000
0.000000
0.000000
0.000000
0.000000
0.000000
0.000000
0.000000
0.000000
0.000000
0.000000
0.000000
0.000000
0.000000
0.000000
0.000000
0.000000
0.000000
0.000000
0.000000
0.000000
0.000000
0.000000
0.000000
0.000000
0.000000
0.000000
0.000000
0.000000
0.000000
0.000000
0.000000
0.000000
0.000000
0.000000
0.000000
0.000000
0.000000
0.000000
0.000000
0.000000
0.000000
0.000000
0.000000
0.000000
0.000000
0.000000
0.000000
0.000000
0.000000
0.000000
0.000000
0.000000
0.000000
0.000000
0.000000
0.000000
0.000000
0.000000
0.000000
0.000000
0.000000
0.000000
0.000000
0.000000
0.000000
0.000000
0.000000
0.000000
0.000000
0.000000
0.000000
0.000000
0.000000
0.000000
0.000000
0.000000
0.000000
0.000000
0.000000
0.000000
0.000000
0.000000
0.000000
0.000000
0.000000
0.000000
0.000000
0.000000
0.000000
0.000000
0.000000
0.000000
0.000000
0.000000
0.000000
0.000000
0.000000
0.000000
0.000000
0.000000
0.000000
0.000000
0.000000
0.000000
0.000000
0.000000
0.000000
0.000000
0.000000
0.000000
0.000000
0.000000
0.000000
0.000000
0.000000
0.000000
0.000000
0.000000
0.000000
0.000000
0.000000
0.000000
0.000000
0.000000
0.000000
0.000000
0.000000
0.000000
0.000000
0.000000
0.000000
0.000000
0.000000
0.000000
0.000000
0.000000
0.000000
0.000000
0.000000
0.000000
0.000000
0.000000
0.000000
0.000000
0.000000
0.000000
0.000000
0.000000
0.000000
0.000000
0.000000
0.000000
0.000000
0.000000
0.000000
0.000000
0.000000
0.000000
0.000000
0.000000
0.000000
0.000000
0.000000
0.000000
0.000000
0.000000
0.000000
0.000000
0.000000
0.000000
0.000000
0.000000
0.000000
0.000000
0.000000
0.000000
0.000000
0.000000
0.000000
0.000000
0.000000
0.000000
0.000000
0.000000
0.000000
0.000000
0.000000
0.000000
0.000000
0.000000
0.000000
0.000000
0.000000
0.000000
0.000000
0.000000
0.000000
0.000000
0.000000
0.000000
0.000000
0.000000
0.000000
0.000000
0.000000
0.000000
0.000000
0.000000
0.000000
0.000000
0.000000
0.000000
0.000000
0.000000
0.000000
0.000000
0.000000
0.000000
0.000000
0.000000
0.000000
0.000000
0.000000
0.000000
0.000000
0.000000
0.000000
0.000000
0.000000
0.000000
0.000000
0.000000
0.000000
0.000000
0.000000
0.000000
0.000000
0.000000
0.000000
0.000000
0.000000
0.000000
0.000000
0.000000
0.000000
0.000000
0.000000
0.000000
0.000000
0.000000
0.000000
0.000000
0.000000
0.000000
0.000000
0.000000
0.000000
0.000000
0.000000
0.000000
0.000000
0.000000
0.000000
0.000000
0.000000
0.000000
0.000000
0.000000
0.000000
0.000000
0.000000
0.000000
0.000000
0.000000
0.000000
0.000000
0.000000
0.000000
0.000000
0.000000
0.000000
0.000000
0.000000
0.000000
0.000000
0.000000
0.000000
0.000000
0.000000
0.000000
0.000000
0.000000
0.000000
0.000000
0.000000
0.000000
0.000000
0.000000
0.000000
0.000000
0.000000
0.000000
0.000000
0.000000
0.000000
0.000000
0.000000
0.000000
0.000000
0.000000
0.000000
0.000000
0.000000
0.000000
0.000000
0.000000
0.000000
0.000000
0.000000
0.000000
0.000000
0.000000
0.000000
0.000000
0.000000
0.000000
0.000000
0.000000
0.000000
0.000000
0.000000
0.000000
0.000000
0.000000
0.000000
0.000000
0.000000
0.000000
0.000000
0.000000
0.000000
0.000000
0.000000
0.000000
0.000000
0.000000
0.000000
0.000000
0.000000
0.000000
0.000000
0.000000
0.000000
0.000000
0.000000
0.000000
0.000000
0.000000
0.000000
0.000000
0.000000
0.000000
0.000000
0.000000
0.000000
0.000000
0.000000
0.000000
0.000000
0.000000
0.000000
0.000000
0.000000
0.000000
0.000000
0.000000
0.000000
0.000000
0.000000
0.000000
0.000000
0.000000
0.000000
0.000000
0.000000
0.000000
0.000000
0.000000
0.000000
0.000000
0.000000
0.000000
0.000000
0.000000
0.000000
0.000000
0.000000
0.000000
0.000000
0.000000
0.000000
0.000000
0.000000
0.000000
0.000000
0.000000
0.000000
0.000000
0.000000
0.000000
0.000000
0.000000
0.000000
0.000000
0.000000
0.000000
0.000000
0.000000
0.000000
0.000000
0.000000
0.000000
0.000000
0.000000
0.000000
0.000000
0.000000
0.000000
0.000000
0.000000
0.000000
0.000000
0.000000
0.000000
0.000000
0.000000
0.000000
0.000000
0.000000
0.000000
0.000000
0.000000
0.000000
0.000000
0.000000
0.000000
0.000000
0.000000
0.000000
0.000000
0.000000
0.000000
0.000000
0.000000
0.000000
0.000000
0.000000
0.000000
0.000000
0.000000
0.000000
0.000000
0.000000
0.000000
0.000000
0.000000
0.000000
0.000000
0.000000
0.000000
0.000000
0.000000
0.000000
0.000000
0.000000
0.000000
0.000000
0.000000
0.000000
0.000000
0.000000
0.000000
0.000000
0.000000
0.000000
0.000000
0.000000
0.000000
0.000000
0.000000
0.000000
0.000000
0.000000
0.000000
0.000000
0.000000
0.000000
0.000000
0.000000
0.000000
0.000000
0.000000
0.000000
0.000000
0.000000
0.000000
0.000000
0.000000
0.000000
0.000000
0.000000
0.000000
0.000000
0.000000
0.000000
0.000000
0.000000
0.000000
0.000000
0.000000
0.000000
0.000000
0.000000
0.000000
0.000000
0.000000
0.000000
0.000000
0.000000
0.000000
0.000000
0.000000
0.000000
0.000000
0.000000
0.000000
0.000000
0.000000
0.000000
0.000000
0.000000
0.000000
0.000000
0.000000
0.000000
0.000000
0.000000
0.000000
0.000000
0.000000
0.000000
0.000000
0.000000
0.000000
0.000000
0.000000
0.000000
0.000000
0.000000
0.000000
0.000000
0.000000
0.000000
0.000000
0.000000
0.000000
0.000000
0.000000
0.000000
0.000000
0.000000
0.000000
0.000000
0.000000
0.000000
0.000000
0.000000
0.000000
0.000000
0.000000
0.000000
0.000000
0.000000
0.000000
0.000000
0.000000
0.000000
0.000000
0.000000
0.000000
0.000000
0.000000
0.000000
0.000000
0.000000
0.000000
0.000000
0.000000
0.000000
0.000000
0.000000
0.000000
0.000000
0.000000
0.000000
0.000000
0.000000
0.000000
0.000000
0.000000
0.000000
0.000000
0.000000
0.000000
0.000000
0.000000
0.000000
0.000000
0.000000
0.000000
0.000000
0.000000
0.000000
0.000000
0.000000
0.000000
0.000000
0.000000
0.000000
0.000000
0.000000
0.000000
0.000000
0.000000
0.000000
0.000000
0.000000
0.000000
0.000000
0.000000
0.000000
0.000000
0.000000
0.000000
0.000000
0.000000
0.000000
0.000000
0.000000
0.000000
0.000000
0.000000
0.000000
0.000000
0.000000
0.000000
0.000000
0.000000
0.000000
0.000000
0.000000
0.000000
0.000000
0.000000
0.000000
0.000000
0.000000
0.000000
0.000000
0.000000
0.000000
0.000000
0.000000
0.000000
0.000000
0.000000
0.000000
0.000000
0.000000
0.000000
0.000000
0.000000
0.000000
0.000000
0.000000
0.000000
0.000000
0.000000
0.000000
0.000000
0.000000
0.000000
0.000000
0.000000
0.000000
0.000000
0.000000
0.000000
0.000000
0.000000
0.000000
0.000000
0.000000
0.000000
0.000000
0.000000
0.000000
0.000000
0.000000
0.000000
0.000000
0.000000
0.000000
0.000000
0.000000
0.000000
0.000000
0.000000
0.000000
0.000000
0.000000
0.000000
0.000000
0.000000
0.000000
0.000000
0.000000
0.000000
0.000000
0.000000
0.000000
0.000000
0.000000
0.000000
0.000000
0.000000
0.000000
0.000000
0.000000
0.000000
0.000000
0.000000
0.000000
0.000000
0.000000
0.000000
0.000000
0.000000
0.000000
0.000000
0.000000
0.000000
0.000000
0.000000
0.000000
0.000000
0.000000
0.000000
0.000000
0.000000
0.000000
0.000000
0.000000
0.000000
0.000000
0.000000
0.000000
0.000000
0.000000
0.000000
0.000000
0.000000
0.000000
0.000000
0.000000
0.000000
0.000000
0.000000
0.000000
0.000000
0.000000
0.000000
0.000000
0.000000
0.000000
0.000000
0.000000
0.000000
0.000000
0.000000
0.000000
0.000000
0.000000
0.000000
0.000000
0.000000
0.000000
0.000000
0.000000
0.000000
0.000000
0.000000
0.000000
0.000000
0.000000
0.000000
0.000000
0.000000
0.000000
0.000000
0.000000
0.000000
0.000000
0.000000
0.000000
0.000000
0.000000
0.000000
0.000000
0.000000
0.000000
0.000000
0.000000
0.000000
0.000000
0.000000
0.000000
0.000000
0.000000
0.000000
0.000000
0.000000
0.000000
0.000000
0.000000
0.000000
0.000000
0.000000
0.000000
0.000000
0.000000
0.000000
0.000000
0.000000
0.000000
0.000000
0.000000
0.000000
0.000000
0.000000
0.000000
0.000000
0.000000
0.000000
0.000000
0.000000
0.000000
0.000000
0.000000
0.000000
0.000000
0.000000
0.000000
0.000000
0.000000
0.000000
0.000000
0.000000
0.000000
0.000000
0.000000
0.000000
0.000000
0.000000
0.000000
0.000000
0.000000
0.000000
0.000000
0.000000
0.000000
0.000000
0.000000
0.000000
0.000000
0.000000
0.000000
0.000000
0.000000
0.000000
0.000000
0.000000
0.000000
0.000000
0.000000
0.000000
0.000000
0.000000
0.000000
0.000000
0.000000
0.000000
0.000000
0.000000
0.000000
0.000000
0.000000
0.000000
0.000000
0.000000
0.000000
0.000000
0.000000
0.000000
0.000000
0.000000
0.000000
0.000000
0.000000
0.000000
0.000000
0.000000
0.000000
0.000000
0.000000
0.000000
0.000000
0.000000
0.000000
0.000000
0.000000
0.000000
0.000000
0.000000
0.000000
0.000000
0.000000
0.000000
0.000000
0.000000
0.000000
0.000000
0.000000
0.000000
0.000000
0.000000
0.000000
0.000000
0.000000
0.000000
0.000000
0.000000
0.000000
0.000000
0.000000
0.000000
0.000000
0.000000
0.000000
0.000000
0.000000
0.000000
0.000000
0.000000
0.000000
0.000000
0.000000
0.000000
0.000000
0.000000
0.000000
0.000000
0.000000
0.000000
0.000000
0.000000
0.000000
0.000000
0.000000
0.000000
0.000000
0.000000
0.000000
0.000000
0.000000
0.000000
0.000000
0.000000
0.000000
0.000000
0.000000
0.000000
0.000000
0.000000
0.000000
0.000000
0.000000
0.000000
0.000000
0.000000
0.000000
0.000000
0.000000
0.000000
0.000000
0.000000
0.000000
0.000000
0.000000
0.000000
0.000000
0.000000
0.000000
0.000000
0.000000
0.000000
0.000000
0.000000
0.000000
0.000000
0.000000
0.000000
0.000000
0.000000
0.000000
0.000000
0.000000
0.000000
0.000000
0.000000
0.000000
0.000000
0.000000
0.000000
0.000000
0.000000
0.000000
0.000000
0.000000
0.000000
0.000000
0.000000
0.000000
0.000000
0.000000
0.000000
0.000000
0.000000
0.000000
0.000000
0.000000
0.000000
0.000000
0.000000
0.000000
0.000000
0.000000
0.000000
0.000000
0.000000
0.000000
0.000000
0.000000
0.000000
0.000000
0.000000
0.000000
0.000000
0.000000
0.000000
0.000000
0.000000
0.000000
0.000000
0.000000
0.000000
0.000000
0.000000
0.000000
0.000000
0.000000
0.000000
0.000000
0.000000
0.000000
0.000000
0.000000
0.000000
0.000000
0.000000
0.000000
0.000000
0.000000
0.000000
0.000000
0.000000
0.000000
0.000000
0.000000
0.000000
0.000000
0.000000
0.000000
0.000000
0.000000
0.000000
0.000000
0.000000
0.000000
0.000000
0.000000
0.000000
0.000000
0.000000
0.000000
0.000000
0.000000
0.000000
0.000000
0.000000
0.000000
0.000000
0.000000
0.000000
0.000000
0.000000
0.000000
0.000000
0.000000
0.000000
0.000000
0.000000
0.000000
0.000000
0.000000
0.000000
0.000000
0.000000
0.000000
0.000000
0.000000
0.000000
0.000000
0.000000
0.000000
0.000000
0.000000
0.000000
0.000000
0.000000
0.000000
0.000000
0.000000
0.000000
0.000000
0.000000
0.000000
0.000000
0.000000
0.000000
0.000000
0.000000
0.000000
0.000000
0.000000
0.000000
0.000000
