10.407782
10.316598
10.268495
10.233097
10.223141
10.172255
10.180877
10.177372
10.199191
10.290121
10.288032
10.193919
10.227324
10.227691
10.163159
10.223768
10.230730
10.163493
10.140015
10.129695
10.096140
10.071721
10.147264
10.189686
10.181879
10.162560
10.165356
10.139132
10.115705
10.191529
10.211114
10.170825
10.161956
10.164721
10.100760
10.090322
10.177346
10.182329
10.137122
10.145112
10.147093
10.103253
10.158406
10.232124
10.195285
10.153848
10.189478
10.169750
10.095816
10.148777
10.154400
10.106034
11.143637
10.885838
10.738370
10.709596
10.503572
10.378633
10.747179
10.118999
11.231704
11.070367
10.082431
10.095382
10.009534
10.085663
10.194793
10.146714
10.149246
10.271596
10.261977
10.225530
10.202575
10.202442
10.145646
10.329800
10.306758
10.198639
10.241888
10.202162
10.239759
10.244324
10.390999
10.703304
10.315683
11.164607
10.039892
10.311934
10.190272
10.119206
10.156772
10.176258
10.146550
10.160936
10.178920
11.152017
11.045230
11.191904
10.020479
10.194648
10.158972
10.160887
10.201749
10.411939
10.258432
10.098031
10.047401
11.168811
10.014116
10.234324
10.211226
10.031619
11.234592
10.045252
10.126378
10.138746
10.127316
10.119384
10.224453
10.255141
10.267289
10.249035
10.251077
10.179251
10.129103
10.214371
10.271756
10.302725
10.303978
10.287659
10.231639
10.232440
10.211305
10.204895
10.208158
10.216790
10.182604
10.169847
10.192365
10.175957
10.178833
10.197920
10.209593
10.165758
10.188131
10.199903
10.158575
10.172672
10.258882
10.297153
10.272226
10.233179
10.192244
10.182459
10.237384
10.224606
10.172927
10.172976
10.187316
10.231253
10.217895
10.206030
10.205100
10.206922
10.178077
10.106357
10.064160
10.040158
10.087739
10.130966
10.154121
10.125986
10.112171
10.113440
10.206612
10.214736
10.189201
10.171339
10.171944
10.218752
10.154649
10.145099
10.186405
10.188955
10.196808
10.199973
10.215340
10.166903
10.190557
10.165163
10.120185
10.137457
10.165852
10.168462
10.125633
10.172493
10.141901
10.102283
10.131161
10.155529
10.150024
10.132771
10.175595
10.143448
10.149191
10.189324
10.205156
10.176389
10.168020
10.175331
10.140581
10.146461
10.187890
10.178810
10.125446
10.089628
10.146369
10.159207
10.189711
10.213206
10.204839
10.193286
10.190699
10.195154
10.226849
10.234606
10.212793
10.169301
10.139027
10.170451
10.173766
10.156475
10.213601
10.167643
10.107389
10.049071
10.067063
10.157344
10.207055
10.217607
10.192452
10.165601
10.165243
10.177923
10.184806
10.225946
10.285420
10.314424
10.263825
10.284222
10.180617
10.081221
10.088487
10.137319
10.178318
10.174244
10.161921
10.157723
10.180298
10.216071
10.252642
10.197376
10.181307
10.169425
10.149325
10.103312
10.119129
10.169184
10.165357
10.196768
10.181775
10.136560
10.123818
10.118309
10.100359
10.088868
10.089597
10.038093
10.097074
10.099226
10.105511
10.149664
10.165058
10.252465
10.176641
10.206477
10.150011
10.081241
10.079818
10.093306
10.100780
10.067011
10.132382
10.124217
10.197382
10.197182
10.194568
10.354690
10.268685
10.228894
10.180846
10.137522
10.073539
10.148849
10.208631
10.229809
10.218590
10.202866
10.160176
10.170513
10.175811
10.155006
10.157511
10.174400
10.204250
10.216656
10.200376
10.159727
10.144485
10.165773
10.157481
10.135734
10.109259
10.118578
10.153736
10.173887
10.208935
10.216205
10.166240
10.188952
10.165534
10.190099
10.171209
10.187228
10.148311
10.151288
10.169469
10.244272
10.177238
10.238017
10.111259
10.105927
10.081338
10.101842
10.131833
10.122518
10.101031
10.073275
10.117111
10.162877
10.367236
10.082788
10.057099
10.127645
10.131657
10.130967
10.143457
10.181807
10.226973
10.117571
10.186461
10.231303
10.189735
10.122621
10.144149
10.200312
10.218058
10.188133
10.199348
10.221066
10.208473
10.192257
10.138603
10.079688
10.070794
10.147819
10.173697
10.190166
10.190943
10.185050
10.185874
10.150747
10.154168
10.167031
10.128989
10.212404
10.198100
10.195447
10.211962
10.395958
10.276641
10.155977
10.115822
10.106822
10.167725
10.161054
10.119826
10.171726
10.207493
10.141397
10.137918
10.254775
10.244092
10.217959
10.304906
10.257431
10.117439
10.057570
10.054455
10.096209
10.121615
10.109647
10.200751
10.267234
10.207738
10.141586
10.057526
10.109165
10.119604
10.208672
10.181553
10.171684
10.120238
10.119661
10.195205
10.173985
10.167748
10.381508
10.240892
10.181341
10.107042
10.117375
10.087160
10.036270
10.165215
10.258194
10.213123
10.141942
10.082670
10.028413
10.047085
10.131683
10.150923
10.197810
10.204465
10.212269
10.199517
10.193755
10.191172
10.218056
10.207760
10.199900
10.167662
10.111767
10.048768
10.088482
10.138083
10.155481
10.189774
10.199545
10.155236
10.152288
10.128848
10.141827
10.135279
10.185881
10.195865
10.169736
10.081549
10.031027
10.158559
10.269285
10.197269
10.230736
10.238022
10.191407
10.144012
10.194473
10.210273
10.232141
10.226470
10.173861
10.128273
10.136752
10.165270
10.203717
10.185605
10.159399
10.207589
10.171639
10.126807
10.132989
10.098597
10.124510
10.166833
10.131855
10.141282
10.103556
10.088264
10.100715
10.117145
10.148396
10.115125
10.124032
10.169543
10.191975
10.177021
10.222069
10.221501
10.186204
10.132507
10.152254
10.127472
10.170743
10.243849
10.177500
10.163828
10.148827
10.156558
10.182114
10.164393
10.150187
10.155324
10.184313
10.198776
10.193889
10.389686
10.297497
10.223179
10.139747
10.009406
11.182583
10.000459
10.028263
10.033661
10.006233
11.200804
11.168327
11.199089
10.015192
10.082995
10.064933
10.026832
10.016962
10.023226
10.017655
10.041502
10.093641
10.290697
10.303546
10.067537
11.252155
10.132866
10.095430
10.039346
10.156654
10.178551
10.176437
10.197575
10.224747
10.222228
10.203170
10.228289
10.253285
10.255013
10.219546
10.239599
10.246718
10.242406
10.275282
10.259508
10.221159
10.188550
10.211957
10.203759
10.260605
10.248608
10.238857
10.184798
10.220710
10.214394
10.175723
10.195808
10.194777
10.153220
10.175284
10.160604
10.179803
10.168403
10.177143
10.156018
10.250310
10.290427
10.214628
10.211419
10.178308
10.070723
10.097366
10.147324
10.129342
10.096871
10.104014
10.101787
10.063635
10.110006
10.164736
10.173686
10.170621
10.137255
10.088113
10.121180
10.138784
10.132649
10.281849
10.314041
10.144603
10.152968
10.102854
10.049973
10.099201
10.155621
10.129149
10.133812
10.144794
10.160341
10.170060
10.178474
10.184237
10.203674
10.264514
10.290480
10.266240
10.254584
10.217970
10.193373
10.262251
10.241715
10.201874
10.191160
10.200528
10.128665
10.135920
10.153413
10.145408
10.143778
10.158781
10.127996
10.146828
10.150703
10.154385
10.172943
10.181721
10.155462
10.174972
10.205509
10.164317
10.178858
10.207384
10.165766
10.130039
10.152272
10.137828
10.122946
10.142326
10.157012
10.146216
10.186593
10.214993
10.206826
10.194055
10.212825
10.183504
10.215659
10.223448
10.208546
10.136350
10.170472
10.149158
10.146471
10.178552
10.177287
10.137568
10.123783
10.124262
10.110512
10.154254
10.169449
10.194766
10.202944
10.189066
10.151598
10.180218
10.157072
10.168622
10.194928
10.187038
10.122184
10.128234
10.145361
10.141873
10.130799
10.149904
10.177578
10.241183
10.243724
10.276316
10.208289
10.139471
10.081926
10.092999
10.130327
10.123092
10.091156
10.108650
10.067964
10.107292
10.138515
10.147792
10.174846
10.196806
10.177383
10.230046
10.225719
10.176521
10.191802
10.213939
10.179901
10.128961
10.164875
10.153829
10.142418
10.192504
10.221716
10.152490
10.131573
10.129946
10.135819
10.142322
10.176408
10.173622
10.154167
10.163480
10.188526
10.146360
10.160744
10.135980
10.179957
10.218397
10.224063
10.176384
10.195380
10.189236
10.141190
10.205399
10.201470
10.169335
10.150236
10.155939
10.112869
10.134734
10.159019
10.181210
10.188113
10.177006
10.136433
10.150497
10.174803
10.169830
10.219090
10.221269
10.158893
10.122005
10.158286
10.159655
10.131033
10.168490
10.163696
10.127920
10.137100
10.137486
10.140535
10.155887
10.165030
10.154966
10.183917
10.212165
10.177390
10.184132
10.164963
10.104524
10.204865
10.220042
10.198247
10.166694
10.198884
10.161071
10.135300
10.134047
10.147221
10.149677
10.163101
10.142964
10.138346
10.156918
10.151907
10.214349
10.248034
10.181165
10.141760
10.157955
10.124162
10.116891
10.169263
10.189756
10.116807
10.129205
10.138200
10.122766
10.142105
10.144456
10.128112
10.175222
10.201862
10.180051
10.150566
10.160011
10.168266
10.369502
10.142064
10.172237
10.181163
10.191622
10.177395
10.229869
10.115882
10.099027
10.069320
10.055425
10.091852
10.066500
10.028384
10.107761
10.045741
10.071346
10.090014
10.050016
10.026575
10.033061
11.240110
10.075022
10.037078
10.013301
10.052878
10.065030
10.215398
10.111412
10.104695
10.166546
11.231594
10.018185
10.139397
10.101566
10.104746
10.188174
10.210796
10.203734
10.254385
10.299157
10.269890
10.278598
10.340124
10.317598
10.323934
10.408862
10.378901
10.277374
10.236712
10.192536
10.169270
10.191078
10.219130
10.231188
10.210711
10.189972
10.187853
10.187637
10.204186
10.184200
10.207489
10.222882
10.194473
10.199443
10.214117
10.192776
10.208909
10.191006
10.138364
10.119986
10.142423
10.199611
10.229302
10.202425
10.168299
10.160085
10.207030
10.191346
10.162314
10.190809
10.157068
10.136320
10.101872
10.164468
10.198639
10.184975
10.181705
10.173834
10.175495
10.173797
10.178015
10.213559
10.171557
10.149606
10.179304
10.212212
10.193254
10.195303
10.160395
10.142116
10.140186
10.148678
10.175261
10.161702
10.139054
10.128914
10.173070
10.184572
10.137403
10.173094
10.153873
10.117871
10.171104
10.208235
10.173531
10.124306
10.076868
10.070448
10.082943
10.088777
10.109457
10.149012
10.169660
10.192007
10.239396
10.224612
10.209953
10.215580
10.093267
10.069645
10.090775
10.107599
10.129433
10.148336
10.133009
10.118741
10.161145
10.216660
10.178097
10.163693
10.173178
10.149889
10.122990
10.128903
10.200502
10.223508
10.191022
10.185800
10.196371
10.211403
10.202087
10.193380
10.221069
10.172478
10.143808
10.143994
10.191451
10.219316
10.207221
10.170916
10.162128
10.162453
10.157475
10.206264
10.196281
10.186356
10.176190
10.201174
10.183356
10.116657
10.115216
10.130523
10.099236
10.129910
10.182463
10.204628
10.198106
10.170029
10.173330
10.201341
10.204409
10.184363
10.174185
10.132178
10.089856
10.104912
10.175456
10.195064
10.193309
10.165830
10.137219
10.106824
10.136445
10.198201
10.210423
10.188890
10.160591
10.185595
10.227819
10.180755
10.146158
10.140695
10.116407
10.121095
10.157928
10.185514
10.182031
10.141106
10.160357
10.183758
10.187081
10.171762
10.182321
10.162623
10.103399
10.105493
10.099129
10.175025
10.185184
10.160511
10.160807
10.195097
10.180432
10.172174
10.192814
10.181353
10.146571
10.174531
10.198956
10.153571
10.111174
10.092150
10.109352
10.139341
10.207170
10.246579
10.262686
10.272596
10.264755
10.215365
10.324387
10.259615
10.332822
10.267962
10.171948
10.098066
10.045085
11.074414
11.152585
11.104397
11.095718
11.121867
11.160440
10.024356
10.044827
10.144997
10.174957
10.141113
10.096203
10.116673
10.052193
11.164873
10.002409
10.083803
10.068820
10.060829
10.080977
10.138988
10.231816
10.242884
10.265709
10.308043
10.258063
10.228010
10.255946
10.260390
10.262277
10.275589
10.288025
10.288898
10.279764
10.249403
10.253592
10.284336
10.272803
10.234296
10.236223
10.216789
10.223331
10.265503
10.253359
10.216940
10.178054
10.171124
10.186430
10.206276
10.169765
10.177320
10.218225
10.186368
10.176487
10.177317
10.148431
10.180956
10.186743
10.192920
10.215854
10.214687
10.164918
10.130128
10.141838
10.156574
10.176912
10.176262
10.185106
10.198277
10.175934
10.160702
10.195091
10.182557
10.155741
10.138048
10.164494
10.197794
10.209575
10.201928
10.176858
10.186783
10.118657
10.140934
10.173866
10.177323
10.151579
10.155929
10.154806
10.178648
10.185252
10.172635
10.191223
10.174004
10.129869
10.117896
10.127259
10.124149
10.142761
10.123314
10.154890
10.206266
10.214218
10.125180
10.165045
10.194557
10.212605
10.249504
10.233478
10.166194
10.128101
10.094141
10.120664
10.158934
10.135737
10.131321
10.117063
10.125521
10.150498
10.177662
10.143159
10.149965
10.133363
10.100741
10.135427
10.165936
10.167688
10.153275
10.146387
10.149603
10.176194
10.158552
10.195634
10.212708
10.158293
10.154510
10.175203
10.194652
10.181923
10.187740
10.234576
10.283180
10.252749
10.178801
10.051924
10.159143
10.110723
10.154304
10.183139
10.132149
10.153968
10.151722
10.205858
10.107672
10.113345
10.110672
10.048889
10.182397
10.086931
10.040402
10.032809
10.097540
10.050533
10.203396
10.186059
10.158796
10.151073
10.113071
10.050905
10.112879
10.185762
10.124621
10.065310
11.229571
10.303089
10.195910
10.308823
10.280312
10.087821
11.188810
10.080989
10.108259
10.137418
10.293632
10.331072
10.307483
10.258957
10.210212
10.257385
10.179044
10.262350
10.114741
10.062850
10.030629
10.117282
10.064852
10.067647
10.102648
10.199537
10.124977
10.103768
10.058779
10.079407
10.037043
11.247083
11.232166
11.244655
10.046391
10.094770
10.170356
10.213631
10.229608
10.251390
10.234640
10.287666
10.349343
10.345599
10.283039
10.247903
10.263685
10.214295
10.237759
10.340283
10.301683
10.215181
10.283058
10.201172
10.107563
10.181609
10.269110
10.120125
11.016655
10.525390
10.245483
10.277246
10.394289
10.512608
10.778158
11.035917
11.098636
11.191904
10.073545
10.165718
10.198283
10.237459
10.231669
10.229186
10.229642
10.264049
10.313972
10.296403
10.268363
10.254259
10.224813
10.203650
10.273043
10.291525
10.261241
10.208828
10.186052
10.173333
10.358011
10.159786
10.185856
10.181417
10.169390
10.155975
10.029997
10.200322
10.088956
10.181036
10.273421
10.215602
10.145339
10.122857
10.122848
10.090403
10.076624
10.042127
10.056513
10.049135
10.034374
11.239438
11.213361
11.215500
11.168726
11.189476
11.208966
11.187984
10.505820
10.371133
10.233667
10.144897
10.164898
10.220160
10.345577
11.088476
11.229352
10.171385
10.342706
10.355270
10.277469
10.365392
10.293937
10.165914
10.188210
10.180681
10.141653
10.169355
10.200049
10.190232
10.229507
10.236465
10.216969
10.231408
10.268831
10.263542
10.219218
10.261342
10.230742
10.209764
10.330245
10.285183
10.198408
10.259463
10.230132
10.112412
10.145272
10.218058
10.157015
10.108553
10.193134
10.138328
10.043362
10.168415
10.190085
10.115806
10.090750
10.187041
10.124893
10.027164
10.215582
10.181599
10.130182
10.103372
11.243598
10.109214
11.218801
10.278402
10.243342
10.185877
10.162977
10.122172
10.404323
10.206522
10.224186
10.268589
10.224587
10.217872
10.203903
10.302739
10.041691
10.177789
10.171072
10.135435
10.152857
10.154339
10.083649
10.206923
10.176735
10.111532
10.077494
10.168573
10.141538
10.171143
10.172861
10.957289
11.212421
10.133965
10.228394
10.027542
10.033688
10.108097
10.229879
11.139342
10.217190
10.173965
10.063368
10.342381
10.507638
10.306843
10.424474
10.291384
10.084114
11.238465
11.248722
10.164300
10.052356
10.197900
10.236899
10.253406
10.217879
10.232418
10.335189
10.300869
10.255037
10.561936
10.615820
10.182913
10.021431
11.206573
11.242774
10.053369
10.164974
10.395514
10.158681
10.000092
10.112998
10.158114
10.178720
10.174019
10.122655
10.160665
10.233877
10.254181
10.260510
10.228037
10.157377
10.097509
10.113941
10.081379
10.145440
10.133186
10.091949
10.076741
10.043609
10.032079
11.230655
10.128392
10.100153
10.081475
10.169055
10.137489
10.120047
10.140673
10.227998
10.356978
10.271429
10.355579
10.264039
10.216365
10.225782
10.192707
10.079185
10.133265
10.179127
10.146449
10.135452
10.087845
10.067612
10.073568
10.036500
10.085470
10.090283
11.220231
10.077434
10.000346
10.030672
10.081502
10.068235
10.018842
10.055138
10.014734
10.132174
10.141596
10.294657
10.333379
10.287903
10.304338
10.283661
10.214611
10.186160
10.331931
10.151188
10.231309
10.161255
10.212489
10.241659
10.207500
10.180324
11.224971
10.006179
11.210349
11.243468
10.098138
10.077231
11.183634
10.171681
10.111477
10.137843
10.127673
10.096606
10.028173
10.054198
10.060545
10.138538
10.147660
10.139070
10.006144
10.253905
10.388062
10.162964
10.231301
10.285182
10.283064
10.290199
10.354751
10.258692
10.538055
10.432625
10.360688
10.416862
10.408456
10.148565
10.161982
10.204237
10.140698
10.066684
11.237122
10.161111
10.155044
10.075780
10.042892
10.318687
10.174942
11.186617
11.074312
11.061296
11.216340
11.237073
10.065098
10.232301
10.298039
11.233762
10.069015
11.179020
10.047738
10.018448
10.090425
10.260823
10.482235
10.211517
10.470386
10.066318
11.108813
10.176106
10.056296
10.046446
10.077075
10.123225
10.178999
10.219908
10.315831
10.312022
10.318480
10.258339
10.323851
10.301264
10.280173
10.426540
10.146488
10.125004
10.319193
10.550402
10.420708
10.486753
10.093546
11.077377
11.090046
11.120516
11.147770
11.220678
10.035962
10.178946
10.246964
10.315072
10.324007
10.444898
10.288605
10.248509
10.174452
10.199117
10.221332
10.205241
10.165340
10.182302
10.219931
10.164075
10.143319
10.132903
10.130757
10.138870
10.188341
10.153149
10.215202
10.258164
10.256534
10.245796
10.279362
10.239876
10.213016
10.231792
10.236413
10.227940
10.233710
10.206844
10.200611
10.218053
10.186001
10.191059
10.194975
10.210667
10.166071
10.215807
10.196145
10.140712
10.137547
10.162148
10.149676
10.113791
10.187487
10.156535
10.150805
11.232880
11.180446
11.139912
11.026695
11.006269
10.740051
10.948920
10.985217
10.018619
10.238598
10.382259
10.184715
10.244043
10.552783
10.278909
10.259629
10.318485
10.013761
10.121738
10.144584
10.077262
10.151197
10.214261
10.234028
10.191118
10.218552
10.166602
10.166907
10.157493
10.226129
10.134527
10.059179
10.012486
10.028282
10.043001
10.091358
10.155434
10.199947
10.189499
10.210331
10.229450
10.284033
10.305859
10.292967
10.243486
10.169585
10.169779
10.190021
10.189704
10.206378
10.158781
10.111197
10.068074
10.981950
10.673974
10.694938
10.917213
11.236171
11.244811
10.087862
10.225240
10.178941
10.259254
10.346040
10.265652
10.235893
10.152356
10.164865
10.166804
10.210785
10.197336
10.188499
10.197355
10.211174
10.214396
10.260338
10.294042
10.303831
10.380182
10.103664
10.083789
10.055285
10.214514
10.307654
10.196280
10.223551
10.164937
10.044105
11.233131
10.171896
10.158712
10.103624
10.155947
10.119204
10.041553
10.081799
10.179338
10.179811
10.172777
10.147899
10.096342
10.090017
10.137948
10.202604
10.190325
10.163553
10.138293
10.132372
10.166601
10.284093
10.246781
10.268446
10.271421
10.160224
10.126850
10.070575
10.162371
10.081417
10.142241
10.172384
10.223539
10.064953
10.136688
10.149584
10.154014
10.123112
10.055825
10.023301
10.039555
11.247837
11.245715
11.239113
11.190383
11.179131
11.218061
10.016627
10.002554
10.033440
10.032186
10.045807
10.021367
10.045442
10.095468
10.069309
10.495215
10.165165
10.288345
10.120913
10.025349
11.242539
10.075756
10.140070
10.035314
10.276727
10.299795
10.361258
10.379347
10.278182
10.229759
10.352269
10.288952
10.292418
10.248597
10.202751
10.103033
10.011612
11.247328
10.178873
10.193045
10.189279
10.093296
10.282730
10.398718
10.306717
10.101336
10.043489
11.234409
11.235335
10.231758
10.108697
10.211009
10.104328
10.093664
10.119949
10.164394
10.188594
10.434779
10.251793
10.293882
10.290757
10.282710
10.196786
10.098452
10.035272
10.068223
11.203581
11.240138
10.003851
11.235674
11.206945
10.004270
10.014524
10.049038
10.039053
10.082793
10.070724
10.113070
10.143293
10.420918
10.493563
10.204796
10.033573
11.235127
10.039150
10.115001
10.153356
10.229103
10.305346
10.304531
10.304006
10.328602
10.317644
10.332208
10.433523
10.325936
10.241802
10.254555
10.246571
10.224358
10.212138
10.218994
10.206536
10.223993
10.264881
10.273639
10.242023
10.217321
10.207424
10.199148
10.245186
10.271620
10.245904
10.215467
10.216829
10.207335
10.235778
10.120187
11.184253
11.177199
10.060109
10.124846
10.261950
10.344860
10.365336
10.339431
10.353933
10.275874
10.185193
10.187341
10.328885
10.283537
10.216812
10.255003
10.168190
10.070154
10.064353
10.157915
10.170740
10.136105
10.133903
10.101821
10.073493
10.140083
10.225082
10.183310
10.212258
10.218031
10.159973
10.170622
10.157974
10.254564
10.219784
10.188230
10.239588
10.200929
10.222439
10.216097
10.227226
10.147586
10.114988
10.068436
11.169671
10.021354
11.231537
10.043615
11.236149
11.167937
11.141176
11.203290
10.045275
10.188645
10.129754
10.069720
10.003119
10.252383
10.036336
11.074950
11.158445
11.183131
11.254397
10.069551
10.163725
10.204472
10.219131
10.251868
10.295074
10.309821
10.261066
10.285774
10.317562
10.307240
10.319654
10.353317
10.326756
10.241094
10.276291
10.267963
10.198903
10.218890
10.235466
10.201138
10.158044
10.134819
10.176387
10.136292
10.131179
10.289160
10.139940
10.185529
10.041629
10.071559
10.141685
10.450024
10.505532
10.308691
10.288859
10.479935
10.313243
10.182641
10.252734
10.369738
11.198627
10.150606
10.040794
10.025797
10.197742
10.140251
10.179681
10.315834
10.233395
11.193887
10.043439
10.313285
10.267977
10.228306
10.120060
10.158668
10.136658
10.111258
11.247550
10.153502
10.067209
11.221295
11.222548
10.005151
11.188249
11.184497
11.223718
11.204869
11.250123
11.235353
10.036380
10.003498
10.053291
10.030209
10.053761
10.072535
10.111345
10.189779
10.242207
10.268282
10.275461
10.286311
10.255305
10.352432
10.375568
10.329116
10.290176
10.300919
10.247977
10.142129
10.075314
11.158474
11.200239
10.212976
10.224281
10.028323
10.175706
10.949658
10.994855
10.190825
11.201774
10.036901
10.360035
10.221400
10.157062
10.307283
10.261932
10.225079
10.351953
10.368159
10.320331
10.419781
10.400422
10.312666
10.369905
10.329506
10.280547
10.232810
10.215179
10.214367
10.168012
10.115554
10.273665
10.290312
10.288885
10.283724
10.217125
10.134313
10.106014
10.153406
10.150335
10.168834
10.234206
10.252081
10.268423
10.212459
10.162704
10.140288
10.134543
10.127714
10.077926
10.060806
10.059003
10.144660
10.150406
10.153640
10.188856
10.186193
10.192365
10.120693
10.052131
10.032219
10.039115
10.072148
10.094182
10.128431
10.167101
10.189361
10.167617
10.137527
10.152071
10.153155
10.156591
10.107056
10.082272
10.121696
10.105443
10.120252
10.129293
10.123297
10.145167
10.232729
10.260426
10.235297
10.189009
10.164350
10.209321
10.233367
10.218019
10.231541
10.207648
10.161827
10.159204
10.197888
10.158788
10.137846
10.165945
10.160605
10.145174
10.168839
10.184325
10.112818
10.148401
10.152935
10.066039
10.062607
10.082790
10.086989
10.068409
10.173065
10.168976
10.174563
10.306008
10.309349
10.204858
10.147920
10.179259
10.097351
10.046503
10.106015
10.121837
10.074810
10.069868
10.087745
10.053129
10.053661
10.161010
10.172689
10.122270
10.117556
10.122235
10.094606
10.108558
10.143078
10.191568
10.200757
10.158078
10.178642
10.216966
10.231848
10.208939
10.181628
10.208247
10.160660
10.125203
10.165998
10.200469
10.187976
10.245850
10.215853
10.164257
10.145028
10.165741
10.209496
10.195723
10.159422
10.171588
10.230072
10.225208
10.189770
10.206226
10.171496
10.149910
10.169699
10.189874
10.198498
10.168703
10.157282
10.164517
10.178665
10.192175
10.170667
10.168100
10.159199
10.121269
10.160331
10.199863
10.193424
10.211618
10.156855
10.135045
10.154325
10.164971
10.184608
10.184134
10.147676
10.130622
10.159809
10.203263
10.156201
10.136823
10.130694
10.133163
10.138576
10.174582
10.190410
10.181714
10.147536
10.182852
10.200272
10.229444
10.185117
10.158421
10.158667
10.135059
10.133384
10.173807
10.208871
10.217265
10.189198
10.164094
10.167584
10.173475
10.179501
10.198691
10.174476
10.150984
10.153573
10.225082
10.193100
10.115036
10.147827
10.155080
10.213075
10.250141
10.233898
10.186880
10.152471
10.163528
10.207369
10.243066
10.248775
10.218370
10.148371
10.161734
10.157611
10.137092
10.144707
10.169293
10.149285
10.256844
10.192223
10.141967
10.157444
10.123665
10.128733
10.048167
10.090046
10.021183
10.147810
10.008529
10.002569
11.209748
11.226319
11.195182
11.224059
11.180977
10.489724
10.294821
10.040084
10.404167
10.118023
11.130532
10.044401
10.160793
10.050812
10.227550
10.236152
10.051088
10.053328
10.030665
10.009491
11.217629
10.153934
10.379229
10.242466
10.116602
10.173296
10.217691
10.160287
10.119375
10.161222
10.278781
10.241450
10.327629
10.265104
10.184057
10.127213
10.135406
10.091357
10.183671
10.157313
10.168343
10.152223
10.172011
10.207638
10.097584
11.208141
10.170581
10.016533
10.014301
10.326161
10.105892
10.177547
11.184600
11.088940
11.091809
11.139782
10.015875
10.133410
10.174126
10.314493
10.324261
10.299282
10.351042
10.379051
10.285877
10.347730
10.346956
10.259154
10.240402
10.271786
10.254691
10.209033
10.240559
10.215922
10.189913
10.188945
10.217762
10.191509
10.180691
10.212532
10.186176
10.161707
10.177090
10.200509
10.165926
10.195316
10.211155
10.178736
10.164459
10.187207
10.189357
10.170429
10.199324
10.203588
10.169712
10.163342
10.183537
10.190362
10.173516
10.210167
10.220904
10.180543
10.182893
10.210301
10.158966
10.167333
10.199560
10.185397
10.152302
10.178627
10.192075
10.137987
10.173839
10.187237
10.151537
10.146640
10.186458
10.169483
10.141699
10.172546
10.154738
10.107367
10.118313
10.125517
10.115649
10.134827
10.170712
10.162075
10.127072
10.127827
10.158626
10.155669
10.171395
10.213808
10.200460
10.176865
10.173080
10.200777
10.152571
10.174840
10.208498
10.175504
10.166533
10.210796
10.186749
10.148037
10.188107
10.182576
10.138556
10.185875
10.201441
10.168985
10.147886
10.184715
10.172612
10.141455
10.217218
10.217952
10.123589
10.155871
10.173638
10.130471
10.114052
10.135477
10.120255
10.100570
10.133919
10.161693
10.138779
10.145032
10.176075
10.180687
10.167166
10.198063
10.208837
10.174033
10.214191
10.259857
10.213139
10.166575
10.182360
10.156450
10.126056
10.159367
10.170958
10.120770
10.149720
10.154608
10.126940
10.097145
10.121119
10.140984
10.136366
10.163366
10.169776
10.158824
10.170568
10.207317
10.195629
10.165204
10.223564
10.204021
10.148304
10.188178
10.219981
10.156000
10.105223
10.168211
10.194157
10.110747
10.138419
10.248059
10.277975
10.179670
10.140886
10.171129
10.075928
11.244596
10.022161
10.046318
10.089119
10.143265
10.144295
10.127728
10.180993
10.218904
10.167826
10.207479
10.221467
10.166911
10.232202
10.282650
10.187312
10.117508
10.203595
10.126011
10.067797
10.146501
10.160904
10.081138
10.081730
10.139383
10.091543
10.055954
10.106340
10.128580
10.090418
10.129302
10.145256
10.103257
10.085520
10.171614
10.214495
10.169998
10.207570
10.214267
10.154095
10.139719
10.181810
10.200122
10.172762
10.207392
10.191506
10.149096
10.178219
10.218269
10.189186
10.179173
10.199988
10.166017
10.136564
10.172354
10.178589
10.122149
10.140861
10.156743
10.116927
10.132393
10.195778
10.182215
10.127984
10.168039
10.161852
10.113910
10.138762
10.205087
10.197933
10.172648
10.204111
10.192905
10.156129
10.170848
10.185007
10.179628
10.214323
10.211490
10.214331
10.243836
10.222508
10.226247
10.227664
10.241113
10.201302
10.173655
10.162052
10.178041
10.209733
10.191624
10.205256
10.198368
10.166372
10.228395
10.263338
10.215121
10.244820
10.285399
10.271055
10.233499
10.258820
10.028417
10.174397
10.186762
10.214000
10.175555
10.125030
10.072859
10.060452
10.312607
10.035269
11.231520
11.206978
10.047843
10.091417
10.140386
10.238811
10.188672
10.220130
10.260094
10.232412
10.133407
11.236741
10.058877
10.113670
10.184035
10.214660
10.240948
10.235811
10.237049
10.230745
10.206052
10.174755
10.162283
10.191182
10.202049
10.227428
10.212819
10.155104
10.189263
10.182987
10.152508
10.115169
10.110242
10.165821
10.183205
10.189386
10.200465
10.164516
10.170432
10.179546
10.150611
10.111568
10.111585
10.155169
10.198696
10.189963
10.214641
10.182363
10.189261
10.190567
10.188605
10.114738
10.097362
10.134006
10.176760
10.159101
10.184964
10.173160
10.172624
10.176012
10.176027
10.132126
10.104548
10.113358
10.172084
10.169730
10.161607
10.147968
10.192804
10.224795
10.198974
10.152115
10.122486
10.139866
10.170837
10.152278
10.128562
10.101789
10.168706
10.215748
10.194172
10.160327
10.149902
10.162484
10.182454
10.170030
10.283744
10.352795
10.232759
10.185280
10.149737
10.102818
10.084975
10.118204
10.115782
10.140061
10.190438
10.160122
10.161921
10.200302
10.165117
10.127946
10.151002
10.175865
10.176132
10.153907
10.148823
10.156090
10.165062
10.147990
10.185650
10.192502
10.164301
10.164185
10.181735
10.213093
10.140008
10.080747
10.106484
10.127703
10.162115
10.188272
10.167168
10.174878
10.167704
10.180657
10.193338
10.209088
10.172791
10.154984
10.145175
10.090882
10.132058
10.166416
10.174065
10.166483
10.146750
10.124803
10.120479
10.123989
10.160356
10.186607
10.164616
10.154226
10.158329
10.181864
10.159510
10.178406
10.190514
10.163477
10.131949
10.165061
10.196403
10.141144
10.161244
10.163038
10.131925
10.102107
10.128693
10.139198
10.105535
10.158610
10.160752
10.159197
10.361924
10.343281
10.277582
10.269194
10.180464
10.128210
10.144274
10.174735
10.144389
10.077467
10.026592
10.056035
10.094954
10.057760
10.057088
10.019667
10.199317
10.143623
11.239495
11.225524
10.098651
10.133653
10.116391
10.154984
10.165990
10.183596
10.228495
10.267515
10.269253
10.214160
10.170409
10.211517
10.221046
10.157914
10.203449
10.200980
10.160984
10.210868
10.227083
10.141697
10.112488
10.170203
10.129328
10.111328
10.174850
10.178978
10.095889
10.119825
10.176073
10.104939
10.106233
10.195772
10.224998
10.118807
10.136817
10.170995
10.107448
10.117371
10.204334
10.215004
10.135349
10.165254
10.149755
10.106105
10.133530
10.179960
10.189665
10.149094
10.089984
10.137899
10.198726
0.000000
0.000000
0.000000
0.000000
0.000000
0.000000
0.000000
0.000000
0.000000
0.000000
0.000000
0.000000
0.000000
0.000000
0.000000
0.000000
0.000000
0.000000
0.000000
0.000000
0.000000
0.000000
0.000000
0.000000
0.000000
0.000000
0.000000
0.000000
0.000000
0.000000
0.000000
0.000000
0.000000
0.000000
0.000000
0.000000
0.000000
0.000000
0.000000
0.000000
0.000000
0.000000
0.000000
0.000000
0.000000
0.000000
0.000000
0.000000
0.000000
0.000000
0.000000
0.000000
0.000000
0.000000
0.000000
0.000000
0.000000
0.000000
0.000000
0.000000
0.000000
0.000000
0.000000
0.000000
0.000000
0.000000
0.000000
0.000000
0.000000
0.000000
0.000000
0.000000
0.000000
0.000000
0.000000
0.000000
0.000000
0.000000
0.000000
0.000000
0.000000
0.000000
0.000000
0.000000
0.000000
0.000000
0.000000
0.000000
0.000000
0.000000
0.000000
0.000000
0.000000
0.000000
0.000000
0.000000
0.000000
0.000000
0.000000
0.000000
0.000000
0.000000
0.000000
0.000000
0.000000
0.000000
0.000000
0.000000
0.000000
0.000000
0.000000
0.000000
0.000000
0.000000
0.000000
0.000000
0.000000
0.000000
0.000000
0.000000
0.000000
0.000000
0.000000
0.000000
0.000000
0.000000
0.000000
0.000000
0.000000
0.000000
0.000000
0.000000
0.000000
0.000000
0.000000
0.000000
0.000000
0.000000
0.000000
0.000000
0.000000
0.000000
0.000000
0.000000
0.000000
0.000000
0.000000
0.000000
0.000000
0.000000
0.000000
0.000000
0.000000
0.000000
0.000000
0.000000
0.000000
0.000000
0.000000
0.000000
0.000000
0.000000
0.000000
0.000000
0.000000
0.000000
0.000000
0.000000
0.000000
0.000000
0.000000
0.000000
0.000000
0.000000
0.000000
0.000000
0.000000
0.000000
0.000000
0.000000
0.000000
0.000000
0.000000
0.000000
0.000000
0.000000
0.000000
0.000000
0.000000
0.000000
0.000000
0.000000
0.000000
0.000000
0.000000
0.000000
0.000000
0.000000
0.000000
0.000000
0.000000
0.000000
0.000000
0.000000
0.000000
0.000000
0.000000
0.000000
0.000000
0.000000
0.000000
0.000000
0.000000
0.000000
0.000000
0.000000
0.000000
0.000000
0.000000
0.000000
0.000000
0.000000
0.000000
0.000000
0.000000
0.000000
0.000000
0.000000
0.000000
0.000000
0.000000
0.000000
0.000000
0.000000
0.000000
0.000000
0.000000
0.000000
0.000000
0.000000
0.000000
0.000000
0.000000
0.000000
0.000000
0.000000
0.000000
0.000000
0.000000
0.000000
0.000000
0.000000
0.000000
0.000000
0.000000
0.000000
0.000000
0.000000
0.000000
0.000000
0.000000
0.000000
0.000000
0.000000
0.000000
0.000000
0.000000
0.000000
0.000000
0.000000
0.000000
0.000000
0.000000
0.000000
0.000000
0.000000
0.000000
0.000000
0.000000
0.000000
0.000000
0.000000
0.000000
0.000000
0.000000
0.000000
0.000000
0.000000
0.000000
0.000000
0.000000
0.000000
0.000000
0.000000
0.000000
0.000000
0.000000
0.000000
0.000000
0.000000
0.000000
0.000000
0.000000
0.000000
0.000000
0.000000
0.000000
0.000000
0.000000
0.000000
0.000000
0.000000
0.000000
0.000000
0.000000
0.000000
0.000000
0.000000
0.000000
0.000000
0.000000
0.000000
0.000000
0.000000
0.000000
0.000000
0.000000
0.000000
0.000000
0.000000
0.000000
0.000000
0.000000
0.000000
0.000000
0.000000
0.000000
0.000000
0.000000
0.000000
0.000000
0.000000
0.000000
0.000000
0.000000
0.000000
0.000000
0.000000
0.000000
0.000000
0.000000
0.000000
0.000000
0.000000
0.000000
0.000000
0.000000
0.000000
0.000000
0.000000
0.000000
0.000000
0.000000
0.000000
0.000000
0.000000
0.000000
0.000000
0.000000
0.000000
0.000000
0.000000
0.000000
0.000000
0.000000
0.000000
0.000000
0.000000
0.000000
0.000000
0.000000
0.000000
0.000000
0.000000
0.000000
0.000000
0.000000
0.000000
0.000000
0.000000
0.000000
0.000000
0.000000
0.000000
0.000000
0.000000
0.000000
0.000000
0.000000
0.000000
0.000000
0.000000
0.000000
0.000000
0.000000
0.000000
0.000000
0.000000
0.000000
0.000000
0.000000
0.000000
0.000000
0.000000
0.000000
0.000000
0.000000
0.000000
0.000000
0.000000
0.000000
0.000000
0.000000
0.000000
0.000000
0.000000
0.000000
0.000000
0.000000
0.000000
0.000000
0.000000
0.000000
0.000000
0.000000
0.000000
0.000000
0.000000
0.000000
0.000000
0.000000
0.000000
0.000000
0.000000
0.000000
0.000000
0.000000
0.000000
0.000000
0.000000
0.000000
0.000000
0.000000
0.000000
0.000000
0.000000
0.000000
0.000000
0.000000
0.000000
0.000000
0.000000
0.000000
0.000000
0.000000
0.000000
0.000000
0.000000
0.000000
0.000000
0.000000
0.000000
0.000000
0.000000
0.000000
0.000000
0.000000
0.000000
0.000000
0.000000
0.000000
0.000000
0.000000
0.000000
0.000000
0.000000
0.000000
0.000000
0.000000
0.000000
0.000000
0.000000
0.000000
0.000000
0.000000
0.000000
0.000000
0.000000
0.000000
0.000000
0.000000
0.000000
0.000000
0.000000
0.000000
0.000000
0.000000
0.000000
0.000000
0.000000
0.000000
0.000000
0.000000
0.000000
0.000000
0.000000
0.000000
0.000000
0.000000
0.000000
0.000000
0.000000
0.000000
0.000000
0.000000
0.000000
0.000000
0.000000
0.000000
0.000000
0.000000
0.000000
0.000000
0.000000
0.000000
0.000000
0.000000
0.000000
0.000000
0.000000
0.000000
0.000000
0.000000
0.000000
0.000000
0.000000
0.000000
0.000000
0.000000
0.000000
0.000000
0.000000
0.000000
0.000000
0.000000
0.000000
0.000000
0.000000
0.000000
0.000000
0.000000
0.000000
0.000000
0.000000
0.000000
0.000000
0.000000
0.000000
0.000000
0.000000
0.000000
0.000000
0.000000
0.000000
0.000000
0.000000
0.000000
0.000000
0.000000
0.000000
0.000000
0.000000
0.000000
0.000000
0.000000
0.000000
0.000000
0.000000
0.000000
0.000000
0.000000
0.000000
0.000000
0.000000
0.000000
0.000000
0.000000
0.000000
0.000000
0.000000
0.000000
0.000000
0.000000
0.000000
0.000000
0.000000
0.000000
0.000000
0.000000
0.000000
0.000000
0.000000
0.000000
0.000000
0.000000
0.000000
0.000000
0.000000
0.000000
0.000000
0.000000
0.000000
0.000000
0.000000
0.000000
0.000000
0.000000
0.000000
0.000000
0.000000
0.000000
0.000000
0.000000
0.000000
0.000000
0.000000
0.000000
0.000000
0.000000
0.000000
0.000000
0.000000
0.000000
0.000000
0.000000
0.000000
0.000000
0.000000
0.000000
0.000000
0.000000
0.000000
0.000000
0.000000
0.000000
0.000000
0.000000
0.000000
0.000000
0.000000
0.000000
0.000000
0.000000
0.000000
0.000000
0.000000
0.000000
0.000000
0.000000
0.000000
0.000000
0.000000
0.000000
0.000000
0.000000
0.000000
0.000000
0.000000
0.000000
0.000000
0.000000
0.000000
0.000000
0.000000
0.000000
0.000000
0.000000
0.000000
0.000000
0.000000
0.000000
0.000000
0.000000
0.000000
0.000000
0.000000
0.000000
0.000000
0.000000
0.000000
0.000000
0.000000
0.000000
0.000000
0.000000
0.000000
0.000000
0.000000
0.000000
0.000000
0.000000
0.000000
0.000000
0.000000
0.000000
0.000000
0.000000
0.000000
0.000000
0.000000
0.000000
0.000000
0.000000
0.000000
0.000000
0.000000
0.000000
0.000000
0.000000
0.000000
0.000000
0.000000
0.000000
0.000000
0.000000
0.000000
0.000000
0.000000
0.000000
0.000000
0.000000
0.000000
0.000000
0.000000
0.000000
0.000000
0.000000
0.000000
0.000000
0.000000
0.000000
0.000000
0.000000
0.000000
0.000000
0.000000
0.000000
0.000000
0.000000
0.000000
0.000000
0.000000
0.000000
0.000000
0.000000
0.000000
0.000000
0.000000
0.000000
0.000000
0.000000
0.000000
0.000000
0.000000
0.000000
0.000000
0.000000
0.000000
0.000000
0.000000
0.000000
0.000000
0.000000
0.000000
0.000000
0.000000
0.000000
0.000000
0.000000
0.000000
0.000000
0.000000
0.000000
0.000000
0.000000
0.000000
0.000000
0.000000
0.000000
0.000000
0.000000
0.000000
0.000000
0.000000
0.000000
0.000000
0.000000
0.000000
0.000000
0.000000
0.000000
0.000000
0.000000
0.000000
0.000000
0.000000
0.000000
0.000000
0.000000
0.000000
0.000000
0.000000
0.000000
0.000000
0.000000
0.000000
0.000000
0.000000
0.000000
0.000000
0.000000
0.000000
0.000000
0.000000
0.000000
0.000000
0.000000
0.000000
0.000000
0.000000
0.000000
0.000000
0.000000
0.000000
0.000000
0.000000
0.000000
0.000000
0.000000
0.000000
0.000000
0.000000
0.000000
0.000000
0.000000
0.000000
0.000000
0.000000
0.000000
0.000000
0.000000
0.000000
0.000000
0.000000
0.000000
0.000000
0.000000
0.000000
0.000000
0.000000
0.000000
0.000000
0.000000
0.000000
0.000000
0.000000
0.000000
0.000000
0.000000
0.000000
0.000000
0.000000
0.000000
0.000000
0.000000
0.000000
0.000000
0.000000
0.000000
0.000000
0.000000
0.000000
0.000000
0.000000
0.000000
0.000000
0.000000
0.000000
0.000000
0.000000
0.000000
0.000000
0.000000
0.000000
0.000000
0.000000
0.000000
0.000000
0.000000
0.000000
0.000000
0.000000
0.000000
0.000000
0.000000
0.000000
0.000000
0.000000
0.000000
0.000000
0.000000
0.000000
0.000000
0.000000
0.000000
0.000000
0.000000
0.000000
0.000000
0.000000
0.000000
0.000000
0.000000
0.000000
0.000000
0.000000
0.000000
0.000000
0.000000
0.000000
0.000000
0.000000
0.000000
0.000000
0.000000
0.000000
0.000000
0.000000
0.000000
0.000000
0.000000
0.000000
0.000000
0.000000
0.000000
0.000000
0.000000
0.000000
0.000000
0.000000
0.000000
0.000000
0.000000
0.000000
0.000000
0.000000
0.000000
0.000000
0.000000
0.000000
0.000000
0.000000
0.000000
0.000000
0.000000
0.000000
0.000000
0.000000
0.000000
0.000000
0.000000
0.000000
0.000000
0.000000
0.000000
0.000000
0.000000
0.000000
0.000000
0.000000
0.000000
0.000000
0.000000
0.000000
0.000000
0.000000
0.000000
0.000000
0.000000
0.000000
0.000000
0.000000
0.000000
0.000000
0.000000
0.000000
0.000000
0.000000
0.000000
0.000000
0.000000
0.000000
0.000000
0.000000
0.000000
0.000000
0.000000
0.000000
0.000000
0.000000
0.000000
0.000000
0.000000
0.000000
0.000000
0.000000
0.000000
0.000000
0.000000
0.000000
0.000000
0.000000
0.000000
0.000000
0.000000
0.000000
0.000000
0.000000
0.000000
0.000000
0.000000
0.000000
0.000000
0.000000
0.000000
0.000000
0.000000
0.000000
0.000000
0.000000
0.000000
0.000000
0.000000
0.000000
0.000000
0.000000
0.000000
0.000000
0.000000
0.000000
0.000000
0.000000
0.000000
0.000000
0.000000
0.000000
0.000000
0.000000
0.000000
0.000000
0.000000
0.000000
0.000000
0.000000
0.000000
0.000000
0.000000
0.000000
0.000000
0.000000
0.000000
0.000000
0.000000
0.000000
0.000000
0.000000
0.000000
0.000000
0.000000
0.000000
0.000000
0.000000
0.000000
0.000000
0.000000
0.000000
0.000000
0.000000
0.000000
0.000000
0.000000
0.000000
0.000000
0.000000
0.000000
0.000000
0.000000
0.000000
0.000000
0.000000
0.000000
0.000000
0.000000
0.000000
0.000000
0.000000
0.000000
0.000000
0.000000
0.000000
0.000000
0.000000
0.000000
0.000000
0.000000
0.000000
0.000000
0.000000
0.000000
0.000000
0.000000
0.000000
0.000000
0.000000
0.000000
0.000000
0.000000
0.000000
0.000000
0.000000
0.000000
0.000000
0.000000
0.000000
0.000000
0.000000
0.000000
0.000000
0.000000
0.000000
0.000000
0.000000
0.000000
0.000000
0.000000
0.000000
0.000000
0.000000
0.000000
0.000000
0.000000
0.000000
0.000000
0.000000
0.000000
0.000000
0.000000
0.000000
0.000000
0.000000
0.000000
0.000000
0.000000
0.000000
0.000000
0.000000
0.000000
0.000000
0.000000
0.000000
0.000000
0.000000
0.000000
0.000000
0.000000
0.000000
0.000000
0.000000
0.000000
0.000000
0.000000
0.000000
0.000000
0.000000
0.000000
0.000000
0.000000
0.000000
0.000000
0.000000
0.000000
0.000000
0.000000
0.000000
0.000000
0.000000
0.000000
0.000000
0.000000
0.000000
0.000000
0.000000
0.000000
0.000000
0.000000
0.000000
0.000000
0.000000
0.000000
0.000000
0.000000
0.000000
0.000000
0.000000
0.000000
0.000000
0.000000
0.000000
0.000000
0.000000
0.000000
0.000000
0.000000
0.000000
0.000000
0.000000
0.000000
0.000000
0.000000
0.000000
0.000000
0.000000
0.000000
0.000000
0.000000
0.000000
0.000000
0.000000
0.000000
0.000000
0.000000
0.000000
0.000000
0.000000
0.000000
0.000000
0.000000
0.000000
0.000000
0.000000
0.000000
0.000000
0.000000
0.000000
0.000000
0.000000
0.000000
0.000000
0.000000
0.000000
0.000000
0.000000
0.000000
0.000000
0.000000
0.000000
0.000000
0.000000
0.000000
0.000000
0.000000
0.000000
0.000000
0.000000
0.000000
0.000000
0.000000
0.000000
0.000000
0.000000
0.000000
0.000000
0.000000
0.000000
0.000000
0.000000
0.000000
0.000000
0.000000
0.000000
0.000000
0.000000
0.000000
0.000000
0.000000
0.000000
0.000000
0.000000
0.000000
0.000000
0.000000
0.000000
0.000000
0.000000
0.000000
0.000000
0.000000
0.000000
0.000000
0.000000
0.000000
0.000000
0.000000
0.000000
0.000000
0.000000
0.000000
0.000000
0.000000
0.000000
0.000000
0.000000
0.000000
0.000000
0.000000
0.000000
0.000000
0.000000
0.000000
0.000000
0.000000
0.000000
0.000000
0.000000
0.000000
0.000000
0.000000
0.000000
0.000000
0.000000
0.000000
0.000000
0.000000
0.000000
0.000000
0.000000
0.000000
0.000000
0.000000
0.000000
0.000000
0.000000
0.000000
0.000000
0.000000
0.000000
0.000000
0.000000
0.000000
0.000000
0.000000
0.000000
0.000000
0.000000
0.000000
0.000000
0.000000
0.000000
0.000000
0.000000
0.000000
0.000000
0.000000
0.000000
0.000000
0.000000
0.000000
0.000000
0.000000
0.000000
0.000000
0.000000
0.000000
0.000000
0.000000
0.000000
0.000000
0.000000
0.000000
0.000000
0.000000
0.000000
0.000000
0.000000
0.000000
0.000000
0.000000
0.000000
0.000000
0.000000
0.000000
0.000000
0.000000
0.000000
0.000000
0.000000
0.000000
0.000000
0.000000
0.000000
0.000000
0.000000
0.000000
0.000000
0.000000
0.000000
0.000000
0.000000
0.000000
0.000000
0.000000
0.000000
0.000000
0.000000
0.000000
0.000000
0.000000
0.000000
0.000000
0.000000
0.000000
0.000000
0.000000
0.000000
0.000000
0.000000
0.000000
0.000000
0.000000
0.000000
0.000000
0.000000
0.000000
0.000000
0.000000
0.000000
0.000000
0.000000
0.000000
0.000000
0.000000
0.000000
0.000000
0.000000
0.000000
0.000000
0.000000
0.000000
0.000000
0.000000
0.000000
0.000000
0.000000
0.000000
0.000000
0.000000
0.000000
0.000000
0.000000
0.000000
0.000000
0.000000
0.000000
0.000000
0.000000
0.000000
0.000000
0.000000
0.000000
0.000000
0.000000
0.000000
0.000000
0.000000
0.000000
0.000000
0.000000
0.000000
0.000000
0.000000
0.000000
0.000000
0.000000
0.000000
0.000000
0.000000
0.000000
0.000000
0.000000
0.000000
0.000000
0.000000
0.000000
0.000000
0.000000
0.000000
0.000000
0.000000
0.000000
0.000000
0.000000
0.000000
0.000000
0.000000
0.000000
0.000000
0.000000
0.000000
0.000000
0.000000
0.000000
0.000000
0.000000
0.000000
0.000000
0.000000
0.000000
0.000000
0.000000
0.000000
0.000000
0.000000
0.000000
0.000000
0.000000
0.000000
0.000000
0.000000
0.000000
0.000000
0.000000
0.000000
0.000000
0.000000
0.000000
0.000000
0.000000
0.000000
0.000000
0.000000
0.000000
0.000000
0.000000
0.000000
0.000000
0.000000
0.000000
0.000000
0.000000
0.000000
0.000000
0.000000
0.000000
0.000000
0.000000
0.000000
0.000000
0.000000
0.000000
0.000000
0.000000
0.000000
0.000000
0.000000
0.000000
0.000000
0.000000
0.000000
0.000000
0.000000
0.000000
0.000000
0.000000
0.000000
0.000000
0.000000
0.000000
0.000000
0.000000
0.000000
0.000000
0.000000
0.000000
0.000000
0.000000
0.000000
0.000000
0.000000
0.000000
0.000000
0.000000
0.000000
0.000000
0.000000
0.000000
0.000000
0.000000
0.000000
0.000000
0.000000
0.000000
0.000000
0.000000
0.000000
0.000000
0.000000
0.000000
0.000000
0.000000
0.000000
0.000000
0.000000
0.000000
0.000000
0.000000
0.000000
0.000000
0.000000
0.000000
0.000000
0.000000
0.000000
0.000000
0.000000
0.000000
0.000000
0.000000
0.000000
0.000000
0.000000
0.000000
0.000000
0.000000
0.000000
0.000000
0.000000
0.000000
0.000000
0.000000
0.000000
0.000000
0.000000
0.000000
0.000000
0.000000
0.000000
0.000000
0.000000
0.000000
0.000000
0.000000
0.000000
0.000000
0.000000
0.000000
0.000000
0.000000
0.000000
0.000000
0.000000
0.000000
0.000000
0.000000
0.000000
0.000000
0.000000
0.000000
0.000000
0.000000
0.000000
0.000000
0.000000
0.000000
0.000000
0.000000
0.000000
0.000000
0.000000
0.000000
0.000000
0.000000
0.000000
0.000000
0.000000
0.000000
0.000000
0.000000
0.000000
0.000000
0.000000
0.000000
0.000000
0.000000
0.000000
0.000000
0.000000
0.000000
0.000000
0.000000
0.000000
0.000000
0.000000
0.000000
0.000000
0.000000
0.000000
0.000000
0.000000
0.000000
0.000000
0.000000
0.000000
0.000000
0.000000
0.000000
0.000000
0.000000
0.000000
0.000000
0.000000
0.000000
0.000000
0.000000
0.000000
0.000000
0.000000
0.000000
0.000000
0.000000
0.000000
0.000000
0.000000
0.000000
0.000000
0.000000
0.000000
0.000000
0.000000
0.000000
0.000000
0.000000
0.000000
0.000000
0.000000
0.000000
0.000000
0.000000
0.000000
0.000000
0.000000
0.000000
0.000000
0.000000
0.000000
0.000000
0.000000
0.000000
0.000000
0.000000
0.000000
0.000000
0.000000
0.000000
0.000000
0.000000
0.000000
0.000000
0.000000
0.000000
0.000000
0.000000
0.000000
0.000000
0.000000
0.000000
0.000000
0.000000
0.000000
0.000000
0.000000
0.000000
0.000000
0.000000
0.000000
0.000000
0.000000
0.000000
0.000000
0.000000
0.000000
0.000000
0.000000
0.000000
0.000000
0.000000
0.000000
0.000000
0.000000
0.000000
0.000000
0.000000
0.000000
0.000000
0.000000
0.000000
0.000000
0.000000
0.000000
0.000000
0.000000
0.000000
0.000000
0.000000
0.000000
0.000000
0.000000
0.000000
0.000000
0.000000
0.000000
0.000000
0.000000
0.000000
0.000000
0.000000
0.000000
0.000000
0.000000
0.000000
0.000000
0.000000
0.000000
0.000000
0.000000
0.000000
0.000000
0.000000
0.000000
0.000000
0.000000
0.000000
0.000000
0.000000
0.000000
0.000000
0.000000
0.000000
0.000000
0.000000
0.000000
0.000000
0.000000
0.000000
0.000000
0.000000
0.000000
0.000000
0.000000
0.000000
0.000000
0.000000
0.000000
0.000000
0.000000
0.000000
0.000000
0.000000
0.000000
0.000000
0.000000
0.000000
0.000000
0.000000
0.000000
0.000000
0.000000
0.000000
0.000000
0.000000
0.000000
0.000000
0.000000
0.000000
0.000000
0.000000
0.000000
0.000000
0.000000
0.000000
0.000000
0.000000
0.000000
0.000000
0.000000
0.000000
0.000000
0.000000
0.000000
0.000000
0.000000
0.000000
0.000000
0.000000
0.000000
0.000000
0.000000
0.000000
0.000000
0.000000
0.000000
0.000000
0.000000
0.000000
0.000000
0.000000
0.000000
0.000000
0.000000
0.000000
0.000000
0.000000
0.000000
0.000000
0.000000
0.000000
0.000000
0.000000
0.000000
0.000000
0.000000
0.000000
0.000000
0.000000
0.000000
0.000000
0.000000
0.000000
0.000000
0.000000
0.000000
0.000000
0.000000
0.000000
0.000000
0.000000
0.000000
0.000000
0.000000
0.000000
0.000000
0.000000
0.000000
0.000000
0.000000
0.000000
0.000000
0.000000
0.000000
0.000000
0.000000
0.000000
0.000000
0.000000
0.000000
0.000000
0.000000
0.000000
0.000000
0.000000
0.000000
0.000000
0.000000
0.000000
0.000000
0.000000
0.000000
0.000000
0.000000
0.000000
0.000000
0.000000
0.000000
0.000000
0.000000
0.000000
0.000000
0.000000
0.000000
0.000000
0.000000
0.000000
0.000000
0.000000
0.000000
0.000000
0.000000
0.000000
0.000000
0.000000
0.000000
0.000000
0.000000
0.000000
0.000000
0.000000
0.000000
0.000000
0.000000
0.000000
0.000000
0.000000
0.000000
0.000000
0.000000
0.000000
0.000000
0.000000
0.000000
0.000000
0.000000
0.000000
0.000000
0.000000
0.000000
0.000000
0.000000
0.000000
0.000000
0.000000
0.000000
0.000000
0.000000
0.000000
0.000000
0.000000
0.000000
0.000000
0.000000
0.000000
0.000000
0.000000
0.000000
0.000000
0.000000
0.000000
0.000000
0.000000
0.000000
0.000000
0.000000
0.000000
0.000000
0.000000
0.000000
0.000000
0.000000
0.000000
0.000000
0.000000
0.000000
0.000000
0.000000
0.000000
0.000000
0.000000
0.000000
0.000000
0.000000
0.000000
0.000000
0.000000
0.000000
0.000000
0.000000
0.000000
0.000000
0.000000
0.000000
0.000000
0.000000
0.000000
0.000000
0.000000
0.000000
0.000000
0.000000
0.000000
0.000000
0.000000
0.000000
0.000000
0.000000
0.000000
0.000000
0.000000
0.000000
0.000000
0.000000
0.000000
0.000000
0.000000
0.000000
0.000000
0.000000
0.000000
0.000000
0.000000
0.000000
0.000000
0.000000
0.000000
0.000000
0.000000
0.000000
0.000000
0.000000
0.000000
0.000000
0.000000
0.000000
0.000000
0.000000
0.000000
0.000000
0.000000
0.000000
0.000000
0.000000
0.000000
0.000000
0.000000
0.000000
0.000000
0.000000
0.000000
0.000000
0.000000
0.000000
0.000000
0.000000
0.000000
0.000000
0.000000
0.000000
0.000000
0.000000
0.000000
0.000000
0.000000
0.000000
0.000000
0.000000
0.000000
0.000000
0.000000
0.000000
0.000000
0.000000
0.000000
0.000000
0.000000
0.000000
0.000000
0.000000
0.000000
0.000000
0.000000
0.000000
0.000000
0.000000
0.000000
0.000000
0.000000
0.000000
0.000000
0.000000
0.000000
0.000000
0.000000
0.000000
0.000000
0.000000
0.000000
0.000000
0.000000
0.000000
0.000000
0.000000
0.000000
0.000000
0.000000
0.000000
0.000000
0.000000
0.000000
0.000000
0.000000
0.000000
0.000000
0.000000
0.000000
0.000000
0.000000
0.000000
0.000000
0.000000
0.000000
0.000000
0.000000
0.000000
0.000000
0.000000
0.000000
0.000000
0.000000
0.000000
0.000000
0.000000
0.000000
0.000000
0.000000
0.000000
0.000000
0.000000
0.000000
0.000000
0.000000
0.000000
0.000000
0.000000
0.000000
0.000000
0.000000
0.000000
0.000000
0.000000
0.000000
0.000000
0.000000
0.000000
0.000000
0.000000
0.000000
0.000000
0.000000
0.000000
0.000000
0.000000
0.000000
0.000000
0.000000
0.000000
0.000000
0.000000
0.000000
0.000000
0.000000
0.000000
0.000000
0.000000
0.000000
0.000000
0.000000
0.000000
0.000000
0.000000
0.000000
0.000000
0.000000
0.000000
0.000000
0.000000
0.000000
0.000000
0.000000
0.000000
0.000000
0.000000
0.000000
0.000000
0.000000
0.000000
0.000000
0.000000
0.000000
0.000000
0.000000
0.000000
0.000000
0.000000
0.000000
0.000000
0.000000
0.000000
0.000000
0.000000
0.000000
0.000000
0.000000
0.000000
0.000000
0.000000
0.000000
0.000000
0.000000
0.000000
0.000000
0.000000
0.000000
0.000000
0.000000
0.000000
0.000000
0.000000
0.000000
0.000000
0.000000
0.000000
0.000000
0.000000
0.000000
0.000000
0.000000
0.000000
0.000000
0.000000
0.000000
0.000000
0.000000
0.000000
0.000000
0.000000
0.000000
0.000000
0.000000
0.000000
0.000000
0.000000
0.000000
0.000000
0.000000
0.000000
0.000000
0.000000
0.000000
0.000000
0.000000
0.000000
0.000000
0.000000
0.000000
0.000000
0.000000
0.000000
0.000000
0.000000
0.000000
0.000000
0.000000
0.000000
0.000000
0.000000
0.000000
0.000000
0.000000
0.000000
0.000000
0.000000
0.000000
0.000000
0.000000
0.000000
0.000000
0.000000
0.000000
0.000000
0.000000
0.000000
0.000000
0.000000
0.000000
0.000000
0.000000
0.000000
0.000000
0.000000
0.000000
0.000000
0.000000
0.000000
0.000000
0.000000
0.000000
0.000000
0.000000
0.000000
0.000000
0.000000
0.000000
0.000000
0.000000
0.000000
0.000000
0.000000
0.000000
0.000000
0.000000
0.000000
0.000000
0.000000
0.000000
0.000000
0.000000
0.000000
0.000000
0.000000
0.000000
0.000000
0.000000
0.000000
0.000000
0.000000
0.000000
0.000000
0.000000
0.000000
0.000000
0.000000
0.000000
0.000000
0.000000
0.000000
0.000000
0.000000
0.000000
0.000000
0.000000
0.000000
0.000000
0.000000
0.000000
0.000000
0.000000
0.000000
0.000000
0.000000
0.000000
0.000000
0.000000
0.000000
0.000000
0.000000
0.000000
0.000000
0.000000
0.000000
0.000000
0.000000
0.000000
0.000000
0.000000
0.000000
0.000000
0.000000
0.000000
0.000000
0.000000
0.000000
0.000000
0.000000
0.000000
0.000000
0.000000
0.000000
0.000000
0.000000
0.000000
0.000000
0.000000
0.000000
0.000000
0.000000
0.000000
0.000000
0.000000
0.000000
0.000000
0.000000
0.000000
0.000000
0.000000
0.000000
0.000000
0.000000
0.000000
0.000000
0.000000
0.000000
0.000000
0.000000
0.000000
0.000000
0.000000
0.000000
0.000000
0.000000
0.000000
0.000000
0.000000
0.000000
0.000000
0.000000
0.000000
0.000000
0.000000
0.000000
0.000000
0.000000
0.000000
0.000000
0.000000
0.000000
0.000000
0.000000
0.000000
0.000000
0.000000
0.000000
0.000000
0.000000
0.000000
0.000000
0.000000
0.000000
0.000000
0.000000
0.000000
0.000000
0.000000
0.000000
0.000000
0.000000
0.000000
0.000000
0.000000
0.000000
0.000000
0.000000
0.000000
0.000000
0.000000
0.000000
0.000000
0.000000
0.000000
0.000000
0.000000
0.000000
0.000000
0.000000
0.000000
0.000000
0.000000
0.000000
0.000000
0.000000
0.000000
0.000000
0.000000
0.000000
0.000000
0.000000
0.000000
0.000000
0.000000
0.000000
0.000000
0.000000
0.000000
0.000000
0.000000
0.000000
0.000000
0.000000
0.000000
0.000000
0.000000
0.000000
0.000000
0.000000
0.000000
0.000000
0.000000
0.000000
0.000000
0.000000
0.000000
0.000000
0.000000
0.000000
0.000000
0.000000
0.000000
0.000000
0.000000
0.000000
0.000000
0.000000
0.000000
0.000000
0.000000
0.000000
0.000000
0.000000
0.000000
0.000000
0.000000
0.000000
0.000000
0.000000
0.000000
0.000000
0.000000
0.000000
0.000000
0.000000
0.000000
0.000000
0.000000
0.000000
0.000000
0.000000
0.000000
0.000000
0.000000
0.000000
0.000000
0.000000
0.000000
0.000000
0.000000
0.000000
0.000000
0.000000
0.000000
0.000000
0.000000
0.000000
0.000000
0.000000
0.000000
0.000000
0.000000
0.000000
0.000000
0.000000
0.000000
0.000000
0.000000
0.000000
0.000000
0.000000
0.000000
0.000000
0.000000
0.000000
0.000000
0.000000
0.000000
0.000000
0.000000
0.000000
0.000000
0.000000
0.000000
0.000000
0.000000
0.000000
0.000000
0.000000
0.000000
0.000000
0.000000
0.000000
0.000000
0.000000
0.000000
0.000000
0.000000
0.000000
0.000000
0.000000
0.000000
0.000000
0.000000
0.000000
0.000000
0.000000
0.000000
0.000000
0.000000
0.000000
0.000000
0.000000
0.000000
0.000000
0.000000
0.000000
0.000000
0.000000
0.000000
0.000000
0.000000
0.000000
0.000000
0.000000
0.000000
0.000000
0.000000
0.000000
0.000000
0.000000
0.000000
0.000000
0.000000
0.000000
0.000000
0.000000
0.000000
0.000000
0.000000
0.000000
0.000000
0.000000
0.000000
0.000000
0.000000
0.000000
0.000000
0.000000
0.000000
0.000000
0.000000
0.000000
0.000000
0.000000
0.000000
0.000000
0.000000
0.000000
0.000000
0.000000
0.000000
0.000000
0.000000
0.000000
0.000000
0.000000
0.000000
0.000000
0.000000
0.000000
0.000000
0.000000
0.000000
0.000000
0.000000
0.000000
0.000000
0.000000
0.000000
0.000000
0.000000
0.000000
0.000000
0.000000
0.000000
0.000000
0.000000
0.000000
0.000000
0.000000
0.000000
0.000000
0.000000
0.000000
0.000000
0.000000
0.000000
0.000000
0.000000
0.000000
0.000000
0.000000
0.000000
0.000000
0.000000
0.000000
0.000000
0.000000
0.000000
0.000000
0.000000
0.000000
0.000000
0.000000
0.000000
0.000000
0.000000
0.000000
0.000000
0.000000
0.000000
0.000000
0.000000
0.000000
0.000000
0.000000
0.000000
0.000000
0.000000
0.000000
0.000000
0.000000
0.000000
0.000000
0.000000
0.000000
0.000000
0.000000
0.000000
0.000000
0.000000
0.000000
0.000000
0.000000
0.000000
0.000000
0.000000
0.000000
0.000000
0.000000
0.000000
0.000000
0.000000
0.000000
0.000000
0.000000
0.000000
0.000000
0.000000
0.000000
0.000000
0.000000
0.000000
0.000000
0.000000
0.000000
0.000000
0.000000
0.000000
0.000000
0.000000
0.000000
0.000000
0.000000
0.000000
0.000000
0.000000
0.000000
0.000000
0.000000
0.000000
0.000000
0.000000
0.000000
0.000000
0.000000
0.000000
0.000000
0.000000
0.000000
0.000000
0.000000
0.000000
0.000000
0.000000
0.000000
0.000000
0.000000
0.000000
0.000000
0.000000
0.000000
0.000000
0.000000
0.000000
0.000000
0.000000
0.000000
0.000000
0.000000
0.000000
0.000000
0.000000
0.000000
0.000000
0.000000
0.000000
0.000000
0.000000
0.000000
0.000000
0.000000
0.000000
0.000000
0.000000
0.000000
0.000000
0.000000
0.000000
0.000000
0.000000
0.000000
0.000000
0.000000
0.000000
0.000000
0.000000
0.000000
0.000000
0.000000
0.000000
0.000000
0.000000
0.000000
0.000000
0.000000
0.000000
0.000000
0.000000
0.000000
0.000000
0.000000
0.000000
0.000000
0.000000
0.000000
0.000000
0.000000
0.000000
0.000000
0.000000
0.000000
0.000000
0.000000
0.000000
0.000000
0.000000
0.000000
0.000000
0.000000
0.000000
0.000000
0.000000
0.000000
0.000000
0.000000
0.000000
0.000000
0.000000
0.000000
0.000000
0.000000
0.000000
0.000000
0.000000
0.000000
0.000000
0.000000
0.000000
0.000000
0.000000
0.000000
0.000000
0.000000
0.000000
0.000000
0.000000
0.000000
0.000000
0.000000
0.000000
0.000000
0.000000
0.000000
0.000000
0.000000
0.000000
0.000000
0.000000
0.000000
0.000000
0.000000
0.000000
0.000000
0.000000
0.000000
0.000000
0.000000
0.000000
0.000000
0.000000
0.000000
0.000000
0.000000
0.000000
0.000000
0.000000
0.000000
0.000000
0.000000
0.000000
0.000000
0.000000
0.000000
0.000000
0.000000
0.000000
0.000000
0.000000
0.000000
0.000000
0.000000
0.000000
0.000000
0.000000
0.000000
0.000000
0.000000
0.000000
0.000000
0.000000
0.000000
0.000000
0.000000
0.000000
0.000000
0.000000
0.000000
0.000000
0.000000
0.000000
0.000000
0.000000
0.000000
