-0.002833
-0.002351
-0.001760
-0.001316
-0.001280
-0.001040
-0.001209
-0.001932
-0.001246
-0.002763
-0.003036
-0.002632
-0.002858
-0.001817
-0.001324
-0.000676
-0.001625
-0.001031
-0.000465
-0.001010
-0.000571
-0.000588
-0.000729
-0.000694
-0.000462
-0.000662
-0.000636
0.000075
0.000164
0.000489
0.001109
0.000879
0.000715
0.000800
0.000189
-0.000015
0.000292
0.001837
0.001194
0.003546
0.001381
0.001553
-0.000740
0.007713
0.006738
0.005732
0.007633
0.006386
0.004261
0.001869
0.004118
0.005079
-0.003723
-0.004024
-0.008926
-0.002404
0.002171
0.004010
0.004743
0.000932
0.001409
0.000785
0.003222
0.001903
0.005221
0.009822
0.009082
0.006516
0.006653
0.001838
-0.005818
-0.013026
-0.018326
-0.027746
-0.041516
-0.053336
-0.059767
-0.073019
-0.083726
-0.095362
-0.104664
-0.112030
-0.111073
-0.104722
-0.094822
-0.077981
-0.048484
-0.035941
-0.022735
-0.011312
-0.001140
0.004733
0.009077
0.022656
0.036032
0.048936
0.061780
0.074161
0.085894
0.096701
0.104271
0.106795
0.102454
0.094211
0.081815
0.068528
0.056459
0.048901
0.044549
0.041200
0.040018
0.034751
0.025854
0.014252
0.003329
-0.005397
0.005470
0.007103
0.007298
0.008133
0.006393
0.001605
-0.003056
-0.007808
-0.011378
-0.012989
-0.011916
-0.007758
-0.006012
0.002706
0.000299
-0.000947
-0.002773
-0.001408
-0.002857
-0.001626
-0.000745
0.003421
0.005777
0.001794
0.001316
-0.000367
-0.000633
-0.000101
-0.000646
0.003105
0.006992
0.015320
0.026306
0.033896
0.038441
0.042047
0.043219
0.044794
0.047195
0.050767
0.054921
0.059636
0.063904
0.067077
0.069042
0.068899
0.068396
0.069284
0.070914
0.071375
0.069968
0.064443
0.057933
0.050019
0.040689
0.034993
0.032546
0.030535
0.026909
0.020215
0.015405
0.011276
0.010098
0.008336
0.009843
0.006513
0.003949
0.001711
0.000284
-0.001037
-0.001976
-0.003351
-0.006854
-0.005412
-0.004302
-0.007811
-0.003822
-0.005998
-0.005438
-0.007712
-0.006636
-0.002131
0.004730
0.004460
-0.004685
-0.004027
-0.002111
-0.002083
-0.000831
-0.000147
0.000978
0.001661
0.003980
0.007101
0.010426
0.014483
0.018506
0.021476
0.022768
0.023765
0.026846
0.029188
0.028404
0.032006
0.034894
0.034700
0.032422
0.026412
0.016275
0.004471
-0.006698
-0.012751
-0.014502
-0.015014
-0.015840
-0.017862
-0.025874
-0.030913
-0.037055
-0.047091
-0.046016
-0.040275
-0.028628
-0.016071
-0.005824
-0.000375
0.001980
0.003929
0.007911
0.013105
0.019752
0.026468
0.034525
0.042144
0.046966
0.048362
0.047016
0.043040
0.040028
0.039072
0.041739
0.045121
0.048802
0.051728
0.052296
0.052061
0.050569
0.047750
0.044339
0.042494
0.039779
0.029260
0.019794
0.008920
0.000796
-0.005097
-0.008399
-0.011133
-0.017518
-0.020021
-0.025749
-0.031913
-0.035940
-0.039944
-0.040366
-0.043142
-0.048297
-0.047078
-0.041884
-0.040269
-0.034879
-0.028187
-0.016098
-0.006040
0.002551
0.007691
0.008598
0.010229
0.014964
0.020796
0.025774
0.031587
0.037209
0.040986
0.041621
0.041357
0.040717
0.041227
0.043064
0.046517
0.050180
0.051998
0.054503
0.053868
0.049885
0.047466
0.047874
0.046926
0.042004
0.033545
0.021850
0.011100
0.003888
0.003587
0.001593
-0.004206
-0.008997
-0.014649
-0.022710
-0.029564
-0.033740
-0.037525
-0.037060
-0.030819
-0.033035
-0.033380
-0.038357
-0.043623
-0.044358
-0.040706
-0.029430
-0.016666
-0.001298
0.011419
0.018847
0.020878
0.021115
0.022106
0.024926
0.029690
0.036761
0.044854
0.050778
0.058096
0.053695
0.050604
0.046820
0.046137
0.047578
0.050092
0.052493
0.053687
0.050886
0.049957
0.053443
0.051695
0.047371
0.040831
0.031217
0.019790
0.011779
0.003807
-0.000411
-0.002900
-0.005332
-0.008976
-0.011689
-0.018970
-0.028246
-0.033190
-0.036093
-0.033027
-0.024680
-0.013392
-0.002671
0.004529
0.008384
0.008145
0.010011
0.011805
0.017055
0.025260
0.033960
0.041557
0.043749
0.040137
0.030378
0.018667
0.009541
0.003935
0.000820
-0.001454
-0.005764
-0.012968
-0.015335
-0.020025
-0.026659
-0.032904
-0.034409
-0.034401
-0.031575
-0.025278
-0.017087
-0.009266
-0.002259
0.002673
0.006606
0.010056
0.014854
0.019578
0.024273
0.029102
0.033728
0.037701
0.041252
0.043967
0.045117
0.046126
0.046976
0.047462
0.048150
0.050007
0.052224
0.056969
0.053775
0.053012
0.051332
0.049479
0.048575
0.043315
0.036977
0.026185
0.013681
0.004023
-0.002402
-0.004842
-0.008449
-0.011534
-0.020181
-0.025246
-0.031549
-0.035898
-0.037791
-0.035168
-0.026945
-0.018179
-0.009231
-0.003193
0.000188
0.002822
0.006953
0.011830
0.018081
0.026631
0.034227
0.037674
0.040864
0.040585
0.038209
0.033718
0.028938
0.024661
0.016800
0.010277
0.004644
-0.000210
-0.004433
-0.010933
-0.016334
-0.024270
-0.028710
-0.025608
-0.028708
-0.030656
-0.034566
-0.039676
-0.038281
-0.032364
-0.021805
-0.011531
-0.001252
0.004322
0.007947
0.016933
0.020171
0.022615
0.028272
0.032779
0.033622
0.033113
0.034245
0.038294
0.046235
0.056039
0.066260
0.074062
0.078589
0.088117
0.092925
0.100678
0.104877
0.102199
0.099065
0.100534
0.107697
0.103002
0.109165
0.097590
0.097755
0.099060
0.103007
0.108189
0.114045
0.118917
0.123780
0.126254
0.124422
0.118482
0.107633
0.100572
0.091801
0.073862
0.056555
0.046622
0.041307
0.032969
0.025537
0.018878
0.013187
0.007581
0.003299
0.001537
0.000877
0.001585
0.002659
0.000600
-0.002046
-0.004564
-0.008464
-0.009912
-0.013710
-0.014857
-0.014814
-0.014782
-0.015469
-0.015475
-0.015261
-0.015314
-0.013391
-0.013780
-0.014623
-0.014744
-0.014634
-0.014456
-0.014121
-0.013778
-0.012856
-0.012672
-0.011944
-0.011776
-0.012123
-0.012438
-0.012260
-0.011738
-0.011192
-0.010454
-0.009495
-0.008213
-0.010068
-0.011978
-0.012091
-0.012251
-0.011391
-0.010682
-0.010464
-0.010871
-0.011508
-0.012345
-0.013717
-0.009402
-0.010980
-0.010801
-0.010517
-0.011011
-0.010997
-0.011958
-0.013214
-0.015041
-0.015478
-0.014666
-0.015157
-0.014718
-0.013762
-0.013551
-0.013310
-0.012860
-0.012578
-0.012087
-0.011245
-0.011002
-0.008979
-0.009763
-0.010949
-0.011362
-0.011763
-0.011998
-0.012343
-0.012312
-0.012273
-0.012249
-0.012222
-0.011970
-0.011560
-0.011000
-0.012956
-0.013320
-0.013686
-0.014335
-0.015080
-0.014558
-0.013624
-0.012952
-0.012908
-0.013156
-0.013213
-0.013202
-0.012362
-0.011666
-0.013070
-0.013280
-0.012713
-0.012686
-0.013198
-0.013436
-0.014096
-0.015418
-0.016655
-0.016727
-0.016363
-0.015428
-0.014863
-0.014485
-0.015655
-0.015718
-0.015558
-0.015154
-0.014790
-0.014185
-0.014231
-0.014858
-0.014195
-0.013651
-0.014084
-0.013587
-0.013732
-0.013232
-0.013160
-0.012682
-0.012633
-0.013682
-0.014756
-0.015006
-0.013561
-0.012404
-0.012682
-0.014126
-0.013821
-0.013888
-0.013243
-0.012279
-0.011745
-0.014735
-0.015764
-0.018005
-0.020066
-0.021130
-0.022448
-0.021823
-0.018856
-0.016766
-0.014318
-0.012434
-0.011445
-0.011001
-0.011231
-0.010811
-0.010382
-0.009654
-0.009106
-0.008808
-0.008800
-0.009716
-0.010400
-0.011185
-0.011373
-0.011797
-0.011833
-0.012445
-0.012537
-0.012691
-0.013637
-0.013531
-0.013392
-0.014157
-0.014133
-0.014170
-0.013266
-0.012993
-0.011549
-0.011267
-0.010729
-0.010412
-0.010334
-0.010100
-0.010815
-0.011040
-0.011060
-0.010814
-0.011407
-0.011572
-0.011209
-0.011036
-0.011102
-0.011066
-0.011104
-0.011542
-0.010813
-0.010483
-0.009668
-0.009596
-0.011288
-0.012594
-0.014445
-0.016298
-0.017217
-0.016978
-0.016364
-0.015442
-0.012865
-0.010860
-0.011433
-0.011960
-0.011664
-0.012430
-0.012655
-0.012706
-0.012772
-0.011891
-0.011959
-0.011543
-0.010882
-0.011846
-0.012872
-0.013806
-0.014740
-0.014776
-0.014863
-0.014150
-0.014565
-0.014957
-0.015544
-0.015988
-0.016336
-0.016152
-0.015427
-0.014358
-0.014546
-0.012487
-0.014120
-0.013967
-0.012792
-0.011750
-0.010061
-0.008913
-0.008065
-0.010699
-0.015965
-0.024859
-0.034648
-0.049369
-0.057787
-0.062790
-0.059636
-0.074481
-0.084576
-0.093695
-0.099416
-0.102476
-0.103694
-0.092064
-0.093229
-0.097384
-0.091021
-0.096850
-0.104355
-0.112155
-0.118861
-0.122647
-0.124293
-0.123570
-0.120146
-0.117641
-0.098456
-0.108687
-0.104036
-0.092943
-0.081391
-0.071698
-0.057792
-0.044814
-0.035622
-0.025816
-0.018222
-0.013338
-0.009937
-0.007347
-0.002925
0.000251
0.002299
0.004607
0.006519
0.008165
0.009433
0.010846
0.012116
0.013484
0.014263
0.016072
0.017170
0.017693
0.018346
0.017570
0.016785
0.017962
0.016782
0.014181
0.014436
0.015217
0.016613
0.018294
0.019521
0.020381
0.020381
0.019636
0.019607
0.018463
0.018371
0.017769
0.016422
0.015777
0.014728
0.014026
0.013580
0.013068
0.013194
0.014081
0.015294
0.016486
0.017387
0.018089
0.018418
0.018220
0.017620
0.017723
0.018442
0.018227
0.017868
0.017479
0.017873
0.018531
0.019490
0.019589
0.019496
0.019461
0.019310
0.018700
0.016310
0.017136
0.016148
0.016421
0.018708
0.018216
0.017838
0.017583
0.017418
0.017831
0.019492
0.020123
0.020979
0.020042
0.017597
0.015668
0.014667
0.014061
0.013122
0.013936
0.015692
0.016659
0.017207
0.016927
0.017299
0.018590
0.019329
0.019263
0.018293
0.016531
0.014590
0.013307
0.012982
0.013555
0.015331
0.017246
0.018043
0.018297
0.019171
0.019933
0.019436
0.017131
0.017254
0.016276
0.016658
0.016872
0.017520
0.018188
0.018165
0.017579
0.019616
0.017964
0.018020
0.019381
0.018875
0.018390
0.017608
0.016876
0.016298
0.015545
0.015898
0.016278
0.015683
0.015446
0.015679
0.016225
0.017608
0.019241
0.020304
0.020368
0.020364
0.020259
0.019785
0.018738
0.015878
0.015412
0.014707
0.013872
0.013900
0.012452
0.015225
0.015211
0.015535
0.015960
0.017711
0.018860
0.019420
0.020437
0.021637
0.022163
0.021638
0.020825
0.020279
0.019335
0.018756
0.018383
0.017993
0.017804
0.017847
0.018252
0.018182
0.017811
0.016961
0.015758
0.014923
0.014656
0.015551
0.018714
0.018745
0.021897
0.022668
0.021548
0.022835
0.021094
0.014350
0.012372
0.010026
0.011036
0.011603
0.012823
0.015073
0.014597
0.017810
0.022057
0.029262
0.037979
0.045661
0.052591
0.064563
0.071957
0.072404
0.081863
0.090243
0.097030
0.101551
0.090589
0.092946
0.096929
0.103122
0.110191
0.115612
0.118416
0.119122
0.117950
0.116238
0.118788
0.116413
0.119437
0.117934
0.117485
0.113788
0.107102
0.096561
0.080726
0.065211
0.053338
0.047496
0.043299
0.036893
0.031397
0.023622
0.012725
-0.001370
-0.012090
-0.017262
-0.021985
-0.022568
-0.020690
-0.018692
-0.016175
-0.014396
-0.015011
-0.017252
-0.020631
-0.022380
-0.024730
-0.026361
-0.027025
-0.026067
-0.024284
-0.023804
-0.023391
-0.025948
-0.024536
-0.025754
-0.026829
-0.027369
-0.026190
-0.026013
-0.025008
-0.024184
-0.023567
-0.022996
-0.023939
-0.025246
-0.026199
-0.027183
-0.028077
-0.027812
-0.026180
-0.024103
-0.022818
-0.022552
-0.024196
-0.026688
-0.028760
-0.030271
-0.029159
-0.028010
-0.026131
-0.024258
-0.022643
-0.022800
-0.025219
-0.026746
-0.028905
-0.029311
-0.029128
-0.027207
-0.025612
-0.025040
-0.024123
-0.024054
-0.025725
-0.026804
-0.026950
-0.026374
-0.025940
-0.025159
-0.024557
-0.023659
-0.023829
-0.024018
-0.024184
-0.024601
-0.025707
-0.025893
-0.027207
-0.028693
-0.027885
-0.025273
-0.023988
-0.022794
-0.022817
-0.023931
-0.024233
-0.025000
-0.024670
-0.025295
-0.025437
-0.026496
-0.027225
-0.028265
-0.028568
-0.031257
-0.037488
-0.040525
-0.041640
-0.029414
-0.027981
-0.026477
-0.026150
-0.025755
-0.025344
-0.026377
-0.025376
-0.025431
-0.026209
-0.023492
-0.025298
-0.023451
-0.024464
-0.027179
-0.029307
-0.029896
-0.031083
-0.033174
-0.042370
-0.054583
-0.066880
-0.077937
-0.086890
-0.089069
-0.077584
-0.079299
-0.082551
-0.087933
-0.094563
-0.096262
-0.098248
-0.092081
-0.083139
-0.073204
-0.062202
-0.066949
-0.072451
-0.081086
-0.089264
-0.094314
-0.096005
-0.094296
-0.091023
-0.087856
-0.085006
-0.084717
-0.085983
-0.086433
-0.082308
-0.072414
-0.056441
-0.039238
-0.022472
-0.010230
-0.003720
0.001812
0.009412
0.019017
0.031194
0.046429
0.060803
0.071642
0.076949
0.078844
0.079584
0.082752
0.088277
0.095838
0.104352
0.111421
0.114394
0.113894
0.109222
0.105589
0.101876
0.098440
0.099174
0.093865
0.097833
0.103646
0.095782
0.085834
0.075331
0.060058
0.049417
0.043499
0.037596
0.030558
0.022123
0.019850
0.018922
0.015009
0.010014
0.005257
-0.004432
-0.004726
-0.001428
0.006538
0.008314
0.015245
0.011554
0.000623
-0.004417
-0.008410
-0.008541
-0.008133
-0.003220
0.002010
0.001490
0.007977
0.002161
-0.003194
0.001697
0.003796
0.012956
-0.002139
-0.012922
-0.019035
-0.016795
-0.008078
0.000456
0.007820
0.011749
0.011781
0.006390
-0.000377
-0.004946
-0.004294
-0.003579
-0.000803
0.004010
0.002438
0.002190
-0.001592
-0.005641
-0.010151
-0.014589
-0.019876
-0.028129
-0.036817
-0.047475
-0.055490
-0.063779
-0.085674
-0.098464
-0.105654
-0.110487
-0.112133
-0.109783
-0.104974
-0.099900
-0.108253
-0.109212
-0.110133
-0.110225
-0.109217
-0.110303
-0.112596
-0.117302
-0.121712
-0.110122
-0.103864
-0.082991
-0.071259
-0.053331
-0.037143
-0.020151
-0.009194
0.001498
0.006745
0.013807
0.021370
0.032012
0.043329
0.055047
0.067127
0.077421
0.082617
0.084734
0.081110
0.067400
0.052197
0.041532
0.038266
0.038911
0.040473
0.037764
0.030976
0.019804
0.010899
0.006515
0.006701
0.010685
0.014722
0.014392
0.010752
0.004231
0.000957
0.000527
0.004410
0.006390
0.009271
0.012503
0.007455
0.005847
0.003867
0.003018
0.002778
-0.004373
-0.001850
0.002523
0.009959
0.008568
0.004890
0.000717
-0.000026
-0.001935
-0.004704
-0.010614
-0.019426
-0.031516
-0.044477
-0.057408
-0.069367
-0.078903
-0.082076
-0.081929
-0.073973
-0.064166
-0.048682
-0.029657
-0.010336
0.007138
0.018170
0.030995
0.053092
0.075241
0.093768
0.109251
0.117402
0.114462
0.104192
0.090178
0.089790
0.088807
0.083324
0.089953
0.090385
0.086105
0.070762
0.067780
0.064442
0.060082
0.049226
0.035400
0.020450
0.006423
-0.006847
-0.016014
-0.027392
-0.038347
-0.045049
-0.044858
-0.047788
-0.047507
-0.044492
-0.034187
-0.018287
-0.000675
0.016790
0.033204
0.046925
0.062261
0.077618
0.090633
0.101338
0.106014
0.104637
0.095886
0.082936
0.066042
0.050420
0.033158
0.018184
0.004706
-0.008546
-0.021371
-0.034017
-0.044524
-0.056373
-0.066471
-0.068234
-0.067503
-0.048506
-0.025874
-0.008110
0.012041
0.029964
0.049112
0.071138
0.088424
0.104958
0.119908
0.117243
0.125828
0.129242
0.127344
0.120607
0.108080
0.094289
0.080221
0.069244
0.063372
0.064794
0.069438
0.074943
0.088590
0.072832
0.066303
0.049858
0.030921
0.016407
0.008976
0.009794
0.014811
0.016278
0.009704
0.001342
-0.002408
0.003988
0.016357
0.027223
0.033092
0.038779
0.042054
0.045658
0.049644
0.055196
0.062274
0.072807
0.084674
0.098889
0.112097
0.119589
0.121494
0.136896
0.125664
0.114900
0.110550
0.108263
0.122165
0.105264
0.094213
0.075571
0.054705
0.032233
0.013623
-0.000413
-0.007650
-0.016860
-0.028214
-0.045712
-0.061507
-0.078534
-0.089061
-0.095529
-0.098488
-0.096730
-0.093147
-0.091197
-0.094398
-0.101228
-0.108770
-0.113941
-0.101167
-0.100283
-0.098261
-0.095144
-0.094175
-0.099834
-0.105663
-0.110093
-0.122262
-0.122959
-0.122651
-0.119310
-0.112898
-0.108853
-0.103351
-0.101921
-0.102895
-0.102690
-0.098901
-0.095936
-0.097033
-0.099854
-0.102057
-0.098040
-0.082146
-0.062152
-0.039202
-0.021568
-0.008599
0.000955
0.009336
0.018498
0.031124
0.046978
0.062475
0.073744
0.078358
0.080090
0.082059
0.084706
0.090419
0.097582
0.092246
0.096255
0.100064
0.102670
0.103364
0.105181
0.107968
0.109720
0.111908
0.110062
0.120638
0.120926
0.120091
0.114528
0.109772
0.104444
0.098410
0.093142
0.091035
0.092555
0.096971
0.100374
0.100341
0.086311
0.084374
0.079142
0.067953
0.050822
0.035139
0.019706
0.006269
-0.004896
-0.013392
-0.020851
-0.027667
-0.041145
-0.055284
-0.068614
-0.079419
-0.088945
-0.099824
-0.104447
-0.107464
-0.092005
-0.086440
-0.080918
-0.077557
-0.075239
-0.073774
-0.070846
-0.063835
-0.052867
-0.043375
-0.036905
-0.032802
-0.033862
-0.037118
-0.044175
-0.052789
-0.061986
-0.069154
-0.076200
-0.082697
-0.073475
-0.077304
-0.079160
-0.078667
-0.080188
-0.079220
-0.082627
-0.086983
-0.087937
-0.078479
-0.077048
-0.075073
-0.061274
-0.053944
-0.041199
-0.038234
-0.031153
-0.024024
-0.020396
-0.015724
-0.009484
-0.002488
-0.002845
0.000470
0.001530
0.000223
-0.002279
-0.003111
0.000564
0.007714
0.009743
0.012321
0.010115
0.011991
0.008135
0.005163
0.005658
0.005860
0.004761
0.005282
0.001421
0.000967
0.001570
0.001125
-0.000237
0.007978
0.006599
0.001752
0.005634
0.007266
0.012988
0.014806
0.016157
0.016457
0.014533
0.011932
0.007503
0.003478
-0.000268
-0.000966
-0.000165
0.002159
0.002685
0.003320
0.002390
0.000054
-0.002257
-0.003699
-0.004308
-0.003593
-0.002491
-0.001432
-0.001698
0.001057
-0.004577
-0.002036
0.009316
0.008715
0.002215
0.001976
-0.001847
-0.000057
0.005117
0.006592
0.004475
-0.001403
-0.003920
-0.004975
-0.007503
-0.007033
-0.004410
-0.002214
0.003871
0.002686
0.002209
-0.002897
-0.002496
-0.002279
-0.002942
-0.002220
-0.000861
-0.000398
-0.004038
-0.003845
-0.006804
-0.004651
-0.005789
-0.006666
-0.003589
-0.000866
-0.001822
-0.008413
-0.005010
0.006074
0.004343
-0.002399
-0.004636
-0.005782
0.001793
-0.001518
-0.000314
0.000311
-0.001300
-0.005518
-0.005339
-0.003290
-0.001103
0.002060
0.003179
0.003158
0.003723
-0.003722
-0.012359
-0.008556
-0.007136
-0.002711
0.001003
0.005621
0.004913
0.011194
0.011711
0.009389
0.011382
0.009664
0.005959
-0.000801
-0.007834
-0.019655
-0.035016
-0.050004
-0.064092
-0.076482
-0.085745
-0.101339
-0.108287
-0.109268
-0.108129
-0.103103
-0.098462
-0.107189
-0.105269
-0.102212
-0.097537
-0.093970
-0.093222
-0.096341
-0.091128
-0.098475
-0.104231
-0.107299
-0.108609
-0.109956
-0.110846
-0.112878
-0.116092
-0.117387
-0.117015
-0.112572
-0.102051
-0.075123
-0.070200
-0.044776
-0.029176
-0.015671
-0.005530
0.007009
0.016661
0.026549
0.035554
0.045169
0.055923
0.077042
0.087461
0.096513
0.096972
0.093704
0.090456
0.090096
0.094336
0.100797
0.103795
0.099539
0.092359
0.089682
0.091962
0.097023
0.102359
0.092833
0.091174
0.083430
0.067760
0.049856
0.034585
0.019352
0.004849
-0.006830
-0.015485
-0.028121
-0.036487
-0.049201
-0.060170
-0.075308
-0.085155
-0.092136
-0.099001
-0.102594
-0.101864
-0.099817
-0.099392
-0.102035
-0.103960
-0.105315
-0.105911
-0.107100
-0.107760
-0.107009
-0.120989
-0.108496
-0.110802
-0.112505
-0.115005
-0.116361
-0.117501
-0.102361
-0.101024
-0.098061
-0.094198
-0.085621
-0.075878
-0.066140
-0.056092
-0.048361
-0.042278
-0.035996
-0.031638
-0.025799
-0.022074
-0.019829
-0.017552
-0.013548
-0.012554
-0.008954
-0.007985
-0.005836
-0.006968
-0.004339
0.002721
0.003566
0.008853
0.004469
0.006341
0.006913
0.005499
0.006647
0.006053
0.005168
0.005537
0.003282
0.006411
0.003759
0.006798
0.003204
0.000758
-0.001879
0.003610
0.002106
0.004866
0.007298
0.009901
0.010885
0.003948
0.001842
0.000520
-0.001052
-0.000105
0.001748
-0.000142
0.000595
0.001890
0.002659
0.001408
0.002504
0.002010
0.000274
-0.000405
-0.002657
0.001067
0.000185
0.003075
0.004295
0.006544
0.012524
0.017104
0.025036
0.039286
0.052632
0.067036
0.079312
0.094354
0.115314
0.115378
0.111250
0.105734
0.102870
0.102931
0.116414
0.113409
0.106547
0.098130
0.093019
0.094252
0.088861
0.098386
0.107504
0.111360
0.107740
0.101498
0.106046
0.097799
0.080413
0.073339
0.062947
0.049683
0.043856
0.039788
0.037192
0.034479
0.031890
0.028551
0.024078
0.020511
0.017210
0.015156
0.013913
0.013677
0.013366
0.011660
0.009395
0.007472
0.006201
0.005188
0.005053
0.003052
0.003836
0.004511
0.010342
0.009067
0.015979
0.007822
0.004568
0.000865
0.001515
0.007049
0.018000
0.021985
0.021261
0.019213
0.004671
-0.002524
-0.006415
-0.005314
-0.000551
0.005031
0.005111
0.002369
-0.003278
-0.008976
-0.018864
-0.027220
-0.034607
-0.043151
-0.052323
-0.063904
-0.083399
-0.097043
-0.097136
-0.100357
-0.102101
-0.101196
-0.089725
-0.101964
-0.103661
-0.105554
-0.110548
-0.115930
-0.114817
-0.116006
-0.118399
-0.120838
-0.122430
-0.121767
-0.106389
-0.114601
-0.095448
-0.085852
-0.075811
-0.057822
-0.049200
-0.042828
-0.038292
-0.034520
-0.032740
-0.029390
-0.025899
-0.022782
-0.020261
-0.017743
-0.015493
-0.014490
-0.010860
-0.010900
-0.008064
-0.004037
-0.005582
-0.001134
0.000255
0.001946
0.004925
0.012070
0.017337
0.018925
0.015217
0.007129
-0.000892
-0.006715
-0.007400
-0.002476
0.002189
0.004015
0.005870
-0.000160
-0.001042
0.004044
0.000419
0.005076
0.004441
0.005862
0.004239
-0.000239
-0.001349
-0.007254
-0.006766
0.000429
0.010467
0.016157
0.026350
0.033682
0.039379
0.043958
0.045993
0.047177
0.049230
0.052060
0.055956
0.061025
0.066106
0.069663
0.071101
0.069970
0.068050
0.067725
0.067871
0.069013
0.070785
0.072782
0.074380
0.075720
0.076892
0.077115
0.075917
0.073986
0.072120
0.071865
0.072563
0.073792
0.075478
0.076657
0.076928
0.076243
0.073927
0.072428
0.072554
0.071909
0.069911
0.065335
0.059917
0.052043
0.043371
0.037237
0.031831
0.028974
0.026762
0.023820
0.020643
0.017636
0.014447
0.011625
0.011122
0.011351
0.010396
0.009481
0.007458
0.005631
0.004461
0.004025
0.003105
0.005054
0.005124
0.005685
0.002870
0.002715
-0.003416
-0.001503
-0.008104
-0.003421
-0.010243
-0.010310
-0.008287
-0.009648
-0.012520
-0.015730
-0.014381
-0.009829
-0.005904
-0.004514
-0.003469
-0.001946
-0.000542
-0.000572
0.003825
0.005367
0.006518
0.009605
0.010856
0.011660
0.013345
0.012536
0.011965
0.012497
0.014228
0.015732
0.016981
0.016655
0.015314
0.013674
0.013647
0.014736
0.017381
0.019297
0.019464
0.017258
0.014454
0.013528
0.014181
0.016365
0.018061
0.019080
0.018693
0.016644
0.015760
0.015931
0.014545
0.015832
0.016927
0.018266
0.018779
0.018572
0.017842
0.018509
0.018770
0.019839
0.020655
0.021165
0.018779
0.018324
0.017631
0.017551
0.017801
0.018219
0.018843
0.018512
0.018330
0.017722
0.015960
0.016105
0.017119
0.018365
0.019773
0.020004
0.018888
0.018080
0.017306
0.017817
0.018789
0.019801
0.019921
0.019815
0.018694
0.017894
0.017181
0.015716
0.016134
0.017364
0.018129
0.018524
0.018279
0.018205
0.017330
0.015570
0.015679
0.016636
0.016183
0.016834
0.014692
0.013904
0.013096
0.012563
0.014158
0.014341
0.018148
0.022707
0.026793
0.030001
0.032114
0.035134
0.038136
0.040960
0.043736
0.046741
0.047761
0.045807
0.039195
0.029079
0.014160
0.001295
-0.008275
-0.017965
-0.028595
-0.038434
-0.046829
-0.057493
-0.067056
-0.088524
-0.098969
-0.083080
-0.090804
-0.097338
-0.100510
-0.099200
-0.105883
-0.100690
-0.098272
-0.094623
-0.076927
-0.065195
-0.043592
-0.027885
-0.013350
-0.002338
0.005394
0.008850
0.013373
0.018274
0.025482
0.037572
0.051027
0.064281
0.075161
0.083512
0.089108
0.089681
0.084936
0.074071
0.061959
0.044977
0.026383
0.010487
-0.006922
-0.024920
-0.029569
-0.041167
-0.051448
-0.065752
-0.078345
-0.090641
-0.100543
-0.104497
-0.102821
-0.100410
-0.099299
-0.097695
-0.100414
-0.104475
-0.106954
-0.106098
-0.103380
-0.114194
-0.100012
-0.100150
-0.088758
-0.089844
-0.089433
-0.084552
-0.075444
-0.067425
-0.060633
-0.052445
-0.045036
-0.040546
-0.034109
-0.028987
-0.024269
-0.020020
-0.017233
-0.015063
-0.013846
-0.012641
-0.011947
-0.010966
-0.009830
-0.008574
-0.007090
-0.005852
-0.005440
-0.002817
-0.002259
-0.003159
-0.001458
-0.001371
-0.001971
-0.005079
-0.004200
-0.002976
-0.001915
-0.001724
-0.001255
-0.000874
-0.000764
-0.000714
-0.000612
-0.000203
-0.000285
0.000545
0.000366
0.000708
-0.000609
-0.000181
-0.000277
-0.000062
0.001053
0.000946
0.000735
0.000685
0.000611
0.000753
0.000129
0.001602
-0.000008
0.001027
-0.000936
-0.000332
0.000664
0.001069
0.000861
0.000796
0.001185
0.000121
0.001358
0.001591
0.000209
0.000450
-0.000799
-0.000684
-0.000492
-0.000462
0.002184
0.002567
0.002597
0.003335
0.003641
0.001424
0.001492
0.000527
-0.000120
-0.000707
-0.000882
-0.000379
-0.000632
-0.000075
0.000215
0.000343
-0.000158
0.000013
-0.000263
0.000016
-0.000426
-0.000666
-0.000732
-0.000928
-0.001008
-0.002131
0.000991
0.001933
0.002069
0.000147
0.000207
0.000333
0.000242
0.000421
0.000363
-0.000126
-0.000098
0.000583
0.001376
0.001519
0.001908
0.001224
0.000904
0.000776
0.000343
0.000058
-0.000317
-0.000118
-0.000571
-0.000631
-0.000422
0.000301
-0.001241
-0.000932
-0.000807
0.000176
0.000181
0.000873
-0.000055
0.000668
0.000585
-0.000596
-0.000768
-0.001750
-0.002572
-0.002980
-0.004010
-0.003038
-0.002298
-0.001847
-0.001565
-0.000502
0.000626
-0.000015
-0.000993
-0.001089
-0.001015
-0.001218
-0.001058
-0.000509
-0.000007
0.000777
0.001125
0.001472
0.001084
0.000457
-0.000158
-0.000467
-0.000553
-0.000297
0.000723
0.000893
0.001085
0.000788
0.000672
0.000624
-0.000255
-0.000886
-0.001795
-0.002010
-0.001638
-0.001825
-0.000952
-0.000276
0.001037
0.000362
0.000533
0.000234
-0.000401
-0.000929
-0.001102
-0.000800
-0.002353
-0.001124
0.000802
-0.000674
-0.002370
-0.000582
0.002490
0.002286
0.002500
0.007190
0.007175
0.005118
0.012041
0.013008
0.012109
0.006440
0.006984
0.013207
0.009781
0.011480
0.008954
0.008361
0.006611
0.003466
0.001556
-0.001740
-0.005426
-0.009047
-0.012034
-0.015072
-0.016455
-0.017306
-0.018853
-0.020428
-0.022970
-0.025035
-0.026443
-0.028255
-0.030213
-0.030439
-0.030566
-0.031485
-0.031017
-0.031913
-0.033292
-0.030957
-0.024720
-0.012817
0.003034
0.016360
0.029398
0.042611
0.054104
0.062511
0.068026
0.073082
0.079311
0.087781
0.085818
0.071288
0.061867
0.051752
0.037723
0.023935
0.013051
0.007696
0.005344
0.005150
0.007687
0.002918
-0.007021
-0.019393
-0.032398
-0.039316
-0.041550
-0.040546
-0.037358
-0.035661
-0.035485
-0.037002
-0.040965
-0.045274
-0.049029
-0.051003
-0.051154
-0.048814
-0.047576
-0.047410
-0.049952
-0.051860
-0.053619
-0.055127
-0.055299
-0.054942
-0.053755
-0.052844
-0.052230
-0.052430
-0.053506
-0.054436
-0.055031
-0.055281
-0.054979
-0.053698
-0.053016
-0.052403
-0.053871
-0.055193
-0.055856
-0.056641
-0.056650
-0.053964
-0.054827
-0.053915
-0.053882
-0.053838
-0.054041
-0.053907
-0.053635
-0.053729
-0.054311
-0.055282
-0.054949
-0.054412
-0.054465
-0.054538
-0.054470
-0.054657
-0.053796
-0.054169
-0.056483
-0.058246
-0.057672
-0.056430
-0.055997
-0.055677
-0.055689
-0.054054
-0.053611
-0.055298
-0.056976
-0.057530
-0.057092
-0.055176
-0.052247
-0.048951
-0.042925
-0.035699
-0.028793
-0.022599
-0.018760
-0.017749
-0.002973
0.002184
-0.006553
-0.001820
-0.007559
-0.004040
-0.001702
-0.000554
0.000410
0.003019
0.007209
0.009751
0.011510
0.012188
0.011922
0.011490
0.012048
0.013022
0.013970
0.015556
0.015567
0.015338
0.015594
0.015073
0.015373
0.016421
0.016860
0.017584
0.018021
0.017516
0.016794
0.016661
0.016228
0.016572
0.017810
0.018479
0.018332
0.017663
0.015252
0.013136
0.012008
0.010319
0.010431
0.010098
0.008784
0.012702
0.010286
0.008046
0.006278
0.005829
0.004368
0.006558
0.009282
0.007059
0.001807
-0.005411
-0.003769
-0.004582
-0.002554
-0.003720
-0.000129
0.001908
0.001819
0.002560
0.003069
0.005155
0.011554
0.019345
0.031656
0.050319
0.066199
0.079078
0.096119
0.107791
0.117766
0.122785
0.120497
0.107821
0.081725
0.071601
0.063291
0.058573
0.054598
0.051044
0.045874
0.038435
0.029883
0.019456
0.010740
0.006447
0.005150
0.010270
0.015204
0.016140
0.011982
0.004797
-0.002803
-0.007353
-0.007114
-0.003148
0.000100
0.003772
0.006193
0.006478
0.005662
0.002351
0.001563
-0.001011
-0.004757
-0.007074
-0.007862
-0.008189
-0.003397
-0.003673
0.002614
0.004041
-0.000384
-0.001817
-0.005145
-0.006360
-0.005731
-0.006689
-0.005968
-0.007233
-0.005975
-0.007268
-0.008097
-0.009382
-0.007324
-0.006200
-0.003932
-0.002555
-0.001246
-0.002822
-0.004518
0.000000
0.000000
0.000000
0.000000
0.000000
0.000000
0.000000
0.000000
0.000000
0.000000
0.000000
0.000000
0.000000
0.000000
0.000000
0.000000
0.000000
0.000000
0.000000
0.000000
0.000000
0.000000
0.000000
0.000000
0.000000
0.000000
0.000000
0.000000
0.000000
0.000000
0.000000
0.000000
0.000000
0.000000
0.000000
0.000000
0.000000
0.000000
0.000000
0.000000
0.000000
0.000000
0.000000
0.000000
0.000000
0.000000
0.000000
0.000000
0.000000
0.000000
0.000000
0.000000
0.000000
0.000000
0.000000
0.000000
0.000000
0.000000
0.000000
0.000000
0.000000
0.000000
0.000000
0.000000
0.000000
0.000000
0.000000
0.000000
0.000000
0.000000
0.000000
0.000000
0.000000
0.000000
0.000000
0.000000
0.000000
0.000000
0.000000
0.000000
0.000000
0.000000
0.000000
0.000000
0.000000
0.000000
0.000000
0.000000
0.000000
0.000000
0.000000
0.000000
0.000000
0.000000
0.000000
0.000000
0.000000
0.000000
0.000000
0.000000
0.000000
0.000000
0.000000
0.000000
0.000000
0.000000
0.000000
0.000000
0.000000
0.000000
0.000000
0.000000
0.000000
0.000000
0.000000
0.000000
0.000000
0.000000
0.000000
0.000000
0.000000
0.000000
0.000000
0.000000
0.000000
0.000000
0.000000
0.000000
0.000000
0.000000
0.000000
0.000000
0.000000
0.000000
0.000000
0.000000
0.000000
0.000000
0.000000
0.000000
0.000000
0.000000
0.000000
0.000000
0.000000
0.000000
0.000000
0.000000
0.000000
0.000000
0.000000
0.000000
0.000000
0.000000
0.000000
0.000000
0.000000
0.000000
0.000000
0.000000
0.000000
0.000000
0.000000
0.000000
0.000000
0.000000
0.000000
0.000000
0.000000
0.000000
0.000000
0.000000
0.000000
0.000000
0.000000
0.000000
0.000000
0.000000
0.000000
0.000000
0.000000
0.000000
0.000000
0.000000
0.000000
0.000000
0.000000
0.000000
0.000000
0.000000
0.000000
0.000000
0.000000
0.000000
0.000000
0.000000
0.000000
0.000000
0.000000
0.000000
0.000000
0.000000
0.000000
0.000000
0.000000
0.000000
0.000000
0.000000
0.000000
0.000000
0.000000
0.000000
0.000000
0.000000
0.000000
0.000000
0.000000
0.000000
0.000000
0.000000
0.000000
0.000000
0.000000
0.000000
0.000000
0.000000
0.000000
0.000000
0.000000
0.000000
0.000000
0.000000
0.000000
0.000000
0.000000
0.000000
0.000000
0.000000
0.000000
0.000000
0.000000
0.000000
0.000000
0.000000
0.000000
0.000000
0.000000
0.000000
0.000000
0.000000
0.000000
0.000000
0.000000
0.000000
0.000000
0.000000
0.000000
0.000000
0.000000
0.000000
0.000000
0.000000
0.000000
0.000000
0.000000
0.000000
0.000000
0.000000
0.000000
0.000000
0.000000
0.000000
0.000000
0.000000
0.000000
0.000000
0.000000
0.000000
0.000000
0.000000
0.000000
0.000000
0.000000
0.000000
0.000000
0.000000
0.000000
0.000000
0.000000
0.000000
0.000000
0.000000
0.000000
0.000000
0.000000
0.000000
0.000000
0.000000
0.000000
0.000000
0.000000
0.000000
0.000000
0.000000
0.000000
0.000000
0.000000
0.000000
0.000000
0.000000
0.000000
0.000000
0.000000
0.000000
0.000000
0.000000
0.000000
0.000000
0.000000
0.000000
0.000000
0.000000
0.000000
0.000000
0.000000
0.000000
0.000000
0.000000
0.000000
0.000000
0.000000
0.000000
0.000000
0.000000
0.000000
0.000000
0.000000
0.000000
0.000000
0.000000
0.000000
0.000000
0.000000
0.000000
0.000000
0.000000
0.000000
0.000000
0.000000
0.000000
0.000000
0.000000
0.000000
0.000000
0.000000
0.000000
0.000000
0.000000
0.000000
0.000000
0.000000
0.000000
0.000000
0.000000
0.000000
0.000000
0.000000
0.000000
0.000000
0.000000
0.000000
0.000000
0.000000
0.000000
0.000000
0.000000
0.000000
0.000000
0.000000
0.000000
0.000000
0.000000
0.000000
0.000000
0.000000
0.000000
0.000000
0.000000
0.000000
0.000000
0.000000
0.000000
0.000000
0.000000
0.000000
0.000000
0.000000
0.000000
0.000000
0.000000
0.000000
0.000000
0.000000
0.000000
0.000000
0.000000
0.000000
0.000000
0.000000
0.000000
0.000000
0.000000
0.000000
0.000000
0.000000
0.000000
0.000000
0.000000
0.000000
0.000000
0.000000
0.000000
0.000000
0.000000
0.000000
0.000000
0.000000
0.000000
0.000000
0.000000
0.000000
0.000000
0.000000
0.000000
0.000000
0.000000
0.000000
0.000000
0.000000
0.000000
0.000000
0.000000
0.000000
0.000000
0.000000
0.000000
0.000000
0.000000
0.000000
0.000000
0.000000
0.000000
0.000000
0.000000
0.000000
0.000000
0.000000
0.000000
0.000000
0.000000
0.000000
0.000000
0.000000
0.000000
0.000000
0.000000
0.000000
0.000000
0.000000
0.000000
0.000000
0.000000
0.000000
0.000000
0.000000
0.000000
0.000000
0.000000
0.000000
0.000000
0.000000
0.000000
0.000000
0.000000
0.000000
0.000000
0.000000
0.000000
0.000000
0.000000
0.000000
0.000000
0.000000
0.000000
0.000000
0.000000
0.000000
0.000000
0.000000
0.000000
0.000000
0.000000
0.000000
0.000000
0.000000
0.000000
0.000000
0.000000
0.000000
0.000000
0.000000
0.000000
0.000000
0.000000
0.000000
0.000000
0.000000
0.000000
0.000000
0.000000
0.000000
0.000000
0.000000
0.000000
0.000000
0.000000
0.000000
0.000000
0.000000
0.000000
0.000000
0.000000
0.000000
0.000000
0.000000
0.000000
0.000000
0.000000
0.000000
0.000000
0.000000
0.000000
0.000000
0.000000
0.000000
0.000000
0.000000
0.000000
0.000000
0.000000
0.000000
0.000000
0.000000
0.000000
0.000000
0.000000
0.000000
0.000000
0.000000
0.000000
0.000000
0.000000
0.000000
0.000000
0.000000
0.000000
0.000000
0.000000
0.000000
0.000000
0.000000
0.000000
0.000000
0.000000
0.000000
0.000000
0.000000
0.000000
0.000000
0.000000
0.000000
0.000000
0.000000
0.000000
0.000000
0.000000
0.000000
0.000000
0.000000
0.000000
0.000000
0.000000
0.000000
0.000000
0.000000
0.000000
0.000000
0.000000
0.000000
0.000000
0.000000
0.000000
0.000000
0.000000
0.000000
0.000000
0.000000
0.000000
0.000000
0.000000
0.000000
0.000000
0.000000
0.000000
0.000000
0.000000
0.000000
0.000000
0.000000
0.000000
0.000000
0.000000
0.000000
0.000000
0.000000
0.000000
0.000000
0.000000
0.000000
0.000000
0.000000
0.000000
0.000000
0.000000
0.000000
0.000000
0.000000
0.000000
0.000000
0.000000
0.000000
0.000000
0.000000
0.000000
0.000000
0.000000
0.000000
0.000000
0.000000
0.000000
0.000000
0.000000
0.000000
0.000000
0.000000
0.000000
0.000000
0.000000
0.000000
0.000000
0.000000
0.000000
0.000000
0.000000
0.000000
0.000000
0.000000
0.000000
0.000000
0.000000
0.000000
0.000000
0.000000
0.000000
0.000000
0.000000
0.000000
0.000000
0.000000
0.000000
0.000000
0.000000
0.000000
0.000000
0.000000
0.000000
0.000000
0.000000
0.000000
0.000000
0.000000
0.000000
0.000000
0.000000
0.000000
0.000000
0.000000
0.000000
0.000000
0.000000
0.000000
0.000000
0.000000
0.000000
0.000000
0.000000
0.000000
0.000000
0.000000
0.000000
0.000000
0.000000
0.000000
0.000000
0.000000
0.000000
0.000000
0.000000
0.000000
0.000000
0.000000
0.000000
0.000000
0.000000
0.000000
0.000000
0.000000
0.000000
0.000000
0.000000
0.000000
0.000000
0.000000
0.000000
0.000000
0.000000
0.000000
0.000000
0.000000
0.000000
0.000000
0.000000
0.000000
0.000000
0.000000
0.000000
0.000000
0.000000
0.000000
0.000000
0.000000
0.000000
0.000000
0.000000
0.000000
0.000000
0.000000
0.000000
0.000000
0.000000
0.000000
0.000000
0.000000
0.000000
0.000000
0.000000
0.000000
0.000000
0.000000
0.000000
0.000000
0.000000
0.000000
0.000000
0.000000
0.000000
0.000000
0.000000
0.000000
0.000000
0.000000
0.000000
0.000000
0.000000
0.000000
0.000000
0.000000
0.000000
0.000000
0.000000
0.000000
0.000000
0.000000
0.000000
0.000000
0.000000
0.000000
0.000000
0.000000
0.000000
0.000000
0.000000
0.000000
0.000000
0.000000
0.000000
0.000000
0.000000
0.000000
0.000000
0.000000
0.000000
0.000000
0.000000
0.000000
0.000000
0.000000
0.000000
0.000000
0.000000
0.000000
0.000000
0.000000
0.000000
0.000000
0.000000
0.000000
0.000000
0.000000
0.000000
0.000000
0.000000
0.000000
0.000000
0.000000
0.000000
0.000000
0.000000
0.000000
0.000000
0.000000
0.000000
0.000000
0.000000
0.000000
0.000000
0.000000
0.000000
0.000000
0.000000
0.000000
0.000000
0.000000
0.000000
0.000000
0.000000
0.000000
0.000000
0.000000
0.000000
0.000000
0.000000
0.000000
0.000000
0.000000
0.000000
0.000000
0.000000
0.000000
0.000000
0.000000
0.000000
0.000000
0.000000
0.000000
0.000000
0.000000
0.000000
0.000000
0.000000
0.000000
0.000000
0.000000
0.000000
0.000000
0.000000
0.000000
0.000000
0.000000
0.000000
0.000000
0.000000
0.000000
0.000000
0.000000
0.000000
0.000000
0.000000
0.000000
0.000000
0.000000
0.000000
0.000000
0.000000
0.000000
0.000000
0.000000
0.000000
0.000000
0.000000
0.000000
0.000000
0.000000
0.000000
0.000000
0.000000
0.000000
0.000000
0.000000
0.000000
0.000000
0.000000
0.000000
0.000000
0.000000
0.000000
0.000000
0.000000
0.000000
0.000000
0.000000
0.000000
0.000000
0.000000
0.000000
0.000000
0.000000
0.000000
0.000000
0.000000
0.000000
0.000000
0.000000
0.000000
0.000000
0.000000
0.000000
0.000000
0.000000
0.000000
0.000000
0.000000
0.000000
0.000000
0.000000
0.000000
0.000000
0.000000
0.000000
0.000000
0.000000
0.000000
0.000000
0.000000
0.000000
0.000000
0.000000
0.000000
0.000000
0.000000
0.000000
0.000000
0.000000
0.000000
0.000000
0.000000
0.000000
0.000000
0.000000
0.000000
0.000000
0.000000
0.000000
0.000000
0.000000
0.000000
0.000000
0.000000
0.000000
0.000000
0.000000
0.000000
0.000000
0.000000
0.000000
0.000000
0.000000
0.000000
0.000000
0.000000
0.000000
0.000000
0.000000
0.000000
0.000000
0.000000
0.000000
0.000000
0.000000
0.000000
0.000000
0.000000
0.000000
0.000000
0.000000
0.000000
0.000000
0.000000
0.000000
0.000000
0.000000
0.000000
0.000000
0.000000
0.000000
0.000000
0.000000
0.000000
0.000000
0.000000
0.000000
0.000000
0.000000
0.000000
0.000000
0.000000
0.000000
0.000000
0.000000
0.000000
0.000000
0.000000
0.000000
0.000000
0.000000
0.000000
0.000000
0.000000
0.000000
0.000000
0.000000
0.000000
0.000000
0.000000
0.000000
0.000000
0.000000
0.000000
0.000000
0.000000
0.000000
0.000000
0.000000
0.000000
0.000000
0.000000
0.000000
0.000000
0.000000
0.000000
0.000000
0.000000
0.000000
0.000000
0.000000
0.000000
0.000000
0.000000
0.000000
0.000000
0.000000
0.000000
0.000000
0.000000
0.000000
0.000000
0.000000
0.000000
0.000000
0.000000
0.000000
0.000000
0.000000
0.000000
0.000000
0.000000
0.000000
0.000000
0.000000
0.000000
0.000000
0.000000
0.000000
0.000000
0.000000
0.000000
0.000000
0.000000
0.000000
0.000000
0.000000
0.000000
0.000000
0.000000
0.000000
0.000000
0.000000
0.000000
0.000000
0.000000
0.000000
0.000000
0.000000
0.000000
0.000000
0.000000
0.000000
0.000000
0.000000
0.000000
0.000000
0.000000
0.000000
0.000000
0.000000
0.000000
0.000000
0.000000
0.000000
0.000000
0.000000
0.000000
0.000000
0.000000
0.000000
0.000000
0.000000
0.000000
0.000000
0.000000
0.000000
0.000000
0.000000
0.000000
0.000000
0.000000
0.000000
0.000000
0.000000
0.000000
0.000000
0.000000
0.000000
0.000000
0.000000
0.000000
0.000000
0.000000
0.000000
0.000000
0.000000
0.000000
0.000000
0.000000
0.000000
0.000000
0.000000
0.000000
0.000000
0.000000
0.000000
0.000000
0.000000
0.000000
0.000000
0.000000
0.000000
0.000000
0.000000
0.000000
0.000000
0.000000
0.000000
0.000000
0.000000
0.000000
0.000000
0.000000
0.000000
0.000000
0.000000
0.000000
0.000000
0.000000
0.000000
0.000000
0.000000
0.000000
0.000000
0.000000
0.000000
0.000000
0.000000
0.000000
0.000000
0.000000
0.000000
0.000000
0.000000
0.000000
0.000000
0.000000
0.000000
0.000000
0.000000
0.000000
0.000000
0.000000
0.000000
0.000000
0.000000
0.000000
0.000000
0.000000
0.000000
0.000000
0.000000
0.000000
0.000000
0.000000
0.000000
0.000000
0.000000
0.000000
0.000000
0.000000
0.000000
0.000000
0.000000
0.000000
0.000000
0.000000
0.000000
0.000000
0.000000
0.000000
0.000000
0.000000
0.000000
0.000000
0.000000
0.000000
0.000000
0.000000
0.000000
0.000000
0.000000
0.000000
0.000000
0.000000
0.000000
0.000000
0.000000
0.000000
0.000000
0.000000
0.000000
0.000000
0.000000
0.000000
0.000000
0.000000
0.000000
0.000000
0.000000
0.000000
0.000000
0.000000
0.000000
0.000000
0.000000
0.000000
0.000000
0.000000
0.000000
0.000000
0.000000
0.000000
0.000000
0.000000
0.000000
0.000000
0.000000
0.000000
0.000000
0.000000
0.000000
0.000000
0.000000
0.000000
0.000000
0.000000
0.000000
0.000000
0.000000
0.000000
0.000000
0.000000
0.000000
0.000000
0.000000
0.000000
0.000000
0.000000
0.000000
0.000000
0.000000
0.000000
0.000000
0.000000
0.000000
0.000000
0.000000
0.000000
0.000000
0.000000
0.000000
0.000000
0.000000
0.000000
0.000000
0.000000
0.000000
0.000000
0.000000
0.000000
0.000000
0.000000
0.000000
0.000000
0.000000
0.000000
0.000000
0.000000
0.000000
0.000000
0.000000
0.000000
0.000000
0.000000
0.000000
0.000000
0.000000
0.000000
0.000000
0.000000
0.000000
0.000000
0.000000
0.000000
0.000000
0.000000
0.000000
0.000000
0.000000
0.000000
0.000000
0.000000
0.000000
0.000000
0.000000
0.000000
0.000000
0.000000
0.000000
0.000000
0.000000
0.000000
0.000000
0.000000
0.000000
0.000000
0.000000
0.000000
0.000000
0.000000
0.000000
0.000000
0.000000
0.000000
0.000000
0.000000
0.000000
0.000000
0.000000
0.000000
0.000000
0.000000
0.000000
0.000000
0.000000
0.000000
0.000000
0.000000
0.000000
0.000000
0.000000
0.000000
0.000000
0.000000
0.000000
0.000000
0.000000
0.000000
0.000000
0.000000
0.000000
0.000000
0.000000
0.000000
0.000000
0.000000
0.000000
0.000000
0.000000
0.000000
0.000000
0.000000
0.000000
0.000000
0.000000
0.000000
0.000000
0.000000
0.000000
0.000000
0.000000
0.000000
0.000000
0.000000
0.000000
0.000000
0.000000
0.000000
0.000000
0.000000
0.000000
0.000000
0.000000
0.000000
0.000000
0.000000
0.000000
0.000000
0.000000
0.000000
0.000000
0.000000
0.000000
0.000000
0.000000
0.000000
0.000000
0.000000
0.000000
0.000000
0.000000
0.000000
0.000000
0.000000
0.000000
0.000000
0.000000
0.000000
0.000000
0.000000
0.000000
0.000000
0.000000
0.000000
0.000000
0.000000
0.000000
0.000000
0.000000
0.000000
0.000000
0.000000
0.000000
0.000000
0.000000
0.000000
0.000000
0.000000
0.000000
0.000000
0.000000
0.000000
0.000000
0.000000
0.000000
0.000000
0.000000
0.000000
0.000000
0.000000
0.000000
0.000000
0.000000
0.000000
0.000000
0.000000
0.000000
0.000000
0.000000
0.000000
0.000000
0.000000
0.000000
0.000000
0.000000
0.000000
0.000000
0.000000
0.000000
0.000000
0.000000
0.000000
0.000000
0.000000
0.000000
0.000000
0.000000
0.000000
0.000000
0.000000
0.000000
0.000000
0.000000
0.000000
0.000000
0.000000
0.000000
0.000000
0.000000
0.000000
0.000000
0.000000
0.000000
0.000000
0.000000
0.000000
0.000000
0.000000
0.000000
0.000000
0.000000
0.000000
0.000000
0.000000
0.000000
0.000000
0.000000
0.000000
0.000000
0.000000
0.000000
0.000000
0.000000
0.000000
0.000000
0.000000
0.000000
0.000000
0.000000
0.000000
0.000000
0.000000
0.000000
0.000000
0.000000
0.000000
0.000000
0.000000
0.000000
0.000000
0.000000
0.000000
0.000000
0.000000
0.000000
0.000000
0.000000
0.000000
0.000000
0.000000
0.000000
0.000000
0.000000
0.000000
0.000000
0.000000
0.000000
0.000000
0.000000
0.000000
0.000000
0.000000
0.000000
0.000000
0.000000
0.000000
0.000000
0.000000
0.000000
0.000000
0.000000
0.000000
0.000000
0.000000
0.000000
0.000000
0.000000
0.000000
0.000000
0.000000
0.000000
0.000000
0.000000
0.000000
0.000000
0.000000
0.000000
0.000000
0.000000
0.000000
0.000000
0.000000
0.000000
0.000000
0.000000
0.000000
0.000000
0.000000
0.000000
0.000000
0.000000
0.000000
0.000000
0.000000
0.000000
0.000000
0.000000
0.000000
0.000000
0.000000
0.000000
0.000000
0.000000
0.000000
0.000000
0.000000
0.000000
0.000000
0.000000
0.000000
0.000000
0.000000
0.000000
0.000000
0.000000
0.000000
0.000000
0.000000
0.000000
0.000000
0.000000
0.000000
0.000000
0.000000
0.000000
0.000000
0.000000
0.000000
0.000000
0.000000
0.000000
0.000000
0.000000
0.000000
0.000000
0.000000
0.000000
0.000000
0.000000
0.000000
0.000000
0.000000
0.000000
0.000000
0.000000
0.000000
0.000000
0.000000
0.000000
0.000000
0.000000
0.000000
0.000000
0.000000
0.000000
0.000000
0.000000
0.000000
0.000000
0.000000
0.000000
0.000000
0.000000
0.000000
0.000000
0.000000
0.000000
0.000000
0.000000
0.000000
0.000000
0.000000
0.000000
0.000000
0.000000
0.000000
0.000000
0.000000
0.000000
0.000000
0.000000
0.000000
0.000000
0.000000
0.000000
0.000000
0.000000
0.000000
0.000000
0.000000
0.000000
0.000000
0.000000
0.000000
0.000000
0.000000
0.000000
0.000000
0.000000
0.000000
0.000000
0.000000
0.000000
0.000000
0.000000
0.000000
0.000000
0.000000
0.000000
0.000000
0.000000
0.000000
0.000000
0.000000
0.000000
0.000000
0.000000
0.000000
0.000000
0.000000
0.000000
0.000000
0.000000
0.000000
0.000000
0.000000
0.000000
0.000000
0.000000
0.000000
0.000000
0.000000
0.000000
0.000000
0.000000
0.000000
0.000000
0.000000
0.000000
0.000000
0.000000
0.000000
0.000000
0.000000
0.000000
0.000000
0.000000
0.000000
0.000000
0.000000
0.000000
0.000000
0.000000
0.000000
0.000000
0.000000
0.000000
0.000000
0.000000
0.000000
0.000000
0.000000
0.000000
0.000000
0.000000
0.000000
0.000000
0.000000
0.000000
0.000000
0.000000
0.000000
0.000000
0.000000
0.000000
0.000000
0.000000
0.000000
0.000000
0.000000
0.000000
0.000000
0.000000
0.000000
0.000000
0.000000
0.000000
0.000000
0.000000
0.000000
0.000000
0.000000
0.000000
0.000000
0.000000
0.000000
0.000000
0.000000
0.000000
0.000000
0.000000
0.000000
0.000000
0.000000
0.000000
0.000000
0.000000
0.000000
0.000000
0.000000
0.000000
0.000000
0.000000
0.000000
0.000000
0.000000
0.000000
0.000000
0.000000
0.000000
0.000000
0.000000
0.000000
0.000000
0.000000
0.000000
0.000000
0.000000
0.000000
0.000000
0.000000
0.000000
0.000000
0.000000
0.000000
0.000000
0.000000
0.000000
0.000000
0.000000
0.000000
0.000000
0.000000
0.000000
0.000000
0.000000
0.000000
0.000000
0.000000
0.000000
0.000000
0.000000
0.000000
0.000000
0.000000
0.000000
0.000000
0.000000
0.000000
0.000000
0.000000
0.000000
0.000000
0.000000
0.000000
0.000000
0.000000
0.000000
0.000000
0.000000
0.000000
0.000000
0.000000
0.000000
0.000000
0.000000
0.000000
0.000000
0.000000
0.000000
0.000000
0.000000
0.000000
0.000000
0.000000
0.000000
0.000000
0.000000
0.000000
0.000000
0.000000
0.000000
0.000000
0.000000
0.000000
0.000000
0.000000
0.000000
0.000000
0.000000
0.000000
0.000000
0.000000
0.000000
0.000000
0.000000
0.000000
0.000000
0.000000
0.000000
0.000000
0.000000
0.000000
0.000000
0.000000
0.000000
0.000000
0.000000
0.000000
0.000000
0.000000
0.000000
0.000000
0.000000
0.000000
0.000000
0.000000
0.000000
0.000000
0.000000
0.000000
0.000000
0.000000
0.000000
0.000000
0.000000
0.000000
0.000000
0.000000
0.000000
0.000000
0.000000
0.000000
0.000000
0.000000
0.000000
0.000000
0.000000
0.000000
0.000000
0.000000
0.000000
0.000000
0.000000
0.000000
0.000000
0.000000
0.000000
0.000000
0.000000
0.000000
0.000000
0.000000
0.000000
0.000000
0.000000
0.000000
0.000000
0.000000
0.000000
0.000000
0.000000
0.000000
0.000000
0.000000
0.000000
0.000000
0.000000
0.000000
0.000000
0.000000
0.000000
0.000000
0.000000
0.000000
0.000000
0.000000
0.000000
0.000000
0.000000
0.000000
0.000000
0.000000
0.000000
0.000000
0.000000
0.000000
0.000000
0.000000
0.000000
0.000000
0.000000
0.000000
0.000000
0.000000
0.000000
0.000000
0.000000
0.000000
0.000000
0.000000
0.000000
0.000000
0.000000
0.000000
0.000000
0.000000
0.000000
0.000000
0.000000
0.000000
0.000000
0.000000
0.000000
0.000000
0.000000
0.000000
0.000000
0.000000
0.000000
0.000000
0.000000
0.000000
0.000000
0.000000
0.000000
0.000000
0.000000
0.000000
0.000000
0.000000
0.000000
0.000000
0.000000
0.000000
0.000000
0.000000
0.000000
0.000000
0.000000
0.000000
0.000000
0.000000
0.000000
0.000000
0.000000
0.000000
0.000000
0.000000
0.000000
0.000000
0.000000
0.000000
0.000000
0.000000
0.000000
0.000000
0.000000
0.000000
0.000000
0.000000
0.000000
0.000000
0.000000
0.000000
0.000000
0.000000
0.000000
0.000000
0.000000
0.000000
0.000000
0.000000
0.000000
0.000000
0.000000
0.000000
0.000000
0.000000
0.000000
0.000000
0.000000
0.000000
0.000000
0.000000
0.000000
0.000000
0.000000
0.000000
0.000000
0.000000
0.000000
0.000000
0.000000
0.000000
0.000000
0.000000
0.000000
0.000000
0.000000
0.000000
0.000000
0.000000
0.000000
0.000000
0.000000
0.000000
0.000000
0.000000
0.000000
0.000000
0.000000
0.000000
0.000000
0.000000
0.000000
0.000000
0.000000
0.000000
0.000000
0.000000
0.000000
0.000000
0.000000
0.000000
0.000000
0.000000
0.000000
0.000000
0.000000
0.000000
0.000000
0.000000
0.000000
0.000000
0.000000
0.000000
0.000000
0.000000
0.000000
0.000000
0.000000
0.000000
0.000000
0.000000
0.000000
0.000000
0.000000
0.000000
0.000000
0.000000
0.000000
0.000000
0.000000
0.000000
0.000000
0.000000
0.000000
0.000000
0.000000
0.000000
0.000000
0.000000
0.000000
0.000000
0.000000
0.000000
0.000000
0.000000
0.000000
0.000000
0.000000
0.000000
0.000000
0.000000
0.000000
0.000000
0.000000
0.000000
0.000000
0.000000
0.000000
0.000000
0.000000
0.000000
0.000000
0.000000
0.000000
0.000000
0.000000
0.000000
0.000000
0.000000
0.000000
0.000000
0.000000
0.000000
0.000000
0.000000
0.000000
0.000000
0.000000
0.000000
0.000000
0.000000
0.000000
0.000000
0.000000
0.000000
0.000000
0.000000
0.000000
0.000000
0.000000
0.000000
0.000000
0.000000
0.000000
0.000000
0.000000
0.000000
0.000000
0.000000
0.000000
0.000000
0.000000
0.000000
0.000000
0.000000
0.000000
0.000000
0.000000
0.000000
0.000000
0.000000
0.000000
0.000000
0.000000
0.000000
0.000000
0.000000
0.000000
0.000000
0.000000
0.000000
0.000000
0.000000
0.000000
0.000000
0.000000
0.000000
0.000000
0.000000
0.000000
0.000000
0.000000
0.000000
0.000000
0.000000
0.000000
0.000000
0.000000
0.000000
0.000000
0.000000
0.000000
0.000000
0.000000
0.000000
0.000000
0.000000
0.000000
0.000000
0.000000
0.000000
0.000000
0.000000
0.000000
0.000000
0.000000
0.000000
0.000000
0.000000
0.000000
0.000000
0.000000
0.000000
0.000000
0.000000
0.000000
0.000000
0.000000
0.000000
0.000000
0.000000
0.000000
0.000000
0.000000
0.000000
0.000000
0.000000
0.000000
0.000000
0.000000
0.000000
0.000000
0.000000
0.000000
0.000000
0.000000
0.000000
0.000000
0.000000
0.000000
0.000000
0.000000
0.000000
0.000000
0.000000
0.000000
0.000000
0.000000
0.000000
0.000000
0.000000
0.000000
0.000000
0.000000
0.000000
0.000000
0.000000
0.000000
0.000000
0.000000
0.000000
0.000000
0.000000
0.000000
0.000000
0.000000
0.000000
0.000000
0.000000
0.000000
0.000000
0.000000
0.000000
0.000000
0.000000
0.000000
0.000000
0.000000
0.000000
0.000000
0.000000
0.000000
0.000000
0.000000
0.000000
0.000000
0.000000
0.000000
0.000000
0.000000
0.000000
0.000000
0.000000
0.000000
0.000000
0.000000
0.000000
0.000000
0.000000
0.000000
0.000000
0.000000
0.000000
0.000000
0.000000
0.000000
0.000000
0.000000
0.000000
0.000000
0.000000
0.000000
0.000000
0.000000
0.000000
0.000000
0.000000
0.000000
0.000000
0.000000
0.000000
0.000000
0.000000
0.000000
0.000000
0.000000
0.000000
0.000000
0.000000
0.000000
0.000000
0.000000
0.000000
0.000000
0.000000
0.000000
0.000000
0.000000
0.000000
0.000000
0.000000
0.000000
0.000000
0.000000
0.000000
0.000000
0.000000
0.000000
0.000000
0.000000
0.000000
0.000000
0.000000
0.000000
0.000000
0.000000
0.000000
0.000000
0.000000
0.000000
0.000000
0.000000
0.000000
0.000000
0.000000
0.000000
0.000000
0.000000
0.000000
0.000000
0.000000
0.000000
0.000000
0.000000
0.000000
0.000000
0.000000
0.000000
0.000000
0.000000
0.000000
0.000000
0.000000
0.000000
0.000000
0.000000
0.000000
0.000000
0.000000
0.000000
0.000000
0.000000
0.000000
0.000000
0.000000
0.000000
0.000000
0.000000
0.000000
0.000000
0.000000
0.000000
0.000000
0.000000
0.000000
0.000000
0.000000
0.000000
0.000000
0.000000
0.000000
0.000000
0.000000
0.000000
0.000000
0.000000
0.000000
0.000000
0.000000
0.000000
0.000000
0.000000
0.000000
0.000000
0.000000
0.000000
0.000000
0.000000
0.000000
0.000000
0.000000
0.000000
0.000000
0.000000
0.000000
0.000000
0.000000
0.000000
0.000000
0.000000
0.000000
0.000000
0.000000
0.000000
0.000000
0.000000
0.000000
0.000000
0.000000
0.000000
0.000000
0.000000
0.000000
0.000000
0.000000
0.000000
0.000000
0.000000
0.000000
0.000000
0.000000
0.000000
0.000000
0.000000
0.000000
0.000000
0.000000
0.000000
0.000000
0.000000
0.000000
0.000000
0.000000
0.000000
0.000000
0.000000
0.000000
0.000000
0.000000
0.000000
0.000000
0.000000
0.000000
0.000000
0.000000
0.000000
0.000000
0.000000
0.000000
0.000000
0.000000
0.000000
0.000000
0.000000
0.000000
0.000000
0.000000
0.000000
0.000000
0.000000
0.000000
0.000000
0.000000
0.000000
0.000000
0.000000
0.000000
0.000000
0.000000
0.000000
0.000000
0.000000
0.000000
0.000000
0.000000
0.000000
0.000000
0.000000
0.000000
0.000000
0.000000
0.000000
0.000000
0.000000
0.000000
0.000000
0.000000
0.000000
0.000000
0.000000
0.000000
0.000000
0.000000
0.000000
0.000000
0.000000
0.000000
0.000000
0.000000
0.000000
0.000000
0.000000
0.000000
0.000000
0.000000
0.000000
0.000000
0.000000
0.000000
0.000000
0.000000
0.000000
0.000000
0.000000
0.000000
0.000000
0.000000
0.000000
0.000000
0.000000
0.000000
0.000000
0.000000
0.000000
0.000000
0.000000
0.000000
0.000000
0.000000
0.000000
0.000000
0.000000
0.000000
0.000000
0.000000
0.000000
0.000000
0.000000
0.000000
0.000000
0.000000
0.000000
0.000000
0.000000
0.000000
0.000000
0.000000
0.000000
0.000000
0.000000
0.000000
0.000000
0.000000
0.000000
0.000000
0.000000
0.000000
0.000000
0.000000
0.000000
0.000000
0.000000
0.000000
0.000000
0.000000
0.000000
0.000000
0.000000
0.000000
0.000000
0.000000
0.000000
0.000000
0.000000
0.000000
0.000000
0.000000
0.000000
0.000000
0.000000
0.000000
0.000000
0.000000
0.000000
0.000000
0.000000
0.000000
0.000000
0.000000
0.000000
0.000000
0.000000
0.000000
0.000000
0.000000
0.000000
0.000000
0.000000
0.000000
0.000000
0.000000
0.000000
0.000000
0.000000
0.000000
0.000000
0.000000
0.000000
0.000000
0.000000
0.000000
0.000000
0.000000
0.000000
0.000000
0.000000
0.000000
0.000000
0.000000
0.000000
0.000000
0.000000
0.000000
0.000000
0.000000
0.000000
0.000000
0.000000
0.000000
0.000000
0.000000
0.000000
0.000000
0.000000
0.000000
0.000000
0.000000
0.000000
0.000000
0.000000
0.000000
0.000000
0.000000
0.000000
0.000000
0.000000
0.000000
0.000000
0.000000
0.000000
0.000000
0.000000
0.000000
0.000000
0.000000
0.000000
0.000000
0.000000
0.000000
0.000000
0.000000
0.000000
0.000000
0.000000
0.000000
0.000000
0.000000
0.000000
0.000000
0.000000
0.000000
0.000000
0.000000
0.000000
0.000000
0.000000
0.000000
0.000000
0.000000
0.000000
0.000000
0.000000
0.000000
0.000000
0.000000
0.000000
0.000000
0.000000
0.000000
0.000000
0.000000
0.000000
0.000000
0.000000
0.000000
0.000000
0.000000
0.000000
0.000000
0.000000
0.000000
0.000000
0.000000
0.000000
0.000000
0.000000
0.000000
0.000000
0.000000
0.000000
0.000000
0.000000
0.000000
0.000000
0.000000
0.000000
0.000000
0.000000
0.000000
0.000000
0.000000
0.000000
0.000000
0.000000
0.000000
0.000000
0.000000
0.000000
0.000000
0.000000
0.000000
0.000000
0.000000
0.000000
0.000000
0.000000
0.000000
0.000000
0.000000
0.000000
0.000000
0.000000
0.000000
0.000000
0.000000
0.000000
0.000000
0.000000
0.000000
0.000000
0.000000
0.000000
0.000000
0.000000
0.000000
0.000000
0.000000
0.000000
0.000000
0.000000
0.000000
0.000000
0.000000
0.000000
0.000000
0.000000
0.000000
0.000000
0.000000
0.000000
0.000000
0.000000
0.000000
0.000000
0.000000
0.000000
0.000000
0.000000
0.000000
0.000000
0.000000
0.000000
0.000000
0.000000
0.000000
0.000000
0.000000
0.000000
0.000000
0.000000
0.000000
0.000000
0.000000
0.000000
0.000000
0.000000
0.000000
0.000000
0.000000
0.000000
0.000000
0.000000
0.000000
0.000000
0.000000
0.000000
0.000000
0.000000
0.000000
0.000000
0.000000
0.000000
0.000000
0.000000
0.000000
0.000000
0.000000
0.000000
0.000000
0.000000
0.000000
0.000000
0.000000
0.000000
0.000000
0.000000
0.000000
0.000000
0.000000
0.000000
0.000000
0.000000
0.000000
0.000000
0.000000
0.000000
0.000000
0.000000
0.000000
0.000000
0.000000
0.000000
0.000000
0.000000
0.000000
0.000000
0.000000
0.000000
0.000000
0.000000
0.000000
0.000000
0.000000
0.000000
0.000000
0.000000
0.000000
0.000000
0.000000
0.000000
0.000000
0.000000
0.000000
0.000000
0.000000
0.000000
0.000000
0.000000
0.000000
0.000000
0.000000
0.000000
0.000000
0.000000
0.000000
0.000000
0.000000
0.000000
0.000000
0.000000
0.000000
0.000000
0.000000
0.000000
0.000000
0.000000
0.000000
0.000000
0.000000
0.000000
0.000000
0.000000
0.000000
0.000000
0.000000
0.000000
0.000000
0.000000
0.000000
0.000000
0.000000
0.000000
0.000000
0.000000
0.000000
0.000000
0.000000
0.000000
0.000000
0.000000
0.000000
0.000000
0.000000
0.000000
0.000000
0.000000
0.000000
0.000000
0.000000
0.000000
0.000000
0.000000
0.000000
0.000000
0.000000
0.000000
0.000000
0.000000
0.000000
0.000000
0.000000
0.000000
0.000000
0.000000
0.000000
0.000000
0.000000
0.000000
0.000000
0.000000
0.000000
0.000000
0.000000
0.000000
0.000000
0.000000
0.000000
0.000000
0.000000
0.000000
0.000000
0.000000
0.000000
0.000000
0.000000
0.000000
0.000000
0.000000
0.000000
0.000000
0.000000
0.000000
0.000000
0.000000
0.000000
0.000000
0.000000
0.000000
0.000000
0.000000
0.000000
0.000000
0.000000
0.000000
0.000000
0.000000
0.000000
0.000000
0.000000
0.000000
0.000000
0.000000
0.000000
0.000000
0.000000
0.000000
0.000000
0.000000
0.000000
0.000000
0.000000
0.000000
0.000000
0.000000
0.000000
0.000000
