2.499999
2.499999
2.499999
2.499999
2.499999
2.499999
2.499999
2.499999
2.499999
2.499999
2.499999
2.499999
2.499999
2.499999
2.499999
2.499999
2.499999
2.499999
2.499999
2.499999
2.499999
2.499999
2.499999
2.499999
2.499999
2.499999
2.499999
2.499999
2.499999
2.499999
2.499999
2.499999
2.499999
2.499999
2.499999
2.499999
2.499999
2.299617
2.259069
2.218488
2.177900
2.137487
2.096853
2.055925
2.015144
1.974528
1.933770
1.893091
1.852708
1.812113
1.771495
1.731071
1.686497
1.642954
1.600000
1.600000
1.641515
1.600000
1.640476
1.600000
1.600000
1.600000
1.600000
1.710907
1.821956
2.090543
2.049764
2.009177
1.968580
1.927494
1.886446
1.845544
1.804733
1.763923
1.723341
1.682022
1.640795
1.600000
1.600000
1.600000
1.600000
1.600000
1.428734
1.385921
1.344658
1.300000
1.300000
1.300000
1.300000
1.300000
1.300000
1.300000
1.600000
1.600000
1.600000
1.600000
1.684850
1.640082
1.600000
1.600000
1.600000
1.600000
1.600000
1.600000
1.600000
1.600000
1.600000
1.600000
1.600000
1.600000
1.600000
1.600000
1.600000
1.600000
1.600000
1.600000
1.600000
1.600000
1.600000
1.600000
1.600000
1.600000
1.600000
1.640516
1.600000
1.600000
1.600000
1.712989
1.826319
1.939663
2.052827
2.293169
2.252324
2.211504
2.170671
2.129804
2.089074
2.048394
2.007625
1.966921
1.926206
1.885414
1.844576
1.803913
1.763160
1.722360
1.681726
1.641036
1.600000
1.600000
1.600000
1.600000
1.600000
1.600000
1.600000
1.600000
1.600000
1.600000
1.600000
1.600000
1.600000
1.600000
1.600000
1.600000
1.600000
1.600000
1.600000
1.600000
1.600000
1.600000
1.600000
1.600000
1.600000
1.600000
1.600000
1.600000
1.600000
1.600000
1.600000
1.600000
1.600000
1.600000
1.600000
1.600000
1.600000
1.600000
1.600000
1.600000
1.600000
1.600000
1.600000
1.600000
1.600000
1.600000
1.711853
1.823235
1.935133
2.209707
2.169183
2.128561
2.087960
2.047429
2.006727
1.966153
1.925557
1.884799
1.843979
1.803273
1.762601
1.721900
1.681337
1.640752
1.600000
1.600000
1.600000
1.600000
1.600000
1.600000
1.600000
1.600000
1.600000
1.600000
1.600000
1.600000
1.600000
1.600000
1.600000
1.600000
1.600000
1.600000
1.600000
1.600000
1.600000
1.720894
1.680465
1.640268
1.600000
1.600000
1.600000
1.600000
1.600000
1.600000
1.600000
1.600000
1.600000
1.600000
1.600000
1.600000
1.600000
1.600000
1.721228
1.680903
1.640549
1.600000
1.600000
1.600000
1.600000
1.600000
1.600000
1.600000
1.600000
1.600000
1.600000
1.600000
1.600000
1.600000
1.600000
1.600000
1.600000
1.600000
1.600000
1.600000
1.600000
1.600000
1.600000
1.600000
1.600000
1.600000
1.600000
1.600000
1.600000
1.600000
1.681716
1.640707
1.600000
1.600000
1.600000
1.600000
1.600000
1.600000
1.600000
1.600000
1.600000
1.600000
1.600000
1.600000
1.600000
1.600000
1.600000
1.600000
1.600000
1.600000
1.600000
1.640835
1.600000
1.600000
1.600000
1.600000
1.600000
1.600000
1.600000
1.600000
1.600000
1.600000
1.600000
1.600000
1.600000
1.600000
1.600000
1.600000
1.600000
1.600000
1.600000
1.600000
1.600000
1.600000
1.600000
1.600000
1.600000
1.600000
1.600000
1.600000
1.600000
1.600000
1.640605
1.600000
1.600000
1.600000
1.600000
1.600000
1.600000
1.600000
1.600000
1.600000
1.600000
1.600000
1.600000
1.600000
1.600000
1.600000
1.600000
1.600000
1.600000
1.600000
1.721825
1.681301
1.640727
1.600000
1.600000
1.600000
1.600000
1.600000
1.600000
1.600000
1.600000
1.600000
1.600000
1.600000
1.600000
1.600000
1.600000
1.600000
1.600000
1.600000
1.600000
1.600000
1.600000
1.600000
1.600000
1.600000
1.600000
1.600000
1.600000
1.600000
1.600000
1.681574
1.640782
1.600000
1.600000
1.600000
1.600000
1.600000
1.600000
1.600000
1.600000
1.600000
1.600000
1.600000
1.600000
1.722547
1.681996
1.640976
1.600000
1.600000
1.600000
1.600000
1.600000
1.600000
1.600000
1.600000
1.600000
1.600000
1.600000
1.600000
1.761712
1.721145
1.680915
1.640478
1.600000
1.600000
1.600000
1.600000
1.600000
1.600000
1.600000
1.600000
1.600000
1.600000
1.600000
1.600000
1.600000
1.680494
1.640145
1.600000
1.600000
1.600000
1.600000
1.600000
1.600000
1.600000
1.600000
1.600000
1.600000
1.600000
1.600000
1.600000
1.600000
1.600000
1.600000
1.600000
1.600000
1.600000
1.600000
1.600000
1.600000
1.600000
1.600000
1.600000
1.600000
1.600000
1.600000
1.600000
1.600000
1.640541
1.600000
1.600000
1.600000
1.600000
1.600000
1.600000
1.600000
1.600000
1.600000
1.600000
1.600000
1.600000
1.600000
1.681770
1.640929
1.600000
1.600000
1.600000
1.600000
1.600000
1.600000
1.600000
1.600000
1.600000
1.600000
1.600000
1.600000
1.600000
1.600000
1.600000
1.600000
1.680979
1.640414
1.600000
1.600000
1.600000
1.600000
1.600000
1.600000
1.600000
1.600000
1.600000
1.600000
1.600000
1.600000
1.600000
1.600000
1.600000
1.722368
1.681685
1.640710
1.600000
1.600000
1.600000
1.600000
1.600000
1.600000
1.600000
1.600000
1.600000
1.600000
1.423641
1.382083
1.340893
1.300000
1.300000
1.300000
1.300000
1.300000
1.300000
1.300000
1.300000
1.300000
1.300000
1.300000
1.300000
1.300000
1.300000
1.300000
1.300000
1.300000
1.300000
1.300000
1.300000
1.300000
1.300000
1.300000
1.600000
1.600000
1.600000
1.600000
1.600000
1.600000
1.600000
1.600000
1.600000
1.600000
1.600000
1.600000
1.600000
1.600000
1.845939
1.804980
1.763993
1.723024
1.681923
1.640885
1.600000
1.600000
1.600000
1.600000
1.600000
1.600000
1.600000
1.600000
1.600000
1.600000
1.600000
1.600000
1.600000
1.600000
1.600000
1.600000
1.600000
1.600000
1.600000
1.600000
1.600000
1.600000
1.600000
1.600000
1.600000
1.600000
1.600000
1.600000
1.600000
1.600000
1.600000
1.600000
1.600000
1.600000
1.600000
1.600000
1.600000
1.600000
1.600000
1.600000
1.600000
1.600000
1.600000
1.600000
1.600000
1.600000
1.600000
1.600000
1.600000
1.600000
1.600000
1.600000
1.600000
1.600000
1.600000
1.600000
1.600000
1.600000
1.600000
1.600000
1.600000
1.600000
1.600000
1.600000
1.600000
1.600000
1.600000
1.600000
1.600000
1.600000
1.600000
1.600000
1.600000
1.600000
1.600000
1.600000
1.600000
1.600000
1.600000
1.600000
1.600000
1.600000
1.600000
1.600000
1.600000
1.600000
1.600000
1.600000
1.600000
1.600000
1.600000
1.600000
1.600000
1.600000
1.600000
1.600000
1.600000
1.600000
1.600000
1.600000
1.600000
1.600000
1.600000
1.600000
1.600000
1.600000
1.600000
1.600000
1.600000
1.600000
1.600000
1.600000
1.600000
1.600000
1.600000
1.600000
1.600000
1.600000
1.600000
1.600000
1.600000
1.600000
1.600000
1.600000
1.600000
1.600000
1.600000
1.600000
1.600000
1.600000
1.600000
1.600000
1.600000
1.600000
1.600000
1.600000
1.600000
1.600000
1.600000
1.600000
1.600000
1.600000
1.600000
1.600000
1.600000
1.600000
1.600000
1.600000
1.600000
1.600000
1.600000
1.600000
1.600000
1.600000
1.600000
1.600000
1.600000
1.600000
1.600000
1.600000
1.600000
1.600000
1.600000
1.600000
1.600000
1.600000
1.600000
1.600000
1.600000
1.600000
1.600000
1.600000
1.600000
1.600000
1.600000
1.600000
1.600000
1.600000
1.600000
1.600000
1.600000
1.600000
1.600000
1.600000
1.600000
1.600000
1.600000
1.600000
1.600000
1.600000
1.600000
1.600000
1.600000
1.600000
1.600000
1.600000
1.600000
1.600000
1.600000
1.600000
1.600000
1.600000
1.600000
1.600000
1.600000
1.600000
1.600000
1.600000
1.600000
1.600000
1.600000
1.600000
1.600000
1.600000
1.600000
1.600000
1.600000
1.600000
1.600000
1.600000
1.600000
1.600000
1.600000
1.600000
1.600000
1.600000
1.600000
1.600000
1.600000
1.600000
1.600000
1.600000
1.600000
1.600000
1.600000
1.600000
1.600000
1.600000
1.600000
1.600000
1.600000
1.600000
1.600000
1.600000
1.600000
1.600000
1.600000
1.600000
1.600000
1.600000
1.600000
1.600000
1.600000
1.600000
1.600000
1.600000
1.600000
1.600000
1.600000
1.600000
1.600000
1.600000
1.421137
1.380673
1.340277
1.300000
1.300000
1.300000
1.300000
1.300000
1.300000
1.300000
1.300000
1.300000
1.300000
1.300000
1.300000
1.300000
1.300000
1.300000
1.300000
1.300000
1.300000
1.300000
1.300000
1.300000
1.600000
1.600000
1.600000
1.600000
1.600000
1.600000
1.600000
1.600000
1.600000
1.600000
1.600000
1.600000
1.889134
1.847773
1.806503
1.765207
1.723572
1.682056
1.640947
1.600000
1.600000
1.600000
1.600000
1.600000
1.600000
1.600000
1.600000
1.600000
1.600000
1.600000
1.600000
1.600000
1.600000
1.600000
1.600000
1.600000
1.600000
1.600000
1.600000
1.600000
1.600000
1.600000
1.600000
1.600000
1.600000
1.600000
1.600000
1.600000
1.600000
1.600000
1.600000
1.600000
1.600000
1.600000
1.600000
1.600000
1.600000
1.600000
1.600000
1.600000
1.600000
1.600000
1.600000
1.600000
1.600000
1.600000
1.600000
1.600000
1.600000
1.600000
1.600000
1.600000
1.600000
1.600000
1.600000
1.600000
1.600000
1.600000
1.600000
1.600000
1.600000
1.600000
1.600000
1.600000
1.600000
1.600000
1.600000
1.600000
1.600000
1.600000
1.600000
1.600000
1.600000
1.600000
1.600000
1.600000
1.600000
1.600000
1.600000
1.600000
1.600000
1.600000
1.600000
1.600000
1.600000
1.600000
1.600000
1.600000
1.600000
1.600000
1.600000
1.600000
1.600000
1.600000
1.600000
1.600000
1.600000
1.600000
1.600000
1.600000
1.600000
1.600000
1.600000
1.600000
1.600000
1.600000
1.600000
1.600000
1.600000
1.600000
1.600000
1.600000
1.600000
1.600000
1.600000
1.600000
1.600000
1.600000
1.600000
1.600000
1.600000
1.600000
1.600000
1.600000
1.600000
1.600000
1.600000
1.600000
1.600000
1.600000
1.600000
1.600000
1.600000
1.600000
1.600000
1.600000
1.600000
1.600000
1.600000
1.600000
1.600000
1.600000
1.600000
1.600000
1.600000
1.600000
1.600000
1.600000
1.600000
1.600000
1.600000
1.600000
1.600000
1.600000
1.600000
1.600000
1.600000
1.600000
1.600000
1.600000
1.600000
1.600000
1.600000
1.600000
1.600000
1.600000
1.600000
1.600000
1.600000
1.600000
1.600000
1.600000
1.600000
1.600000
1.600000
1.600000
1.600000
1.600000
1.600000
1.600000
1.600000
1.600000
1.600000
1.600000
1.600000
1.600000
1.600000
1.600000
1.600000
1.600000
1.600000
1.423442
1.382403
1.341072
1.300000
1.300000
1.300000
1.300000
1.300000
1.300000
1.300000
1.300000
1.300000
1.300000
1.300000
1.300000
1.300000
1.300000
1.300000
1.300000
1.300000
1.300000
1.300000
1.300000
1.600000
1.600000
1.600000
1.600000
1.600000
1.600000
1.600000
1.600000
1.600000
1.600000
1.600000
1.764345
1.723304
1.682255
1.641152
1.600000
1.600000
1.600000
1.600000
1.600000
1.600000
1.600000
1.600000
1.600000
1.600000
1.600000
1.600000
1.600000
1.600000
1.600000
1.600000
1.600000
1.600000
1.600000
1.600000
1.600000
1.600000
1.600000
1.600000
1.600000
1.600000
1.600000
1.600000
1.600000
1.600000
1.600000
1.600000
1.600000
1.600000
1.600000
1.600000
1.600000
1.600000
1.600000
1.600000
1.600000
1.600000
1.600000
1.600000
1.600000
1.600000
1.600000
1.600000
1.600000
1.600000
1.600000
1.600000
1.600000
1.600000
1.600000
1.600000
1.600000
1.600000
1.600000
1.600000
1.600000
1.600000
1.600000
1.600000
1.600000
1.600000
1.600000
1.600000
1.600000
1.600000
1.600000
1.600000
1.600000
1.600000
1.600000
1.600000
1.600000
1.600000
1.600000
1.600000
1.600000
1.600000
1.600000
1.600000
1.600000
1.600000
1.600000
1.600000
1.600000
1.600000
1.600000
1.600000
1.600000
1.600000
1.600000
1.600000
1.600000
1.600000
1.600000
1.600000
1.600000
1.600000
1.600000
1.600000
1.600000
1.600000
1.600000
1.600000
1.600000
1.600000
1.600000
1.600000
1.600000
1.600000
1.600000
1.421877
1.381144
1.340616
1.300000
1.300000
1.300000
1.300000
1.300000
1.300000
1.300000
1.300000
1.300000
1.600000
1.600000
1.421760
1.381558
1.340744
1.300000
1.300000
1.300000
1.300000
1.300000
1.300000
1.300000
1.300000
1.300000
1.300000
1.300000
1.300000
1.600000
1.600000
1.600000
1.600000
1.600000
1.640550
1.600000
1.600000
1.600000
1.600000
1.600000
1.600000
1.422224
1.381508
1.340459
1.300000
1.300000
1.300000
1.300000
1.300000
1.300000
1.300000
1.300000
1.300000
1.300000
1.300000
1.300000
1.300000
1.300000
1.300000
1.600000
1.600000
1.600000
1.600000
1.600000
1.600000
1.600000
1.600000
1.600000
1.600000
1.600000
1.600000
1.600000
1.600000
1.600000
1.600000
1.600000
1.600000
1.600000
1.681235
1.640430
1.600000
1.600000
1.850317
1.809836
1.765769
1.723668
1.682686
1.641577
1.600000
1.600000
1.600000
1.600000
1.600000
1.680957
1.640663
1.600000
1.711823
1.824004
1.936616
2.255868
2.214949
2.173893
2.132637
2.091452
2.050378
2.009361
1.968462
1.927647
1.886555
1.845389
1.804344
1.763509
1.722764
1.682071
1.640639
1.600000
1.600000
1.600000
1.600000
1.600000
1.600000
1.422174
1.381818
1.341094
1.300000
1.300000
1.300000
1.300000
1.300000
1.300000
1.300000
1.300000
1.300000
1.300000
1.300000
1.300000
1.300000
1.300000
1.300000
1.300000
1.300000
1.300000
1.600000
1.600000
1.600000
1.600000
1.600000
1.600000
1.644354
1.600000
1.600000
1.600000
1.600000
1.600000
1.600000
1.600000
1.600000
1.600000
1.600000
1.600000
1.600000
1.600000
1.600000
1.600000
1.600000
1.600000
1.600000
1.600000
1.600000
1.600000
1.600000
1.600000
1.600000
1.600000
1.600000
1.600000
1.600000
1.600000
1.600000
1.600000
1.600000
1.711598
1.823997
2.127225
2.086453
2.045900
2.005726
1.965052
1.924292
1.883829
1.843466
1.802718
1.762218
1.722110
1.681247
1.640521
1.600000
1.600000
1.600000
1.600000
1.600000
1.600000
1.600000
1.600000
1.600000
1.600000
1.600000
1.600000
1.600000
1.600000
1.681687
1.640816
1.600000
1.600000
1.600000
1.600000
1.600000
1.421563
1.380952
1.340335
1.300000
1.300000
1.300000
1.300000
1.300000
1.300000
1.300000
1.300000
1.300000
1.300000
1.300000
1.600000
1.600000
1.600000
1.600000
1.600000
1.644557
1.600000
1.600000
1.600000
1.600000
1.600000
1.600000
1.600000
1.600000
1.600000
1.600000
1.644995
1.600000
1.600000
1.600000
1.600000
1.600000
1.600000
1.600000
1.600000
1.600000
1.600000
1.600000
1.600000
1.600000
1.600000
1.600000
1.600000
1.600000
1.600000
1.600000
1.600000
1.600000
1.600000
1.640633
1.600000
1.600000
1.600000
1.600000
1.600000
1.600000
1.422584
1.381542
1.340629
1.300000
1.300000
1.300000
1.300000
1.300000
1.300000
1.300000
1.300000
1.300000
1.300000
1.300000
1.600000
1.600000
1.600000
1.600000
1.600000
1.600000
1.600000
1.600000
1.600000
1.600000
1.600000
1.600000
1.600000
1.421620
1.380850
1.340533
1.300000
1.300000
1.300000
1.300000
1.300000
1.300000
1.300000
1.300000
1.300000
1.300000
1.300000
1.300000
1.300000
1.600000
1.600000
1.600000
1.600000
1.600000
1.600000
1.640566
1.600000
1.600000
1.600000
1.600000
1.600000
1.600000
1.422677
1.381932
1.340605
1.300000
1.300000
1.300000
1.300000
1.300000
1.300000
1.300000
1.300000
1.300000
1.300000
1.300000
1.300000
1.300000
1.300000
1.300000
1.300000
1.300000
1.300000
1.300000
1.300000
1.300000
1.300000
1.300000
1.300000
1.300000
1.300000
1.300000
1.600000
1.600000
1.600000
1.641132
1.600000
1.600000
1.600000
1.600000
1.424841
1.383110
1.341667
1.300000
1.300000
1.300000
1.340817
1.300000
1.300000
1.300000
1.300000
1.300000
1.300000
1.300000
1.300000
1.300000
1.300000
1.300000
1.300000
1.300000
1.300000
1.300000
1.300000
1.300000
1.300000
1.300000
1.300000
1.300000
1.300000
1.300000
1.300000
1.300000
1.300000
1.300000
1.600000
1.600000
1.600000
1.600000
1.600000
1.640308
1.600000
1.600000
1.600000
1.600000
1.600000
1.423603
1.382329
1.341295
1.300000
1.300000
1.300000
1.300000
1.300000
1.300000
1.300000
1.300000
1.300000
1.600000
1.600000
1.600000
1.600000
1.600000
1.600000
1.600000
1.600000
1.600000
1.600000
1.600000
1.600000
1.422846
1.381692
1.340698
1.300000
1.300000
1.300000
1.300000
1.300000
1.300000
1.300000
1.600000
1.600000
1.600000
1.600000
1.600000
1.600000
1.600000
1.600000
1.600000
1.600000
1.600000
1.600000
1.600000
1.600000
1.600000
1.600000
1.600000
1.600000
1.600000
1.600000
1.600000
1.712399
1.824445
1.936546
2.181320
2.140656
2.099792
2.059008
2.018445
1.977895
1.937246
1.896648
1.856192
1.815442
1.774816
1.734213
1.689281
1.644560
1.600000
1.686985
1.642960
1.600000
1.724970
1.681029
1.640954
1.600000
1.600000
1.640976
1.600000
1.600000
1.600000
1.641274
1.600000
1.600000
1.640578
1.600000
1.600000
1.640857
1.600000
1.600000
1.681541
1.640666
1.600000
1.640630
1.600000
1.600000
1.882359
1.842122
1.802072
1.761959
1.721787
1.681422
1.640800
1.600000
1.722895
1.682054
1.641136
1.600000
1.600000
1.925756
1.884782
1.844103
1.803424
1.762664
1.721905
1.681080
1.640445
1.600000
1.643928
1.600000
1.600000
1.600000
1.600000
1.600000
1.600000
1.600000
1.600000
1.600000
1.723390
1.682006
1.640944
1.600000
1.600000
1.711676
1.968311
1.927468
1.886678
1.845924
1.805135
1.764290
1.723433
1.682392
1.641215
1.600000
1.600000
1.600000
1.600000
1.640858
1.600000
1.600000
1.640894
1.600000
1.685109
1.644933
1.600000
1.600000
1.711891
1.823637
1.934777
2.046492
2.250443
2.210115
2.169398
2.128679
2.087987
2.047396
2.007010
1.966650
1.926099
1.885288
1.844527
1.803873
1.763319
1.722790
1.682124
1.640987
1.600000
1.600000
1.600000
1.600000
1.600000
1.600000
1.600000
1.422153
1.381584
1.340894
1.300000
1.300000
1.300000
1.300000
1.300000
1.300000
1.300000
1.300000
1.300000
1.300000
1.300000
1.300000
1.300000
1.300000
1.300000
1.300000
1.300000
1.300000
1.300000
1.300000
1.300000
1.300000
1.300000
1.300000
1.300000
1.600000
1.600000
1.600000
1.600000
1.600000
1.640560
1.600000
1.600000
1.600000
1.600000
1.600000
1.423441
1.382328
1.341409
1.300000
1.300000
1.300000
1.300000
1.300000
1.300000
1.300000
1.300000
1.300000
1.300000
1.300000
1.300000
1.300000
1.300000
1.600000
1.600000
1.600000
1.600000
1.600000
1.600000
1.600000
1.600000
1.600000
1.600000
1.600000
1.600000
1.423922
1.382183
1.341175
1.300000
1.300000
1.300000
1.300000
1.300000
1.300000
1.300000
1.300000
1.300000
1.300000
1.300000
1.300000
1.300000
1.300000
1.300000
1.300000
1.300000
1.300000
1.300000
1.300000
1.300000
1.300000
1.600000
1.600000
1.600000
1.600000
1.600000
1.600000
1.600000
1.600000
1.600000
1.600000
1.600000
1.600000
1.600000
1.600000
1.600000
1.600000
1.600000
1.712800
1.825512
1.937980
2.050314
2.302993
2.262097
2.221037
2.179943
2.138974
2.098105
2.057276
2.016479
1.975498
1.934412
1.893428
1.852566
1.811699
1.770870
1.729927
1.689446
1.644709
1.600000
1.681547
1.641048
1.600000
1.600000
1.600000
1.714019
1.827752
1.941646
2.054680
2.166718
2.331883
2.290749
2.249882
2.208862
2.168189
2.127908
2.087651
2.047019
2.006336
1.965792
1.925256
1.884849
1.844555
1.803995
1.763094
1.722361
1.681512
1.640640
1.600000
1.600000
1.600000
1.600000
1.600000
1.600000
1.600000
1.422663
1.381773
1.340909
1.300000
1.300000
1.300000
1.300000
1.300000
1.300000
1.300000
1.300000
1.300000
1.300000
1.300000
1.300000
1.300000
1.300000
1.300000
1.300000
1.300000
1.300000
1.300000
1.300000
1.600000
1.600000
1.600000
1.600000
1.600000
1.600000
1.600000
1.600000
1.600000
1.600000
1.600000
1.600000
1.600000
1.600000
1.600000
1.600000
1.600000
1.600000
1.600000
1.600000
1.600000
1.600000
1.640805
1.600000
1.721790
1.681251
1.640545
1.600000
1.641157
1.600000
1.761762
1.721019
1.680853
1.640567
1.600000
1.600000
1.600000
1.641155
1.600000
1.600000
1.600000
1.641011
1.600000
1.600000
1.640602
1.600000
1.600000
1.600000
1.640561
1.600000
1.600000
1.600000
1.600000
1.600000
1.423238
1.381985
1.340913
1.300000
1.300000
1.300000
1.300000
1.300000
1.300000
1.300000
1.300000
1.300000
1.300000
1.300000
1.300000
1.300000
1.300000
1.300000
1.300000
1.300000
1.300000
1.300000
1.300000
1.300000
1.600000
1.600000
1.600000
1.600000
1.600000
1.600000
1.600000
1.600000
1.600000
1.600000
1.600000
1.600000
1.600000
1.600000
1.600000
1.600000
1.644634
1.600000
1.640852
1.600000
1.600000
1.600000
1.643799
1.600000
1.600000
1.600000
1.600000
1.600000
1.600000
1.600000
1.600000
1.641048
1.600000
1.641408
1.600000
1.600000
1.600000
1.641602
1.600000
1.600000
1.641318
1.600000
1.600000
1.886264
1.845403
1.804546
1.763874
1.723412
1.682317
1.641156
1.600000
1.600000
1.600000
1.600000
1.600000
1.600000
1.600000
1.600000
1.600000
1.600000
1.600000
1.600000
1.600000
1.600000
1.600000
1.600000
1.600000
1.600000
1.600000
1.600000
1.600000
1.600000
1.600000
1.600000
1.600000
1.600000
1.600000
1.600000
1.600000
1.600000
1.600000
1.600000
1.600000
1.600000
1.600000
1.600000
1.600000
1.600000
1.600000
1.600000
1.600000
1.600000
1.600000
1.600000
1.600000
1.600000
1.600000
1.600000
1.600000
1.600000
1.600000
1.600000
1.600000
1.600000
1.600000
1.600000
1.600000
1.600000
1.600000
1.600000
1.600000
1.600000
1.600000
1.600000
1.600000
1.600000
1.711857
1.964041
1.923447
1.882835
1.842571
1.802321
1.761990
1.721642
1.681368
1.640676
1.600000
1.711859
1.823779
2.125616
2.084797
2.044205
2.003488
1.963099
1.922912
1.882488
1.842001
1.801702
1.761422
1.721071
1.680859
1.640644
1.600000
1.600000
1.600000
1.600000
1.600000
1.600000
1.600000
1.600000
1.600000
1.600000
1.600000
1.600000
1.600000
1.600000
1.600000
1.600000
1.600000
1.600000
1.600000
1.600000
1.600000
1.600000
1.600000
1.600000
1.600000
1.600000
1.600000
1.600000
1.600000
1.600000
1.600000
1.600000
1.600000
1.600000
1.600000
1.600000
1.600000
1.600000
1.600000
1.600000
1.600000
1.600000
1.600000
1.600000
1.600000
1.600000
1.600000
1.600000
1.600000
1.600000
1.600000
1.600000
1.600000
1.600000
1.600000
1.600000
1.600000
1.600000
1.600000
1.600000
1.600000
1.600000
1.600000
1.600000
1.600000
1.600000
1.600000
1.600000
1.600000
1.600000
1.600000
1.600000
1.600000
1.600000
1.600000
1.600000
1.600000
1.600000
1.600000
1.600000
1.600000
1.600000
1.600000
1.600000
1.600000
1.600000
1.600000
1.600000
1.600000
1.600000
1.600000
1.600000
1.600000
1.600000
1.600000
1.600000
1.600000
1.600000
1.600000
1.600000
1.600000
1.600000
1.600000
1.600000
1.600000
1.600000
1.600000
1.600000
1.600000
1.600000
1.600000
1.600000
1.600000
1.641027
1.600000
1.600000
1.600000
1.600000
1.600000
1.600000
1.421036
1.380676
1.340591
1.300000
1.300000
1.300000
1.300000
1.300000
1.300000
1.300000
1.300000
1.300000
1.300000
1.600000
1.600000
1.600000
1.600000
1.640643
1.600000
1.600000
1.600000
1.600000
1.600000
1.600000
1.600000
1.600000
1.600000
1.600000
1.600000
1.600000
1.600000
1.600000
1.640641
1.600000
1.600000
1.600000
1.600000
1.423107
1.381797
1.340736
1.300000
1.300000
1.300000
1.300000
1.300000
1.300000
1.300000
1.300000
1.300000
1.300000
1.300000
1.300000
1.300000
1.300000
1.300000
1.300000
1.300000
1.300000
1.600000
1.600000
1.600000
1.600000
1.600000
1.600000
1.600000
1.600000
1.600000
1.600000
1.600000
1.600000
1.600000
1.600000
1.600000
1.600000
1.600000
1.600000
1.600000
1.600000
1.600000
1.600000
1.712375
1.824464
1.936543
2.048938
2.161045
2.273032
2.499999
2.499999
2.499999
2.499999
2.499999
2.499999
2.499999
2.499999
2.499999
2.499999
2.499999
2.499999
2.499999
2.499999
2.499999
2.499999
2.499999
2.499999
2.499999
2.499999
2.499999
2.499999
2.499999
2.499999
2.499999
2.499999
2.499999
2.499999
2.499999
2.499999
2.499999
2.499999
2.499999
2.499999
2.499999
2.499999
2.499999
2.499999
2.499999
2.499999
2.499999
2.499999
2.499999
2.499999
2.499999
2.499999
2.499999
2.499999
2.499999
2.499999
2.499999
2.499999
2.499999
2.499999
2.499999
2.499999
2.499999
2.499999
2.499999
2.499999
2.499999
2.499999
2.499999
2.499999
2.499999
2.499999
2.499999
2.499999
2.499999
2.499999
2.499999
2.499999
2.499999
2.499999
2.499999
2.499999
2.499999
2.499999
2.499999
2.499999
2.499999
2.499999
2.499999
2.499999
2.499999
2.499999
2.499999
2.499999
2.499999
2.499999
2.499999
2.499999
2.499999
2.499999
2.499999
2.499999
2.499999
2.499999
2.499999
2.499999
2.499999
2.499999
2.499999
2.499999
2.499999
2.499999
2.499999
2.499999
2.499999
2.499999
2.499999
2.499999
2.499999
2.499999
2.499999
2.499999
2.499999
2.499999
2.499999
2.499999
2.499999
2.499999
2.499999
2.499999
2.499999
2.499999
2.499999
2.499999
2.499999
2.499999
2.499999
2.499999
2.499999
2.499999
2.499999
2.499999
2.499999
2.499999
2.499999
2.499999
2.499999
2.499999
2.499999
2.499999
2.499999
2.499999
2.499999
2.499999
2.499999
2.499999
2.499999
2.499999
2.499999
2.499999
2.499999
2.499999
2.499999
2.499999
2.499999
2.499999
2.499999
2.499999
2.499999
2.499999
2.499999
2.499999
2.499999
2.499999
2.499999
2.499999
2.499999
2.499999
2.499999
2.499999
2.499999
2.499999
2.499999
2.499999
2.499999
2.499999
2.499999
2.499999
2.499999
2.499999
2.499999
2.499999
2.499999
2.499999
2.499999
2.499999
2.499999
2.499999
2.499999
2.499999
2.331917
2.291290
2.250822
2.210293
2.169509
2.128781
2.088269
2.047597
2.006949
1.966494
1.925939
1.885118
1.844326
1.803636
1.762820
1.722048
1.681423
1.640740
1.600000
1.600000
1.600000
1.600000
1.600000
1.600000
1.600000
1.600000
1.600000
1.600000
1.600000
1.600000
1.600000
1.600000
1.600000
1.600000
1.600000
1.600000
1.600000
1.600000
1.600000
1.600000
1.600000
1.641084
1.600000
1.600000
1.600000
1.600000
1.600000
1.600000
1.421494
1.380792
1.340291
1.300000
1.600000
1.600000
1.600000
1.600000
1.600000
1.600000
1.600000
1.600000
1.681635
1.640881
1.600000
1.600000
1.600000
1.600000
1.600000
1.600000
1.600000
1.600000
1.600000
1.600000
1.600000
1.600000
1.600000
1.600000
1.600000
1.600000
1.600000
1.600000
1.600000
1.600000
1.600000
1.600000
1.600000
1.600000
1.600000
1.600000
1.600000
1.600000
1.600000
1.600000
1.600000
1.600000
1.600000
1.600000
1.600000
1.600000
1.600000
1.600000
1.600000
1.600000
1.600000
1.600000
1.600000
1.600000
1.600000
1.600000
1.600000
1.600000
1.600000
1.600000
1.600000
1.600000
1.600000
1.600000
1.600000
1.600000
1.600000
1.600000
1.600000
1.600000
1.600000
1.600000
1.600000
1.600000
1.600000
1.600000
1.600000
1.600000
1.600000
1.600000
1.600000
1.600000
1.600000
1.600000
1.600000
1.600000
1.600000
1.600000
1.600000
1.600000
1.600000
1.600000
1.600000
1.600000
1.600000
1.600000
1.600000
1.600000
1.600000
1.600000
1.803225
1.762577
1.721776
1.681116
1.640604
1.600000
1.600000
1.600000
1.600000
1.600000
1.600000
1.600000
1.600000
1.600000
1.600000
1.600000
1.600000
1.600000
1.600000
1.600000
1.600000
1.600000
1.600000
1.600000
1.600000
1.600000
1.600000
1.600000
1.600000
1.600000
1.600000
1.600000
1.600000
1.600000
1.600000
1.600000
1.600000
1.600000
1.600000
1.600000
1.600000
1.600000
1.600000
1.600000
1.600000
1.600000
1.600000
1.600000
1.711742
1.823742
1.935497
2.047459
2.251000
2.210472
2.169812
2.129026
2.088462
2.047817
2.007165
1.966637
1.926229
1.885714
1.845157
1.804735
1.764101
1.723458
1.682821
1.641373
1.600000
1.600000
1.600000
1.600000
1.600000
1.600000
1.420994
1.380416
1.340106
1.300000
1.300000
1.300000
1.300000
1.300000
1.300000
1.300000
1.600000
1.600000
1.600000
1.600000
1.600000
1.600000
1.600000
1.600000
1.600000
1.600000
1.600000
1.600000
1.600000
1.600000
1.600000
1.600000
1.600000
1.600000
1.600000
1.600000
1.600000
1.712320
1.824818
1.936376
2.047614
2.159486
2.270908
2.499999
2.314919
2.274536
2.234056
2.193352
2.152932
2.112508
2.071724
2.030824
1.990349
1.949802
1.909118
1.868688
1.828219
1.787401
1.746541
1.706000
1.665339
1.624740
1.584315
1.543781
1.503061
1.462303
1.421706
1.381346
1.340795
1.300000
1.300000
1.300000
1.300000
1.300000
1.300000
1.300000
1.300000
1.300000
1.300000
1.300000
1.300000
1.300000
1.300000
1.300000
1.300000
1.300000
1.300000
1.300000
1.300000
1.300000
1.300000
1.300000
1.300000
1.300000
1.300000
1.300000
1.300000
1.300000
1.300000
1.300000
1.300000
1.300000
1.300000
1.300000
1.300000
1.300000
1.300000
1.300000
1.300000
1.300000
1.300000
1.300000
1.300000
1.300000
1.300000
1.300000
1.300000
1.300000
1.300000
1.300000
1.300000
1.300000
1.300000
1.300000
1.300000
1.300000
1.300000
1.300000
1.300000
1.300000
1.300000
1.300000
1.300000
1.300000
1.300000
1.300000
1.300000
1.300000
1.300000
1.300000
1.300000
1.300000
1.300000
1.300000
1.300000
1.300000
1.300000
1.300000
1.300000
1.300000
1.300000
1.300000
1.300000
1.300000
1.300000
1.300000
1.300000
1.300000
1.300000
1.300000
1.300000
1.300000
1.300000
1.300000
1.300000
1.300000
1.300000
1.300000
1.300000
1.300000
1.300000
1.300000
1.300000
1.300000
1.300000
1.300000
1.300000
1.300000
1.300000
1.300000
1.300000
1.300000
1.300000
1.300000
1.300000
1.300000
1.300000
1.300000
1.300000
1.300000
1.300000
1.300000
1.300000
1.300000
1.300000
1.300000
1.300000
1.300000
1.300000
1.300000
1.300000
1.300000
1.300000
1.300000
1.300000
1.300000
1.300000
1.300000
1.300000
1.300000
1.300000
1.300000
1.300000
1.300000
1.300000
1.300000
1.300000
1.300000
1.300000
1.300000
1.300000
1.300000
1.300000
1.300000
1.300000
1.300000
1.300000
1.300000
1.300000
1.300000
1.300000
1.300000
1.300000
1.300000
1.300000
1.300000
1.300000
1.300000
1.300000
1.300000
1.300000
1.300000
1.300000
1.300000
1.300000
1.300000
1.300000
1.300000
1.300000
1.300000
1.300000
1.300000
1.300000
1.300000
1.300000
1.300000
1.300000
1.300000
1.300000
1.300000
1.300000
1.300000
1.300000
1.300000
1.300000
1.300000
1.300000
1.300000
1.300000
1.300000
1.300000
1.300000
1.300000
1.300000
1.300000
1.300000
1.300000
1.300000
1.300000
1.300000
1.300000
1.300000
1.300000
1.300000
1.300000
1.300000
1.300000
1.300000
1.300000
1.300000
1.300000
1.300000
1.300000
1.300000
1.300000
1.300000
1.300000
1.300000
1.300000
1.300000
1.300000
1.300000
1.300000
1.300000
1.300000
1.300000
1.300000
1.300000
1.300000
1.300000
1.300000
1.300000
1.300000
1.300000
1.300000
1.300000
1.300000
1.300000
1.300000
1.300000
1.300000
1.300000
1.300000
1.300000
1.300000
1.300000
1.300000
1.300000
1.300000
1.300000
1.300000
1.300000
1.300000
1.300000
1.300000
1.300000
1.300000
1.300000
1.300000
1.300000
1.300000
1.300000
1.300000
1.300000
1.300000
1.300000
1.300000
1.300000
1.300000
1.300000
1.300000
1.300000
1.300000
1.300000
1.300000
1.300000
1.300000
1.300000
1.300000
1.300000
1.300000
1.300000
1.300000
1.300000
1.300000
1.300000
1.300000
1.300000
1.300000
1.300000
1.300000
1.300000
1.300000
1.300000
1.300000
1.300000
1.300000
1.300000
1.300000
1.300000
1.300000
1.300000
1.300000
1.300000
1.300000
1.300000
1.300000
1.300000
1.300000
1.300000
1.300000
1.300000
1.300000
1.300000
1.300000
1.300000
1.300000
1.300000
1.300000
1.300000
1.300000
1.300000
1.300000
1.300000
1.300000
1.300000
1.300000
1.300000
1.300000
1.300000
1.300000
1.300000
1.300000
1.300000
1.300000
1.300000
1.300000
1.300000
1.300000
1.300000
1.300000
1.300000
1.300000
1.300000
1.300000
1.300000
1.300000
1.300000
1.300000
1.300000
1.300000
1.300000
1.300000
1.300000
1.300000
1.300000
1.300000
1.300000
1.300000
1.300000
1.300000
1.300000
1.300000
1.300000
1.300000
1.300000
1.300000
1.300000
1.300000
1.300000
1.300000
1.300000
1.300000
1.300000
1.300000
1.300000
1.300000
1.300000
1.300000
1.300000
1.300000
1.300000
1.300000
1.300000
1.300000
1.300000
1.300000
1.300000
1.300000
1.300000
1.300000
1.300000
1.300000
1.300000
1.300000
1.300000
1.300000
1.300000
1.300000
1.300000
1.300000
1.300000
1.300000
1.300000
1.300000
1.300000
1.300000
1.300000
1.300000
1.300000
1.300000
1.300000
1.300000
1.300000
1.300000
1.300000
1.300000
1.300000
1.300000
1.300000
1.300000
1.300000
1.300000
1.300000
1.300000
1.300000
1.300000
1.300000
1.300000
1.300000
1.300000
1.300000
1.300000
1.300000
1.300000
1.300000
1.300000
1.300000
1.300000
1.300000
1.300000
1.300000
1.300000
1.300000
1.300000
1.300000
1.300000
1.300000
1.300000
1.300000
1.300000
1.300000
1.300000
1.300000
1.300000
1.300000
1.300000
1.300000
1.300000
1.300000
1.300000
1.300000
1.300000
1.300000
1.300000
1.300000
1.300000
1.300000
1.300000
1.300000
1.300000
1.300000
1.300000
1.300000
1.300000
1.300000
1.300000
1.300000
1.300000
1.300000
1.300000
1.300000
1.300000
1.300000
1.300000
1.300000
1.300000
1.300000
1.300000
1.300000
1.300000
1.300000
1.300000
1.300000
1.300000
1.300000
1.300000
1.300000
1.300000
1.300000
1.300000
1.300000
1.300000
1.300000
1.300000
1.300000
1.300000
1.300000
1.300000
1.300000
1.300000
1.300000
1.300000
1.300000
1.300000
1.300000
1.300000
1.300000
1.300000
1.300000
1.300000
1.300000
1.300000
1.300000
1.300000
1.300000
1.300000
1.300000
1.300000
1.300000
1.300000
1.300000
1.300000
1.300000
1.300000
1.300000
1.300000
1.300000
1.300000
1.300000
1.300000
1.300000
1.300000
1.300000
1.300000
1.300000
1.300000
1.300000
1.300000
1.300000
1.300000
1.300000
1.300000
1.300000
1.300000
1.300000
1.300000
1.300000
1.300000
1.300000
1.300000
1.300000
1.300000
1.300000
1.300000
1.300000
1.300000
1.300000
1.300000
1.300000
1.300000
1.300000
1.300000
1.300000
1.300000
1.300000
1.300000
1.300000
1.300000
1.300000
1.300000
1.300000
1.300000
1.300000
1.300000
1.300000
1.300000
1.300000
1.300000
1.300000
1.300000
1.300000
1.300000
1.300000
1.300000
1.300000
1.300000
1.300000
1.300000
1.300000
1.300000
1.300000
1.300000
1.300000
1.300000
1.300000
1.300000
1.300000
1.300000
1.300000
1.300000
1.300000
1.300000
1.300000
1.300000
1.300000
1.300000
1.300000
1.300000
1.300000
1.300000
1.300000
1.300000
1.300000
1.300000
1.300000
1.300000
1.300000
1.300000
1.300000
1.300000
1.300000
1.300000
1.300000
1.300000
1.300000
1.300000
1.300000
1.300000
1.300000
1.300000
1.300000
1.300000
1.300000
1.300000
1.300000
1.300000
1.300000
1.300000
1.300000
1.300000
1.300000
1.300000
1.300000
1.300000
1.300000
1.300000
1.300000
1.300000
1.300000
1.300000
1.300000
1.300000
1.300000
1.300000
1.300000
1.300000
1.300000
1.300000
1.300000
1.300000
1.300000
1.300000
1.300000
1.300000
1.300000
1.300000
1.300000
1.300000
1.300000
1.300000
1.300000
1.300000
1.300000
1.300000
1.300000
1.300000
1.300000
1.300000
1.300000
1.300000
1.300000
1.300000
1.300000
1.300000
1.300000
1.300000
1.300000
1.300000
1.300000
1.300000
1.300000
1.300000
1.300000
1.300000
1.300000
1.300000
1.300000
1.300000
1.300000
1.300000
1.300000
1.300000
1.300000
1.300000
1.300000
1.300000
1.300000
1.300000
1.300000
1.300000
1.300000
1.300000
1.300000
1.300000
1.300000
1.300000
1.300000
1.300000
1.300000
1.300000
1.300000
1.300000
1.300000
1.300000
1.300000
1.300000
1.300000
1.300000
1.300000
1.300000
1.300000
1.300000
1.300000
1.300000
1.300000
1.300000
1.300000
1.300000
1.300000
1.300000
1.300000
1.300000
1.300000
1.300000
1.300000
1.300000
1.300000
1.300000
1.300000
1.300000
1.300000
1.300000
1.300000
1.300000
1.300000
1.300000
1.300000
1.300000
1.300000
1.300000
1.300000
1.300000
1.300000
1.300000
1.300000
1.300000
1.300000
1.300000
1.300000
1.300000
1.300000
1.300000
1.300000
1.300000
1.300000
1.300000
1.300000
1.300000
1.300000
1.300000
1.300000
1.300000
1.300000
1.300000
1.300000
1.300000
1.300000
1.300000
1.300000
1.300000
1.300000
1.300000
1.300000
1.300000
1.300000
1.300000
1.300000
1.300000
1.300000
1.300000
1.300000
1.300000
1.300000
1.300000
1.300000
1.300000
1.300000
1.300000
1.300000
1.300000
1.300000
1.300000
1.300000
1.300000
1.300000
1.300000
1.300000
1.300000
1.300000
1.300000
1.300000
1.300000
1.300000
1.300000
1.300000
1.300000
1.300000
1.300000
1.300000
1.300000
1.300000
1.300000
1.300000
1.300000
1.300000
1.300000
1.300000
1.300000
1.300000
1.300000
1.300000
1.300000
1.300000
1.300000
1.300000
1.300000
1.300000
1.300000
1.300000
1.300000
1.300000
1.300000
1.300000
1.300000
1.300000
1.300000
1.300000
1.300000
1.300000
1.300000
1.300000
1.300000
1.300000
1.300000
1.300000
1.300000
1.300000
1.300000
1.300000
1.300000
1.300000
1.300000
1.300000
1.300000
1.300000
1.300000
1.300000
1.300000
1.300000
1.300000
1.300000
1.300000
1.300000
1.300000
1.300000
1.300000
1.300000
1.300000
1.300000
1.300000
1.300000
1.300000
1.300000
1.300000
1.300000
1.300000
1.300000
1.300000
1.300000
1.300000
1.300000
1.300000
1.300000
1.300000
1.300000
1.300000
1.300000
1.300000
1.300000
1.300000
1.300000
1.300000
1.300000
1.300000
1.300000
1.300000
1.300000
1.300000
1.300000
1.300000
1.300000
1.300000
1.300000
1.300000
1.300000
1.300000
1.300000
1.300000
1.300000
1.300000
1.300000
1.300000
1.300000
1.300000
1.300000
1.300000
1.300000
1.300000
1.300000
1.300000
1.300000
1.300000
1.300000
1.300000
1.300000
1.300000
1.300000
1.300000
1.300000
1.300000
1.300000
1.300000
1.300000
1.300000
1.300000
1.300000
1.300000
1.300000
1.300000
1.300000
1.300000
1.300000
1.300000
1.300000
1.300000
1.300000
1.300000
1.300000
1.300000
1.300000
1.300000
1.300000
1.300000
1.300000
1.300000
1.300000
1.300000
1.300000
1.300000
1.300000
1.300000
1.300000
1.300000
1.300000
1.300000
1.300000
1.300000
1.300000
1.300000
1.300000
1.300000
1.300000
1.300000
1.300000
1.300000
1.300000
1.300000
1.300000
1.300000
1.300000
1.300000
1.300000
1.300000
1.300000
1.300000
1.300000
1.300000
1.300000
1.300000
1.300000
1.300000
1.300000
1.300000
1.300000
1.300000
1.300000
1.300000
1.300000
1.300000
1.300000
1.300000
1.300000
1.300000
1.300000
1.300000
1.300000
1.300000
1.300000
1.300000
1.300000
1.300000
1.300000
1.300000
1.300000
1.300000
1.300000
1.300000
1.300000
1.300000
1.300000
1.300000
1.300000
1.300000
1.300000
1.300000
1.300000
1.300000
1.300000
1.300000
1.300000
1.300000
1.300000
1.300000
1.300000
1.300000
1.300000
1.300000
1.300000
1.300000
1.300000
1.300000
1.300000
1.300000
1.300000
1.300000
1.300000
1.300000
1.300000
1.300000
1.300000
1.300000
1.300000
1.300000
1.300000
1.300000
1.300000
1.300000
1.300000
1.300000
1.300000
1.300000
1.300000
1.300000
1.300000
1.300000
1.300000
1.300000
1.300000
1.300000
1.300000
1.300000
1.300000
1.300000
1.300000
1.300000
1.300000
1.300000
1.300000
1.300000
1.300000
1.300000
1.300000
1.300000
1.300000
1.300000
1.300000
1.300000
1.300000
1.300000
1.300000
1.300000
1.300000
1.300000
1.300000
1.300000
1.300000
1.300000
1.300000
1.300000
1.300000
1.300000
1.300000
1.300000
1.300000
1.300000
1.300000
1.300000
1.300000
1.300000
1.300000
1.300000
1.300000
1.300000
1.300000
1.300000
1.300000
1.300000
1.300000
1.300000
1.300000
1.300000
1.300000
1.300000
1.300000
1.300000
1.300000
1.300000
1.300000
1.300000
1.300000
1.300000
1.300000
1.300000
1.300000
1.300000
1.300000
1.300000
1.300000
1.300000
1.300000
1.300000
1.300000
1.300000
1.300000
1.300000
1.300000
1.300000
1.300000
1.300000
1.300000
1.300000
1.300000
1.300000
1.300000
1.300000
1.300000
1.300000
1.300000
1.300000
1.300000
1.300000
1.300000
1.300000
1.300000
1.300000
1.300000
1.300000
1.300000
1.300000
1.300000
1.300000
1.300000
1.300000
1.300000
1.300000
1.300000
1.300000
1.300000
1.300000
1.300000
1.300000
1.300000
1.300000
1.300000
1.300000
1.300000
1.300000
1.300000
1.300000
1.300000
1.300000
1.300000
1.300000
1.300000
1.300000
1.300000
1.300000
1.300000
1.300000
1.300000
1.300000
1.300000
1.300000
1.300000
1.300000
1.300000
1.300000
1.300000
1.300000
1.300000
1.300000
1.300000
1.300000
1.300000
1.300000
1.300000
1.300000
1.300000
1.300000
1.300000
1.300000
1.300000
1.300000
1.300000
1.300000
1.300000
1.300000
1.300000
1.300000
1.300000
1.300000
1.300000
1.300000
1.300000
1.300000
1.300000
1.300000
1.300000
1.300000
1.300000
1.300000
1.300000
1.300000
1.300000
1.300000
1.300000
1.300000
1.300000
1.300000
1.300000
1.300000
1.300000
1.300000
1.300000
1.300000
1.300000
1.300000
1.300000
1.300000
1.300000
1.300000
1.300000
1.300000
1.300000
1.300000
1.300000
1.300000
1.300000
1.300000
1.300000
1.300000
1.300000
1.300000
1.300000
1.300000
1.300000
1.300000
1.300000
1.300000
1.300000
1.300000
1.300000
1.300000
1.300000
1.300000
1.300000
1.300000
1.300000
1.300000
1.300000
1.300000
1.300000
1.300000
1.300000
1.300000
1.300000
1.300000
1.300000
1.300000
1.300000
1.300000
1.300000
1.300000
1.300000
1.300000
1.300000
1.300000
1.300000
1.300000
1.300000
1.300000
1.300000
1.300000
1.300000
1.300000
1.300000
1.300000
1.300000
1.300000
1.300000
1.300000
1.300000
1.300000
1.300000
1.300000
1.300000
1.300000
1.300000
1.300000
1.300000
1.300000
1.300000
1.300000
1.300000
1.300000
1.300000
1.300000
1.300000
1.300000
1.300000
1.300000
1.300000
1.300000
1.300000
1.300000
1.300000
1.300000
1.300000
1.300000
1.300000
1.300000
1.300000
1.300000
1.300000
1.300000
1.300000
1.300000
1.300000
1.300000
1.300000
1.300000
1.300000
1.300000
1.300000
1.300000
1.300000
1.300000
1.300000
1.300000
1.300000
1.300000
1.300000
1.300000
1.300000
1.300000
1.300000
1.300000
1.300000
1.300000
1.300000
1.300000
1.300000
1.300000
1.300000
1.300000
1.300000
1.300000
1.300000
1.300000
1.300000
1.300000
1.300000
1.300000
1.300000
1.300000
1.300000
1.300000
1.300000
1.300000
1.300000
1.300000
1.300000
1.300000
1.300000
1.300000
1.300000
1.300000
1.300000
1.300000
1.300000
1.300000
1.300000
1.300000
1.300000
1.300000
1.300000
1.300000
1.300000
1.300000
1.300000
1.300000
1.300000
1.300000
1.300000
1.300000
1.300000
1.300000
1.300000
1.300000
1.300000
1.300000
1.300000
1.300000
1.300000
1.300000
1.300000
1.300000
1.300000
1.300000
1.300000
1.300000
1.300000
1.300000
1.300000
1.300000
1.300000
1.300000
1.300000
1.300000
1.300000
1.300000
1.300000
1.300000
1.300000
1.300000
1.300000
1.300000
1.300000
1.300000
1.300000
1.300000
1.300000
1.300000
1.300000
1.300000
1.300000
1.300000
1.300000
1.300000
1.300000
1.300000
1.300000
1.300000
1.300000
1.300000
1.300000
1.300000
1.300000
1.300000
1.300000
1.300000
1.300000
1.300000
1.300000
1.300000
1.300000
1.300000
1.300000
1.300000
1.300000
1.300000
1.300000
1.300000
1.300000
1.300000
1.300000
1.300000
1.300000
1.300000
1.300000
1.300000
1.300000
1.300000
1.300000
1.300000
1.300000
1.300000
1.300000
1.300000
1.300000
1.300000
1.300000
1.300000
1.300000
1.300000
1.300000
1.300000
1.300000
1.300000
1.300000
1.300000
1.300000
1.300000
1.300000
1.300000
1.300000
1.300000
1.300000
1.300000
1.300000
1.300000
1.300000
1.300000
1.300000
1.300000
1.300000
1.300000
1.300000
1.300000
1.300000
1.300000
1.300000
1.300000
1.300000
1.300000
1.300000
1.300000
1.300000
1.300000
1.300000
1.300000
1.300000
1.300000
1.300000
1.300000
1.300000
1.300000
1.300000
1.300000
1.300000
1.300000
1.300000
1.300000
1.300000
1.300000
1.300000
1.300000
1.300000
1.300000
1.300000
1.300000
1.300000
1.300000
1.300000
1.300000
1.300000
1.300000
1.300000
1.300000
1.300000
1.300000
1.300000
1.300000
1.300000
1.300000
1.300000
1.300000
1.300000
1.300000
1.300000
1.300000
1.300000
1.300000
1.300000
1.300000
1.300000
1.300000
1.300000
1.300000
1.300000
1.300000
1.300000
1.300000
1.300000
1.300000
1.300000
1.300000
1.300000
1.300000
1.300000
1.300000
1.300000
1.300000
1.300000
1.300000
1.300000
1.300000
1.300000
1.300000
1.300000
1.300000
1.300000
1.300000
1.300000
1.300000
1.300000
1.300000
1.300000
1.300000
1.300000
1.300000
1.300000
1.300000
1.300000
1.300000
1.300000
1.300000
1.300000
1.300000
1.300000
1.300000
1.300000
1.300000
1.300000
1.300000
1.300000
1.300000
1.300000
1.300000
1.300000
1.300000
1.300000
1.300000
1.300000
1.300000
1.300000
1.300000
1.300000
1.300000
1.300000
1.300000
1.300000
1.300000
1.300000
1.300000
1.300000
1.300000
1.300000
1.300000
1.300000
1.300000
1.300000
1.300000
1.300000
1.300000
1.300000
1.300000
1.300000
1.300000
1.300000
1.300000
1.300000
1.300000
1.300000
1.300000
1.300000
1.300000
1.300000
1.300000
1.300000
1.300000
1.300000
1.300000
1.300000
1.300000
1.300000
1.300000
1.300000
1.300000
1.300000
1.300000
1.300000
1.300000
1.300000
1.300000
1.300000
1.300000
1.300000
1.300000
1.300000
1.300000
1.300000
1.300000
1.300000
1.300000
1.300000
1.300000
1.300000
1.300000
1.300000
1.300000
1.300000
1.300000
1.300000
1.300000
1.300000
1.300000
1.300000
1.300000
1.300000
1.300000
1.300000
1.300000
1.300000
1.300000
1.300000
1.300000
1.300000
1.300000
1.300000
1.300000
1.300000
1.300000
1.300000
1.300000
1.300000
1.300000
1.300000
1.300000
1.300000
1.300000
1.300000
1.300000
1.300000
1.300000
1.300000
1.300000
1.300000
1.300000
1.300000
1.300000
1.300000
1.300000
1.300000
1.300000
1.300000
1.300000
1.300000
1.300000
1.300000
1.300000
1.300000
1.300000
1.300000
1.300000
1.300000
1.300000
1.300000
1.300000
1.300000
1.300000
1.300000
1.300000
1.300000
1.300000
1.300000
1.300000
1.300000
1.300000
1.300000
1.300000
1.300000
1.300000
1.300000
1.300000
1.300000
1.300000
1.300000
1.300000
1.300000
1.300000
1.300000
1.300000
1.300000
1.300000
1.300000
1.300000
1.300000
1.300000
1.300000
1.300000
1.300000
1.300000
1.300000
1.300000
1.300000
1.300000
1.300000
1.300000
1.300000
1.300000
1.300000
1.300000
1.300000
1.300000
1.300000
1.300000
1.300000
1.300000
1.300000
1.300000
1.300000
1.300000
1.300000
1.300000
1.300000
1.300000
1.300000
1.300000
1.300000
1.300000
1.300000
1.300000
1.300000
1.300000
1.300000
1.300000
1.300000
1.300000
1.300000
1.300000
1.300000
1.300000
1.300000
1.300000
1.300000
1.300000
1.300000
1.300000
1.300000
1.300000
1.300000
1.300000
1.300000
1.300000
1.300000
1.300000
1.300000
1.300000
1.300000
1.300000
1.300000
1.300000
1.300000
1.300000
1.300000
1.300000
1.300000
1.300000
1.300000
1.300000
1.300000
1.300000
1.300000
1.300000
1.300000
1.300000
1.300000
1.300000
1.300000
1.300000
1.300000
1.300000
1.300000
1.300000
1.300000
1.300000
1.300000
1.300000
1.300000
1.300000
1.300000
1.300000
1.300000
1.300000
1.300000
1.300000
1.300000
1.300000
1.300000
1.300000
1.300000
1.300000
1.300000
1.300000
1.300000
1.300000
1.300000
1.300000
1.300000
1.300000
1.300000
1.300000
1.300000
1.300000
1.300000
1.300000
1.300000
1.300000
1.300000
1.300000
1.300000
1.300000
1.300000
1.300000
1.300000
1.300000
1.300000
1.300000
1.300000
1.300000
1.300000
1.300000
1.300000
1.300000
1.300000
1.300000
1.300000
1.300000
1.300000
1.300000
1.300000
1.300000
1.300000
1.300000
1.300000
1.300000
1.300000
1.300000
1.300000
1.300000
1.300000
1.300000
1.300000
1.300000
1.300000
1.300000
1.300000
1.300000
1.300000
1.300000
1.300000
1.300000
1.300000
1.300000
1.300000
1.300000
1.300000
1.300000
1.300000
1.300000
1.300000
1.300000
1.300000
1.300000
1.300000
1.300000
1.300000
1.300000
1.300000
1.300000
1.300000
1.300000
1.300000
1.300000
1.300000
1.300000
1.300000
1.300000
1.300000
1.300000
1.300000
1.300000
1.300000
1.300000
1.300000
1.300000
1.300000
1.300000
1.300000
1.300000
1.300000
1.300000
1.300000
1.300000
1.300000
1.300000
1.300000
1.300000
1.300000
1.300000
1.300000
1.300000
1.300000
1.300000
1.300000
1.300000
1.300000
1.300000
1.300000
1.300000
1.300000
1.300000
1.300000
1.300000
1.300000
1.300000
1.300000
1.300000
1.300000
1.300000
1.300000
1.300000
1.300000
1.300000
1.300000
1.300000
1.300000
1.300000
1.300000
1.300000
1.300000
1.300000
1.300000
1.300000
1.300000
1.300000
1.300000
1.300000
1.300000
1.300000
1.300000
1.300000
1.300000
1.300000
1.300000
1.300000
1.300000
1.300000
1.300000
1.300000
1.300000
1.300000
1.300000
1.300000
1.300000
1.300000
1.300000
1.300000
1.300000
1.300000
1.300000
1.300000
1.300000
1.300000
1.300000
1.300000
1.300000
1.300000
1.300000
1.300000
1.300000
1.300000
1.300000
1.300000
1.300000
1.300000
1.300000
1.300000
1.300000
1.300000
1.300000
1.300000
1.300000
1.300000
1.300000
1.300000
1.300000
1.300000
1.300000
1.300000
1.300000
1.300000
1.300000
1.300000
1.300000
1.300000
1.300000
1.300000
1.300000
1.300000
1.300000
1.300000
1.300000
1.300000
1.300000
1.300000
1.300000
1.300000
1.300000
1.300000
1.300000
1.300000
1.300000
1.300000
1.300000
1.300000
1.300000
1.300000
1.300000
1.300000
1.300000
1.300000
1.300000
1.300000
1.300000
1.300000
1.300000
1.300000
1.300000
1.300000
1.300000
1.300000
1.300000
1.300000
1.300000
1.300000
1.300000
1.300000
1.300000
1.300000
1.300000
1.300000
1.300000
1.300000
1.300000
1.300000
1.300000
1.300000
1.300000
1.300000
1.300000
1.300000
1.300000
1.300000
1.300000
1.300000
1.300000
1.300000
1.300000
1.300000
1.300000
1.300000
1.300000
1.300000
1.300000
1.300000
1.300000
1.300000
1.300000
1.300000
1.300000
1.300000
1.300000
1.300000
1.300000
1.300000
1.300000
1.300000
1.300000
1.300000
1.300000
1.300000
1.300000
1.300000
1.300000
1.300000
1.300000
1.300000
1.300000
1.300000
1.300000
1.300000
1.300000
1.300000
1.300000
1.300000
1.300000
1.300000
1.300000
1.300000
1.300000
1.300000
1.300000
1.300000
1.300000
1.300000
1.300000
1.300000
1.300000
1.300000
1.300000
1.300000
1.300000
1.300000
1.300000
1.300000
1.300000
1.300000
1.300000
1.300000
1.300000
1.300000
1.300000
1.300000
1.300000
1.300000
1.300000
1.300000
1.300000
1.300000
1.300000
1.300000
1.300000
1.300000
1.300000
1.300000
1.300000
1.300000
1.300000
1.300000
1.300000
1.300000
1.300000
1.300000
1.300000
1.300000
1.300000
1.300000
1.300000
1.300000
1.300000
1.300000
1.300000
1.300000
1.300000
1.300000
1.300000
1.300000
1.300000
1.300000
1.300000
1.300000
1.300000
1.300000
1.300000
1.300000
1.300000
1.300000
1.300000
1.300000
1.300000
1.300000
1.300000
1.300000
1.300000
1.300000
1.300000
1.300000
1.300000
1.300000
1.300000
1.300000
1.300000
1.300000
1.300000
1.300000
1.300000
1.300000
1.300000
1.300000
1.300000
1.300000
1.300000
1.300000
1.300000
1.300000
1.300000
1.300000
1.300000
1.300000
1.300000
1.300000
1.300000
1.300000
1.300000
1.300000
1.300000
1.300000
1.300000
1.300000
1.300000
1.300000
1.300000
1.300000
1.300000
1.300000
1.300000
1.300000
1.300000
1.300000
1.300000
1.300000
1.300000
1.300000
1.300000
1.300000
1.300000
1.300000
1.300000
1.300000
1.300000
1.300000
1.300000
1.300000
1.300000
1.300000
1.300000
1.300000
1.300000
1.300000
1.300000
1.300000
1.300000
1.300000
1.300000
1.300000
1.300000
1.300000
1.300000
1.300000
1.300000
1.300000
1.300000
1.300000
1.300000
1.300000
1.300000
1.300000
1.300000
1.300000
1.300000
1.300000
1.300000
1.300000
1.300000
1.300000
1.300000
1.300000
1.300000
1.300000
1.300000
1.300000
1.300000
1.300000
1.300000
1.300000
1.300000
1.300000
1.300000
1.300000
1.300000
1.300000
1.300000
1.300000
1.300000
1.300000
1.300000
1.300000
1.300000
1.300000
1.300000
1.300000
1.300000
1.300000
1.300000
1.300000
1.300000
1.300000
1.300000
1.300000
1.300000
1.300000
1.300000
1.300000
1.300000
1.300000
1.300000
1.300000
1.300000
1.300000
1.300000
1.300000
1.300000
1.300000
1.300000
1.300000
1.300000
1.300000
1.300000
1.300000
1.300000
1.300000
1.300000
1.300000
1.300000
1.300000
1.300000
1.300000
1.300000
1.300000
1.300000
1.300000
1.300000
1.300000
1.300000
1.300000
1.300000
1.300000
1.300000
1.300000
1.300000
1.300000
1.300000
1.300000
1.300000
1.300000
1.300000
1.300000
1.300000
1.300000
1.300000
1.300000
1.300000
1.300000
1.300000
1.300000
1.300000
1.300000
1.300000
1.300000
1.300000
1.300000
1.300000
1.300000
1.300000
1.300000
1.300000
1.300000
1.300000
1.300000
1.300000
1.300000
1.300000
1.300000
1.300000
1.300000
1.300000
1.300000
1.300000
1.300000
1.300000
1.300000
1.300000
1.300000
1.300000
1.300000
1.300000
1.300000
1.300000
1.300000
1.300000
1.300000
1.300000
1.300000
1.300000
1.300000
1.300000
1.300000
1.300000
1.300000
1.300000
1.300000
1.300000
1.300000
1.300000
1.300000
1.300000
1.300000
1.300000
1.300000
1.300000
1.300000
1.300000
1.300000
1.300000
1.300000
1.300000
1.300000
1.300000
1.300000
1.300000
1.300000
1.300000
1.300000
1.300000
1.300000
1.300000
1.300000
1.300000
1.300000
1.300000
1.300000
1.300000
1.300000
1.300000
1.300000
1.300000
1.300000
1.300000
1.300000
1.300000
1.300000
1.300000
1.300000
1.300000
1.300000
1.300000
1.300000
1.300000
1.300000
1.300000
1.300000
1.300000
1.300000
1.300000
1.300000
1.300000
1.300000
1.300000
1.300000
1.300000
1.300000
1.300000
1.300000
1.300000
1.300000
1.300000
1.300000
1.300000
1.300000
1.300000
1.300000
1.300000
1.300000
1.300000
1.300000
1.300000
1.300000
1.300000
1.300000
1.300000
1.300000
1.300000
1.300000
1.300000
1.300000
1.300000
1.300000
1.300000
1.300000
1.300000
1.300000
1.300000
1.300000
1.300000
1.300000
1.300000
1.300000
1.300000
1.300000
1.300000
1.300000
1.300000
1.300000
1.300000
1.300000
1.300000
1.300000
1.300000
1.300000
1.300000
1.300000
1.300000
1.300000
1.300000
1.300000
1.300000
1.300000
1.300000
1.300000
1.300000
1.300000
1.300000
1.300000
1.300000
1.300000
1.300000
1.300000
1.300000
1.300000
1.300000
1.300000
1.300000
1.300000
1.300000
1.300000
1.300000
1.300000
1.300000
1.300000
1.300000
1.300000
1.300000
1.300000
1.300000
1.300000
1.300000
1.300000
1.300000
1.300000
1.300000
1.300000
1.300000
1.300000
1.300000
1.300000
1.300000
1.300000
1.300000
1.300000
1.300000
1.300000
1.300000
1.300000
1.300000
1.300000
1.300000
1.300000
1.300000
1.300000
1.300000
1.300000
1.300000
1.300000
1.300000
1.300000
1.300000
1.300000
1.300000
1.300000
1.300000
1.300000
1.300000
1.300000
1.300000
1.300000
1.300000
1.300000
1.300000
1.300000
1.300000
1.300000
1.300000
1.300000
1.300000
1.300000
1.300000
1.300000
1.300000
1.300000
1.300000
1.300000
1.300000
1.300000
1.300000
1.300000
1.300000
1.300000
1.300000
1.300000
1.300000
1.300000
1.300000
1.300000
1.300000
1.300000
1.300000
1.300000
1.300000
1.300000
1.300000
1.300000
1.300000
1.300000
1.300000
1.300000
1.300000
1.300000
1.300000
1.300000
1.300000
1.300000
1.300000
1.300000
1.300000
1.300000
1.300000
1.300000
1.300000
1.300000
1.300000
1.300000
1.300000
1.300000
1.300000
1.300000
1.300000
1.300000
1.300000
1.300000
1.300000
1.300000
1.300000
1.300000
1.300000
1.300000
1.300000
1.300000
1.300000
1.300000
1.300000
1.300000
1.300000
1.300000
1.300000
1.300000
1.300000
1.300000
1.300000
1.300000
1.300000
1.300000
1.300000
1.300000
1.300000
1.300000
1.300000
1.300000
1.300000
1.300000
1.300000
1.300000
1.300000
1.300000
1.300000
1.300000
1.300000
1.300000
1.300000
1.300000
1.300000
1.300000
1.300000
1.300000
1.300000
1.300000
1.300000
1.300000
1.300000
1.300000
1.300000
1.300000
1.300000
1.300000
1.300000
1.300000
1.300000
1.300000
1.300000
1.300000
1.300000
1.300000
1.300000
1.300000
1.300000
1.300000
1.300000
1.300000
1.300000
1.300000
1.300000
1.300000
1.300000
1.300000
1.300000
1.300000
1.300000
1.300000
1.300000
1.300000
1.300000
1.300000
1.300000
1.300000
1.300000
1.300000
1.300000
1.300000
1.300000
1.300000
1.300000
1.300000
1.300000
1.300000
1.300000
1.300000
1.300000
1.300000
1.300000
1.300000
1.300000
1.300000
1.300000
1.300000
1.300000
1.300000
1.300000
1.300000
1.300000
1.300000
1.300000
1.300000
1.300000
1.300000
1.300000
1.300000
1.300000
1.300000
1.300000
1.300000
1.300000
1.300000
1.300000
1.300000
1.300000
1.300000
1.300000
1.300000
1.300000
1.300000
1.300000
1.300000
1.300000
1.300000
1.300000
1.300000
1.300000
1.300000
1.300000
1.300000
1.300000
1.300000
1.300000
1.300000
1.300000
1.300000
1.300000
1.300000
1.300000
1.300000
1.300000
1.300000
1.300000
1.300000
1.300000
1.300000
1.300000
1.300000
1.300000
1.300000
1.300000
1.300000
1.300000
1.300000
1.300000
1.300000
1.300000
1.300000
1.300000
1.300000
1.300000
1.300000
1.300000
1.300000
1.300000
1.300000
1.300000
1.300000
1.300000
1.300000
1.300000
1.300000
1.300000
1.300000
1.300000
1.300000
1.300000
1.300000
1.300000
1.300000
1.300000
1.300000
1.300000
1.300000
1.300000
1.300000
1.300000
1.300000
1.300000
1.300000
1.300000
1.300000
1.300000
1.300000
1.300000
1.300000
1.300000
1.300000
1.300000
1.300000
1.300000
1.300000
1.300000
1.300000
1.300000
1.300000
1.300000
1.300000
1.300000
1.300000
1.300000
1.300000
1.300000
1.300000
1.300000
1.300000
1.300000
1.300000
1.300000
1.300000
1.300000
1.300000
1.300000
1.300000
1.300000
1.300000
1.300000
1.300000
1.300000
1.300000
1.300000
1.300000
1.300000
1.300000
1.300000
1.300000
1.300000
1.300000
1.300000
1.300000
1.300000
1.300000
1.300000
1.300000
1.300000
1.300000
1.300000
1.300000
1.300000
1.300000
1.300000
1.300000
1.300000
1.300000
