-0.000075
0.002038
0.000844
-0.000251
-0.000424
0.000877
0.000432
0.000651
0.002462
0.003607
0.001023
-0.000025
0.000494
0.000366
0.000465
0.000737
0.002437
0.000452
-0.000019
0.000790
0.000365
0.000412
0.002370
0.003618
0.001983
0.002691
0.002055
0.001997
0.002796
0.001696
-0.002914
-0.003925
-0.002476
-0.001434
-0.001426
-0.000482
0.004429
0.003799
0.002011
0.002171
0.002365
0.001898
0.000305
0.001009
-0.000834
-0.001892
-0.001347
-0.000497
0.000185
0.000699
0.000727
-0.002313
-0.000660
-0.000106
0.002836
0.002218
0.000177
0.000591
0.001728
0.000432
0.001622
0.000761
-0.000677
-0.000208
-0.001338
-0.002214
-0.000641
-0.000113
-0.000255
-0.000833
-0.000740
-0.000553
-0.001366
-0.001693
-0.001456
-0.001204
-0.005909
-0.011815
-0.018752
-0.028187
-0.039892
-0.051275
-0.057074
-0.060064
-0.064828
-0.072042
-0.081298
-0.089457
-0.095819
-0.097276
-0.095193
-0.085744
-0.066756
-0.046157
-0.027979
-0.015269
-0.007620
0.003239
0.015729
0.025300
0.036840
0.050850
0.063709
0.073187
0.077930
0.080116
0.077994
0.071353
0.063330
0.049697
0.042310
0.039436
0.038370
0.035454
0.030645
0.024647
0.021190
0.020880
0.019558
0.017991
0.013585
0.010712
0.010433
0.010451
0.008733
0.005997
0.001484
0.001222
0.001996
0.000690
0.001861
0.001850
0.001205
0.001819
0.001675
0.001835
0.001666
0.001430
-0.001049
-0.000860
-0.002771
-0.001051
-0.002783
-0.001845
-0.000939
-0.002743
-0.004230
-0.002269
-0.000034
0.003828
0.010947
0.019367
0.026306
0.030885
0.031612
0.032211
0.034475
0.038199
0.044497
0.051993
0.057414
0.060347
0.061402
0.061111
0.061868
0.063946
0.066936
0.068909
0.069774
0.070735
0.067393
0.062478
0.053687
0.045200
0.039369
0.035185
0.032744
0.031209
0.029327
0.025812
0.021260
0.017957
0.016165
0.015194
0.014048
0.011638
0.008972
0.008665
0.007285
0.006996
0.003542
0.001455
0.000704
0.001455
0.002067
0.002847
0.004714
0.002597
0.002018
0.002207
0.002372
0.002425
0.000896
0.000110
0.000521
0.000772
-0.000022
0.000142
0.001022
0.001162
0.000266
-0.000027
-0.001020
-0.000955
-0.000369
0.000791
0.003014
0.006741
0.009812
0.011994
0.014627
0.016268
0.018963
0.025486
0.026530
0.028054
0.031190
0.033771
0.036270
0.035313
0.025593
0.018780
0.011198
0.006374
0.002711
-0.001973
-0.006410
-0.011982
-0.017697
-0.022131
-0.024565
-0.026197
-0.026557
-0.028789
-0.032994
-0.036647
-0.036156
-0.030334
-0.020582
-0.012428
-0.012835
-0.010432
-0.007084
0.000160
0.007473
0.013315
0.021306
0.028695
0.034573
0.035560
0.032505
0.030665
0.033262
0.038278
0.043718
0.045362
0.045926
0.045849
0.046697
0.045954
0.044681
0.045706
0.048364
0.050653
0.050051
0.046473
0.041670
0.033836
0.025438
0.019367
0.015806
0.012434
0.005067
-0.001580
-0.005736
-0.009359
-0.012518
-0.016628
-0.027076
-0.035277
-0.038484
-0.040060
-0.040839
-0.040242
-0.040367
-0.042757
-0.044831
-0.043887
-0.037077
-0.026364
-0.017825
-0.012884
-0.011165
-0.006747
-0.000640
0.005214
0.011950
0.016544
0.022118
0.026703
0.030053
0.031582
0.033388
0.034811
0.036381
0.038323
0.040789
0.044468
0.047617
0.050253
0.049950
0.046613
0.044321
0.044011
0.044784
0.047211
0.050545
0.050196
0.039155
0.029608
0.017017
0.009778
0.009088
0.006210
0.001216
-0.006180
-0.011585
-0.015396
-0.016904
-0.019042
-0.023064
-0.028071
-0.031514
-0.034493
-0.037500
-0.041044
-0.043498
-0.043459
-0.041402
-0.038435
-0.031770
-0.024498
-0.016205
-0.011456
-0.007164
-0.000517
0.005961
0.010813
0.016180
0.021281
0.026206
0.029957
0.032681
0.033598
0.034442
0.036923
0.040133
0.042655
0.046331
0.048866
0.049531
0.048018
0.046125
0.045500
0.045092
0.046423
0.049820
0.052113
0.052459
0.048347
0.036911
0.026424
0.019274
0.016046
0.010837
0.003309
-0.003415
-0.008428
-0.012789
-0.015312
-0.017665
-0.021029
-0.025637
-0.029525
-0.030972
-0.028536
-0.023945
-0.017959
-0.013009
-0.008688
-0.004874
-0.000551
0.004765
0.011312
0.017274
0.021318
0.023390
0.023818
0.026356
0.030045
0.033321
0.030933
0.023515
0.014200
0.008533
0.005615
0.003203
-0.000949
-0.006244
-0.011835
-0.016054
-0.019346
-0.022168
-0.024716
-0.026402
-0.031369
-0.034054
-0.029322
-0.020281
-0.012800
-0.009373
-0.007006
-0.001849
0.004880
0.011469
0.015564
0.019279
0.024125
0.026969
0.030787
0.032500
0.034103
0.035590
0.036914
0.038384
0.041250
0.044595
0.047971
0.050406
0.051357
0.049494
0.046860
0.045717
0.044709
0.046392
0.049506
0.052487
0.050109
0.044598
0.024318
0.013414
0.009040
0.006357
0.002472
-0.005304
-0.013003
-0.019955
-0.022701
-0.023778
-0.024402
-0.027513
-0.032342
-0.033438
-0.028979
-0.019524
-0.012780
-0.009302
-0.006518
-0.001614
0.005932
0.012064
0.017659
0.022048
0.024997
0.026870
0.034895
0.035679
0.039681
0.040696
0.035656
0.027679
0.022690
0.018284
0.014667
0.008582
0.003108
-0.000879
-0.003766
-0.008162
-0.014181
-0.018680
-0.025907
-0.029950
-0.032764
-0.034781
-0.037570
-0.033903
-0.031842
-0.024790
-0.017318
-0.012612
-0.010961
-0.007049
-0.002070
0.003011
0.009165
0.015036
0.021357
0.026374
0.031680
0.035135
0.036082
0.035573
0.038158
0.044754
0.053932
0.064906
0.075429
0.081074
0.084666
0.086711
0.087446
0.089321
0.089745
0.088218
0.097751
0.087789
0.103163
0.110566
0.117318
0.119153
0.117978
0.118124
0.106536
0.109544
0.111980
0.114594
0.116468
0.115066
0.110604
0.101095
0.090021
0.079385
0.069478
0.057311
0.048911
0.040780
0.035950
0.032450
0.029249
0.026547
0.023018
0.019182
0.016810
0.013160
0.011740
0.011034
0.010102
0.008343
0.004078
0.000604
0.000439
-0.002522
-0.003682
-0.005722
-0.007807
-0.008714
-0.008891
-0.010335
-0.010942
-0.011370
-0.011212
-0.012736
-0.012984
-0.013545
-0.013972
-0.013498
-0.013221
-0.014407
-0.014166
-0.013212
-0.011780
-0.010741
-0.009812
-0.010872
-0.011738
-0.011731
-0.010771
-0.010077
-0.008522
-0.008758
-0.008025
-0.007328
-0.006812
-0.006694
-0.005986
-0.007251
-0.008495
-0.008125
-0.007555
-0.006788
-0.007935
-0.008608
-0.010359
-0.011143
-0.012028
-0.012635
-0.011020
-0.009972
-0.013445
-0.013745
-0.015229
-0.015362
-0.015187
-0.014870
-0.015391
-0.015680
-0.015727
-0.015283
-0.014971
-0.014252
-0.014126
-0.014315
-0.014005
-0.013289
-0.012496
-0.012459
-0.013231
-0.013693
-0.013028
-0.012643
-0.012112
-0.011498
-0.013472
-0.012828
-0.011704
-0.011747
-0.012651
-0.012550
-0.011640
-0.011866
-0.011101
-0.008998
-0.009546
-0.009881
-0.009008
-0.010121
-0.010070
-0.010747
-0.011594
-0.011767
-0.011710
-0.011636
-0.012747
-0.013065
-0.012087
-0.012029
-0.012187
-0.012602
-0.013223
-0.013166
-0.012815
-0.012574
-0.012569
-0.014146
-0.014167
-0.014256
-0.014642
-0.014306
-0.014046
-0.014161
-0.014549
-0.014730
-0.013955
-0.013469
-0.014032
-0.012716
-0.011037
-0.011667
-0.011751
-0.012229
-0.011681
-0.012151
-0.012143
-0.012415
-0.012290
-0.012266
-0.012173
-0.012427
-0.012409
-0.013944
-0.013756
-0.013094
-0.012743
-0.012624
-0.013228
-0.014204
-0.015278
-0.016797
-0.016410
-0.013172
-0.010591
-0.010484
-0.012212
-0.013237
-0.013457
-0.012353
-0.011737
-0.011057
-0.013370
-0.013866
-0.016320
-0.016089
-0.014927
-0.013168
-0.011823
-0.010971
-0.011050
-0.009786
-0.009785
-0.009658
-0.008797
-0.007688
-0.007013
-0.007183
-0.007313
-0.007603
-0.007729
-0.010072
-0.010871
-0.012868
-0.012707
-0.011487
-0.011896
-0.013706
-0.014245
-0.013874
-0.013518
-0.013634
-0.014493
-0.014787
-0.014896
-0.014402
-0.013414
-0.012727
-0.013591
-0.013344
-0.014196
-0.013108
-0.012216
-0.012237
-0.011647
-0.012830
-0.013054
-0.016211
-0.015161
-0.012431
-0.012038
-0.011417
-0.010965
-0.010537
-0.010763
-0.011170
-0.012411
-0.012524
-0.009164
-0.008307
-0.009177
-0.009928
-0.011092
-0.012004
-0.012446
-0.013380
-0.013478
-0.013701
-0.014731
-0.015041
-0.015234
-0.014900
-0.013870
-0.012817
-0.012866
-0.012911
-0.012537
-0.012216
-0.011411
-0.011042
-0.010574
-0.010245
-0.009863
-0.009394
-0.010644
-0.011500
-0.012441
-0.012834
-0.012674
-0.013208
-0.013461
-0.014146
-0.013939
-0.013467
-0.013225
-0.013692
-0.014174
-0.014466
-0.013973
-0.012854
-0.011992
-0.011950
-0.011939
-0.010903
-0.010977
-0.009634
-0.008378
-0.008342
-0.008881
-0.009570
-0.009327
-0.009643
-0.015385
-0.023484
-0.033062
-0.039987
-0.044937
-0.051235
-0.058179
-0.067382
-0.077730
-0.085318
-0.089252
-0.089617
-0.090444
-0.093331
-0.097857
-0.102736
-0.106799
-0.109570
-0.110832
-0.124644
-0.125551
-0.128672
-0.131540
-0.133123
-0.118259
-0.113622
-0.106180
-0.097450
-0.087462
-0.075729
-0.063014
-0.052004
-0.043172
-0.037343
-0.033098
-0.028884
-0.025043
-0.020091
-0.015723
-0.012057
-0.009158
-0.006524
-0.005952
-0.004158
-0.002483
-0.000030
0.001923
0.003705
0.006368
0.007982
0.009546
0.010506
0.011407
0.012248
0.012950
0.013460
0.013198
0.012868
0.012535
0.012509
0.013476
0.015861
0.017333
0.018495
0.019409
0.019312
0.018552
0.017680
0.017678
0.018107
0.018652
0.018408
0.017136
0.015526
0.013780
0.013103
0.013388
0.013452
0.013173
0.012959
0.012760
0.012948
0.013639
0.013565
0.014507
0.016246
0.017725
0.017397
0.016369
0.015716
0.015125
0.015540
0.015719
0.015985
0.016471
0.016929
0.016536
0.016909
0.017826
0.017852
0.018672
0.019504
0.019254
0.018375
0.017355
0.015912
0.015342
0.014935
0.014935
0.015698
0.015755
0.015211
0.014861
0.015848
0.017609
0.018508
0.018856
0.018473
0.017914
0.015960
0.014190
0.014326
0.015681
0.016912
0.017714
0.017084
0.015194
0.015239
0.016061
0.020575
0.021426
0.022578
0.021813
0.018487
0.015378
0.013570
0.013416
0.015201
0.015823
0.015645
0.015756
0.014953
0.014290
0.015281
0.016708
0.017952
0.019251
0.019801
0.018551
0.017571
0.016865
0.016142
0.016675
0.017267
0.017453
0.017227
0.017493
0.016890
0.017656
0.018860
0.018497
0.017249
0.017967
0.016994
0.016227
0.015607
0.014953
0.017492
0.018635
0.019211
0.017910
0.016034
0.014964
0.015205
0.016749
0.018226
0.018559
0.019130
0.018432
0.016838
0.015501
0.014782
0.015396
0.016234
0.017056
0.014943
0.013529
0.012153
0.012420
0.013313
0.013254
0.013156
0.013594
0.013586
0.013987
0.015798
0.017284
0.018168
0.019550
0.020274
0.020129
0.019746
0.018743
0.017869
0.017167
0.017233
0.016914
0.017440
0.018624
0.017757
0.016974
0.016318
0.015462
0.014576
0.015019
0.014710
0.014672
0.014783
0.015188
0.017128
0.018948
0.018545
0.019217
0.019354
0.019268
0.018305
0.016220
0.014697
0.014061
0.014490
0.015370
0.012711
0.015770
0.015992
0.016900
0.020354
0.025375
0.032611
0.048237
0.053087
0.060740
0.065391
0.070847
0.078586
0.086332
0.091608
0.094195
0.097611
0.099969
0.099287
0.097815
0.099107
0.102551
0.107038
0.112392
0.116451
0.116888
0.128405
0.112028
0.112469
0.116461
0.117188
0.111226
0.102287
0.086139
0.075710
0.052938
0.045288
0.044202
0.032938
0.028114
0.020566
0.014125
0.007014
0.004564
0.001324
-0.000399
-0.002099
-0.004533
-0.006722
-0.008934
-0.010755
-0.012232
-0.013940
-0.015136
-0.015732
-0.015967
-0.017200
-0.018847
-0.020325
-0.020530
-0.021374
-0.021585
-0.022368
-0.022984
-0.023630
-0.023621
-0.024043
-0.024375
-0.024708
-0.024546
-0.024980
-0.024384
-0.023767
-0.023548
-0.022854
-0.021840
-0.021204
-0.021697
-0.022059
-0.022262
-0.023292
-0.023919
-0.023482
-0.022577
-0.022424
-0.023434
-0.024262
-0.025434
-0.026304
-0.025854
-0.023293
-0.021983
-0.021535
-0.020927
-0.021511
-0.022761
-0.025297
-0.027282
-0.027674
-0.027358
-0.026449
-0.026124
-0.024836
-0.023207
-0.023386
-0.023881
-0.024330
-0.024071
-0.024810
-0.025451
-0.025302
-0.024700
-0.024203
-0.022859
-0.021652
-0.021168
-0.020206
-0.020619
-0.020615
-0.021169
-0.023737
-0.024829
-0.026219
-0.027262
-0.027291
-0.026584
-0.025800
-0.024397
-0.022857
-0.021992
-0.021168
-0.020873
-0.021364
-0.021856
-0.022753
-0.022899
-0.023059
-0.023799
-0.024037
-0.024878
-0.024841
-0.025326
-0.025704
-0.026970
-0.027773
-0.027558
-0.026849
-0.025321
-0.024156
-0.024624
-0.025416
-0.025939
-0.025219
-0.023336
-0.021643
-0.021245
-0.020001
-0.020116
-0.023976
-0.028651
-0.030934
-0.031442
-0.033052
-0.038015
-0.046743
-0.057551
-0.066555
-0.072384
-0.075428
-0.079482
-0.083559
-0.088457
-0.093924
-0.098453
-0.098289
-0.091891
-0.080815
-0.071030
-0.065383
-0.064641
-0.068219
-0.075442
-0.081798
-0.085422
-0.087755
-0.089953
-0.093410
-0.098227
-0.100464
-0.100620
-0.101865
-0.102455
-0.100138
-0.092766
-0.076539
-0.056907
-0.039565
-0.023953
-0.014934
-0.006663
0.003861
0.017842
0.031642
0.046451
0.058644
0.063895
0.065110
0.066674
0.070203
0.075445
0.083213
0.090964
0.096052
0.109293
0.107767
0.108425
0.101633
0.121919
0.114117
0.115389
0.113986
0.124186
0.103724
0.093933
0.080818
0.068378
0.057883
0.050950
0.047659
0.043815
0.038798
0.033354
0.027213
0.023495
0.021262
0.018591
0.016341
0.013882
0.012074
0.011457
0.010525
0.009444
0.006784
0.004407
0.003943
0.004957
0.005308
0.005652
0.003983
0.002138
0.001859
0.002186
0.003062
0.004420
0.000085
-0.004709
-0.003348
-0.001562
-0.001633
-0.000851
-0.000398
-0.000723
-0.000721
0.001165
0.001389
0.001128
0.001154
0.001206
-0.000003
0.001072
0.001858
0.002550
0.001780
0.003080
0.002564
0.000564
0.000432
-0.000054
0.000424
0.000040
0.001701
-0.000869
-0.005816
-0.011880
-0.020054
-0.028081
-0.035819
-0.042894
-0.052024
-0.062369
-0.071680
-0.080744
-0.089392
-0.097101
-0.102287
-0.105155
-0.105574
-0.103966
-0.102674
-0.104310
-0.108799
-0.113892
-0.117736
-0.118197
-0.114992
-0.124448
-0.121298
-0.121770
-0.105481
-0.096732
-0.079724
-0.064477
-0.036742
-0.024138
-0.015316
-0.009022
0.003751
0.015253
0.027562
0.043857
0.058241
0.068496
0.072643
0.072123
0.068880
0.064725
0.058086
0.051639
0.047654
0.041790
0.037844
0.033035
0.027993
0.024330
0.021137
0.019480
0.018293
0.015318
0.013865
0.012258
0.010649
0.010337
0.009667
0.008375
0.006650
0.006836
0.006471
0.004394
0.004132
0.003820
0.003661
0.004023
0.003775
0.001945
0.000425
-0.001462
-0.000486
-0.001112
-0.000322
0.001229
-0.000470
-0.001268
-0.001324
-0.002133
-0.005095
-0.011184
-0.018155
-0.027192
-0.036606
-0.046306
-0.055231
-0.062332
-0.066507
-0.067531
-0.060944
-0.046380
-0.029968
-0.017844
-0.009743
-0.003525
0.004554
0.015818
0.029885
0.045957
0.061187
0.069408
0.072651
0.073842
0.076279
0.080965
0.087869
0.095858
0.100118
0.099045
0.107776
0.110715
0.101093
0.098499
0.087156
0.069474
0.053727
0.026820
0.012810
0.008633
0.003056
-0.007156
-0.020031
-0.035582
-0.049429
-0.060074
-0.063728
-0.064316
-0.042104
-0.022585
-0.003026
0.011218
0.017408
0.019529
0.024757
0.030998
0.047883
0.056022
0.071244
0.082982
0.086607
0.083959
0.073789
0.064359
0.041935
0.025170
0.011114
-0.000506
-0.013475
-0.027607
-0.038269
-0.046445
-0.044850
-0.037858
-0.029343
-0.007654
0.009261
0.020743
0.027511
0.030530
0.034564
0.043595
0.054890
0.065178
0.074434
0.082990
0.088633
0.089888
0.088984
0.090166
0.093068
0.098536
0.103103
0.115101
0.096755
0.084671
0.071427
0.060853
0.055377
0.051843
0.047838
0.041714
0.032449
0.026874
0.028760
0.036780
0.050287
0.062724
0.069125
0.068361
0.065082
0.065156
0.069598
0.085729
0.100426
0.103522
0.113523
0.117207
0.110639
0.101292
0.104503
0.090133
0.105422
0.110124
0.108877
0.087475
0.073657
0.058784
0.037971
0.027595
0.023697
0.013437
0.002534
-0.011445
-0.026045
-0.039048
-0.047367
-0.052281
-0.058512
-0.064614
-0.068574
-0.072813
-0.080194
-0.089351
-0.096189
-0.100716
-0.104581
-0.106408
-0.106047
-0.107469
-0.110873
-0.113086
-0.114222
-0.114031
-0.112199
-0.109458
-0.107459
-0.107342
-0.108971
-0.112684
-0.116732
-0.119954
-0.122188
-0.122087
-0.119328
-0.115740
-0.116239
-0.118238
-0.113725
-0.098148
-0.088951
-0.055774
-0.033703
-0.017623
-0.004788
0.002278
0.012845
0.026863
0.041706
0.053043
0.056816
0.061509
0.067401
0.072754
0.077360
0.083119
0.089073
0.094133
0.098739
0.102816
0.105946
0.106987
0.106864
0.108975
0.112208
0.115425
0.116683
0.117628
0.117573
0.115403
0.126565
0.110844
0.112783
0.116659
0.121203
0.119930
0.117003
0.114344
0.113485
0.112682
0.105476
0.087941
0.066365
0.044526
0.024979
0.013427
0.008177
0.001751
-0.008131
-0.022193
-0.036700
-0.052079
-0.066268
-0.078049
-0.083152
-0.083669
-0.081087
-0.078199
-0.078531
-0.080363
-0.087197
-0.092877
-0.096059
-0.092264
-0.083203
-0.071941
-0.067725
-0.052047
-0.047340
-0.042336
-0.038363
-0.037299
-0.039007
-0.044609
-0.052981
-0.061685
-0.069200
-0.074797
-0.079516
-0.083342
-0.087523
-0.092625
-0.097110
-0.100380
-0.100025
-0.093753
-0.082583
-0.070607
-0.061706
-0.055992
-0.052013
-0.047363
-0.040098
-0.033654
-0.029973
-0.028479
-0.026318
-0.022272
-0.018012
-0.015524
-0.015911
-0.015731
-0.011630
-0.009776
-0.007819
-0.007273
-0.006220
-0.006881
-0.005356
-0.004811
-0.003903
-0.004490
-0.004880
-0.003679
-0.003102
-0.001727
-0.002086
-0.002226
-0.004738
-0.003938
-0.004558
-0.004443
-0.004991
-0.002967
-0.001803
0.001151
0.000541
-0.000428
-0.000667
0.000146
0.000758
0.000736
-0.000004
0.001700
0.001570
0.001721
0.001685
0.001285
0.001832
0.001080
0.002577
0.001677
0.000851
0.001032
0.001058
0.000222
0.000589
0.001482
0.001137
0.001036
0.000304
0.001484
0.000673
0.002610
0.002691
0.002627
0.000737
0.000452
0.001410
0.001434
0.003023
0.003397
0.001634
0.001597
0.001882
0.001219
0.002636
0.000958
0.001896
0.001546
0.001912
0.001529
0.000868
0.000177
0.000272
0.002713
0.002522
0.002760
0.002185
0.000104
0.000224
0.000056
0.000447
0.000730
0.001051
0.000602
-0.000333
-0.000147
-0.000222
-0.000119
-0.000025
-0.000065
0.000047
-0.001079
-0.001575
0.000192
0.000155
0.000528
-0.000068
-0.002381
-0.002309
0.000225
0.000490
-0.000090
0.000102
0.000180
0.000983
-0.000216
-0.002271
-0.002708
-0.002544
-0.001558
-0.001511
-0.004117
-0.007430
-0.005554
-0.004049
-0.002944
-0.002176
-0.001466
-0.001611
-0.002045
-0.001481
-0.000783
-0.000088
0.000065
-0.001754
-0.002160
-0.002211
-0.001817
-0.001354
-0.000894
-0.002443
-0.002387
-0.004163
-0.008486
-0.014653
-0.022242
-0.030882
-0.040642
-0.049167
-0.055727
-0.061930
-0.071360
-0.080793
-0.088230
-0.093415
-0.096363
-0.097005
-0.097814
-0.099624
-0.102948
-0.105306
-0.107977
-0.111515
-0.115433
-0.116467
-0.114829
-0.114442
-0.114558
-0.128455
-0.127036
-0.127658
-0.115350
-0.116820
-0.118632
-0.119342
-0.117740
-0.108308
-0.091510
-0.074320
-0.058635
-0.040764
-0.026140
-0.010639
-0.000100
0.010982
0.025956
0.038550
0.053986
0.066707
0.076108
0.080337
0.081983
0.082778
0.085936
0.092923
0.099809
0.105734
0.108449
0.106179
0.101561
0.097397
0.108997
0.101771
0.109873
0.114406
0.111135
0.104209
0.070943
0.050553
0.024017
0.011799
0.006798
-0.001392
-0.009927
-0.024764
-0.041043
-0.053044
-0.059762
-0.063568
-0.068079
-0.073669
-0.080864
-0.090973
-0.100973
-0.105617
-0.104882
-0.101785
-0.099538
-0.100369
-0.104915
-0.110379
-0.112843
-0.111932
-0.110805
-0.111333
-0.112785
-0.115024
-0.117309
-0.119077
-0.118361
-0.114338
-0.106118
-0.095596
-0.083348
-0.071043
-0.060152
-0.051933
-0.045819
-0.040457
-0.035032
-0.029621
-0.025694
-0.023079
-0.021909
-0.019362
-0.016110
-0.013036
-0.011094
-0.011525
-0.011801
-0.010447
-0.008114
-0.006340
-0.006653
-0.007945
-0.009103
-0.009320
-0.006957
-0.004710
-0.004769
-0.004746
-0.004121
-0.003264
-0.002144
-0.001170
-0.001290
-0.001426
-0.000950
0.000987
0.002032
0.000731
-0.004066
-0.005454
-0.003136
-0.000633
0.000010
-0.000376
-0.001228
-0.001713
-0.000048
0.000521
-0.000290
-0.001956
-0.002782
-0.001746
-0.000666
0.000573
0.000040
-0.001270
-0.001419
-0.000888
-0.000608
-0.000155
0.000292
-0.000406
0.002808
0.003693
0.002651
0.002265
0.002267
0.003935
0.007450
0.013052
0.021483
0.031631
0.043026
0.052138
0.060049
0.063193
0.067107
0.072511
0.078479
0.083251
0.089319
0.094576
0.096353
0.096838
0.096693
0.099463
0.101461
0.101915
0.117115
0.120707
0.122127
0.120377
0.121849
0.109994
0.124346
0.106571
0.108624
0.083969
0.070632
0.059779
0.053048
0.048175
0.043959
0.038823
0.032556
0.027410
0.024510
0.022176
0.020474
0.019137
0.015463
0.014100
0.013446
0.012395
0.010348
0.008565
0.006303
0.005614
0.004543
0.004392
0.004247
0.003433
0.002932
0.001947
0.001233
0.002660
0.003536
0.002020
0.000906
0.000265
0.000562
0.001749
0.001299
0.001142
0.001087
0.001123
-0.000093
-0.002208
-0.002618
-0.003535
-0.002396
-0.001555
-0.001310
-0.000514
-0.000489
0.000282
0.001511
-0.000710
-0.004894
-0.013464
-0.024077
-0.035246
-0.044131
-0.049366
-0.052922
-0.056622
-0.063282
-0.072900
-0.084827
-0.095530
-0.101696
-0.102480
-0.101265
-0.112111
-0.112261
-0.113917
-0.116418
-0.117781
-0.119026
-0.108038
-0.110280
-0.111145
-0.111609
-0.112163
-0.110777
-0.105239
-0.095143
-0.082448
-0.071501
-0.068516
-0.059153
-0.045429
-0.038984
-0.032858
-0.029174
-0.027124
-0.025330
-0.023167
-0.020068
-0.020487
-0.017072
-0.014322
-0.013458
-0.015185
-0.012912
-0.005954
0.004733
0.008221
0.002508
-0.009614
-0.013941
-0.008377
0.001151
0.003878
0.002094
-0.003571
-0.003936
-0.002621
0.001157
0.001425
0.000696
-0.001569
-0.001988
-0.000998
0.000270
0.000478
0.000540
-0.000612
0.000710
0.000691
0.001136
0.000411
-0.000135
-0.001053
-0.000171
0.000322
0.001309
0.003958
0.006869
0.010105
0.015837
0.021591
0.029252
0.035020
0.038624
0.039031
0.039743
0.042968
0.046812
0.052774
0.057845
0.060199
0.062455
0.060577
0.060431
0.061560
0.064534
0.066896
0.068310
0.066144
0.064710
0.064600
0.064732
0.065858
0.068765
0.081855
0.082480
0.071437
0.068471
0.075957
0.069702
0.072148
0.072925
0.072463
0.070390
0.068891
0.068510
0.070141
0.073823
0.077682
0.077662
0.072505
0.064357
0.054376
0.047065
0.043303
0.044172
0.040518
0.031400
0.026604
0.022626
0.020337
0.019193
0.017117
0.015373
0.013298
0.011200
0.011124
0.010132
0.009372
0.009928
0.010784
0.009696
0.008025
0.007145
0.006031
0.006186
0.005369
0.003448
0.003084
0.002592
0.001589
0.001487
0.002647
0.002517
0.001070
-0.000063
-0.001680
-0.000950
-0.001191
-0.000125
0.000002
-0.000545
-0.001192
-0.001506
-0.001273
0.000073
0.001291
0.000966
0.000411
0.001404
0.002999
0.004866
0.005854
0.006659
0.006921
0.007053
0.008277
0.010537
0.011612
0.012325
0.013013
0.013751
0.012881
0.012772
0.013240
0.013903
0.014850
0.015343
0.014948
0.015164
0.015847
0.016093
0.016019
0.015887
0.014700
0.014160
0.014773
0.015307
0.015576
0.015592
0.015132
0.015382
0.016572
0.016257
0.017665
0.017394
0.016584
0.015988
0.015986
0.016452
0.016846
0.017614
0.019463
0.020736
0.021610
0.021022
0.020227
0.019289
0.018486
0.018112
0.018334
0.016993
0.016073
0.015764
0.016453
0.017304
0.016628
0.017188
0.016695
0.016242
0.015479
0.014334
0.014626
0.014397
0.015029
0.016836
0.017323
0.016377
0.016069
0.014255
0.015456
0.016500
0.016556
0.016028
0.012890
0.012283
0.013910
0.015846
0.016064
0.015350
0.013405
0.014289
0.015807
0.017433
0.017663
0.017231
0.016611
0.016456
0.016959
0.017592
0.016818
0.014268
0.012593
0.012272
0.011832
0.011867
0.012472
0.014347
0.017707
0.022762
0.027115
0.029661
0.029576
0.029094
0.029901
0.033317
0.039318
0.045514
0.048259
0.049250
0.040956
0.032953
0.023402
0.013689
0.005502
-0.003882
-0.014625
-0.026781
-0.037643
-0.047088
-0.053619
-0.059352
-0.065481
-0.072233
-0.080403
-0.089067
-0.095611
-0.098740
-0.099397
-0.100675
-0.102531
-0.104219
-0.101195
-0.089219
-0.070946
-0.050359
-0.032016
-0.023181
-0.012360
-0.000809
0.011565
0.030239
0.044009
0.057861
0.066542
0.070942
0.070579
0.067982
0.059659
0.046982
0.032306
0.018532
0.009400
0.001019
-0.006950
-0.017459
-0.026655
-0.040920
-0.054569
-0.063241
-0.067024
-0.069035
-0.074994
-0.080934
-0.087843
-0.093963
-0.099259
-0.102722
-0.103961
-0.104361
-0.106289
-0.107798
-0.109545
-0.112134
-0.114125
-0.113740
-0.108310
-0.097999
-0.086637
-0.075795
-0.074027
-0.062784
-0.051068
-0.041655
-0.032486
-0.029915
-0.027968
-0.025275
-0.020469
-0.016002
-0.013801
-0.013439
-0.012938
-0.011900
-0.010051
-0.008061
-0.007641
-0.007147
-0.007622
-0.007035
-0.005730
-0.003914
-0.003055
-0.003044
-0.003676
-0.004439
-0.003316
-0.002016
-0.001066
-0.002243
-0.002978
-0.003664
-0.003229
-0.001635
-0.000457
-0.000017
-0.001805
-0.001211
-0.001116
-0.000461
0.000759
0.000940
0.000060
-0.001447
-0.002125
-0.002068
-0.001444
-0.000448
-0.000259
-0.001298
-0.000641
-0.000254
-0.000073
0.000344
0.000471
0.001620
0.001671
0.001253
0.000576
0.000014
0.000381
0.001174
0.000772
-0.001195
-0.000751
-0.001062
-0.000325
0.000796
0.000981
0.000637
0.000139
-0.000135
-0.000411
-0.000445
-0.000364
-0.000430
-0.000655
-0.000698
-0.000741
-0.000577
0.000031
0.000425
0.000880
-0.000214
-0.000909
-0.000960
-0.000964
-0.000057
0.000212
-0.000290
-0.001382
-0.002948
-0.001610
-0.000884
-0.000953
-0.000845
-0.000256
-0.000050
-0.000283
-0.000117
-0.000289
-0.000501
-0.000136
0.000158
0.001939
0.001176
0.001459
0.000894
0.000181
0.000577
-0.000492
-0.000540
-0.000411
-0.000036
-0.000121
0.000306
0.000758
0.000635
0.000459
0.000145
-0.000314
0.000470
0.001165
0.000458
0.000438
-0.000409
-0.000819
-0.000194
0.000315
0.000296
-0.000881
-0.000724
-0.000259
0.000050
0.000276
-0.001360
-0.001196
-0.002473
-0.001941
-0.000423
-0.000366
-0.000506
-0.000538
0.000458
0.001718
0.001662
0.000971
0.000229
-0.000631
-0.001347
-0.001752
-0.001474
-0.001917
-0.001463
-0.000806
-0.000371
-0.000185
0.001188
-0.000113
-0.000007
0.000452
0.001271
0.000356
0.000241
-0.000200
-0.001352
0.003203
0.002683
0.004402
0.003896
0.002708
0.002400
0.001186
0.001880
0.002174
0.001570
0.000758
0.001020
0.000923
0.000393
0.000475
0.000847
0.000506
-0.002454
-0.001347
-0.001708
-0.001914
-0.001692
-0.000509
-0.000230
-0.001715
-0.001618
-0.004270
-0.003462
-0.002339
-0.002274
-0.002043
-0.000314
-0.000037
-0.000787
-0.000890
-0.001296
-0.000939
-0.000459
-0.001166
-0.001114
-0.000595
-0.000058
-0.000125
-0.000578
0.001291
0.001116
0.001241
0.001001
0.001049
0.001043
0.001384
0.000873
0.000397
-0.001212
-0.001234
-0.000762
-0.000226
0.000682
0.000692
-0.000136
-0.000097
0.000250
0.000665
0.000357
0.000350
0.000365
-0.000033
0.000229
0.000686
0.000441
0.001733
-0.000568
-0.002764
-0.004262
-0.005194
-0.008087
-0.011557
-0.013977
-0.015686
-0.017285
-0.017999
-0.019858
-0.020387
-0.023139
-0.026193
-0.028174
-0.028888
-0.028536
-0.028010
-0.028332
-0.030388
-0.031288
-0.031736
-0.029154
-0.021465
-0.010092
0.000756
0.007711
0.015187
0.022951
0.032204
0.050220
0.057802
0.069882
0.078567
0.084327
0.085102
0.081746
0.078248
0.057100
0.043976
0.032611
0.024566
0.022582
0.015794
0.004830
-0.003401
-0.008557
-0.011382
-0.013906
-0.018564
-0.024676
-0.030407
-0.034681
-0.036786
-0.037735
-0.038838
-0.039329
-0.041567
-0.043242
-0.044771
-0.047142
-0.048725
-0.049305
-0.049072
-0.048983
-0.049977
-0.051307
-0.051719
-0.051383
-0.051386
-0.051841
-0.052360
-0.052612
-0.053489
-0.054101
-0.053335
-0.053022
-0.053370
-0.052937
-0.052216
-0.053020
-0.053432
-0.052972
-0.052140
-0.051394
-0.050985
-0.051139
-0.051376
-0.051637
-0.051918
-0.052260
-0.053214
-0.053953
-0.053818
-0.053781
-0.053492
-0.052887
-0.051419
-0.050822
-0.051633
-0.052794
-0.053907
-0.054176
-0.053487
-0.052447
-0.051458
-0.049596
-0.049171
-0.050755
-0.051785
-0.052468
-0.053001
-0.053796
-0.054451
-0.054900
-0.054497
-0.053494
-0.051584
-0.050845
-0.051473
-0.052198
-0.052801
-0.052124
-0.051343
-0.051895
-0.051246
-0.047372
-0.039931
-0.032247
-0.025710
-0.022644
-0.023293
-0.017841
-0.013288
-0.008786
-0.005002
-0.002331
-0.001451
0.000225
0.002436
0.005035
0.005526
0.004869
0.006060
0.006842
0.007864
0.010171
0.012151
0.012184
0.011720
0.011787
0.012009
0.013327
0.015197
0.015784
0.015463
0.014906
0.014632
0.015302
0.016018
0.016061
0.014994
0.014699
0.015343
0.015976
0.016990
0.016701
0.015434
0.014959
0.014852
0.015477
0.016322
0.018389
0.017929
0.015156
0.013533
0.011991
0.011803
0.010049
0.006810
0.004209
0.003789
0.004287
0.004994
0.005670
0.003787
0.001721
0.000970
0.001185
0.001951
0.002680
0.002269
0.001775
0.001352
0.000985
0.001482
0.001092
0.001721
0.001049
0.000589
0.001316
0.001038
0.001062
0.001712
0.005818
0.013664
0.020875
0.027538
0.036137
0.045861
0.055954
0.064844
0.069392
0.071897
0.075650
0.081213
0.086497
0.089883
0.091017
0.088165
0.082936
0.069398
0.063892
0.054590
0.044639
0.041637
0.036666
0.030295
0.024264
0.021846
0.019995
0.019873
0.018014
0.014618
0.012844
0.010861
0.008737
0.008904
0.007789
0.006056
0.005799
0.005722
0.004866
0.003193
0.002968
0.002908
0.002951
0.002702
0.002258
0.001735
0.002515
0.002765
0.002033
0.001377
0.001248
0.001336
-0.001200
-0.001116
-0.003878
-0.002828
-0.002588
-0.000945
-0.000928
-0.000999
-0.000049
-0.000634
-0.000241
0.000333
0.000174
-0.001838
-0.000779
0.001890
0.002160
-0.000151
-0.003084
-0.003246
0.000000
0.000000
0.000000
0.000000
0.000000
0.000000
0.000000
0.000000
0.000000
0.000000
0.000000
0.000000
0.000000
0.000000
0.000000
0.000000
0.000000
0.000000
0.000000
0.000000
0.000000
0.000000
0.000000
0.000000
0.000000
0.000000
0.000000
0.000000
0.000000
0.000000
0.000000
0.000000
0.000000
0.000000
0.000000
0.000000
0.000000
0.000000
0.000000
0.000000
0.000000
0.000000
0.000000
0.000000
0.000000
0.000000
0.000000
0.000000
0.000000
0.000000
0.000000
0.000000
0.000000
0.000000
0.000000
0.000000
0.000000
0.000000
0.000000
0.000000
0.000000
0.000000
0.000000
0.000000
0.000000
0.000000
0.000000
0.000000
0.000000
0.000000
0.000000
0.000000
0.000000
0.000000
0.000000
0.000000
0.000000
0.000000
0.000000
0.000000
0.000000
0.000000
0.000000
0.000000
0.000000
0.000000
0.000000
0.000000
0.000000
0.000000
0.000000
0.000000
0.000000
0.000000
0.000000
0.000000
0.000000
0.000000
0.000000
0.000000
0.000000
0.000000
0.000000
0.000000
0.000000
0.000000
0.000000
0.000000
0.000000
0.000000
0.000000
0.000000
0.000000
0.000000
0.000000
0.000000
0.000000
0.000000
0.000000
0.000000
0.000000
0.000000
0.000000
0.000000
0.000000
0.000000
0.000000
0.000000
0.000000
0.000000
0.000000
0.000000
0.000000
0.000000
0.000000
0.000000
0.000000
0.000000
0.000000
0.000000
0.000000
0.000000
0.000000
0.000000
0.000000
0.000000
0.000000
0.000000
0.000000
0.000000
0.000000
0.000000
0.000000
0.000000
0.000000
0.000000
0.000000
0.000000
0.000000
0.000000
0.000000
0.000000
0.000000
0.000000
0.000000
0.000000
0.000000
0.000000
0.000000
0.000000
0.000000
0.000000
0.000000
0.000000
0.000000
0.000000
0.000000
0.000000
0.000000
0.000000
0.000000
0.000000
0.000000
0.000000
0.000000
0.000000
0.000000
0.000000
0.000000
0.000000
0.000000
0.000000
0.000000
0.000000
0.000000
0.000000
0.000000
0.000000
0.000000
0.000000
0.000000
0.000000
0.000000
0.000000
0.000000
0.000000
0.000000
0.000000
0.000000
0.000000
0.000000
0.000000
0.000000
0.000000
0.000000
0.000000
0.000000
0.000000
0.000000
0.000000
0.000000
0.000000
0.000000
0.000000
0.000000
0.000000
0.000000
0.000000
0.000000
0.000000
0.000000
0.000000
0.000000
0.000000
0.000000
0.000000
0.000000
0.000000
0.000000
0.000000
0.000000
0.000000
0.000000
0.000000
0.000000
0.000000
0.000000
0.000000
0.000000
0.000000
0.000000
0.000000
0.000000
0.000000
0.000000
0.000000
0.000000
0.000000
0.000000
0.000000
0.000000
0.000000
0.000000
0.000000
0.000000
0.000000
0.000000
0.000000
0.000000
0.000000
0.000000
0.000000
0.000000
0.000000
0.000000
0.000000
0.000000
0.000000
0.000000
0.000000
0.000000
0.000000
0.000000
0.000000
0.000000
0.000000
0.000000
0.000000
0.000000
0.000000
0.000000
0.000000
0.000000
0.000000
0.000000
0.000000
0.000000
0.000000
0.000000
0.000000
0.000000
0.000000
0.000000
0.000000
0.000000
0.000000
0.000000
0.000000
0.000000
0.000000
0.000000
0.000000
0.000000
0.000000
0.000000
0.000000
0.000000
0.000000
0.000000
0.000000
0.000000
0.000000
0.000000
0.000000
0.000000
0.000000
0.000000
0.000000
0.000000
0.000000
0.000000
0.000000
0.000000
0.000000
0.000000
0.000000
0.000000
0.000000
0.000000
0.000000
0.000000
0.000000
0.000000
0.000000
0.000000
0.000000
0.000000
0.000000
0.000000
0.000000
0.000000
0.000000
0.000000
0.000000
0.000000
0.000000
0.000000
0.000000
0.000000
0.000000
0.000000
0.000000
0.000000
0.000000
0.000000
0.000000
0.000000
0.000000
0.000000
0.000000
0.000000
0.000000
0.000000
0.000000
0.000000
0.000000
0.000000
0.000000
0.000000
0.000000
0.000000
0.000000
0.000000
0.000000
0.000000
0.000000
0.000000
0.000000
0.000000
0.000000
0.000000
0.000000
0.000000
0.000000
0.000000
0.000000
0.000000
0.000000
0.000000
0.000000
0.000000
0.000000
0.000000
0.000000
0.000000
0.000000
0.000000
0.000000
0.000000
0.000000
0.000000
0.000000
0.000000
0.000000
0.000000
0.000000
0.000000
0.000000
0.000000
0.000000
0.000000
0.000000
0.000000
0.000000
0.000000
0.000000
0.000000
0.000000
0.000000
0.000000
0.000000
0.000000
0.000000
0.000000
0.000000
0.000000
0.000000
0.000000
0.000000
0.000000
0.000000
0.000000
0.000000
0.000000
0.000000
0.000000
0.000000
0.000000
0.000000
0.000000
0.000000
0.000000
0.000000
0.000000
0.000000
0.000000
0.000000
0.000000
0.000000
0.000000
0.000000
0.000000
0.000000
0.000000
0.000000
0.000000
0.000000
0.000000
0.000000
0.000000
0.000000
0.000000
0.000000
0.000000
0.000000
0.000000
0.000000
0.000000
0.000000
0.000000
0.000000
0.000000
0.000000
0.000000
0.000000
0.000000
0.000000
0.000000
0.000000
0.000000
0.000000
0.000000
0.000000
0.000000
0.000000
0.000000
0.000000
0.000000
0.000000
0.000000
0.000000
0.000000
0.000000
0.000000
0.000000
0.000000
0.000000
0.000000
0.000000
0.000000
0.000000
0.000000
0.000000
0.000000
0.000000
0.000000
0.000000
0.000000
0.000000
0.000000
0.000000
0.000000
0.000000
0.000000
0.000000
0.000000
0.000000
0.000000
0.000000
0.000000
0.000000
0.000000
0.000000
0.000000
0.000000
0.000000
0.000000
0.000000
0.000000
0.000000
0.000000
0.000000
0.000000
0.000000
0.000000
0.000000
0.000000
0.000000
0.000000
0.000000
0.000000
0.000000
0.000000
0.000000
0.000000
0.000000
0.000000
0.000000
0.000000
0.000000
0.000000
0.000000
0.000000
0.000000
0.000000
0.000000
0.000000
0.000000
0.000000
0.000000
0.000000
0.000000
0.000000
0.000000
0.000000
0.000000
0.000000
0.000000
0.000000
0.000000
0.000000
0.000000
0.000000
0.000000
0.000000
0.000000
0.000000
0.000000
0.000000
0.000000
0.000000
0.000000
0.000000
0.000000
0.000000
0.000000
0.000000
0.000000
0.000000
0.000000
0.000000
0.000000
0.000000
0.000000
0.000000
0.000000
0.000000
0.000000
0.000000
0.000000
0.000000
0.000000
0.000000
0.000000
0.000000
0.000000
0.000000
0.000000
0.000000
0.000000
0.000000
0.000000
0.000000
0.000000
0.000000
0.000000
0.000000
0.000000
0.000000
0.000000
0.000000
0.000000
0.000000
0.000000
0.000000
0.000000
0.000000
0.000000
0.000000
0.000000
0.000000
0.000000
0.000000
0.000000
0.000000
0.000000
0.000000
0.000000
0.000000
0.000000
0.000000
0.000000
0.000000
0.000000
0.000000
0.000000
0.000000
0.000000
0.000000
0.000000
0.000000
0.000000
0.000000
0.000000
0.000000
0.000000
0.000000
0.000000
0.000000
0.000000
0.000000
0.000000
0.000000
0.000000
0.000000
0.000000
0.000000
0.000000
0.000000
0.000000
0.000000
0.000000
0.000000
0.000000
0.000000
0.000000
0.000000
0.000000
0.000000
0.000000
0.000000
0.000000
0.000000
0.000000
0.000000
0.000000
0.000000
0.000000
0.000000
0.000000
0.000000
0.000000
0.000000
0.000000
0.000000
0.000000
0.000000
0.000000
0.000000
0.000000
0.000000
0.000000
0.000000
0.000000
0.000000
0.000000
0.000000
0.000000
0.000000
0.000000
0.000000
0.000000
0.000000
0.000000
0.000000
0.000000
0.000000
0.000000
0.000000
0.000000
0.000000
0.000000
0.000000
0.000000
0.000000
0.000000
0.000000
0.000000
0.000000
0.000000
0.000000
0.000000
0.000000
0.000000
0.000000
0.000000
0.000000
0.000000
0.000000
0.000000
0.000000
0.000000
0.000000
0.000000
0.000000
0.000000
0.000000
0.000000
0.000000
0.000000
0.000000
0.000000
0.000000
0.000000
0.000000
0.000000
0.000000
0.000000
0.000000
0.000000
0.000000
0.000000
0.000000
0.000000
0.000000
0.000000
0.000000
0.000000
0.000000
0.000000
0.000000
0.000000
0.000000
0.000000
0.000000
0.000000
0.000000
0.000000
0.000000
0.000000
0.000000
0.000000
0.000000
0.000000
0.000000
0.000000
0.000000
0.000000
0.000000
0.000000
0.000000
0.000000
0.000000
0.000000
0.000000
0.000000
0.000000
0.000000
0.000000
0.000000
0.000000
0.000000
0.000000
0.000000
0.000000
0.000000
0.000000
0.000000
0.000000
0.000000
0.000000
0.000000
0.000000
0.000000
0.000000
0.000000
0.000000
0.000000
0.000000
0.000000
0.000000
0.000000
0.000000
0.000000
0.000000
0.000000
0.000000
0.000000
0.000000
0.000000
0.000000
0.000000
0.000000
0.000000
0.000000
0.000000
0.000000
0.000000
0.000000
0.000000
0.000000
0.000000
0.000000
0.000000
0.000000
0.000000
0.000000
0.000000
0.000000
0.000000
0.000000
0.000000
0.000000
0.000000
0.000000
0.000000
0.000000
0.000000
0.000000
0.000000
0.000000
0.000000
0.000000
0.000000
0.000000
0.000000
0.000000
0.000000
0.000000
0.000000
0.000000
0.000000
0.000000
0.000000
0.000000
0.000000
0.000000
0.000000
0.000000
0.000000
0.000000
0.000000
0.000000
0.000000
0.000000
0.000000
0.000000
0.000000
0.000000
0.000000
0.000000
0.000000
0.000000
0.000000
0.000000
0.000000
0.000000
0.000000
0.000000
0.000000
0.000000
0.000000
0.000000
0.000000
0.000000
0.000000
0.000000
0.000000
0.000000
0.000000
0.000000
0.000000
0.000000
0.000000
0.000000
0.000000
0.000000
0.000000
0.000000
0.000000
0.000000
0.000000
0.000000
0.000000
0.000000
0.000000
0.000000
0.000000
0.000000
0.000000
0.000000
0.000000
0.000000
0.000000
0.000000
0.000000
0.000000
0.000000
0.000000
0.000000
0.000000
0.000000
0.000000
0.000000
0.000000
0.000000
0.000000
0.000000
0.000000
0.000000
0.000000
0.000000
0.000000
0.000000
0.000000
0.000000
0.000000
0.000000
0.000000
0.000000
0.000000
0.000000
0.000000
0.000000
0.000000
0.000000
0.000000
0.000000
0.000000
0.000000
0.000000
0.000000
0.000000
0.000000
0.000000
0.000000
0.000000
0.000000
0.000000
0.000000
0.000000
0.000000
0.000000
0.000000
0.000000
0.000000
0.000000
0.000000
0.000000
0.000000
0.000000
0.000000
0.000000
0.000000
0.000000
0.000000
0.000000
0.000000
0.000000
0.000000
0.000000
0.000000
0.000000
0.000000
0.000000
0.000000
0.000000
0.000000
0.000000
0.000000
0.000000
0.000000
0.000000
0.000000
0.000000
0.000000
0.000000
0.000000
0.000000
0.000000
0.000000
0.000000
0.000000
0.000000
0.000000
0.000000
0.000000
0.000000
0.000000
0.000000
0.000000
0.000000
0.000000
0.000000
0.000000
0.000000
0.000000
0.000000
0.000000
0.000000
0.000000
0.000000
0.000000
0.000000
0.000000
0.000000
0.000000
0.000000
0.000000
0.000000
0.000000
0.000000
0.000000
0.000000
0.000000
0.000000
0.000000
0.000000
0.000000
0.000000
0.000000
0.000000
0.000000
0.000000
0.000000
0.000000
0.000000
0.000000
0.000000
0.000000
0.000000
0.000000
0.000000
0.000000
0.000000
0.000000
0.000000
0.000000
0.000000
0.000000
0.000000
0.000000
0.000000
0.000000
0.000000
0.000000
0.000000
0.000000
0.000000
0.000000
0.000000
0.000000
0.000000
0.000000
0.000000
0.000000
0.000000
0.000000
0.000000
0.000000
0.000000
0.000000
0.000000
0.000000
0.000000
0.000000
0.000000
0.000000
0.000000
0.000000
0.000000
0.000000
0.000000
0.000000
0.000000
0.000000
0.000000
0.000000
0.000000
0.000000
0.000000
0.000000
0.000000
0.000000
0.000000
0.000000
0.000000
0.000000
0.000000
0.000000
0.000000
0.000000
0.000000
0.000000
0.000000
0.000000
0.000000
0.000000
0.000000
0.000000
0.000000
0.000000
0.000000
0.000000
0.000000
0.000000
0.000000
0.000000
0.000000
0.000000
0.000000
0.000000
0.000000
0.000000
0.000000
0.000000
0.000000
0.000000
0.000000
0.000000
0.000000
0.000000
0.000000
0.000000
0.000000
0.000000
0.000000
0.000000
0.000000
0.000000
0.000000
0.000000
0.000000
0.000000
0.000000
0.000000
0.000000
0.000000
0.000000
0.000000
0.000000
0.000000
0.000000
0.000000
0.000000
0.000000
0.000000
0.000000
0.000000
0.000000
0.000000
0.000000
0.000000
0.000000
0.000000
0.000000
0.000000
0.000000
0.000000
0.000000
0.000000
0.000000
0.000000
0.000000
0.000000
0.000000
0.000000
0.000000
0.000000
0.000000
0.000000
0.000000
0.000000
0.000000
0.000000
0.000000
0.000000
0.000000
0.000000
0.000000
0.000000
0.000000
0.000000
0.000000
0.000000
0.000000
0.000000
0.000000
0.000000
0.000000
0.000000
0.000000
0.000000
0.000000
0.000000
0.000000
0.000000
0.000000
0.000000
0.000000
0.000000
0.000000
0.000000
0.000000
0.000000
0.000000
0.000000
0.000000
0.000000
0.000000
0.000000
0.000000
0.000000
0.000000
0.000000
0.000000
0.000000
0.000000
0.000000
0.000000
0.000000
0.000000
0.000000
0.000000
0.000000
0.000000
0.000000
0.000000
0.000000
0.000000
0.000000
0.000000
0.000000
0.000000
0.000000
0.000000
0.000000
0.000000
0.000000
0.000000
0.000000
0.000000
0.000000
0.000000
0.000000
0.000000
0.000000
0.000000
0.000000
0.000000
0.000000
0.000000
0.000000
0.000000
0.000000
0.000000
0.000000
0.000000
0.000000
0.000000
0.000000
0.000000
0.000000
0.000000
0.000000
0.000000
0.000000
0.000000
0.000000
0.000000
0.000000
0.000000
0.000000
0.000000
0.000000
0.000000
0.000000
0.000000
0.000000
0.000000
0.000000
0.000000
0.000000
0.000000
0.000000
0.000000
0.000000
0.000000
0.000000
0.000000
0.000000
0.000000
0.000000
0.000000
0.000000
0.000000
0.000000
0.000000
0.000000
0.000000
0.000000
0.000000
0.000000
0.000000
0.000000
0.000000
0.000000
0.000000
0.000000
0.000000
0.000000
0.000000
0.000000
0.000000
0.000000
0.000000
0.000000
0.000000
0.000000
0.000000
0.000000
0.000000
0.000000
0.000000
0.000000
0.000000
0.000000
0.000000
0.000000
0.000000
0.000000
0.000000
0.000000
0.000000
0.000000
0.000000
0.000000
0.000000
0.000000
0.000000
0.000000
0.000000
0.000000
0.000000
0.000000
0.000000
0.000000
0.000000
0.000000
0.000000
0.000000
0.000000
0.000000
0.000000
0.000000
0.000000
0.000000
0.000000
0.000000
0.000000
0.000000
0.000000
0.000000
0.000000
0.000000
0.000000
0.000000
0.000000
0.000000
0.000000
0.000000
0.000000
0.000000
0.000000
0.000000
0.000000
0.000000
0.000000
0.000000
0.000000
0.000000
0.000000
0.000000
0.000000
0.000000
0.000000
0.000000
0.000000
0.000000
0.000000
0.000000
0.000000
0.000000
0.000000
0.000000
0.000000
0.000000
0.000000
0.000000
0.000000
0.000000
0.000000
0.000000
0.000000
0.000000
0.000000
0.000000
0.000000
0.000000
0.000000
0.000000
0.000000
0.000000
0.000000
0.000000
0.000000
0.000000
0.000000
0.000000
0.000000
0.000000
0.000000
0.000000
0.000000
0.000000
0.000000
0.000000
0.000000
0.000000
0.000000
0.000000
0.000000
0.000000
0.000000
0.000000
0.000000
0.000000
0.000000
0.000000
0.000000
0.000000
0.000000
0.000000
0.000000
0.000000
0.000000
0.000000
0.000000
0.000000
0.000000
0.000000
0.000000
0.000000
0.000000
0.000000
0.000000
0.000000
0.000000
0.000000
0.000000
0.000000
0.000000
0.000000
0.000000
0.000000
0.000000
0.000000
0.000000
0.000000
0.000000
0.000000
0.000000
0.000000
0.000000
0.000000
0.000000
0.000000
0.000000
0.000000
0.000000
0.000000
0.000000
0.000000
0.000000
0.000000
0.000000
0.000000
0.000000
0.000000
0.000000
0.000000
0.000000
0.000000
0.000000
0.000000
0.000000
0.000000
0.000000
0.000000
0.000000
0.000000
0.000000
0.000000
0.000000
0.000000
0.000000
0.000000
0.000000
0.000000
0.000000
0.000000
0.000000
0.000000
0.000000
0.000000
0.000000
0.000000
0.000000
0.000000
0.000000
0.000000
0.000000
0.000000
0.000000
0.000000
0.000000
0.000000
0.000000
0.000000
0.000000
0.000000
0.000000
0.000000
0.000000
0.000000
0.000000
0.000000
0.000000
0.000000
0.000000
0.000000
0.000000
0.000000
0.000000
0.000000
0.000000
0.000000
0.000000
0.000000
0.000000
0.000000
0.000000
0.000000
0.000000
0.000000
0.000000
0.000000
0.000000
0.000000
0.000000
0.000000
0.000000
0.000000
0.000000
0.000000
0.000000
0.000000
0.000000
0.000000
0.000000
0.000000
0.000000
0.000000
0.000000
0.000000
0.000000
0.000000
0.000000
0.000000
0.000000
0.000000
0.000000
0.000000
0.000000
0.000000
0.000000
0.000000
0.000000
0.000000
0.000000
0.000000
0.000000
0.000000
0.000000
0.000000
0.000000
0.000000
0.000000
0.000000
0.000000
0.000000
0.000000
0.000000
0.000000
0.000000
0.000000
0.000000
0.000000
0.000000
0.000000
0.000000
0.000000
0.000000
0.000000
0.000000
0.000000
0.000000
0.000000
0.000000
0.000000
0.000000
0.000000
0.000000
0.000000
0.000000
0.000000
0.000000
0.000000
0.000000
0.000000
0.000000
0.000000
0.000000
0.000000
0.000000
0.000000
0.000000
0.000000
0.000000
0.000000
0.000000
0.000000
0.000000
0.000000
0.000000
0.000000
0.000000
0.000000
0.000000
0.000000
0.000000
0.000000
0.000000
0.000000
0.000000
0.000000
0.000000
0.000000
0.000000
0.000000
0.000000
0.000000
0.000000
0.000000
0.000000
0.000000
0.000000
0.000000
0.000000
0.000000
0.000000
0.000000
0.000000
0.000000
0.000000
0.000000
0.000000
0.000000
0.000000
0.000000
0.000000
0.000000
0.000000
0.000000
0.000000
0.000000
0.000000
0.000000
0.000000
0.000000
0.000000
0.000000
0.000000
0.000000
0.000000
0.000000
0.000000
0.000000
0.000000
0.000000
0.000000
0.000000
0.000000
0.000000
0.000000
0.000000
0.000000
0.000000
0.000000
0.000000
0.000000
0.000000
0.000000
0.000000
0.000000
0.000000
0.000000
0.000000
0.000000
0.000000
0.000000
0.000000
0.000000
0.000000
0.000000
0.000000
0.000000
0.000000
0.000000
0.000000
0.000000
0.000000
0.000000
0.000000
0.000000
0.000000
0.000000
0.000000
0.000000
0.000000
0.000000
0.000000
0.000000
0.000000
0.000000
0.000000
0.000000
0.000000
0.000000
0.000000
0.000000
0.000000
0.000000
0.000000
0.000000
0.000000
0.000000
0.000000
0.000000
0.000000
0.000000
0.000000
0.000000
0.000000
0.000000
0.000000
0.000000
0.000000
0.000000
0.000000
0.000000
0.000000
0.000000
0.000000
0.000000
0.000000
0.000000
0.000000
0.000000
0.000000
0.000000
0.000000
0.000000
0.000000
0.000000
0.000000
0.000000
0.000000
0.000000
0.000000
0.000000
0.000000
0.000000
0.000000
0.000000
0.000000
0.000000
0.000000
0.000000
0.000000
0.000000
0.000000
0.000000
0.000000
0.000000
0.000000
0.000000
0.000000
0.000000
0.000000
0.000000
0.000000
0.000000
0.000000
0.000000
0.000000
0.000000
0.000000
0.000000
0.000000
0.000000
0.000000
0.000000
0.000000
0.000000
0.000000
0.000000
0.000000
0.000000
0.000000
0.000000
0.000000
0.000000
0.000000
0.000000
0.000000
0.000000
0.000000
0.000000
0.000000
0.000000
0.000000
0.000000
0.000000
0.000000
0.000000
0.000000
0.000000
0.000000
0.000000
0.000000
0.000000
0.000000
0.000000
0.000000
0.000000
0.000000
0.000000
0.000000
0.000000
0.000000
0.000000
0.000000
0.000000
0.000000
0.000000
0.000000
0.000000
0.000000
0.000000
0.000000
0.000000
0.000000
0.000000
0.000000
0.000000
0.000000
0.000000
0.000000
0.000000
0.000000
0.000000
0.000000
0.000000
0.000000
0.000000
0.000000
0.000000
0.000000
0.000000
0.000000
0.000000
0.000000
0.000000
0.000000
0.000000
0.000000
0.000000
0.000000
0.000000
0.000000
0.000000
0.000000
0.000000
0.000000
0.000000
0.000000
0.000000
0.000000
0.000000
0.000000
0.000000
0.000000
0.000000
0.000000
0.000000
0.000000
0.000000
0.000000
0.000000
0.000000
0.000000
0.000000
0.000000
0.000000
0.000000
0.000000
0.000000
0.000000
0.000000
0.000000
0.000000
0.000000
0.000000
0.000000
0.000000
0.000000
0.000000
0.000000
0.000000
0.000000
0.000000
0.000000
0.000000
0.000000
0.000000
0.000000
0.000000
0.000000
0.000000
0.000000
0.000000
0.000000
0.000000
0.000000
0.000000
0.000000
0.000000
0.000000
0.000000
0.000000
0.000000
0.000000
0.000000
0.000000
0.000000
0.000000
0.000000
0.000000
0.000000
0.000000
0.000000
0.000000
0.000000
0.000000
0.000000
0.000000
0.000000
0.000000
0.000000
0.000000
0.000000
0.000000
0.000000
0.000000
0.000000
0.000000
0.000000
0.000000
0.000000
0.000000
0.000000
0.000000
0.000000
0.000000
0.000000
0.000000
0.000000
0.000000
0.000000
0.000000
0.000000
0.000000
0.000000
0.000000
0.000000
0.000000
0.000000
0.000000
0.000000
0.000000
0.000000
0.000000
0.000000
0.000000
0.000000
0.000000
0.000000
0.000000
0.000000
0.000000
0.000000
0.000000
0.000000
0.000000
0.000000
0.000000
0.000000
0.000000
0.000000
0.000000
0.000000
0.000000
0.000000
0.000000
0.000000
0.000000
0.000000
0.000000
0.000000
0.000000
0.000000
0.000000
0.000000
0.000000
0.000000
0.000000
0.000000
0.000000
0.000000
0.000000
0.000000
0.000000
0.000000
0.000000
0.000000
0.000000
0.000000
0.000000
0.000000
0.000000
0.000000
0.000000
0.000000
0.000000
0.000000
0.000000
0.000000
0.000000
0.000000
0.000000
0.000000
0.000000
0.000000
0.000000
0.000000
0.000000
0.000000
0.000000
0.000000
0.000000
0.000000
0.000000
0.000000
0.000000
0.000000
0.000000
0.000000
0.000000
0.000000
0.000000
0.000000
0.000000
0.000000
0.000000
0.000000
0.000000
0.000000
0.000000
0.000000
0.000000
0.000000
0.000000
0.000000
0.000000
0.000000
0.000000
0.000000
0.000000
0.000000
0.000000
0.000000
0.000000
0.000000
0.000000
0.000000
0.000000
0.000000
0.000000
0.000000
0.000000
0.000000
0.000000
0.000000
0.000000
0.000000
0.000000
0.000000
0.000000
0.000000
0.000000
0.000000
0.000000
0.000000
0.000000
0.000000
0.000000
0.000000
0.000000
0.000000
0.000000
0.000000
0.000000
0.000000
0.000000
0.000000
0.000000
0.000000
0.000000
0.000000
0.000000
0.000000
0.000000
0.000000
0.000000
0.000000
0.000000
0.000000
0.000000
0.000000
0.000000
0.000000
0.000000
0.000000
0.000000
0.000000
0.000000
0.000000
0.000000
0.000000
0.000000
0.000000
0.000000
0.000000
0.000000
0.000000
0.000000
0.000000
0.000000
0.000000
0.000000
0.000000
0.000000
0.000000
0.000000
0.000000
0.000000
0.000000
0.000000
0.000000
0.000000
0.000000
0.000000
0.000000
0.000000
0.000000
0.000000
0.000000
0.000000
0.000000
0.000000
0.000000
0.000000
0.000000
0.000000
0.000000
0.000000
0.000000
0.000000
0.000000
0.000000
0.000000
0.000000
0.000000
0.000000
0.000000
0.000000
0.000000
0.000000
0.000000
0.000000
0.000000
0.000000
0.000000
0.000000
0.000000
0.000000
0.000000
0.000000
0.000000
0.000000
0.000000
0.000000
0.000000
0.000000
0.000000
0.000000
0.000000
0.000000
0.000000
0.000000
0.000000
0.000000
0.000000
0.000000
0.000000
0.000000
0.000000
0.000000
0.000000
0.000000
0.000000
0.000000
0.000000
0.000000
0.000000
0.000000
0.000000
0.000000
0.000000
0.000000
0.000000
0.000000
0.000000
0.000000
0.000000
0.000000
0.000000
0.000000
0.000000
0.000000
0.000000
0.000000
0.000000
0.000000
0.000000
0.000000
0.000000
0.000000
0.000000
0.000000
0.000000
0.000000
0.000000
0.000000
0.000000
0.000000
0.000000
0.000000
0.000000
0.000000
0.000000
0.000000
0.000000
0.000000
0.000000
0.000000
0.000000
0.000000
0.000000
0.000000
0.000000
0.000000
0.000000
0.000000
0.000000
0.000000
0.000000
0.000000
0.000000
0.000000
0.000000
0.000000
0.000000
0.000000
0.000000
0.000000
0.000000
0.000000
0.000000
0.000000
0.000000
0.000000
0.000000
0.000000
0.000000
0.000000
0.000000
0.000000
0.000000
0.000000
0.000000
0.000000
0.000000
0.000000
0.000000
0.000000
0.000000
0.000000
0.000000
0.000000
0.000000
0.000000
0.000000
0.000000
0.000000
0.000000
0.000000
0.000000
0.000000
0.000000
0.000000
0.000000
0.000000
0.000000
0.000000
0.000000
0.000000
0.000000
0.000000
0.000000
0.000000
0.000000
0.000000
0.000000
0.000000
0.000000
0.000000
0.000000
0.000000
0.000000
0.000000
0.000000
0.000000
0.000000
0.000000
0.000000
0.000000
0.000000
0.000000
0.000000
0.000000
0.000000
0.000000
0.000000
0.000000
0.000000
0.000000
0.000000
0.000000
0.000000
0.000000
0.000000
0.000000
0.000000
0.000000
0.000000
0.000000
0.000000
0.000000
0.000000
0.000000
0.000000
0.000000
0.000000
0.000000
0.000000
0.000000
0.000000
0.000000
0.000000
0.000000
0.000000
0.000000
0.000000
0.000000
0.000000
0.000000
0.000000
0.000000
0.000000
0.000000
0.000000
0.000000
0.000000
0.000000
0.000000
0.000000
0.000000
0.000000
0.000000
0.000000
0.000000
0.000000
0.000000
0.000000
0.000000
0.000000
0.000000
0.000000
0.000000
0.000000
0.000000
0.000000
0.000000
0.000000
0.000000
0.000000
0.000000
0.000000
0.000000
0.000000
0.000000
0.000000
0.000000
0.000000
0.000000
0.000000
0.000000
0.000000
0.000000
0.000000
0.000000
0.000000
0.000000
0.000000
0.000000
0.000000
0.000000
0.000000
0.000000
0.000000
0.000000
0.000000
0.000000
0.000000
0.000000
0.000000
0.000000
0.000000
0.000000
0.000000
0.000000
0.000000
0.000000
0.000000
0.000000
0.000000
0.000000
0.000000
0.000000
0.000000
0.000000
0.000000
0.000000
0.000000
0.000000
0.000000
0.000000
0.000000
0.000000
0.000000
0.000000
0.000000
0.000000
0.000000
0.000000
0.000000
0.000000
0.000000
0.000000
0.000000
0.000000
0.000000
0.000000
0.000000
0.000000
0.000000
0.000000
0.000000
0.000000
0.000000
0.000000
0.000000
0.000000
0.000000
0.000000
0.000000
0.000000
0.000000
0.000000
0.000000
0.000000
0.000000
0.000000
0.000000
0.000000
0.000000
0.000000
0.000000
0.000000
0.000000
0.000000
0.000000
0.000000
0.000000
0.000000
0.000000
0.000000
0.000000
0.000000
0.000000
0.000000
0.000000
0.000000
0.000000
0.000000
0.000000
0.000000
0.000000
0.000000
0.000000
0.000000
0.000000
0.000000
0.000000
0.000000
0.000000
0.000000
0.000000
0.000000
0.000000
0.000000
0.000000
0.000000
0.000000
0.000000
0.000000
0.000000
0.000000
0.000000
0.000000
0.000000
0.000000
0.000000
0.000000
0.000000
0.000000
0.000000
0.000000
0.000000
0.000000
0.000000
0.000000
0.000000
0.000000
0.000000
0.000000
0.000000
0.000000
0.000000
0.000000
0.000000
0.000000
0.000000
0.000000
0.000000
0.000000
0.000000
0.000000
0.000000
0.000000
0.000000
0.000000
0.000000
0.000000
0.000000
0.000000
0.000000
0.000000
0.000000
0.000000
0.000000
0.000000
0.000000
0.000000
0.000000
0.000000
0.000000
0.000000
0.000000
0.000000
0.000000
0.000000
0.000000
0.000000
0.000000
0.000000
0.000000
0.000000
0.000000
0.000000
0.000000
0.000000
0.000000
0.000000
0.000000
0.000000
0.000000
0.000000
0.000000
0.000000
0.000000
0.000000
0.000000
0.000000
0.000000
0.000000
0.000000
0.000000
0.000000
0.000000
0.000000
0.000000
0.000000
0.000000
0.000000
0.000000
0.000000
0.000000
0.000000
0.000000
0.000000
0.000000
0.000000
0.000000
0.000000
0.000000
0.000000
0.000000
0.000000
0.000000
0.000000
0.000000
0.000000
0.000000
0.000000
0.000000
0.000000
0.000000
0.000000
0.000000
0.000000
0.000000
0.000000
0.000000
0.000000
0.000000
0.000000
0.000000
0.000000
0.000000
0.000000
0.000000
0.000000
0.000000
0.000000
0.000000
0.000000
0.000000
0.000000
0.000000
0.000000
0.000000
0.000000
0.000000
0.000000
0.000000
0.000000
0.000000
0.000000
0.000000
0.000000
0.000000
0.000000
0.000000
0.000000
0.000000
0.000000
0.000000
0.000000
0.000000
0.000000
0.000000
0.000000
0.000000
0.000000
0.000000
0.000000
0.000000
0.000000
0.000000
0.000000
0.000000
0.000000
0.000000
0.000000
0.000000
0.000000
0.000000
0.000000
0.000000
0.000000
0.000000
0.000000
0.000000
0.000000
0.000000
0.000000
0.000000
0.000000
0.000000
0.000000
0.000000
0.000000
0.000000
0.000000
0.000000
0.000000
0.000000
0.000000
0.000000
0.000000
0.000000
0.000000
0.000000
0.000000
0.000000
0.000000
0.000000
0.000000
0.000000
0.000000
0.000000
0.000000
0.000000
0.000000
0.000000
0.000000
0.000000
0.000000
0.000000
0.000000
0.000000
0.000000
0.000000
0.000000
0.000000
0.000000
0.000000
0.000000
0.000000
0.000000
0.000000
0.000000
0.000000
0.000000
0.000000
0.000000
0.000000
0.000000
0.000000
0.000000
0.000000
0.000000
0.000000
0.000000
0.000000
0.000000
0.000000
0.000000
0.000000
0.000000
0.000000
0.000000
0.000000
0.000000
0.000000
0.000000
0.000000
0.000000
0.000000
0.000000
0.000000
0.000000
0.000000
0.000000
0.000000
0.000000
0.000000
0.000000
0.000000
0.000000
0.000000
0.000000
0.000000
0.000000
0.000000
0.000000
0.000000
0.000000
0.000000
0.000000
0.000000
0.000000
0.000000
0.000000
0.000000
0.000000
0.000000
0.000000
0.000000
0.000000
0.000000
0.000000
0.000000
0.000000
0.000000
0.000000
0.000000
0.000000
0.000000
0.000000
0.000000
0.000000
0.000000
0.000000
0.000000
0.000000
0.000000
0.000000
0.000000
0.000000
0.000000
0.000000
0.000000
0.000000
0.000000
0.000000
0.000000
0.000000
0.000000
0.000000
0.000000
0.000000
0.000000
0.000000
0.000000
0.000000
0.000000
0.000000
0.000000
0.000000
0.000000
0.000000
0.000000
0.000000
0.000000
0.000000
0.000000
0.000000
0.000000
0.000000
0.000000
0.000000
0.000000
0.000000
0.000000
0.000000
0.000000
0.000000
0.000000
0.000000
0.000000
0.000000
0.000000
0.000000
0.000000
0.000000
0.000000
0.000000
0.000000
0.000000
0.000000
0.000000
0.000000
0.000000
0.000000
0.000000
0.000000
0.000000
0.000000
0.000000
0.000000
0.000000
0.000000
0.000000
0.000000
0.000000
0.000000
0.000000
0.000000
0.000000
0.000000
0.000000
0.000000
0.000000
0.000000
0.000000
0.000000
0.000000
0.000000
0.000000
0.000000
0.000000
0.000000
0.000000
0.000000
0.000000
0.000000
0.000000
0.000000
0.000000
0.000000
0.000000
0.000000
0.000000
0.000000
0.000000
0.000000
0.000000
0.000000
0.000000
0.000000
0.000000
0.000000
0.000000
0.000000
0.000000
0.000000
0.000000
0.000000
0.000000
0.000000
0.000000
0.000000
0.000000
0.000000
0.000000
0.000000
0.000000
0.000000
0.000000
0.000000
0.000000
0.000000
0.000000
