2.699999
2.699999
2.699999
2.699999
2.699999
2.699999
2.699999
2.699999
2.699999
2.699999
2.699999
2.699999
2.699999
2.699999
2.699999
2.699999
2.699999
2.699999
2.699999
2.699999
2.699999
2.699999
2.699999
2.699999
2.699999
2.699999
2.699999
2.699999
2.699999
2.699999
2.699999
2.699999
2.699999
2.699999
2.699999
2.699999
2.558253
2.538011
2.517803
2.497520
2.477214
2.456922
2.436590
2.416265
2.395969
2.375662
2.355289
2.334908
2.314489
2.294055
2.273631
2.253262
2.232891
2.212450
2.191970
2.171487
2.151021
2.130610
2.110322
2.090079
2.069912
2.049831
2.029825
2.007344
1.984843
1.964774
1.944551
1.924231
1.903885
1.883525
1.863161
1.842846
1.822532
1.802142
1.781765
1.761468
1.741094
1.720662
1.700000
1.600000
1.500000
1.400000
1.400000
1.400000
1.400000
1.400000
1.400000
1.400000
1.400000
1.400000
1.400000
1.400000
1.400000
1.400000
1.600000
1.700000
1.584387
1.562710
1.540437
1.520068
1.500000
1.400000
1.400000
1.400000
1.400000
1.400000
1.400000
1.400000
1.400000
1.400000
1.400000
1.500000
1.500000
1.500000
1.600000
1.700000
1.700000
1.700000
1.700000
1.700000
1.900000
2.000000
2.000000
2.000000
2.200000
2.230517
2.210293
2.190008
2.169673
2.149338
2.128913
2.108491
2.088184
2.067904
2.047596
2.027292
2.006963
1.986571
1.966236
1.945987
1.925740
1.905456
1.885096
1.864640
1.844145
1.823709
1.803349
1.782990
1.762624
1.741675
1.720651
1.700000
1.600000
1.600000
1.600000
1.600000
1.500000
1.500000
1.400000
1.400000
1.400000
1.400000
1.400000
1.400000
1.400000
1.400000
1.400000
1.400000
1.400000
1.400000
1.400000
1.400000
1.400000
1.400000
1.500000
1.500000
1.600000
1.600000
1.600000
1.600000
1.700000
1.700000
1.700000
1.700000
1.800000
1.900000
1.950323
2.000792
2.200000
2.200000
2.308590
2.288384
2.268175
2.247879
2.227551
2.207255
2.186979
2.166712
2.146502
2.126305
2.106027
2.085719
2.065400
2.045083
2.024805
2.004605
1.984374
1.964066
1.943757
1.923442
1.903136
1.882861
1.862634
1.842338
1.821989
1.801632
1.781288
1.760950
1.740581
1.720210
1.700000
1.700000
1.700000
1.700000
1.600000
1.600000
1.600000
1.600000
1.500000
1.500000
1.700000
1.700000
1.821838
1.801479
1.781224
1.761011
1.740812
1.720409
1.700000
1.700000
1.700000
1.600000
1.600000
1.600000
1.600000
1.500000
1.500000
1.600000
1.700000
1.900000
1.800000
2.000000
1.865098
1.842718
1.820250
1.800000
1.700000
1.600000
1.500000
1.500000
1.600000
1.600000
1.600000
1.500000
1.400000
1.400000
1.400000
1.400000
1.400000
1.400000
1.400000
1.400000
1.400000
1.400000
1.400000
1.400000
1.400000
1.600000
1.600000
1.700000
1.700000
1.820857
1.800781
1.780603
1.760426
1.740296
1.720253
1.700000
1.600000
1.500000
1.500000
1.500000
1.400000
1.500000
1.500000
1.400000
1.400000
1.400000
1.500000
1.600000
1.700000
1.800000
1.900000
1.780965
1.760881
1.740752
1.720378
1.700000
1.700000
1.600000
1.600000
1.600000
1.600000
1.500000
1.500000
1.500000
1.500000
1.400000
1.400000
1.400000
1.400000
1.400000
1.400000
1.400000
1.400000
1.400000
1.400000
1.400000
1.500000
1.600000
1.700000
1.821430
1.801221
1.781008
1.760768
1.740563
1.720312
1.700000
1.700000
1.700000
1.700000
1.600000
1.600000
1.500000
1.500000
1.400000
1.400000
1.400000
1.400000
1.500000
1.600000
1.700000
1.700000
1.900000
1.782633
1.760289
1.740227
1.720033
1.700000
1.700000
1.600000
1.600000
1.600000
1.600000
1.500000
1.500000
1.500000
1.400000
1.400000
1.400000
1.400000
1.400000
1.400000
1.400000
1.400000
1.400000
1.400000
1.400000
1.400000
1.400000
1.500000
1.600000
1.700000
1.700000
1.750207
1.860514
1.840454
1.820238
1.800000
1.700000
1.700000
1.700000
1.600000
1.600000
1.600000
1.600000
1.700000
1.700000
1.800000
1.801241
1.781092
1.761027
1.740495
1.720165
1.700000
1.700000
1.700000
1.700000
1.600000
1.600000
1.600000
1.600000
1.700000
1.800000
1.820925
1.800837
1.780780
1.760643
1.740447
1.720239
1.700000
1.700000
1.700000
1.700000
1.600000
1.600000
1.600000
1.600000
1.700000
1.800000
1.803168
1.783139
1.760714
1.740617
1.720394
1.700000
1.700000
1.700000
1.600000
1.600000
1.600000
1.500000
1.500000
1.500000
1.500000
1.400000
1.400000
1.400000
1.400000
1.400000
1.400000
1.400000
1.400000
1.400000
1.400000
1.400000
1.400000
1.400000
1.400000
1.455468
1.506343
1.557661
1.609055
1.660206
1.820207
1.800000
1.700000
1.700000
1.700000
1.700000
1.600000
1.600000
1.600000
1.600000
1.700000
1.800000
1.800415
1.780407
1.760400
1.740329
1.720222
1.700000
1.700000
1.700000
1.600000
1.600000
1.500000
1.500000
1.500000
1.500000
1.600000
1.700000
1.700000
1.700000
1.905398
1.882994
1.862787
1.842484
1.822461
1.800000
1.700000
1.600000
1.600000
1.600000
1.500000
1.500000
1.600000
1.600000
1.700000
1.700000
1.800000
1.801135
1.781069
1.760994
1.740945
1.720552
1.700000
1.700000
1.600000
1.600000
1.500000
1.500000
1.500000
1.500000
1.400000
1.400000
1.400000
1.400000
1.400000
1.400000
1.400000
1.400000
1.400000
1.400000
1.400000
1.400000
1.400000
1.400000
1.400000
1.300000
1.300000
1.300000
1.300000
1.300000
1.300000
1.300000
1.300000
1.300000
1.300000
1.300000
1.300000
1.400000
1.400000
1.400000
1.400000
1.400000
1.400000
1.500000
1.600000
1.600000
1.600000
1.700000
1.700000
1.700000
1.800000
1.900000
2.000000
2.200000
2.200000
2.183883
2.163502
2.143155
2.122838
2.102483
2.081970
2.061389
2.040857
2.020375
2.000000
2.000000
1.900000
2.000000
1.900000
1.800000
1.800000
1.800000
1.800000
1.800000
1.800000
1.800000
1.800000
1.900000
2.000000
2.020244
2.000000
1.900000
1.900000
2.000000
2.200000
2.200000
2.200000
2.200000
2.200000
2.200000
2.240756
2.220444
2.200000
2.200000
2.200000
2.200000
2.060638
2.040345
2.020095
2.000000
2.000000
1.900000
1.800000
1.840609
1.820327
1.800000
1.800000
1.700000
1.700000
1.700000
1.700000
1.700000
1.700000
1.700000
1.700000
1.700000
1.800000
1.800000
1.800000
1.800000
1.800000
1.900000
1.900000
1.800000
1.800000
1.800000
1.900000
1.900000
1.900000
1.800000
1.800000
1.900000
1.900000
1.900000
1.900000
1.900000
1.900000
2.000000
2.200000
2.200000
2.200000
2.061144
2.040687
2.020302
2.000000
1.900000
1.900000
1.900000
1.900000
1.900000
1.800000
1.900000
1.900000
1.900000
1.900000
1.800000
1.800000
1.800000
1.900000
1.900000
1.800000
1.800000
1.800000
1.700000
1.800000
1.800000
1.800000
1.800000
1.700000
1.800000
1.800000
1.800000
1.900000
2.000000
1.900000
1.900000
1.900000
1.900000
1.900000
1.900000
1.900000
1.900000
1.900000
1.900000
1.900000
1.900000
1.800000
1.800000
1.800000
1.800000
1.900000
1.800000
1.800000
1.700000
1.700000
1.700000
1.800000
1.862510
1.842468
1.820023
1.800000
1.800000
1.900000
1.900000
1.820235
1.800000
1.800000
1.700000
1.700000
1.700000
1.800000
1.900000
2.000000
2.000000
2.044171
2.023782
2.003353
1.982984
1.962660
1.942362
1.922108
1.901788
1.881393
1.860987
1.840643
1.820343
1.800000
1.900000
1.900000
1.900000
1.800000
1.800000
1.800000
1.800000
1.800000
1.800000
1.700000
1.700000
1.800000
1.800000
1.900000
1.800000
1.800000
1.800000
1.800000
1.900000
1.900000
1.900000
1.800000
1.800000
1.700000
1.700000
1.900000
1.900000
1.900000
2.000000
2.000000
2.000000
2.000000
1.900000
1.900000
1.951006
2.060966
2.040702
2.020394
2.000000
1.900000
1.900000
1.800000
1.800000
1.800000
1.700000
1.700000
1.700000
1.700000
1.800000
1.800000
1.800000
1.800000
1.900000
1.900000
1.900000
2.000000
2.000000
2.000000
2.040421
2.020189
2.000000
1.900000
1.900000
1.800000
1.900000
1.800000
1.800000
1.800000
1.800000
1.800000
1.800000
1.800000
1.800000
1.800000
1.800000
1.800000
1.900000
1.900000
1.900000
2.000000
1.862977
1.842531
1.822140
1.801838
1.781538
1.761210
1.740899
1.720425
1.700000
1.700000
1.600000
1.500000
1.400000
1.400000
1.400000
1.400000
1.400000
1.400000
1.400000
1.400000
1.400000
1.400000
1.400000
1.300000
1.300000
1.300000
1.300000
1.300000
1.300000
1.300000
1.300000
1.300000
1.300000
1.300000
1.300000
1.400000
1.400000
1.400000
1.400000
1.400000
1.400000
1.500000
1.600000
1.600000
1.700000
1.700000
1.700000
1.900000
1.951107
2.002173
2.183697
2.163380
2.143078
2.122696
2.102304
2.081933
2.061457
2.041010
2.020624
2.000000
1.900000
1.900000
1.800000
1.800000
1.800000
1.800000
1.900000
1.900000
1.800000
1.700000
1.700000
1.700000
1.700000
1.700000
1.700000
1.700000
1.700000
1.700000
1.700000
1.700000
1.700000
1.700000
1.800000
1.800000
1.800000
1.800000
1.800000
1.800000
1.800000
1.800000
1.800000
1.800000
1.700000
1.700000
1.700000
1.700000
1.700000
1.700000
1.700000
1.700000
1.700000
1.700000
1.700000
1.700000
1.700000
1.700000
1.700000
1.700000
1.700000
1.700000
1.700000
1.700000
1.700000
1.700000
1.700000
1.700000
1.700000
1.700000
1.700000
1.700000
1.700000
1.700000
1.700000
1.700000
1.700000
1.700000
1.700000
1.700000
1.800000
1.800000
1.700000
1.700000
1.700000
1.700000
1.700000
1.700000
1.700000
1.700000
1.700000
1.700000
1.700000
1.700000
1.700000
1.800000
1.800000
1.700000
1.700000
1.700000
1.700000
1.700000
1.800000
1.700000
1.700000
1.700000
1.700000
1.700000
1.700000
1.700000
1.700000
1.700000
1.700000
1.700000
1.700000
1.700000
1.700000
1.700000
1.700000
1.700000
1.700000
1.700000
1.700000
1.700000
1.700000
1.700000
1.700000
1.700000
1.700000
1.700000
1.700000
1.700000
1.700000
1.700000
1.700000
1.700000
1.700000
1.700000
1.700000
1.700000
1.700000
1.700000
1.700000
1.700000
1.700000
1.700000
1.800000
1.900000
1.900000
1.800000
1.800000
1.800000
1.800000
1.800000
1.800000
1.700000
1.700000
1.700000
1.700000
1.700000
1.700000
1.700000
1.700000
1.700000
1.700000
1.700000
1.700000
1.700000
1.700000
1.700000
1.700000
1.700000
1.700000
1.700000
1.700000
1.700000
1.700000
1.700000
1.700000
1.700000
1.700000
1.700000
1.700000
1.700000
1.700000
1.700000
1.700000
1.700000
1.800000
1.700000
1.564778
1.544579
1.524337
1.504062
1.483590
1.463301
1.442938
1.422447
1.400000
1.400000
1.400000
1.400000
1.400000
1.400000
1.400000
1.400000
1.400000
1.400000
1.400000
1.400000
1.400000
1.400000
1.300000
1.300000
1.300000
1.300000
1.300000
1.300000
1.300000
1.300000
1.300000
1.300000
1.300000
1.400000
1.400000
1.400000
1.400000
1.400000
1.500000
1.600000
1.600000
1.700000
1.800000
1.856208
1.906435
2.122192
2.101923
2.081700
2.061465
2.041130
2.020608
2.000000
1.900000
1.800000
1.700000
1.700000
1.700000
1.700000
1.700000
1.700000
1.700000
1.700000
1.700000
1.700000
1.700000
1.700000
1.700000
1.700000
1.700000
1.700000
1.700000
1.700000
1.700000
1.700000
1.700000
1.700000
1.700000
1.700000
1.700000
1.700000
1.700000
1.700000
1.700000
1.700000
1.700000
1.700000
1.700000
1.700000
1.600000
1.600000
1.600000
1.700000
1.700000
1.700000
1.700000
1.700000
1.700000
1.700000
1.600000
1.600000
1.600000
1.600000
1.600000
1.700000
1.700000
1.700000
1.700000
1.700000
1.700000
1.700000
1.600000
1.600000
1.700000
1.700000
1.700000
1.700000
1.700000
1.700000
1.700000
1.700000
1.700000
1.700000
1.700000
1.600000
1.600000
1.600000
1.600000
1.600000
1.700000
1.700000
1.700000
1.700000
1.700000
1.700000
1.700000
1.700000
1.700000
1.700000
1.700000
1.700000
1.700000
1.700000
1.700000
1.600000
1.600000
1.600000
1.600000
1.600000
1.700000
1.700000
1.700000
1.600000
1.600000
1.700000
1.700000
1.700000
1.700000
1.700000
1.700000
1.700000
1.600000
1.600000
1.600000
1.600000
1.500000
1.400000
1.400000
1.400000
1.400000
1.400000
1.400000
1.400000
1.400000
1.400000
1.400000
1.400000
1.400000
1.400000
1.400000
1.400000
1.400000
1.400000
1.400000
1.400000
1.400000
1.400000
1.400000
1.400000
1.400000
1.300000
1.300000
1.300000
1.300000
1.400000
1.400000
1.400000
1.400000
1.500000
1.526788
1.504738
1.482694
1.462641
1.440463
1.420098
1.400000
1.400000
1.400000
1.400000
1.400000
1.400000
1.400000
1.400000
1.400000
1.400000
1.400000
1.400000
1.400000
1.300000
1.300000
1.300000
1.300000
1.300000
1.300000
1.300000
1.400000
1.400000
1.400000
1.400000
1.400000
1.400000
1.400000
1.500000
1.600000
1.600000
1.700000
1.700000
1.700000
1.700000
1.800000
1.900000
1.900000
2.000000
2.200000
2.200000
2.250750
2.440340
2.420214
2.400000
2.400000
2.430108
2.409845
2.389661
2.369549
2.349422
2.329183
2.308790
2.288337
2.267947
2.247695
2.227586
2.207534
2.187410
2.167242
2.147076
2.126947
2.106853
2.086743
2.066564
2.046259
2.025849
2.005471
1.985110
1.964820
1.944607
1.924327
1.903938
1.883486
1.863086
1.842723
1.822436
1.802215
1.781904
1.761439
1.740912
1.720497
1.700000
1.600000
1.500000
1.400000
1.400000
1.400000
1.400000
1.400000
1.400000
1.400000
1.300000
1.300000
1.300000
1.300000
1.300000
1.300000
1.300000
1.300000
1.300000
1.300000
1.300000
1.300000
1.300000
1.300000
1.300000
1.400000
1.400000
1.400000
1.500000
1.524232
1.504219
1.481770
1.461755
1.441245
1.420654
1.400000
1.400000
1.400000
1.400000
1.400000
1.400000
1.400000
1.400000
1.400000
1.400000
1.400000
1.500000
1.600000
1.600000
1.700000
1.700000
1.700000
1.700000
1.700000
1.800000
1.900000
2.000000
2.000000
2.200000
2.200000
2.220184
2.200000
2.105862
2.085675
2.065557
2.045445
2.025316
2.005156
1.984911
1.964591
1.944286
1.924025
1.903775
1.883501
1.863204
1.842844
1.822439
1.802095
1.781809
1.761550
1.741265
1.720832
1.700000
1.600000
1.500000
1.400000
1.400000
1.400000
1.400000
1.400000
1.400000
1.400000
1.600000
1.522231
1.501951
1.481604
1.461420
1.440879
1.420389
1.400000
1.400000
1.400000
1.400000
1.400000
1.400000
1.400000
1.400000
1.400000
1.400000
1.400000
1.400000
1.400000
1.400000
1.400000
1.400000
1.400000
1.400000
1.455439
1.603641
1.583501
1.561011
1.540504
1.520208
1.500000
1.400000
1.400000
1.400000
1.400000
1.400000
1.547813
1.527426
1.506432
1.485441
1.464989
1.442567
1.422178
1.400000
1.400000
1.400000
1.400000
1.400000
1.400000
1.400000
1.400000
1.500000
1.700000
1.660791
1.640632
1.620450
1.600000
1.500000
1.400000
1.400000
1.500000
1.600000
1.740610
1.720301
1.700000
1.600000
1.600000
1.500000
1.400000
1.400000
1.400000
1.400000
1.400000
1.400000
1.400000
1.400000
1.400000
1.400000
1.400000
1.300000
1.300000
1.400000
1.400000
1.400000
1.400000
1.400000
1.400000
1.400000
1.400000
1.600000
1.600000
1.600000
1.500000
1.400000
1.400000
1.400000
1.400000
1.400000
1.400000
1.400000
1.400000
1.400000
1.300000
1.300000
1.300000
1.300000
1.300000
1.400000
1.400000
1.400000
1.300000
1.400000
1.400000
1.400000
1.400000
1.500000
1.600000
1.700000
1.661841
1.641119
1.620611
1.600000
1.500000
1.400000
1.400000
1.400000
1.400000
1.400000
1.400000
1.400000
1.400000
1.400000
1.400000
1.300000
1.300000
1.300000
1.300000
1.300000
1.300000
1.300000
1.300000
1.300000
1.300000
1.300000
1.300000
1.300000
1.300000
1.300000
1.300000
1.300000
1.300000
1.300000
1.300000
1.300000
1.300000
1.300000
1.400000
1.400000
1.400000
1.500000
1.504634
1.482206
1.461495
1.441274
1.420763
1.400000
1.400000
1.400000
1.400000
1.400000
1.400000
1.400000
1.400000
1.400000
1.400000
1.400000
1.300000
1.300000
1.300000
1.300000
1.300000
1.300000
1.300000
1.300000
1.300000
1.300000
1.300000
1.300000
1.300000
1.300000
1.300000
1.300000
1.300000
1.300000
1.300000
1.300000
1.300000
1.300000
1.400000
1.400000
1.400000
1.451409
1.602439
1.582248
1.561911
1.541385
1.520916
1.500000
1.400000
1.400000
1.400000
1.400000
1.400000
1.400000
1.400000
1.400000
1.400000
1.400000
1.400000
1.400000
1.400000
1.400000
1.400000
1.400000
1.400000
1.400000
1.400000
1.500000
1.500000
1.500000
1.400000
1.400000
1.400000
1.400000
1.400000
1.400000
1.400000
1.400000
1.400000
1.400000
1.400000
1.400000
1.400000
1.400000
1.400000
1.400000
1.400000
1.400000
1.400000
1.500000
1.600000
1.600000
1.600000
1.600000
1.700000
1.700000
1.700000
1.700000
1.700000
1.900000
1.950512
2.001271
2.200000
2.220190
2.200000
2.400000
2.450263
2.500657
2.699999
2.699999
2.699999
2.699999
2.699999
2.699999
2.699999
2.699999
2.699999
2.699999
2.699999
2.699999
2.699999
2.699999
2.699999
2.699999
2.699999
2.699999
2.699999
2.699999
2.699999
2.699999
2.699999
2.699999
2.699999
2.699999
2.699999
2.699999
2.699999
2.699999
2.699999
2.699999
2.699999
2.699999
2.699999
2.699999
2.699999
2.699999
2.699999
2.699999
2.699999
2.699999
2.699999
2.699999
2.699999
2.699999
2.699999
2.699999
2.699999
2.699999
2.699999
2.699999
2.699999
2.699999
2.699999
2.699999
2.699999
2.699999
2.699999
2.699999
2.699999
2.699999
2.699999
2.699999
2.699999
2.699999
2.699999
2.699999
2.699999
2.699999
2.699999
2.699999
2.699999
2.699999
2.699999
2.699999
2.699999
2.699999
2.699999
2.699999
2.699999
2.699999
2.699999
2.699999
2.699999
2.564579
2.544266
2.523913
2.503581
2.483414
2.463288
2.443190
2.423138
2.403043
2.382869
2.362667
2.342488
2.322231
2.301948
2.281647
2.261258
2.240811
2.220377
2.200000
2.227480
2.207092
2.186737
2.166298
2.145864
2.125573
2.105338
2.085084
2.064853
2.044592
2.024241
2.003875
1.983580
1.963261
1.942925
1.922613
1.902256
1.881861
1.861517
1.841214
1.820738
1.800000
1.700000
1.600000
1.500000
1.400000
1.400000
1.400000
1.400000
1.400000
1.400000
1.400000
1.400000
1.400000
1.400000
1.400000
1.300000
1.300000
1.300000
1.300000
1.300000
1.300000
1.300000
1.300000
1.300000
1.300000
1.300000
1.300000
1.300000
1.300000
1.300000
1.300000
1.300000
1.300000
1.400000
1.400000
1.400000
1.400000
1.450557
1.586249
1.564394
1.542452
1.520124
1.500000
1.400000
1.400000
1.400000
1.400000
1.400000
1.400000
1.400000
1.400000
1.400000
1.300000
1.300000
1.300000
1.300000
1.400000
1.400000
1.300000
1.300000
1.300000
1.300000
1.400000
1.400000
1.400000
1.524518
1.504033
1.481557
1.461040
1.440615
1.420396
1.400000
1.400000
1.400000
1.400000
1.400000
1.400000
1.400000
1.400000
1.400000
1.300000
1.300000
1.300000
1.400000
1.400000
1.300000
1.300000
1.300000
1.300000
1.300000
1.300000
1.300000
1.300000
1.300000
1.300000
1.300000
1.300000
1.300000
1.400000
1.400000
1.400000
1.400000
1.400000
1.400000
1.500000
1.500000
1.600000
1.700000
1.700000
1.700000
1.700000
1.700000
1.800000
2.000000
1.900000
1.900000
2.000000
2.200000
2.240923
2.220468
2.200000
2.200000
2.200000
2.200000
2.357852
2.337610
2.317306
2.296955
2.276592
2.256404
2.236291
2.216173
2.195966
2.175683
2.155185
2.134732
2.114515
2.094334
2.074013
2.053629
2.033319
2.013073
1.992925
1.972922
1.950454
1.930354
1.910085
1.889725
1.869319
1.848996
1.828755
1.808458
1.788058
1.767574
1.747084
1.726646
1.706303
1.686038
1.665725
1.645266
1.624782
1.604329
1.583945
1.563665
1.543419
1.523053
1.502537
1.481802
1.460886
1.440732
1.420111
1.400000
1.400000
1.400000
1.400000
1.400000
1.400000
1.400000
1.400000
1.400000
1.400000
1.400000
1.400000
1.400000
1.400000
1.300000
1.300000
1.300000
1.300000
1.300000
1.300000
1.300000
1.300000
1.300000
1.300000
1.400000
1.400000
1.400000
1.400000
1.400000
1.400000
1.400000
1.500000
1.600000
1.600000
1.700000
1.700000
1.700000
1.700000
1.700000
1.800000
1.800000
1.900000
2.000000
2.200000
2.212471
2.192149
2.171881
2.151505
2.131041
2.110559
2.090028
2.069601
2.049316
2.028955
2.008481
1.988010
1.967517
1.946997
1.926628
1.906443
1.886247
1.866050
1.845882
1.825748
1.805620
1.785603
1.765584
1.745432
1.725205
1.704901
1.684470
1.664060
1.643777
1.623500
1.603147
1.582725
1.562008
1.541111
1.520488
1.500000
1.400000
1.400000
1.400000
1.400000
1.400000
1.400000
1.400000
1.400000
1.400000
1.300000
1.300000
1.300000
1.300000
1.300000
1.300000
1.300000
1.300000
1.300000
1.300000
1.300000
1.300000
1.300000
1.300000
1.300000
1.400000
1.400000
1.400000
1.400000
1.400000
1.400000
1.500000
1.600000
1.600000
1.600000
1.700000
1.700000
1.700000
1.700000
1.700000
1.800000
1.800000
1.700000
1.900000
1.903260
1.882995
1.862259
1.841460
1.820811
1.800000
1.852028
1.904272
1.955917
2.006932
2.207360
2.187154
2.166844
2.146525
2.126173
2.105897
2.085715
2.065509
2.045201
2.024868
2.004519
1.984192
1.964005
1.943895
1.923693
1.903409
1.883101
1.862748
1.842449
1.822284
1.802132
1.781881
1.761490
1.740883
1.720334
1.700000
1.700000
1.600000
1.500000
1.500000
1.500000
1.500000
1.400000
1.400000
1.400000
1.400000
1.400000
1.400000
1.400000
1.400000
1.400000
1.400000
1.400000
1.400000
1.400000
1.400000
1.400000
1.400000
1.400000
1.400000
1.400000
1.400000
1.400000
1.400000
1.400000
1.400000
1.400000
1.400000
1.400000
1.400000
1.400000
1.400000
1.400000
1.400000
1.400000
1.400000
1.400000
1.400000
1.400000
1.400000
1.400000
1.500000
1.500000
1.600000
1.600000
1.700000
1.700000
1.700000
1.700000
1.700000
1.800000
2.000000
2.000000
2.060925
2.040640
2.020322
2.000000
2.200000
2.200000
2.200000
2.400000
2.400000
2.400000
2.450811
2.501628
2.567960
2.547648
2.527328
2.507011
2.486676
2.466353
2.446058
2.425789
2.405514
2.385319
2.365179
2.345041
2.324950
2.304909
2.284848
2.264727
2.244541
2.224303
2.203971
2.183652
2.163308
2.142846
2.122448
2.102104
2.081761
2.061386
2.041060
2.020573
2.000000
1.900000
1.900000
1.800000
1.800000
1.800000
1.800000
1.800000
1.800000
1.700000
1.700000
1.700000
1.700000
1.700000
1.700000
1.700000
1.700000
1.800000
1.800000
1.700000
1.700000
1.700000
1.700000
1.700000
1.700000
1.700000
1.700000
1.700000
1.700000
1.700000
1.700000
1.700000
1.700000
1.700000
1.700000
1.700000
1.700000
1.700000
1.700000
1.700000
1.700000
1.700000
1.700000
1.700000
1.700000
1.700000
1.700000
1.700000
1.700000
1.700000
1.700000
1.700000
1.700000
1.700000
1.800000
1.700000
1.800000
1.700000
1.700000
1.700000
1.700000
1.700000
1.800000
1.700000
1.700000
1.700000
1.700000
1.800000
1.900000
1.800000
1.700000
1.700000
1.700000
1.800000
1.800000
1.700000
1.700000
1.700000
1.700000
1.700000
1.700000
1.700000
1.700000
1.700000
1.800000
1.900000
1.900000
1.900000
1.900000
1.900000
1.800000
1.700000
1.700000
1.600000
1.600000
1.600000
1.600000
1.600000
1.600000
1.500000
1.400000
1.400000
1.400000
1.500000
1.600000
1.700000
1.800000
1.740863
1.720428
1.700000
1.600000
1.500000
1.400000
1.400000
1.400000
1.400000
1.400000
1.400000
1.400000
1.400000
1.400000
1.400000
1.300000
1.300000
1.300000
1.400000
1.400000
1.400000
1.400000
1.600000
1.507764
1.485421
1.463001
1.442540
1.420569
1.400000
1.400000
1.400000
1.400000
1.400000
1.400000
1.400000
1.400000
1.600000
1.523778
1.503552
1.483391
1.463276
1.440779
1.420404
1.400000
1.400000
1.400000
1.400000
1.400000
1.400000
1.400000
1.400000
1.400000
1.400000
1.300000
1.300000
1.300000
1.300000
1.300000
1.300000
1.300000
1.300000
1.300000
1.300000
1.400000
1.400000
1.400000
1.400000
1.400000
1.400000
1.500000
1.600000
1.600000
1.600000
1.700000
1.700000
1.700000
1.800000
1.800000
1.800000
1.900000
1.951382
2.002962
2.200000
2.200000
2.200000
2.200000
2.400000
2.450942
2.502156
2.699999
2.699999
2.699999
2.699999
2.699999
2.699999
2.699999
2.699999
2.699999
2.699999
2.699999
2.699999
2.699999
2.699999
2.699999
2.699999
2.699999
2.699999
2.699999
2.699999
2.699999
2.699999
2.699999
2.699999
2.699999
2.699999
2.699999
2.699999
2.699999
2.699999
2.699999
2.699999
2.699999
2.699999
2.699999
2.699999
2.699999
2.699999
2.699999
2.699999
2.699999
2.699999
2.699999
2.699999
2.699999
2.699999
2.699999
2.699999
2.699999
2.699999
2.699999
2.699999
2.699999
2.699999
2.699999
2.699999
2.699999
2.699999
2.699999
2.699999
2.699999
2.699999
2.699999
2.699999
2.699999
2.699999
2.699999
2.699999
2.699999
2.699999
2.699999
2.699999
2.699999
2.699999
2.699999
2.699999
2.699999
2.699999
2.699999
2.699999
2.699999
2.699999
2.699999
2.699999
2.699999
2.699999
2.699999
2.699999
2.699999
2.699999
2.699999
2.699999
2.699999
2.699999
2.699999
2.699999
2.699999
2.699999
2.699999
2.699999
2.699999
2.699999
2.699999
2.699999
2.699999
2.699999
2.699999
2.699999
2.699999
2.699999
2.699999
2.699999
2.699999
2.699999
2.699999
2.699999
2.699999
2.699999
2.699999
2.699999
2.699999
2.699999
2.699999
2.699999
2.699999
2.699999
2.699999
2.699999
2.699999
2.699999
2.699999
2.699999
2.699999
2.699999
2.699999
2.699999
2.699999
2.699999
2.699999
2.699999
2.699999
2.699999
2.699999
2.699999
2.699999
2.699999
2.699999
2.699999
2.699999
2.699999
2.699999
2.699999
2.699999
2.699999
2.699999
2.699999
2.699999
2.699999
2.699999
2.699999
2.699999
2.699999
2.699999
2.699999
2.699999
2.699999
2.699999
2.699999
2.699999
2.699999
2.699999
2.699999
2.699999
2.699999
2.699999
2.699999
2.699999
2.699999
2.699999
2.699999
2.699999
2.699999
2.699999
2.699999
2.699999
2.699999
2.572612
2.552219
2.531817
2.511428
2.491061
2.470636
2.450185
2.429782
2.409455
2.389165
2.368903
2.348640
2.328317
2.307945
2.287619
2.267328
2.247028
2.226731
2.206385
2.185972
2.165516
2.145139
2.124796
2.104426
2.084040
2.063626
2.043140
2.022650
2.002225
1.981823
1.961458
1.941113
1.920619
1.900000
1.800000
1.700000
1.700000
1.700000
1.700000
1.700000
1.700000
1.600000
1.600000
1.600000
1.600000
1.600000
1.600000
1.600000
1.600000
1.600000
1.600000
1.545011
1.524464
1.504008
1.483556
1.463092
1.442950
1.422428
1.400000
1.400000
1.400000
1.400000
1.400000
1.400000
1.400000
1.400000
1.400000
1.400000
1.600000
1.700000
1.700000
1.800000
1.960619
1.940578
1.920328
1.900000
1.800000
1.700000
1.700000
1.600000
1.500000
1.500000
1.500000
1.500000
1.500000
1.400000
1.400000
1.400000
1.400000
1.400000
1.400000
1.400000
1.400000
1.400000
1.400000
1.400000
1.400000
1.400000
1.400000
1.400000
1.400000
1.400000
1.400000
1.400000
1.400000
1.400000
1.400000
1.400000
1.400000
1.400000
1.400000
1.400000
1.400000
1.400000
1.400000
1.400000
1.400000
1.400000
1.400000
1.400000
1.400000
1.400000
1.400000
1.400000
1.400000
1.400000
1.400000
1.400000
1.400000
1.400000
1.400000
1.400000
1.400000
1.400000
1.400000
1.400000
1.400000
1.400000
1.400000
1.400000
1.400000
1.400000
1.400000
1.400000
1.400000
1.400000
1.400000
1.400000
1.400000
1.400000
1.400000
1.400000
1.400000
1.400000
1.400000
1.500000
1.600000
1.600000
1.700000
1.700000
1.700000
1.800000
1.850305
1.900870
2.123095
2.103009
2.082950
2.062806
2.042527
2.022114
2.001757
1.981501
1.961260
1.941014
1.920522
1.900000
1.900000
1.900000
1.900000
1.900000
1.800000
1.700000
1.700000
1.700000
1.700000
1.700000
1.700000
1.700000
1.700000
1.700000
1.700000
1.700000
1.700000
1.700000
1.700000
1.700000
1.700000
1.700000
1.700000
1.700000
1.700000
1.700000
1.700000
1.800000
1.900000
1.900000
1.950679
2.001516
2.052171
2.102627
2.265559
2.245482
2.225307
2.205038
2.184770
2.164553
2.144413
2.124264
2.104049
2.083748
2.063446
2.043204
2.023056
2.002979
1.982890
1.962703
1.942397
1.922077
1.901799
1.881580
1.861441
1.841166
1.820640
1.800000
1.700000
1.600000
1.500000
1.400000
1.400000
1.400000
1.400000
1.400000
1.400000
1.400000
1.400000
1.400000
1.400000
1.400000
1.400000
1.400000
1.400000
1.400000
1.400000
1.400000
1.500000
1.600000
1.700000
1.700000
1.700000
1.700000
1.700000
1.700000
1.800000
2.000000
2.200000
2.072643
2.052554
2.032542
2.012441
1.992196
1.971862
1.951545
1.931251
1.911057
1.890899
1.870643
1.850264
1.829833
1.809466
1.789169
1.768951
1.748742
1.728433
1.708010
1.687567
1.667157
1.646814
1.626588
1.606339
1.585970
1.565488
1.545053
1.524669
1.504331
1.484029
1.463657
1.443160
1.422588
1.402080
1.381588
1.361206
1.340925
1.320518
1.300000
1.300000
1.300000
1.300000
1.300000
1.300000
1.300000
1.300000
1.300000
1.300000
1.300000
1.300000
1.300000
1.300000
1.300000
1.300000
1.300000
1.300000
1.300000
1.300000
1.300000
1.300000
1.300000
1.300000
1.300000
1.300000
1.300000
1.300000
1.300000
1.300000
1.300000
1.300000
1.300000
1.300000
1.300000
1.300000
1.300000
1.300000
1.300000
1.300000
1.300000
1.300000
1.300000
1.300000
1.300000
1.300000
1.300000
1.300000
1.300000
1.300000
1.300000
1.300000
1.300000
1.300000
1.300000
1.300000
1.300000
1.300000
1.300000
1.300000
1.300000
1.300000
1.300000
1.300000
1.300000
1.300000
1.300000
1.300000
1.300000
1.300000
1.300000
1.300000
1.300000
1.300000
1.300000
1.300000
1.300000
1.300000
1.300000
1.300000
1.300000
1.300000
1.300000
1.300000
1.300000
1.300000
1.300000
1.300000
1.300000
1.300000
1.300000
1.300000
1.300000
1.300000
1.300000
1.300000
1.300000
1.300000
1.300000
1.300000
1.300000
1.300000
1.300000
1.300000
1.300000
1.300000
1.300000
1.300000
1.300000
1.300000
1.300000
1.300000
1.300000
1.300000
1.300000
1.300000
1.300000
1.300000
1.300000
1.300000
1.300000
1.300000
1.300000
1.300000
1.300000
1.300000
1.300000
1.300000
1.300000
1.300000
1.300000
1.300000
1.300000
1.300000
1.300000
1.300000
1.300000
1.300000
1.300000
1.300000
1.300000
1.300000
1.300000
1.300000
1.300000
1.300000
1.300000
1.300000
1.300000
1.300000
1.300000
1.300000
1.300000
1.300000
1.300000
1.300000
1.300000
1.300000
1.300000
1.300000
1.300000
1.300000
1.300000
1.300000
1.300000
1.300000
1.300000
1.300000
1.300000
1.300000
1.300000
1.300000
1.300000
1.300000
1.300000
1.300000
1.300000
1.300000
1.300000
1.300000
1.300000
1.300000
1.300000
1.300000
1.300000
1.300000
1.300000
1.300000
1.300000
1.300000
1.300000
1.300000
1.300000
1.300000
1.300000
1.300000
1.300000
1.300000
1.300000
1.300000
1.300000
1.300000
1.300000
1.300000
1.300000
1.300000
1.300000
1.300000
1.300000
1.300000
1.300000
1.300000
1.300000
1.300000
1.300000
1.300000
1.300000
1.300000
1.300000
1.300000
1.300000
1.300000
1.300000
1.300000
1.300000
1.300000
1.300000
1.300000
1.300000
1.300000
1.300000
1.300000
1.300000
1.300000
1.300000
1.300000
1.300000
1.300000
1.300000
1.300000
1.300000
1.300000
1.300000
1.300000
1.300000
1.300000
1.300000
1.300000
1.300000
1.300000
1.300000
1.300000
1.300000
1.300000
1.300000
1.300000
1.300000
1.300000
1.300000
1.300000
1.300000
1.300000
1.300000
1.300000
1.300000
1.300000
1.300000
1.300000
1.300000
1.300000
1.300000
1.300000
1.300000
1.300000
1.300000
1.300000
1.300000
1.300000
1.300000
1.300000
1.300000
1.300000
1.300000
1.300000
1.300000
1.300000
1.300000
1.300000
1.300000
1.300000
1.300000
1.300000
1.300000
1.300000
1.300000
1.300000
1.300000
1.300000
1.300000
1.300000
1.300000
1.300000
1.300000
1.300000
1.300000
1.300000
1.300000
1.300000
1.300000
1.300000
1.300000
1.300000
1.300000
1.300000
1.300000
1.300000
1.300000
1.300000
1.300000
1.300000
1.300000
1.300000
1.300000
1.300000
1.300000
1.300000
1.300000
1.300000
1.300000
1.300000
1.300000
1.300000
1.300000
1.300000
1.300000
1.300000
1.300000
1.300000
1.300000
1.300000
1.300000
1.300000
1.300000
1.300000
1.300000
1.300000
1.300000
1.300000
1.300000
1.300000
1.300000
1.300000
1.300000
1.300000
1.300000
1.300000
1.300000
1.300000
1.300000
1.300000
1.300000
1.300000
1.300000
1.300000
1.300000
1.300000
1.300000
1.300000
1.300000
1.300000
1.300000
1.300000
1.300000
1.300000
1.300000
1.300000
1.300000
1.300000
1.300000
1.300000
1.300000
1.300000
1.300000
1.300000
1.300000
1.300000
1.300000
1.300000
1.300000
1.300000
1.300000
1.300000
1.300000
1.300000
1.300000
1.300000
1.300000
1.300000
1.300000
1.300000
1.300000
1.300000
1.300000
1.300000
1.300000
1.300000
1.300000
1.300000
1.300000
1.300000
1.300000
1.300000
1.300000
1.300000
1.300000
1.300000
1.300000
1.300000
1.300000
1.300000
1.300000
1.300000
1.300000
1.300000
1.300000
1.300000
1.300000
1.300000
1.300000
1.300000
1.300000
1.300000
1.300000
1.300000
1.300000
1.300000
1.300000
1.300000
1.300000
1.300000
1.300000
1.300000
1.300000
1.300000
1.300000
1.300000
1.300000
1.300000
1.300000
1.300000
1.300000
1.300000
1.300000
1.300000
1.300000
1.300000
1.300000
1.300000
1.300000
1.300000
1.300000
1.300000
1.300000
1.300000
1.300000
1.300000
1.300000
1.300000
1.300000
1.300000
1.300000
1.300000
1.300000
1.300000
1.300000
1.300000
1.300000
1.300000
1.300000
1.300000
1.300000
1.300000
1.300000
1.300000
1.300000
1.300000
1.300000
1.300000
1.300000
1.300000
1.300000
1.300000
1.300000
1.300000
1.300000
1.300000
1.300000
1.300000
1.300000
1.300000
1.300000
1.300000
1.300000
1.300000
1.300000
1.300000
1.300000
1.300000
1.300000
1.300000
1.300000
1.300000
1.300000
1.300000
1.300000
1.300000
1.300000
1.300000
1.300000
1.300000
1.300000
1.300000
1.300000
1.300000
1.300000
1.300000
1.300000
1.300000
1.300000
1.300000
1.300000
1.300000
1.300000
1.300000
1.300000
1.300000
1.300000
1.300000
1.300000
1.300000
1.300000
1.300000
1.300000
1.300000
1.300000
1.300000
1.300000
1.300000
1.300000
1.300000
1.300000
1.300000
1.300000
1.300000
1.300000
1.300000
1.300000
1.300000
1.300000
1.300000
1.300000
1.300000
1.300000
1.300000
1.300000
1.300000
1.300000
1.300000
1.300000
1.300000
1.300000
1.300000
1.300000
1.300000
1.300000
1.300000
1.300000
1.300000
1.300000
1.300000
1.300000
1.300000
1.300000
1.300000
1.300000
1.300000
1.300000
1.300000
1.300000
1.300000
1.300000
1.300000
1.300000
1.300000
1.300000
1.300000
1.300000
1.300000
1.300000
1.300000
1.300000
1.300000
1.300000
1.300000
1.300000
1.300000
1.300000
1.300000
1.300000
1.300000
1.300000
1.300000
1.300000
1.300000
1.300000
1.300000
1.300000
1.300000
1.300000
1.300000
1.300000
1.300000
1.300000
1.300000
1.300000
1.300000
1.300000
1.300000
1.300000
1.300000
1.300000
1.300000
1.300000
1.300000
1.300000
1.300000
1.300000
1.300000
1.300000
1.300000
1.300000
1.300000
1.300000
1.300000
1.300000
1.300000
1.300000
1.300000
1.300000
1.300000
1.300000
1.300000
1.300000
1.300000
1.300000
1.300000
1.300000
1.300000
1.300000
1.300000
1.300000
1.300000
1.300000
1.300000
1.300000
1.300000
1.300000
1.300000
1.300000
1.300000
1.300000
1.300000
1.300000
1.300000
1.300000
1.300000
1.300000
1.300000
1.300000
1.300000
1.300000
1.300000
1.300000
1.300000
1.300000
1.300000
1.300000
1.300000
1.300000
1.300000
1.300000
1.300000
1.300000
1.300000
1.300000
1.300000
1.300000
1.300000
1.300000
1.300000
1.300000
1.300000
1.300000
1.300000
1.300000
1.300000
1.300000
1.300000
1.300000
1.300000
1.300000
1.300000
1.300000
1.300000
1.300000
1.300000
1.300000
1.300000
1.300000
1.300000
1.300000
1.300000
1.300000
1.300000
1.300000
1.300000
1.300000
1.300000
1.300000
1.300000
1.300000
1.300000
1.300000
1.300000
1.300000
1.300000
1.300000
1.300000
1.300000
1.300000
1.300000
1.300000
1.300000
1.300000
1.300000
1.300000
1.300000
1.300000
1.300000
1.300000
1.300000
1.300000
1.300000
1.300000
1.300000
1.300000
1.300000
1.300000
1.300000
1.300000
1.300000
1.300000
1.300000
1.300000
1.300000
1.300000
1.300000
1.300000
1.300000
1.300000
1.300000
1.300000
1.300000
1.300000
1.300000
1.300000
1.300000
1.300000
1.300000
1.300000
1.300000
1.300000
1.300000
1.300000
1.300000
1.300000
1.300000
1.300000
1.300000
1.300000
1.300000
1.300000
1.300000
1.300000
1.300000
1.300000
1.300000
1.300000
1.300000
1.300000
1.300000
1.300000
1.300000
1.300000
1.300000
1.300000
1.300000
1.300000
1.300000
1.300000
1.300000
1.300000
1.300000
1.300000
1.300000
1.300000
1.300000
1.300000
1.300000
1.300000
1.300000
1.300000
1.300000
1.300000
1.300000
1.300000
1.300000
1.300000
1.300000
1.300000
1.300000
1.300000
1.300000
1.300000
1.300000
1.300000
1.300000
1.300000
1.300000
1.300000
1.300000
1.300000
1.300000
1.300000
1.300000
1.300000
1.300000
1.300000
1.300000
1.300000
1.300000
1.300000
1.300000
1.300000
1.300000
1.300000
1.300000
1.300000
1.300000
1.300000
1.300000
1.300000
1.300000
1.300000
1.300000
1.300000
1.300000
1.300000
1.300000
1.300000
1.300000
1.300000
1.300000
1.300000
1.300000
1.300000
1.300000
1.300000
1.300000
1.300000
1.300000
1.300000
1.300000
1.300000
1.300000
1.300000
1.300000
1.300000
1.300000
1.300000
1.300000
1.300000
1.300000
1.300000
1.300000
1.300000
1.300000
1.300000
1.300000
1.300000
1.300000
1.300000
1.300000
1.300000
1.300000
1.300000
1.300000
1.300000
1.300000
1.300000
1.300000
1.300000
1.300000
1.300000
1.300000
1.300000
1.300000
1.300000
1.300000
1.300000
1.300000
1.300000
1.300000
1.300000
1.300000
1.300000
1.300000
1.300000
1.300000
1.300000
1.300000
1.300000
1.300000
1.300000
1.300000
1.300000
1.300000
1.300000
1.300000
1.300000
1.300000
1.300000
1.300000
1.300000
1.300000
1.300000
1.300000
1.300000
1.300000
1.300000
1.300000
1.300000
1.300000
1.300000
1.300000
1.300000
1.300000
1.300000
1.300000
1.300000
1.300000
1.300000
1.300000
1.300000
1.300000
1.300000
1.300000
1.300000
1.300000
1.300000
1.300000
1.300000
1.300000
1.300000
1.300000
1.300000
1.300000
1.300000
1.300000
1.300000
1.300000
1.300000
1.300000
1.300000
1.300000
1.300000
1.300000
1.300000
1.300000
1.300000
1.300000
1.300000
1.300000
1.300000
1.300000
1.300000
1.300000
1.300000
1.300000
1.300000
1.300000
1.300000
1.300000
1.300000
1.300000
1.300000
1.300000
1.300000
1.300000
1.300000
1.300000
1.300000
1.300000
1.300000
1.300000
1.300000
1.300000
1.300000
1.300000
1.300000
1.300000
1.300000
1.300000
1.300000
1.300000
1.300000
1.300000
1.300000
1.300000
1.300000
1.300000
1.300000
1.300000
1.300000
1.300000
1.300000
1.300000
1.300000
1.300000
1.300000
1.300000
1.300000
1.300000
1.300000
1.300000
1.300000
1.300000
1.300000
1.300000
1.300000
1.300000
1.300000
1.300000
1.300000
1.300000
1.300000
1.300000
1.300000
1.300000
1.300000
1.300000
1.300000
1.300000
1.300000
1.300000
1.300000
1.300000
1.300000
1.300000
1.300000
1.300000
1.300000
1.300000
1.300000
1.300000
1.300000
1.300000
1.300000
1.300000
1.300000
1.300000
1.300000
1.300000
1.300000
1.300000
1.300000
1.300000
1.300000
1.300000
1.300000
1.300000
1.300000
1.300000
1.300000
1.300000
1.300000
1.300000
1.300000
1.300000
1.300000
1.300000
1.300000
1.300000
1.300000
1.300000
1.300000
1.300000
1.300000
1.300000
1.300000
1.300000
1.300000
1.300000
1.300000
1.300000
1.300000
1.300000
1.300000
1.300000
1.300000
1.300000
1.300000
1.300000
1.300000
1.300000
1.300000
1.300000
1.300000
1.300000
1.300000
1.300000
1.300000
1.300000
1.300000
1.300000
1.300000
1.300000
1.300000
1.300000
1.300000
1.300000
1.300000
1.300000
1.300000
1.300000
1.300000
1.300000
1.300000
1.300000
1.300000
1.300000
1.300000
1.300000
1.300000
1.300000
1.300000
1.300000
1.300000
1.300000
1.300000
1.300000
1.300000
1.300000
1.300000
1.300000
1.300000
1.300000
1.300000
1.300000
1.300000
1.300000
1.300000
1.300000
1.300000
1.300000
1.300000
1.300000
1.300000
1.300000
1.300000
1.300000
1.300000
1.300000
1.300000
1.300000
1.300000
1.300000
1.300000
1.300000
1.300000
1.300000
1.300000
1.300000
1.300000
1.300000
1.300000
1.300000
1.300000
1.300000
1.300000
1.300000
1.300000
1.300000
1.300000
1.300000
1.300000
1.300000
1.300000
1.300000
1.300000
1.300000
1.300000
1.300000
1.300000
1.300000
1.300000
1.300000
1.300000
1.300000
1.300000
1.300000
1.300000
1.300000
1.300000
1.300000
1.300000
1.300000
1.300000
1.300000
1.300000
1.300000
1.300000
1.300000
1.300000
1.300000
1.300000
1.300000
1.300000
1.300000
1.300000
1.300000
1.300000
1.300000
1.300000
1.300000
1.300000
1.300000
1.300000
1.300000
1.300000
1.300000
1.300000
1.300000
1.300000
1.300000
1.300000
1.300000
1.300000
1.300000
1.300000
1.300000
1.300000
1.300000
1.300000
1.300000
1.300000
1.300000
1.300000
1.300000
1.300000
1.300000
1.300000
1.300000
1.300000
1.300000
1.300000
1.300000
1.300000
1.300000
1.300000
1.300000
1.300000
1.300000
1.300000
1.300000
1.300000
1.300000
1.300000
1.300000
1.300000
1.300000
1.300000
1.300000
1.300000
1.300000
1.300000
1.300000
1.300000
1.300000
1.300000
1.300000
1.300000
1.300000
1.300000
1.300000
1.300000
1.300000
1.300000
1.300000
1.300000
1.300000
1.300000
1.300000
1.300000
1.300000
1.300000
1.300000
1.300000
1.300000
1.300000
1.300000
1.300000
1.300000
1.300000
1.300000
1.300000
1.300000
1.300000
1.300000
1.300000
1.300000
1.300000
1.300000
1.300000
1.300000
1.300000
1.300000
1.300000
1.300000
1.300000
1.300000
1.300000
1.300000
1.300000
1.300000
1.300000
1.300000
1.300000
1.300000
1.300000
1.300000
1.300000
1.300000
1.300000
1.300000
1.300000
1.300000
1.300000
1.300000
1.300000
1.300000
1.300000
1.300000
1.300000
1.300000
1.300000
1.300000
1.300000
1.300000
1.300000
1.300000
1.300000
1.300000
1.300000
1.300000
1.300000
1.300000
1.300000
1.300000
1.300000
1.300000
1.300000
1.300000
1.300000
1.300000
1.300000
1.300000
1.300000
1.300000
1.300000
1.300000
1.300000
1.300000
1.300000
1.300000
1.300000
1.300000
1.300000
1.300000
1.300000
1.300000
1.300000
1.300000
1.300000
1.300000
1.300000
1.300000
1.300000
1.300000
1.300000
1.300000
1.300000
1.300000
1.300000
1.300000
1.300000
1.300000
1.300000
1.300000
1.300000
1.300000
1.300000
1.300000
1.300000
1.300000
1.300000
1.300000
1.300000
1.300000
1.300000
1.300000
1.300000
1.300000
1.300000
1.300000
1.300000
1.300000
1.300000
1.300000
1.300000
1.300000
1.300000
1.300000
1.300000
1.300000
1.300000
1.300000
1.300000
1.300000
1.300000
1.300000
1.300000
1.300000
1.300000
1.300000
1.300000
1.300000
1.300000
1.300000
1.300000
1.300000
1.300000
1.300000
1.300000
1.300000
1.300000
1.300000
1.300000
1.300000
1.300000
1.300000
1.300000
1.300000
1.300000
1.300000
1.300000
1.300000
1.300000
1.300000
1.300000
1.300000
1.300000
1.300000
1.300000
1.300000
1.300000
1.300000
1.300000
1.300000
1.300000
1.300000
1.300000
1.300000
1.300000
1.300000
1.300000
1.300000
1.300000
1.300000
1.300000
1.300000
1.300000
1.300000
1.300000
1.300000
1.300000
1.300000
1.300000
1.300000
1.300000
1.300000
1.300000
1.300000
1.300000
1.300000
1.300000
1.300000
1.300000
1.300000
1.300000
1.300000
1.300000
1.300000
1.300000
1.300000
1.300000
1.300000
1.300000
1.300000
1.300000
1.300000
1.300000
1.300000
1.300000
1.300000
1.300000
1.300000
1.300000
1.300000
1.300000
1.300000
1.300000
1.300000
1.300000
1.300000
1.300000
1.300000
1.300000
1.300000
1.300000
1.300000
1.300000
1.300000
1.300000
1.300000
1.300000
1.300000
1.300000
1.300000
1.300000
1.300000
1.300000
1.300000
1.300000
1.300000
1.300000
1.300000
1.300000
1.300000
1.300000
1.300000
1.300000
1.300000
1.300000
1.300000
1.300000
1.300000
1.300000
1.300000
1.300000
1.300000
1.300000
1.300000
1.300000
1.300000
1.300000
1.300000
1.300000
1.300000
1.300000
1.300000
1.300000
1.300000
1.300000
1.300000
1.300000
1.300000
1.300000
1.300000
1.300000
1.300000
1.300000
1.300000
1.300000
1.300000
1.300000
1.300000
1.300000
1.300000
1.300000
1.300000
1.300000
1.300000
1.300000
1.300000
1.300000
1.300000
1.300000
1.300000
1.300000
1.300000
1.300000
1.300000
1.300000
1.300000
1.300000
1.300000
1.300000
1.300000
1.300000
1.300000
1.300000
1.300000
1.300000
1.300000
1.300000
1.300000
1.300000
1.300000
1.300000
1.300000
1.300000
1.300000
1.300000
1.300000
1.300000
1.300000
1.300000
1.300000
1.300000
1.300000
1.300000
1.300000
1.300000
1.300000
1.300000
1.300000
1.300000
1.300000
1.300000
1.300000
1.300000
1.300000
1.300000
1.300000
1.300000
1.300000
1.300000
1.300000
1.300000
1.300000
1.300000
1.300000
1.300000
1.300000
1.300000
1.300000
1.300000
1.300000
1.300000
1.300000
1.300000
1.300000
1.300000
1.300000
1.300000
1.300000
1.300000
1.300000
1.300000
1.300000
1.300000
1.300000
1.300000
1.300000
1.300000
1.300000
1.300000
1.300000
1.300000
1.300000
1.300000
1.300000
1.300000
1.300000
1.300000
1.300000
1.300000
1.300000
1.300000
1.300000
1.300000
1.300000
1.300000
1.300000
1.300000
1.300000
1.300000
1.300000
1.300000
1.300000
1.300000
1.300000
1.300000
1.300000
1.300000
1.300000
1.300000
1.300000
1.300000
1.300000
1.300000
1.300000
1.300000
1.300000
1.300000
1.300000
1.300000
1.300000
1.300000
1.300000
1.300000
1.300000
1.300000
1.300000
1.300000
1.300000
1.300000
1.300000
1.300000
1.300000
1.300000
1.300000
1.300000
1.300000
1.300000
1.300000
1.300000
1.300000
1.300000
1.300000
1.300000
1.300000
1.300000
1.300000
1.300000
1.300000
1.300000
1.300000
1.300000
1.300000
1.300000
1.300000
1.300000
1.300000
1.300000
1.300000
1.300000
1.300000
1.300000
1.300000
1.300000
1.300000
1.300000
1.300000
1.300000
1.300000
1.300000
1.300000
1.300000
1.300000
1.300000
1.300000
1.300000
1.300000
1.300000
1.300000
1.300000
1.300000
1.300000
1.300000
1.300000
1.300000
1.300000
1.300000
1.300000
1.300000
1.300000
1.300000
1.300000
1.300000
1.300000
1.300000
1.300000
1.300000
1.300000
1.300000
1.300000
1.300000
1.300000
1.300000
1.300000
1.300000
1.300000
1.300000
1.300000
1.300000
1.300000
1.300000
1.300000
1.300000
1.300000
1.300000
1.300000
1.300000
1.300000
1.300000
1.300000
1.300000
1.300000
1.300000
1.300000
1.300000
1.300000
1.300000
1.300000
1.300000
1.300000
1.300000
1.300000
1.300000
1.300000
1.300000
1.300000
1.300000
1.300000
1.300000
1.300000
1.300000
1.300000
1.300000
1.300000
1.300000
1.300000
1.300000
1.300000
1.300000
1.300000
1.300000
1.300000
1.300000
1.300000
1.300000
1.300000
1.300000
1.300000
1.300000
1.300000
1.300000
1.300000
1.300000
1.300000
1.300000
1.300000
1.300000
1.300000
1.300000
1.300000
1.300000
1.300000
1.300000
1.300000
1.300000
1.300000
1.300000
1.300000
1.300000
1.300000
1.300000
1.300000
1.300000
1.300000
1.300000
1.300000
1.300000
1.300000
1.300000
1.300000
1.300000
1.300000
1.300000
1.300000
1.300000
1.300000
1.300000
1.300000
1.300000
1.300000
1.300000
1.300000
1.300000
1.300000
1.300000
1.300000
1.300000
1.300000
1.300000
1.300000
1.300000
1.300000
1.300000
1.300000
1.300000
1.300000
1.300000
1.300000
1.300000
1.300000
1.300000
1.300000
1.300000
1.300000
1.300000
1.300000
1.300000
1.300000
1.300000
1.300000
1.300000
1.300000
1.300000
1.300000
1.300000
1.300000
1.300000
1.300000
1.300000
1.300000
1.300000
1.300000
1.300000
1.300000
1.300000
1.300000
1.300000
1.300000
1.300000
1.300000
1.300000
1.300000
1.300000
1.300000
1.300000
1.300000
1.300000
1.300000
1.300000
1.300000
1.300000
1.300000
1.300000
1.300000
1.300000
1.300000
1.300000
1.300000
1.300000
1.300000
1.300000
1.300000
1.300000
1.300000
1.300000
1.300000
1.300000
1.300000
1.300000
1.300000
1.300000
1.300000
1.300000
1.300000
1.300000
1.300000
1.300000
1.300000
1.300000
1.300000
1.300000
1.300000
1.300000
1.300000
1.300000
1.300000
1.300000
1.300000
1.300000
1.300000
1.300000
1.300000
1.300000
1.300000
1.300000
1.300000
1.300000
1.300000
1.300000
1.300000
1.300000
1.300000
1.300000
1.300000
1.300000
1.300000
1.300000
1.300000
1.300000
1.300000
1.300000
1.300000
1.300000
1.300000
1.300000
1.300000
1.300000
1.300000
1.300000
1.300000
1.300000
1.300000
1.300000
1.300000
1.300000
1.300000
1.300000
1.300000
1.300000
1.300000
1.300000
1.300000
1.300000
1.300000
1.300000
1.300000
1.300000
1.300000
1.300000
1.300000
1.300000
1.300000
1.300000
1.300000
1.300000
1.300000
1.300000
1.300000
1.300000
1.300000
1.300000
1.300000
1.300000
1.300000
1.300000
1.300000
1.300000
1.300000
1.300000
1.300000
1.300000
1.300000
1.300000
1.300000
1.300000
1.300000
1.300000
1.300000
1.300000
1.300000
1.300000
1.300000
1.300000
1.300000
1.300000
1.300000
1.300000
1.300000
1.300000
1.300000
1.300000
1.300000
1.300000
1.300000
1.300000
1.300000
1.300000
1.300000
1.300000
1.300000
1.300000
1.300000
1.300000
1.300000
1.300000
1.300000
1.300000
1.300000
1.300000
1.300000
1.300000
1.300000
1.300000
1.300000
1.300000
1.300000
1.300000
1.300000
1.300000
1.300000
1.300000
1.300000
1.300000
1.300000
1.300000
1.300000
1.300000
1.300000
1.300000
1.300000
1.300000
1.300000
1.300000
1.300000
1.300000
1.300000
1.300000
1.300000
1.300000
1.300000
1.300000
1.300000
1.300000
1.300000
1.300000
1.300000
1.300000
1.300000
1.300000
1.300000
1.300000
1.300000
1.300000
1.300000
1.300000
1.300000
1.300000
1.300000
1.300000
1.300000
1.300000
1.300000
1.300000
1.300000
1.300000
1.300000
1.300000
1.300000
1.300000
1.300000
1.300000
1.300000
1.300000
1.300000
1.300000
1.300000
1.300000
1.300000
1.300000
1.300000
1.300000
1.300000
1.300000
1.300000
1.300000
1.300000
1.300000
1.300000
1.300000
1.300000
1.300000
1.300000
1.300000
1.300000
1.300000
1.300000
1.300000
1.300000
1.300000
1.300000
1.300000
1.300000
1.300000
1.300000
1.300000
1.300000
1.300000
1.300000
1.300000
1.300000
1.300000
1.300000
1.300000
1.300000
1.300000
1.300000
1.300000
1.300000
1.300000
1.300000
1.300000
1.300000
1.300000
1.300000
1.300000
1.300000
1.300000
1.300000
1.300000
1.300000
1.300000
1.300000
1.300000
1.300000
1.300000
1.300000
1.300000
1.300000
1.300000
1.300000
1.300000
1.300000
1.300000
1.300000
1.300000
1.300000
1.300000
1.300000
1.300000
1.300000
1.300000
1.300000
1.300000
1.300000
1.300000
1.300000
1.300000
1.300000
1.300000
1.300000
1.300000
1.300000
1.300000
1.300000
1.300000
1.300000
1.300000
1.300000
1.300000
1.300000
1.300000
1.300000
1.300000
1.300000
1.300000
1.300000
1.300000
1.300000
1.300000
1.300000
1.300000
1.300000
1.300000
1.300000
1.300000
1.300000
1.300000
1.300000
1.300000
1.300000
1.300000
1.300000
1.300000
1.300000
1.300000
1.300000
1.300000
1.300000
1.300000
1.300000
1.300000
1.300000
1.300000
1.300000
1.300000
1.300000
1.300000
1.300000
1.300000
1.300000
1.300000
1.300000
1.300000
1.300000
1.300000
1.300000
1.300000
1.300000
1.300000
1.300000
1.300000
1.300000
1.300000
1.300000
1.300000
1.300000
1.300000
1.300000
1.300000
1.300000
1.300000
1.300000
1.300000
1.300000
1.300000
1.300000
1.300000
1.300000
1.300000
1.300000
1.300000
1.300000
1.300000
1.300000
1.300000
1.300000
1.300000
1.300000
1.300000
1.300000
1.300000
1.300000
1.300000
1.300000
1.300000
1.300000
1.300000
1.300000
1.300000
1.300000
1.300000
1.300000
1.300000
1.300000
1.300000
1.300000
1.300000
1.300000
1.300000
1.300000
1.300000
1.300000
1.300000
1.300000
1.300000
1.300000
1.300000
1.300000
1.300000
1.300000
1.300000
1.300000
1.300000
1.300000
1.300000
1.300000
1.300000
1.300000
1.300000
1.300000
1.300000
1.300000
1.300000
1.300000
1.300000
1.300000
1.300000
1.300000
1.300000
1.300000
1.300000
1.300000
1.300000
1.300000
1.300000
1.300000
1.300000
1.300000
1.300000
1.300000
1.300000
1.300000
1.300000
1.300000
1.300000
1.300000
1.300000
1.300000
1.300000
1.300000
1.300000
1.300000
1.300000
1.300000
1.300000
1.300000
1.300000
1.300000
1.300000
1.300000
1.300000
1.300000
1.300000
1.300000
1.300000
1.300000
1.300000
1.300000
1.300000
1.300000
1.300000
1.300000
1.300000
1.300000
1.300000
1.300000
1.300000
1.300000
1.300000
1.300000
1.300000
1.300000
1.300000
1.300000
1.300000
1.300000
1.300000
1.300000
1.300000
1.300000
1.300000
1.300000
1.300000
1.300000
1.300000
1.300000
1.300000
1.300000
1.300000
1.300000
1.300000
1.300000
1.300000
1.300000
1.300000
1.300000
1.300000
1.300000
1.300000
1.300000
1.300000
1.300000
1.300000
1.300000
1.300000
1.300000
1.300000
1.300000
1.300000
1.300000
1.300000
1.300000
1.300000
1.300000
1.300000
1.300000
1.300000
1.300000
1.300000
1.300000
1.300000
1.300000
1.300000
1.300000
1.300000
1.300000
1.300000
1.300000
1.300000
1.300000
1.300000
1.300000
1.300000
1.300000
1.300000
1.300000
1.300000
1.300000
1.300000
1.300000
1.300000
1.300000
1.300000
1.300000
1.300000
1.300000
1.300000
1.300000
1.300000
1.300000
1.300000
1.300000
1.300000
1.300000
1.300000
1.300000
1.300000
1.300000
1.300000
1.300000
1.300000
1.300000
1.300000
1.300000
1.300000
1.300000
1.300000
1.300000
1.300000
1.300000
1.300000
1.300000
1.300000
1.300000
1.300000
1.300000
1.300000
1.300000
1.300000
1.300000
1.300000
1.300000
1.300000
1.300000
1.300000
1.300000
1.300000
1.300000
1.300000
1.300000
1.300000
1.300000
1.300000
1.300000
1.300000
1.300000
1.300000
1.300000
1.300000
1.300000
1.300000
1.300000
1.300000
1.300000
1.300000
1.300000
1.300000
1.300000
1.300000
1.300000
1.300000
1.300000
1.300000
1.300000
1.300000
1.300000
1.300000
1.300000
1.300000
1.300000
1.300000
1.300000
1.300000
1.300000
1.300000
1.300000
1.300000
1.300000
1.300000
1.300000
1.300000
1.300000
1.300000
1.300000
1.300000
1.300000
1.300000
1.300000
1.300000
1.300000
1.300000
1.300000
1.300000
1.300000
1.300000
1.300000
1.300000
1.300000
1.300000
1.300000
1.300000
1.300000
1.300000
1.300000
1.300000
1.300000
1.300000
1.300000
1.300000
1.300000
1.300000
1.300000
1.300000
1.300000
1.300000
1.300000
1.300000
1.300000
1.300000
1.300000
1.300000
1.300000
1.300000
1.300000
1.300000
1.300000
1.300000
1.300000
1.300000
1.300000
1.300000
1.300000
1.300000
1.300000
1.300000
1.300000
1.300000
1.300000
1.300000
1.300000
1.300000
1.300000
1.300000
1.300000
1.300000
1.300000
1.300000
1.300000
1.300000
1.300000
1.300000
1.300000
1.300000
1.300000
1.300000
1.300000
1.300000
1.300000
1.300000
1.300000
1.300000
1.300000
1.300000
1.300000
1.300000
1.300000
1.300000
1.300000
1.300000
1.300000
1.300000
1.300000
1.300000
1.300000
1.300000
1.300000
1.300000
1.300000
1.300000
1.300000
1.300000
1.300000
1.300000
1.300000
1.300000
1.300000
1.300000
1.300000
1.300000
1.300000
1.300000
1.300000
1.300000
1.300000
1.300000
1.300000
1.300000
1.300000
1.300000
1.300000
1.300000
1.300000
1.300000
1.300000
1.300000
1.300000
1.300000
1.300000
1.300000
1.300000
1.300000
1.300000
1.300000
1.300000
1.300000
1.300000
1.300000
1.300000
1.300000
1.300000
1.300000
1.300000
1.300000
1.300000
1.300000
1.300000
1.300000
1.300000
1.300000
1.300000
1.300000
1.300000
1.300000
1.300000
1.300000
1.300000
1.300000
1.300000
1.300000
1.300000
1.300000
1.300000
1.300000
1.300000
1.300000
1.300000
1.300000
1.300000
1.300000
1.300000
1.300000
1.300000
1.300000
1.300000
1.300000
1.300000
1.300000
1.300000
1.300000
1.300000
1.300000
1.300000
1.300000
1.300000
1.300000
1.300000
1.300000
1.300000
1.300000
1.300000
1.300000
1.300000
1.300000
1.300000
1.300000
1.300000
1.300000
1.300000
1.300000
1.300000
1.300000
1.300000
1.300000
1.300000
1.300000
1.300000
1.300000
1.300000
1.300000
1.300000
1.300000
1.300000
1.300000
1.300000
1.300000
1.300000
1.300000
1.300000
1.300000
1.300000
1.300000
1.300000
1.300000
1.300000
1.300000
1.300000
1.300000
1.300000
1.300000
1.300000
1.300000
1.300000
1.300000
1.300000
1.300000
1.300000
1.300000
1.300000
1.300000
1.300000
1.300000
1.300000
1.300000
1.300000
1.300000
1.300000
1.300000
1.300000
1.300000
1.300000
1.300000
1.300000
1.300000
1.300000
1.300000
1.300000
1.300000
1.300000
1.300000
1.300000
1.300000
1.300000
1.300000
1.300000
1.300000
1.300000
1.300000
1.300000
1.300000
1.300000
1.300000
1.300000
1.300000
1.300000
1.300000
1.300000
1.300000
1.300000
1.300000
1.300000
1.300000
1.300000
1.300000
1.300000
1.300000
1.300000
1.300000
1.300000
1.300000
1.300000
1.300000
1.300000
1.300000
1.300000
1.300000
1.300000
1.300000
1.300000
1.300000
1.300000
1.300000
1.300000
1.300000
1.300000
1.300000
1.300000
1.300000
1.300000
1.300000
1.300000
1.300000
1.300000
1.300000
1.300000
1.300000
1.300000
1.300000
1.300000
1.300000
1.300000
1.300000
1.300000
1.300000
1.300000
1.300000
1.300000
1.300000
1.300000
1.300000
1.300000
1.300000
1.300000
1.300000
1.300000
1.300000
1.300000
1.300000
1.300000
1.300000
1.300000
1.300000
1.300000
1.300000
1.300000
1.300000
1.300000
1.300000
1.300000
1.300000
1.300000
1.300000
1.300000
1.300000
1.300000
1.300000
1.300000
1.300000
1.300000
1.300000
1.300000
1.300000
1.300000
1.300000
1.300000
1.300000
1.300000
1.300000
1.300000
1.300000
1.300000
1.300000
1.300000
1.300000
1.300000
1.300000
1.300000
1.300000
1.300000
1.300000
1.300000
1.300000
1.300000
1.300000
1.300000
1.300000
1.300000
1.300000
1.300000
1.300000
1.300000
1.300000
1.300000
1.300000
1.300000
1.300000
1.300000
1.300000
1.300000
1.300000
1.300000
1.300000
1.300000
1.300000
1.300000
1.300000
1.300000
1.300000
1.300000
1.300000
1.300000
1.300000
1.300000
1.300000
1.300000
1.300000
1.300000
1.300000
1.300000
1.300000
1.300000
1.300000
1.300000
1.300000
1.300000
1.300000
1.300000
1.300000
1.300000
1.300000
1.300000
