10.146119
10.875442
10.039616
10.451777
10.934491
11.155711
10.057994
10.214392
10.271497
10.333677
10.408079
10.458214
10.497834
10.459386
10.473010
10.435916
10.402673
10.386751
10.390709
10.358839
10.332356
10.333243
10.295214
10.277446
10.285478
10.304650
10.258182
10.261958
10.254278
10.219199
10.218220
10.236725
10.229239
10.201662
10.223144
10.200232
10.173462
10.186998
10.220914
10.188622
10.192936
10.205018
10.175108
10.157552
10.184479
10.211407
10.172462
10.163844
10.223975
10.317093
10.290429
10.210467
10.153314
10.157138
10.128179
10.063780
10.110973
10.181754
10.217206
10.220799
10.151667
10.160934
10.171095
10.154888
10.163432
10.171946
10.150785
10.162065
10.194917
10.157314
10.155747
10.147265
10.136917
10.103996
10.093462
10.098267
10.216512
10.251109
10.175659
10.162203
10.099018
10.141266
11.135053
10.951156
10.033333
11.166437
11.168080
10.427447
10.541019
11.217493
11.226275
11.081557
10.970247
11.133187
10.096283
10.488226
10.275342
10.773260
10.837107
10.781311
10.131628
10.289261
10.404902
10.428236
10.326521
10.951400
10.284155
10.261863
10.576746
11.152709
10.300895
10.970667
10.184434
10.543852
10.914009
10.664565
10.341529
10.210865
10.715221
10.947684
10.018768
10.193835
10.672888
10.614525
10.925255
10.055801
11.217655
10.065251
10.401264
10.468470
10.675890
10.566989
10.506029
10.439782
10.469279
10.489486
10.479558
10.529630
10.585809
10.539000
10.458910
10.465789
10.424051
10.361001
10.400924
10.421186
10.373678
10.440348
10.422644
10.382410
10.369361
10.322387
10.316191
10.250835
10.264275
10.226562
10.333982
10.342219
10.259052
10.195499
10.341720
10.498917
10.337752
10.368002
10.231708
10.109594
10.075480
10.044044
10.080325
10.093946
10.101645
10.292261
10.292128
10.082453
11.231060
10.007497
10.064209
10.081020
10.034905
10.082070
10.152699
10.187578
10.159752
10.217130
10.260303
10.247363
10.183178
10.176926
10.182833
10.161416
10.135578
10.176126
10.200875
10.192633
10.220690
10.207968
10.176937
10.130507
10.147320
10.161281
10.138230
10.171076
10.157977
10.128168
10.172756
10.196836
10.180490
10.164007
10.183928
10.138070
10.128821
10.253035
10.263605
10.164734
10.100858
10.104717
10.093265
10.173909
10.261642
10.175736
10.168844
10.271900
10.132008
10.178469
10.220738
10.168274
10.292286
10.396880
10.345160
10.105005
11.236109
11.225387
11.205781
11.212262
11.251273
10.058027
10.164648
10.240207
10.252411
10.338848
11.199715
10.152022
10.283894
10.135357
10.036845
10.091106
10.222267
10.203455
10.211254
10.272690
10.277630
10.280778
10.305449
10.302625
10.265419
10.193112
10.158510
10.119746
10.100763
10.118311
10.228114
10.282253
10.302076
10.146868
10.015364
10.107339
10.100540
10.055714
10.041213
10.171871
10.342902
10.298204
10.150629
10.157150
10.104738
11.212716
11.211995
10.153693
10.003983
11.247091
10.280487
10.188469
10.104369
10.276947
10.199377
10.090112
10.103971
10.141802
10.198215
10.169823
10.119969
10.168098
10.244678
10.194606
10.228271
10.213471
10.175814
10.321837
10.311279
10.233842
10.238064
10.161339
10.024211
10.003625
10.143844
10.191960
10.236888
10.210048
10.231499
10.243312
10.205176
10.115870
10.058537
10.112509
10.123569
10.191496
10.267523
10.403446
10.288510
10.142998
10.075449
10.147382
10.216340
10.162347
10.190989
10.304931
10.165842
10.085295
10.043241
10.005032
10.036870
10.105989
10.085322
10.057884
10.099896
10.125336
10.139061
10.152578
10.155783
10.101521
10.065544
10.109762
10.224401
10.234545
10.209890
10.221534
10.199354
10.234254
10.235620
10.232974
10.217717
10.597293
10.271302
10.175718
10.488938
10.207056
11.193927
10.240712
10.186153
10.206766
10.360058
10.262794
11.193870
11.090781
11.218765
10.189375
10.307115
10.074539
11.173611
10.009314
10.076565
10.084434
10.096392
10.118516
10.189350
10.327425
10.241093
10.164059
10.378726
10.334527
10.117862
10.028324
10.015822
10.010686
10.035121
10.068436
10.113673
10.116078
10.204129
10.187151
10.133827
10.135339
11.138891
10.006175
10.318934
10.406073
10.330809
10.241953
10.193328
10.148789
10.117636
10.165458
10.246093
10.253699
10.234912
10.233313
10.253486
10.265276
10.311637
10.507892
10.214102
10.069921
11.243904
10.019444
10.023556
10.130890
10.123869
10.091839
10.133063
10.186585
10.110101
10.138788
10.196239
10.135978
10.127607
10.108219
10.071100
10.125770
10.215849
10.216480
10.171088
10.199807
10.177484
10.138276
10.067194
10.194584
10.231816
10.218071
10.243941
10.248845
10.217998
10.258974
10.398321
10.309401
10.202218
10.130301
10.020987
10.078465
10.046855
10.057899
10.044829
10.079618
10.122746
10.782515
10.088017
11.239826
10.001475
11.245468
11.259807
10.093346
10.067413
10.061782
10.176034
10.136446
10.109091
10.125592
10.117237
10.107036
10.095618
10.116066
10.185025
10.521790
10.417999
10.295692
10.257088
10.157495
10.028651
10.000020
10.112472
10.161066
10.243137
10.201348
10.181968
10.173326
10.146185
10.176586
10.178261
10.200071
10.180497
10.219669
10.205900
10.187012
10.111978
10.110811
10.097181
10.111644
10.097133
10.109125
10.127183
10.193137
10.195902
10.120185
10.153717
10.171618
10.139078
10.234598
10.138530
10.260853
10.333816
10.223074
10.137921
11.214201
10.084805
10.152520
10.250447
10.265189
10.309512
10.345531
10.243161
10.151409
10.109107
10.141006
10.111849
10.154381
10.360178
10.344892
10.237984
10.093180
10.251604
10.155720
10.097664
10.902734
11.218907
10.096926
11.089838
11.176357
10.033100
10.191872
11.092074
10.408613
10.327822
10.983488
10.974059
10.814871
10.241139
10.176662
10.226289
10.016735
10.088936
11.034418
11.230063
10.103611
10.047447
11.193754
11.129598
10.035483
10.266561
10.354729
10.446367
10.694679
10.557785
10.379704
10.460799
10.475027
10.428848
10.398754
10.425489
10.370353
10.329353
10.360312
10.348086
10.310926
10.316863
10.333126
10.273920
10.273772
10.308458
10.251857
10.223559
10.297062
10.262126
10.272007
10.309631
10.273672
10.203260
10.192548
10.197002
10.194062
10.255055
10.284076
10.194487
10.167733
10.209958
10.173208
10.209044
10.250082
10.193383
10.175838
10.172567
10.090893
10.200199
10.196568
10.201366
10.222659
10.278166
10.179483
10.079776
10.053111
10.103722
10.121402
10.138797
10.161284
10.139597
10.232813
10.220104
10.178488
10.184588
10.166423
10.110733
10.153191
10.161503
10.126871
10.153295
10.172020
10.187969
10.199677
10.212654
10.205332
10.168655
10.170844
10.150230
10.166468
10.229243
10.211902
10.222513
10.205491
10.150154
10.133342
10.191107
10.205753
10.222219
10.251485
10.169008
10.154706
10.176416
10.164287
10.135095
10.131000
10.123561
10.091185
10.111228
10.132875
10.133754
10.156282
10.176897
10.150525
10.215456
10.211609
10.160056
10.191868
10.227838
10.159487
10.094316
10.145589
10.149307
10.081097
10.140136
10.166726
10.149131
10.193130
10.225507
10.209212
10.197534
10.189001
10.190657
10.258545
10.258657
10.201794
10.179811
10.133484
10.055630
10.136196
10.137497
10.140959
10.136676
10.175266
10.191813
10.168018
10.149143
10.155087
10.165446
10.179227
10.116467
10.119811
10.171217
10.155917
10.155844
10.171586
10.154852
10.150740
10.242857
10.260998
10.182957
10.128866
10.207832
10.202287
10.151470
10.145346
10.225553
10.189699
10.136382
10.134022
10.362923
10.289991
10.177195
10.179603
10.070410
10.029180
10.105164
10.150415
10.129578
10.100841
10.111699
10.093980
10.077177
10.097154
10.130892
10.149137
10.164311
10.142153
10.152473
10.174950
10.170263
10.159239
10.174577
10.190322
10.102320
10.150478
10.187747
10.186656
10.251850
10.251325
10.168241
10.162611
10.205601
10.186203
10.119825
10.133441
10.154150
10.109992
10.177589
10.201901
10.185490
10.210723
10.176872
10.133129
10.157586
10.202655
10.169600
10.173513
10.148450
10.109823
10.157088
10.228248
10.198666
10.128815
10.151038
10.123425
10.125971
10.224964
10.210878
10.165726
10.139026
10.137950
10.117311
10.123298
10.135695
10.191203
10.208222
10.165100
10.121574
10.172027
10.162827
10.126735
10.147199
10.177366
10.128947
10.148738
10.191570
10.169707
10.109411
10.113127
10.142014
10.166162
10.223438
10.227810
10.237206
10.244037
10.169668
10.135769
10.180422
10.194675
10.184000
10.199154
10.151444
10.132736
10.215784
10.192045
10.127483
10.100541
10.093408
10.056219
10.104114
10.146260
10.158054
10.163829
10.188626
10.142459
10.126143
10.172159
10.191196
10.214994
10.194440
10.152546
10.246499
10.260974
10.204316
10.289787
10.061049
10.098524
10.052943
10.056649
11.240028
11.233706
10.003988
10.008909
11.244224
10.044677
10.135133
10.074743
10.002584
11.184051
10.066996
10.034117
11.172612
11.102918
10.349518
10.486102
10.273169
10.213010
11.063493
10.924732
10.959205
10.966572
11.177865
10.015425
10.114447
10.232595
10.316252
10.366103
10.406770
10.421284
10.404099
10.354545
10.333529
10.330901
10.330566
10.350660
10.359913
10.304113
10.360060
10.382272
10.378674
10.268146
10.230121
10.204575
10.153308
10.203179
10.234684
10.278255
10.241575
10.200964
10.184934
10.174923
10.174581
10.250731
10.289531
10.299457
10.200604
10.174904
10.200274
10.177469
10.178394
10.216089
10.231701
10.205827
10.228883
10.225751
10.192910
10.167955
10.144969
10.179149
10.204904
10.172597
10.157889
10.155618
10.103806
10.175035
10.236090
10.213528
10.205441
10.147416
10.124040
10.107493
10.084229
10.126032
10.197094
10.219319
10.174362
10.114782
10.176262
10.176734
10.144972
10.192139
10.187461
10.205525
10.177786
10.185402
10.191952
10.147100
10.172811
10.199888
10.210836
10.197109
10.138657
10.234330
10.142995
10.012323
10.128700
10.173559
10.138178
10.089511
10.100152
10.112433
10.016262
10.017027
10.239586
10.492222
10.336324
10.300617
10.168117
10.018190
11.187176
10.164065
10.200664
10.096492
10.089731
10.161983
10.064281
10.011064
10.070594
10.094572
10.130309
10.124890
10.111391
10.166586
10.182103
10.163124
10.202657
10.253454
10.269080
10.214000
10.197174
10.144897
10.077215
10.148524
10.200798
10.238332
10.234232
10.151207
10.192692
10.167498
10.133963
10.187699
10.241549
10.236062
10.167331
10.168606
10.239618
10.160513
10.089948
10.140709
10.212904
10.256165
10.155414
10.129985
10.141418
10.084939
10.069785
10.152648
10.209003
10.246055
10.202763
10.164988
10.161987
10.112296
10.129278
10.168188
10.209449
10.165080
10.129939
10.185482
10.165830
10.137068
10.135062
10.194763
10.230040
10.202411
10.201880
10.198032
10.157955
10.127735
10.158488
10.203266
10.198098
10.142089
10.151884
10.121161
10.065032
10.148717
10.205078
10.230742
10.227542
10.156651
10.139206
10.107982
10.077524
10.152479
10.284315
10.251421
10.140086
10.119583
10.146196
10.108626
10.162989
10.157409
10.182074
10.185206
10.207004
10.206651
10.151294
10.110332
10.188197
10.198070
10.236583
10.146187
10.138859
10.135771
10.152266
10.944778
10.906791
11.160064
10.061978
10.112592
10.094997
10.271545
10.314126
10.218778
10.344865
10.460211
10.004376
10.798926
11.148821
11.187322
11.106583
10.940439
11.070268
11.219337
11.113529
11.146873
10.068623
10.058815
10.131001
10.090582
10.268922
10.269710
10.138936
10.184628
10.198519
10.215782
10.248972
10.260672
10.305254
10.320677
10.352633
10.354256
10.328990
10.309257
10.300977
10.309132
10.299393
10.303930
10.296102
10.315363
10.286137
10.296901
10.317330
10.262639
10.252987
10.250877
10.211601
10.240076
10.256544
10.238594
10.210241
10.212008
10.200275
10.268962
10.276317
10.245872
10.232706
10.271573
10.189290
10.171092
10.161631
10.171423
10.247630
10.172562
10.184748
10.234818
10.212564
10.178948
10.129628
10.126693
10.203228
10.259200
10.212855
10.161026
10.240110
10.172329
10.098167
10.121255
10.169731
10.201730
10.174990
10.127507
10.240574
10.218749
10.155785
10.148838
10.148944
10.150146
10.244783
10.203290
10.169044
10.150812
10.102823
10.136651
10.108973
10.156613
10.142532
10.152898
10.163609
10.158483
10.151917
10.156058
10.157244
10.181395
10.126980
10.100792
10.269452
10.221368
10.112574
10.049475
10.111380
10.195938
10.239363
10.192248
10.166885
10.163086
10.161327
10.232386
10.227890
10.182904
10.152257
10.136290
10.136216
10.137154
10.130958
10.223457
10.257727
10.162181
10.184767
10.241201
10.157623
10.118668
10.090128
10.078808
10.169524
10.184930
10.166794
10.158461
10.165437
10.162081
10.112591
10.080487
10.114201
10.137008
10.153621
10.242553
10.196990
10.191842
10.064619
10.051491
10.157797
10.157268
10.239441
10.097225
10.057578
10.088523
10.344569
10.060787
11.153173
10.151097
11.190598
11.225466
10.990675
11.030640
11.113044
10.053087
10.122479
10.062068
10.051135
10.022171
10.020599
10.234828
10.428530
10.079720
10.279718
10.454966
10.282383
11.066932
10.840846
11.265484
10.119783
10.032610
11.218101
10.164091
10.253153
10.336801
10.164619
10.324256
10.181822
10.320217
10.269873
11.234722
10.021049
10.038454
10.276516
10.150109
10.387527
10.273211
10.208797
10.330317
10.070503
10.204826
10.846815
10.821187
10.977783
10.532602
10.010906
10.407804
10.732525
10.850918
10.384568
10.369142
10.188692
10.478540
10.779582
10.577837
10.561269
10.724272
10.613707
10.515686
10.558784
10.601851
10.582167
10.598070
10.617955
10.580153
10.549208
10.533422
10.509241
10.445358
10.475098
10.440688
10.391216
10.395798
10.380190
10.382459
10.380068
10.387270
10.319965
10.270429
10.254845
10.226565
10.181170
10.195080
10.228552
10.211337
10.219120
10.185478
10.191735
10.170922
10.188896
10.225420
10.198201
10.183556
10.175964
10.189499
10.146910
10.200298
10.241570
10.232498
10.301335
10.260386
10.229517
10.240470
10.205905
10.213216
11.173084
10.035908
10.097275
10.114981
10.117121
10.161331
10.105779
10.077844
10.118639
10.126190
10.052555
10.258866
10.112143
10.238248
10.047768
10.301934
10.118786
11.157518
10.897437
11.099856
10.285672
10.037414
10.027102
10.137003
11.150235
11.081367
10.087564
10.204382
10.396294
10.416324
10.352674
10.367999
10.228621
10.162459
10.244292
10.302414
10.236172
10.295002
10.275404
10.205317
10.167713
10.217702
10.238538
10.264023
10.213966
10.275211
10.292398
10.274365
10.268349
10.268777
10.230206
10.186271
10.200219
10.251331
10.202005
10.166965
10.167952
10.131689
10.155224
10.224453
10.257591
10.191762
10.178399
10.178722
10.137822
10.141691
10.213925
10.179523
10.131867
10.132248
10.138334
10.110904
10.113823
10.153249
10.135303
10.318022
10.318743
10.217262
10.087149
10.972933
10.059111
10.140627
10.239172
10.428444
10.364710
11.200937
11.186705
11.198809
10.054155
10.065576
10.291345
10.006925
10.088573
10.089528
10.200019
10.321129
10.155798
10.015602
10.372567
10.369678
10.228523
10.090740
11.236243
10.202294
10.137420
11.166629
11.095720
10.046897
10.060062
10.994602
11.102888
10.014883
10.031500
10.065714
11.202188
11.272001
10.303440
10.290298
10.453323
10.482369
10.342472
10.419604
10.354882
10.324167
10.284214
10.265557
11.193367
11.205009
10.168987
10.160081
10.477072
10.585700
10.224468
11.162004
11.189253
11.240895
11.234882
10.172742
10.247745
10.282434
10.217108
10.237925
10.266024
10.246543
10.124854
10.203417
10.289851
10.323949
10.349078
10.491071
10.471286
10.484161
10.357322
10.300348
10.345661
10.143599
10.101050
10.091532
10.222185
10.221791
10.179691
10.003589
10.285666
10.079227
11.229634
11.049546
11.026993
11.151162
11.192912
10.093960
10.104337
10.083055
10.277427
10.468111
10.558646
10.356261
10.319096
10.236635
10.032141
10.113832
10.179318
10.071488
10.023129
10.155229
10.095028
10.836406
10.052377
10.641628
11.140829
10.840907
10.833765
10.628922
10.913651
10.267262
10.531898
10.180815
11.220072
10.156357
10.255649
10.931813
11.164357
10.018499
10.113765
10.261195
10.143938
10.043344
11.263196
10.288697
10.174613
10.417436
10.420014
10.437994
10.417684
10.415722
10.369953
10.379145
10.354319
10.323565
10.367440
10.671060
10.614739
10.077718
11.222633
10.216529
10.289012
10.043252
11.035599
10.005546
11.180923
11.034637
11.069177
11.138216
10.227001
10.348710
10.281972
10.215190
10.226075
10.423815
10.426290
10.272302
10.331314
10.222301
10.130958
10.518055
10.215782
10.342762
10.295488
10.128307
10.432706
10.344550
10.325351
10.037166
11.276847
10.156281
10.916831
10.075392
10.308243
10.414882
10.205247
10.795718
10.546456
10.015365
11.175344
10.617578
10.189242
10.165205
10.153361
11.055940
10.454512
11.122714
10.104696
10.117796
11.123096
11.224422
11.029954
11.219565
10.041063
10.312435
10.545580
10.295876
11.044994
10.184732
10.124030
10.010605
10.036547
10.151802
10.350924
10.488617
10.727853
10.415998
10.566996
10.588642
10.674480
10.605280
10.398698
10.432006
10.653789
10.972610
10.660986
10.394132
10.560091
10.068137
10.274626
10.211360
11.082726
11.058231
11.064572
11.105151
10.036742
10.208879
10.325490
10.376056
10.277109
10.276753
10.425277
10.465302
10.356730
10.214643
10.265309
10.305673
10.638024
10.802619
10.426811
10.327847
10.145846
10.022717
10.015572
10.011398
10.070572
10.244106
10.295112
10.271683
10.247647
10.268069
10.252286
10.288686
10.316622
10.291368
10.241786
10.258020
10.252122
10.264418
10.283045
10.287464
10.246531
10.216197
10.161474
10.188948
10.228080
10.225253
10.194381
10.182845
10.178133
10.133171
10.161377
10.210243
10.206523
10.201196
10.215069
10.187572
10.146420
10.177240
10.205682
10.158031
10.157501
10.164060
10.118127
10.112389
10.176436
10.192276
10.166853
10.161194
10.170968
10.111647
10.120885
10.177484
10.182507
10.174087
10.182899
10.184101
10.131879
10.157930
10.201987
10.180857
10.166104
10.176779
10.172626
10.158286
10.216052
10.187866
10.148384
10.223995
10.213940
10.173815
10.127828
10.187252
10.190874
10.148890
10.120835
10.131093
10.107898
10.115433
10.179991
10.172937
10.169630
10.164589
10.161918
10.141139
10.219101
10.190907
10.147706
10.165258
10.176448
10.152103
10.120397
10.156008
10.192073
10.163115
10.116908
10.141211
10.123325
10.117442
10.179627
10.204627
10.164640
10.163189
10.168167
10.131804
10.140591
10.186336
10.181843
10.193892
10.199404
10.200627
10.129284
10.148986
10.200806
10.174542
10.122018
10.126856
10.135027
10.104206
10.140886
10.165365
10.154229
10.137983
10.151056
10.140440
10.124180
10.190973
10.204964
10.185022
10.175488
10.160862
10.103659
10.131023
10.218949
10.200583
10.202234
10.207310
10.167747
10.079301
10.109704
10.164166
10.158523
10.181934
10.182198
10.147688
10.173153
10.232595
10.162575
10.228442
11.176023
10.138603
10.205562
10.147734
11.207601
10.172946
10.216277
10.298923
10.127995
10.108665
10.121244
10.251902
10.179012
10.083861
11.177132
11.116399
11.050581
11.053627
11.170242
11.107352
11.130913
10.087614
11.248833
10.352648
10.998885
10.066072
11.156901
10.902485
11.035138
10.782845
10.712801
10.003701
10.025728
11.259525
10.275443
10.244360
10.584261
10.218722
10.452940
10.413748
10.425242
10.400612
10.388325
10.439920
10.565135
10.371434
10.473943
10.459772
10.400671
10.332678
10.282296
10.245668
10.534306
10.389228
10.184752
10.109566
10.091562
10.194344
10.242412
10.323935
10.368471
10.412867
10.405222
10.308997
10.358072
10.357741
10.390379
10.318830
10.266447
10.272145
10.211449
10.302936
10.277919
10.119329
10.156828
10.045926
10.031329
10.000726
10.168768
10.143494
11.201240
11.170966
11.121636
11.199895
10.041582
10.240617
10.380114
10.108087
10.138577
10.257772
10.048935
11.229216
10.142338
10.085194
10.129174
10.100677
10.181614
10.270872
10.363343
10.379606
10.405728
10.415940
10.398826
10.366025
10.396967
10.364790
10.289614
10.340034
10.332761
10.263260
10.231688
10.270964
10.222051
10.227471
10.252899
10.228684
10.182472
10.189578
10.215185
10.207808
10.262873
10.241616
10.210563
10.164654
10.220754
10.183466
10.206013
10.235319
10.242897
10.176371
10.161160
10.187208
10.150826
10.161287
10.197081
10.187967
10.130019
10.162966
10.192575
10.159311
10.169657
10.201420
10.176601
10.119925
10.146338
10.176646
10.166063
10.189109
10.221766
10.187909
10.143597
10.170979
10.142180
10.189710
10.285735
10.303885
10.294270
10.340631
10.328823
10.336103
10.254992
10.147086
10.137773
10.060551
10.233643
11.190967
10.121653
10.212285
10.284569
10.199720
11.033525
11.184211
10.969541
10.694087
10.611002
10.402771
11.249751
11.102553
10.817699
10.013588
11.103720
10.022983
10.255165
10.446880
10.997316
10.622720
10.538467
10.742679
11.041194
10.011030
10.130708
10.204540
10.357996
10.458978
10.596272
10.720272
10.824179
10.782960
10.753794
10.751974
10.723989
10.718722
10.673769
10.629721
10.543395
10.503480
10.517085
10.501699
10.438953
10.431179
10.483014
10.594956
10.435786
10.323805
10.327490
10.293904
10.292712
10.275652
10.261721
10.292346
10.311995
10.303715
10.243331
10.242280
10.209084
10.197101
10.217322
10.219466
10.160305
10.160843
10.192574
10.155113
10.064846
10.115423
10.129605
10.176999
10.207868
10.241161
10.039296
10.008317
10.177399
10.167776
10.190894
10.111185
10.155368
10.075121
10.116783
10.155552
10.073542
10.002625
11.226591
11.210676
10.014589
10.117415
10.224082
11.235793
11.070936
11.196788
10.237833
10.287692
10.132888
11.069371
11.018656
11.057722
11.106280
11.233873
10.114983
10.217955
10.259820
10.289695
10.354857
10.426734
10.451633
10.379908
10.163150
11.002825
10.839208
10.334445
10.451587
10.176489
10.322734
10.393980
10.202822
10.219212
10.286378
10.217222
10.201960
10.263227
10.344486
10.265467
10.212296
10.220637
10.249551
10.218727
10.263250
10.280064
10.269102
10.253205
10.249783
10.212091
10.214549
10.242224
10.224164
10.247077
10.218782
10.183737
10.142601
10.189494
10.221777
10.216326
10.215002
10.208554
10.179737
10.230718
10.146384
10.299402
10.358482
10.245819
10.136610
10.068258
10.105021
10.162954
10.225382
10.270638
10.337965
10.229216
10.121278
10.134995
10.235970
10.192333
10.091207
10.119061
10.079867
10.050955
10.067790
10.206738
10.138789
10.282274
10.358651
10.341030
10.064640
11.103312
10.255467
10.189232
10.090614
11.187751
11.097348
11.225787
11.177091
11.184006
10.024155
10.105207
10.229650
10.137873
10.156176
10.166903
10.210114
10.329184
10.302299
10.327859
10.280099
10.155066
10.213005
10.221633
10.165190
10.213618
10.271045
10.208861
10.165510
10.174076
10.127621
10.103001
10.192013
10.244160
10.190135
10.183173
10.195439
10.167603
10.139578
10.169416
10.203361
10.173738
10.181896
10.197868
10.178921
10.167095
10.180826
10.202303
10.155882
10.116439
10.119177
10.112080
10.103239
10.177481
10.191343
10.139973
10.135990
10.156538
10.140282
10.137601
10.208079
10.263556
10.210914
10.145310
10.139160
10.152955
10.151858
10.216239
10.252651
10.235593
10.179006
10.174572
10.193064
10.214966
10.215709
10.217539
10.167084
10.125274
10.154085
10.250626
10.286776
10.297398
10.446459
10.246505
10.024658
10.005839
10.115617
10.119126
10.088842
10.072775
10.121091
10.163565
10.193475
10.215660
10.233377
10.208746
10.176723
10.184669
10.228117
10.220614
10.210443
10.177341
10.152699
10.134057
10.148789
10.192577
10.199947
10.140068
10.110813
10.174445
10.195510
10.232870
10.234324
10.223264
10.168978
10.109326
10.148468
10.167351
10.134446
10.123811
10.183581
10.206649
10.145645
10.101821
10.091582
10.067822
10.066554
10.135299
10.191344
10.112194
10.143937
10.219555
10.388939
10.295106
10.237003
10.216225
10.060964
10.063289
10.151886
10.354406
10.233421
10.171827
10.118846
10.022031
10.036443
10.092729
10.199647
10.192334
10.177189
10.147902
10.156610
10.153124
10.110810
10.112817
10.129980
10.116335
10.193562
10.205397
10.201952
10.211621
10.185880
10.126599
10.120949
10.111765
10.099220
10.270355
10.333202
10.381927
10.047755
10.139946
10.061170
11.168144
11.128977
10.915318
11.174433
10.071735
10.112740
10.142813
10.024899
10.104791
11.224192
10.085604
10.062606
10.122542
10.124662
10.154007
10.068349
10.087222
10.072194
10.282750
10.498111
10.678023
10.319954
10.111559
11.107856
11.077377
10.225702
10.291829
10.029452
10.171947
10.100797
10.111112
10.097116
10.124833
10.131956
10.113019
10.141183
10.107727
10.300572
10.389255
10.251789
10.210746
10.173949
10.228324
10.244686
10.075400
10.135260
11.227201
10.198966
10.289976
10.288767
10.220109
10.255083
10.118842
10.073705
11.246362
10.064560
10.021269
11.193962
10.009438
11.179339
10.113382
10.394984
10.298828
10.107344
10.202412
10.228792
10.126884
11.062376
10.042656
10.192915
10.027550
10.040699
10.133409
10.097859
10.152074
10.200634
10.164559
10.140670
10.173945
10.205754
10.251679
10.277317
10.311655
10.320659
10.333807
10.304026
10.301599
10.282302
10.249336
10.235646
10.249148
10.260925
10.213364
10.224339
10.233634
10.228892
10.210959
10.240760
10.222241
10.186637
10.206186
10.210192
10.191263
10.178952
10.235120
10.195118
10.200664
10.182899
10.143520
10.141719
10.178054
10.200522
10.172157
10.188033
10.158279
10.135790
10.123666
10.174281
10.189472
10.178821
10.207138
10.166820
10.131094
10.139215
10.177524
10.151178
10.173348
10.182127
10.143950
10.133947
10.153314
10.203313
10.158498
10.141990
10.168438
10.149496
10.142868
10.173075
10.203064
10.146739
10.163934
10.182048
10.139682
10.145218
10.186677
10.184799
10.172443
10.187554
10.149897
10.113899
10.184743
10.225953
10.184794
10.167090
10.167071
10.144644
10.123857
10.196576
10.221604
10.143250
10.187089
10.160564
10.114471
10.113099
10.191176
10.183157
10.146160
10.174516
10.161325
10.140186
10.147403
10.203677
10.177902
10.149182
10.165848
10.151192
10.143129
10.165452
10.224842
10.179775
10.194538
10.200728
10.153667
10.150667
10.174350
10.186355
10.145235
10.177032
10.163012
10.120968
10.125873
10.220091
10.216788
10.171000
10.178243
10.152106
10.129251
10.159750
10.198067
10.161426
10.116613
10.134552
10.130658
10.128036
10.149314
10.201235
10.177235
10.154825
10.172812
10.139145
10.118592
10.137619
10.192387
10.151239
10.160501
10.175828
10.153395
10.156744
10.210011
10.242673
10.206738
10.272572
10.211681
10.091659
10.121592
10.275501
10.272782
10.139598
10.264747
10.349895
10.104654
10.013343
10.045160
10.010846
10.029636
10.058038
10.066805
10.080563
10.096251
10.166235
10.129067
10.151999
10.216510
10.169918
10.140100
10.194725
10.211458
10.165230
10.160160
10.152939
10.120358
10.131311
10.183486
10.179939
10.166649
10.194442
10.183174
10.146318
10.143892
10.202180
10.178002
10.179003
10.196938
10.171284
10.120765
10.148228
10.195894
10.172132
10.197464
10.173122
10.145751
10.124471
10.177153
10.191903
10.187308
10.204335
10.170834
10.117571
10.108892
10.160439
10.156235
10.150047
10.174465
10.160467
10.133813
10.163171
10.199574
10.185833
10.187103
10.209355
10.197231
10.141454
10.162426
10.201946
10.171631
10.186260
10.197129
10.167082
10.124516
10.169609
10.188423
10.200374
10.229600
10.222997
10.191466
10.165181
10.180366
10.220006
10.256820
10.245277
10.282557
10.079859
10.096892
10.217866
10.369045
10.305052
10.218578
10.167586
10.120963
10.164333
10.203862
10.155595
10.184848
10.189746
10.179302
10.208654
10.238443
10.186065
10.226174
10.058727
10.126238
10.256706
10.185467
10.129851
10.156736
10.306234
10.204909
10.122423
10.221828
11.218756
11.057325
11.083361
11.142609
10.000730
10.139351
10.196526
10.191584
10.196179
10.201429
10.190389
10.368076
10.278456
10.249199
10.197790
10.192083
10.108622
10.091637
10.134008
10.183235
10.118002
10.130871
10.257411
10.274412
10.205585
10.120650
10.141568
10.152824
10.182993
10.224964
10.246814
10.214184
10.060816
10.116224
10.209551
10.273307
10.306877
10.259621
10.228149
10.251989
10.115425
10.147789
10.148308
10.158286
10.164209
10.141449
10.122257
10.131115
10.137136
10.195263
10.131660
10.198750
10.139124
10.121216
10.277673
10.346148
10.197817
10.159968
10.110932
10.118874
10.083966
10.068546
10.094759
10.119368
10.170344
10.089652
10.118979
10.218875
10.168688
10.160857
10.147840
10.187003
10.227046
10.196266
10.126420
10.083702
10.123148
10.170002
10.174192
10.101400
10.008886
10.171835
10.231325
10.166219
10.351337
10.334694
10.168792
10.222298
10.232603
10.150156
10.112456
10.100294
10.122360
10.091098
10.144016
10.195147
10.143638
10.119827
10.161272
10.135486
10.129172
10.209532
10.216022
10.146834
10.166126
10.202817
10.189564
10.204663
10.189674
10.125177
10.097921
10.186389
10.168770
10.194056
10.316295
10.198362
10.133688
10.105492
10.097636
10.156891
10.145666
10.190382
10.167760
10.179821
10.183185
10.187235
10.183748
10.186711
10.191247
10.154820
10.171475
10.184413
10.198524
10.139290
10.180135
10.130463
10.143552
10.174748
10.224801
10.212630
10.137161
10.094048
10.133308
10.133641
10.119656
10.131594
10.131300
10.085062
10.091114
10.138170
10.138607
10.144164
10.155233
10.118094
10.125240
10.161697
10.196568
10.137842
10.136159
10.126988
10.090486
10.247002
10.155067
10.231071
10.284039
10.220724
10.149758
10.148252
10.041596
10.084065
10.207077
11.121257
10.122842
10.212769
10.160415
10.200723
10.091373
10.202178
10.005956
10.001876
10.088024
10.131163
11.202638
10.984816
11.120106
10.079975
10.090737
10.049929
10.067463
10.101309
10.099455
10.211237
10.332705
10.215792
10.275276
10.285915
10.292609
10.288760
10.267108
10.302573
10.311617
10.360146
10.528948
10.333503
10.142369
10.168144
10.218529
10.149206
10.129771
10.138836
10.142062
10.130291
10.168556
10.230095
10.195337
10.182528
10.172673
10.153568
10.144934
10.164753
10.215680
10.183556
10.216946
10.181528
10.111825
10.089495
10.146307
10.201933
10.192778
10.267600
10.202963
10.142845
10.120684
10.181338
10.212431
10.190292
0.000000
0.000000
0.000000
0.000000
0.000000
0.000000
0.000000
0.000000
0.000000
0.000000
0.000000
0.000000
0.000000
0.000000
0.000000
0.000000
0.000000
0.000000
0.000000
0.000000
0.000000
0.000000
0.000000
0.000000
0.000000
0.000000
0.000000
0.000000
0.000000
0.000000
0.000000
0.000000
0.000000
0.000000
0.000000
0.000000
0.000000
0.000000
0.000000
0.000000
0.000000
0.000000
0.000000
0.000000
0.000000
0.000000
0.000000
0.000000
0.000000
0.000000
0.000000
0.000000
0.000000
0.000000
0.000000
0.000000
0.000000
0.000000
0.000000
0.000000
0.000000
0.000000
0.000000
0.000000
0.000000
0.000000
0.000000
0.000000
0.000000
0.000000
0.000000
0.000000
0.000000
0.000000
0.000000
0.000000
0.000000
0.000000
0.000000
0.000000
0.000000
0.000000
0.000000
0.000000
0.000000
0.000000
0.000000
0.000000
0.000000
0.000000
0.000000
0.000000
0.000000
0.000000
0.000000
0.000000
0.000000
0.000000
0.000000
0.000000
0.000000
0.000000
0.000000
0.000000
0.000000
0.000000
0.000000
0.000000
0.000000
0.000000
0.000000
0.000000
0.000000
0.000000
0.000000
0.000000
0.000000
0.000000
0.000000
0.000000
0.000000
0.000000
0.000000
0.000000
0.000000
0.000000
0.000000
0.000000
0.000000
0.000000
0.000000
0.000000
0.000000
0.000000
0.000000
0.000000
0.000000
0.000000
0.000000
0.000000
0.000000
0.000000
0.000000
0.000000
0.000000
0.000000
0.000000
0.000000
0.000000
0.000000
0.000000
0.000000
0.000000
0.000000
0.000000
0.000000
0.000000
0.000000
0.000000
0.000000
0.000000
0.000000
0.000000
0.000000
0.000000
0.000000
0.000000
0.000000
0.000000
0.000000
0.000000
0.000000
0.000000
0.000000
0.000000
0.000000
0.000000
0.000000
0.000000
0.000000
0.000000
0.000000
0.000000
0.000000
0.000000
0.000000
0.000000
0.000000
0.000000
0.000000
0.000000
0.000000
0.000000
0.000000
0.000000
0.000000
0.000000
0.000000
0.000000
0.000000
0.000000
0.000000
0.000000
0.000000
0.000000
0.000000
0.000000
0.000000
0.000000
0.000000
0.000000
0.000000
0.000000
0.000000
0.000000
0.000000
0.000000
0.000000
0.000000
0.000000
0.000000
0.000000
0.000000
0.000000
0.000000
0.000000
0.000000
0.000000
0.000000
0.000000
0.000000
0.000000
0.000000
0.000000
0.000000
0.000000
0.000000
0.000000
0.000000
0.000000
0.000000
0.000000
0.000000
0.000000
0.000000
0.000000
0.000000
0.000000
0.000000
0.000000
0.000000
0.000000
0.000000
0.000000
0.000000
0.000000
0.000000
0.000000
0.000000
0.000000
0.000000
0.000000
0.000000
0.000000
0.000000
0.000000
0.000000
0.000000
0.000000
0.000000
0.000000
0.000000
0.000000
0.000000
0.000000
0.000000
0.000000
0.000000
0.000000
0.000000
0.000000
0.000000
0.000000
0.000000
0.000000
0.000000
0.000000
0.000000
0.000000
0.000000
0.000000
0.000000
0.000000
0.000000
0.000000
0.000000
0.000000
0.000000
0.000000
0.000000
0.000000
0.000000
0.000000
0.000000
0.000000
0.000000
0.000000
0.000000
0.000000
0.000000
0.000000
0.000000
0.000000
0.000000
0.000000
0.000000
0.000000
0.000000
0.000000
0.000000
0.000000
0.000000
0.000000
0.000000
0.000000
0.000000
0.000000
0.000000
0.000000
0.000000
0.000000
0.000000
0.000000
0.000000
0.000000
0.000000
0.000000
0.000000
0.000000
0.000000
0.000000
0.000000
0.000000
0.000000
0.000000
0.000000
0.000000
0.000000
0.000000
0.000000
0.000000
0.000000
0.000000
0.000000
0.000000
0.000000
0.000000
0.000000
0.000000
0.000000
0.000000
0.000000
0.000000
0.000000
0.000000
0.000000
0.000000
0.000000
0.000000
0.000000
0.000000
0.000000
0.000000
0.000000
0.000000
0.000000
0.000000
0.000000
0.000000
0.000000
0.000000
0.000000
0.000000
0.000000
0.000000
0.000000
0.000000
0.000000
0.000000
0.000000
0.000000
0.000000
0.000000
0.000000
0.000000
0.000000
0.000000
0.000000
0.000000
0.000000
0.000000
0.000000
0.000000
0.000000
0.000000
0.000000
0.000000
0.000000
0.000000
0.000000
0.000000
0.000000
0.000000
0.000000
0.000000
0.000000
0.000000
0.000000
0.000000
0.000000
0.000000
0.000000
0.000000
0.000000
0.000000
0.000000
0.000000
0.000000
0.000000
0.000000
0.000000
0.000000
0.000000
0.000000
0.000000
0.000000
0.000000
0.000000
0.000000
0.000000
0.000000
0.000000
0.000000
0.000000
0.000000
0.000000
0.000000
0.000000
0.000000
0.000000
0.000000
0.000000
0.000000
0.000000
0.000000
0.000000
0.000000
0.000000
0.000000
0.000000
0.000000
0.000000
0.000000
0.000000
0.000000
0.000000
0.000000
0.000000
0.000000
0.000000
0.000000
0.000000
0.000000
0.000000
0.000000
0.000000
0.000000
0.000000
0.000000
0.000000
0.000000
0.000000
0.000000
0.000000
0.000000
0.000000
0.000000
0.000000
0.000000
0.000000
0.000000
0.000000
0.000000
0.000000
0.000000
0.000000
0.000000
0.000000
0.000000
0.000000
0.000000
0.000000
0.000000
0.000000
0.000000
0.000000
0.000000
0.000000
0.000000
0.000000
0.000000
0.000000
0.000000
0.000000
0.000000
0.000000
0.000000
0.000000
0.000000
0.000000
0.000000
0.000000
0.000000
0.000000
0.000000
0.000000
0.000000
0.000000
0.000000
0.000000
0.000000
0.000000
0.000000
0.000000
0.000000
0.000000
0.000000
0.000000
0.000000
0.000000
0.000000
0.000000
0.000000
0.000000
0.000000
0.000000
0.000000
0.000000
0.000000
0.000000
0.000000
0.000000
0.000000
0.000000
0.000000
0.000000
0.000000
0.000000
0.000000
0.000000
0.000000
0.000000
0.000000
0.000000
0.000000
0.000000
0.000000
0.000000
0.000000
0.000000
0.000000
0.000000
0.000000
0.000000
0.000000
0.000000
0.000000
0.000000
0.000000
0.000000
0.000000
0.000000
0.000000
0.000000
0.000000
0.000000
0.000000
0.000000
0.000000
0.000000
0.000000
0.000000
0.000000
0.000000
0.000000
0.000000
0.000000
0.000000
0.000000
0.000000
0.000000
0.000000
0.000000
0.000000
0.000000
0.000000
0.000000
0.000000
0.000000
0.000000
0.000000
0.000000
0.000000
0.000000
0.000000
0.000000
0.000000
0.000000
0.000000
0.000000
0.000000
0.000000
0.000000
0.000000
0.000000
0.000000
0.000000
0.000000
0.000000
0.000000
0.000000
0.000000
0.000000
0.000000
0.000000
0.000000
0.000000
0.000000
0.000000
0.000000
0.000000
0.000000
0.000000
0.000000
0.000000
0.000000
0.000000
0.000000
0.000000
0.000000
0.000000
0.000000
0.000000
0.000000
0.000000
0.000000
0.000000
0.000000
0.000000
0.000000
0.000000
0.000000
0.000000
0.000000
0.000000
0.000000
0.000000
0.000000
0.000000
0.000000
0.000000
0.000000
0.000000
0.000000
0.000000
0.000000
0.000000
0.000000
0.000000
0.000000
0.000000
0.000000
0.000000
0.000000
0.000000
0.000000
0.000000
0.000000
0.000000
0.000000
0.000000
0.000000
0.000000
0.000000
0.000000
0.000000
0.000000
0.000000
0.000000
0.000000
0.000000
0.000000
0.000000
0.000000
0.000000
0.000000
0.000000
0.000000
0.000000
0.000000
0.000000
0.000000
0.000000
0.000000
0.000000
0.000000
0.000000
0.000000
0.000000
0.000000
0.000000
0.000000
0.000000
0.000000
0.000000
0.000000
0.000000
0.000000
0.000000
0.000000
0.000000
0.000000
0.000000
0.000000
0.000000
0.000000
0.000000
0.000000
0.000000
0.000000
0.000000
0.000000
0.000000
0.000000
0.000000
0.000000
0.000000
0.000000
0.000000
0.000000
0.000000
0.000000
0.000000
0.000000
0.000000
0.000000
0.000000
0.000000
0.000000
0.000000
0.000000
0.000000
0.000000
0.000000
0.000000
0.000000
0.000000
0.000000
0.000000
0.000000
0.000000
0.000000
0.000000
0.000000
0.000000
0.000000
0.000000
0.000000
0.000000
0.000000
0.000000
0.000000
0.000000
0.000000
0.000000
0.000000
0.000000
0.000000
0.000000
0.000000
0.000000
0.000000
0.000000
0.000000
0.000000
0.000000
0.000000
0.000000
0.000000
0.000000
0.000000
0.000000
0.000000
0.000000
0.000000
0.000000
0.000000
0.000000
0.000000
0.000000
0.000000
0.000000
0.000000
0.000000
0.000000
0.000000
0.000000
0.000000
0.000000
0.000000
0.000000
0.000000
0.000000
0.000000
0.000000
0.000000
0.000000
0.000000
0.000000
0.000000
0.000000
0.000000
0.000000
0.000000
0.000000
0.000000
0.000000
0.000000
0.000000
0.000000
0.000000
0.000000
0.000000
0.000000
0.000000
0.000000
0.000000
0.000000
0.000000
0.000000
0.000000
0.000000
0.000000
0.000000
0.000000
0.000000
0.000000
0.000000
0.000000
0.000000
0.000000
0.000000
0.000000
0.000000
0.000000
0.000000
0.000000
0.000000
0.000000
0.000000
0.000000
0.000000
0.000000
0.000000
0.000000
0.000000
0.000000
0.000000
0.000000
0.000000
0.000000
0.000000
0.000000
0.000000
0.000000
0.000000
0.000000
0.000000
0.000000
0.000000
0.000000
0.000000
0.000000
0.000000
0.000000
0.000000
0.000000
0.000000
0.000000
0.000000
0.000000
0.000000
0.000000
0.000000
0.000000
0.000000
0.000000
0.000000
0.000000
0.000000
0.000000
0.000000
0.000000
0.000000
0.000000
0.000000
0.000000
0.000000
0.000000
0.000000
0.000000
0.000000
0.000000
0.000000
0.000000
0.000000
0.000000
0.000000
0.000000
0.000000
0.000000
0.000000
0.000000
0.000000
0.000000
0.000000
0.000000
0.000000
0.000000
0.000000
0.000000
0.000000
0.000000
0.000000
0.000000
0.000000
0.000000
0.000000
0.000000
0.000000
0.000000
0.000000
0.000000
0.000000
0.000000
0.000000
0.000000
0.000000
0.000000
0.000000
0.000000
0.000000
0.000000
0.000000
0.000000
0.000000
0.000000
0.000000
0.000000
0.000000
0.000000
0.000000
0.000000
0.000000
0.000000
0.000000
0.000000
0.000000
0.000000
0.000000
0.000000
0.000000
0.000000
0.000000
0.000000
0.000000
0.000000
0.000000
0.000000
0.000000
0.000000
0.000000
0.000000
0.000000
0.000000
0.000000
0.000000
0.000000
0.000000
0.000000
0.000000
0.000000
0.000000
0.000000
0.000000
0.000000
0.000000
0.000000
0.000000
0.000000
0.000000
0.000000
0.000000
0.000000
0.000000
0.000000
0.000000
0.000000
0.000000
0.000000
0.000000
0.000000
0.000000
0.000000
0.000000
0.000000
0.000000
0.000000
0.000000
0.000000
0.000000
0.000000
0.000000
0.000000
0.000000
0.000000
0.000000
0.000000
0.000000
0.000000
0.000000
0.000000
0.000000
0.000000
0.000000
0.000000
0.000000
0.000000
0.000000
0.000000
0.000000
0.000000
0.000000
0.000000
0.000000
0.000000
0.000000
0.000000
0.000000
0.000000
0.000000
0.000000
0.000000
0.000000
0.000000
0.000000
0.000000
0.000000
0.000000
0.000000
0.000000
0.000000
0.000000
0.000000
0.000000
0.000000
0.000000
0.000000
0.000000
0.000000
0.000000
0.000000
0.000000
0.000000
0.000000
0.000000
0.000000
0.000000
0.000000
0.000000
0.000000
0.000000
0.000000
0.000000
0.000000
0.000000
0.000000
0.000000
0.000000
0.000000
0.000000
0.000000
0.000000
0.000000
0.000000
0.000000
0.000000
0.000000
0.000000
0.000000
0.000000
0.000000
0.000000
0.000000
0.000000
0.000000
0.000000
0.000000
0.000000
0.000000
0.000000
0.000000
0.000000
0.000000
0.000000
0.000000
0.000000
0.000000
0.000000
0.000000
0.000000
0.000000
0.000000
0.000000
0.000000
0.000000
0.000000
0.000000
0.000000
0.000000
0.000000
0.000000
0.000000
0.000000
0.000000
0.000000
0.000000
0.000000
0.000000
0.000000
0.000000
0.000000
0.000000
0.000000
0.000000
0.000000
0.000000
0.000000
0.000000
0.000000
0.000000
0.000000
0.000000
0.000000
0.000000
0.000000
0.000000
0.000000
0.000000
0.000000
0.000000
0.000000
0.000000
0.000000
0.000000
0.000000
0.000000
0.000000
0.000000
0.000000
0.000000
0.000000
0.000000
0.000000
0.000000
0.000000
0.000000
0.000000
0.000000
0.000000
0.000000
0.000000
0.000000
0.000000
0.000000
0.000000
0.000000
0.000000
0.000000
0.000000
0.000000
0.000000
0.000000
0.000000
0.000000
0.000000
0.000000
0.000000
0.000000
0.000000
0.000000
0.000000
0.000000
0.000000
0.000000
0.000000
0.000000
0.000000
0.000000
0.000000
0.000000
0.000000
0.000000
0.000000
0.000000
0.000000
0.000000
0.000000
0.000000
0.000000
0.000000
0.000000
0.000000
0.000000
0.000000
0.000000
0.000000
0.000000
0.000000
0.000000
0.000000
0.000000
0.000000
0.000000
0.000000
0.000000
0.000000
0.000000
0.000000
0.000000
0.000000
0.000000
0.000000
0.000000
0.000000
0.000000
0.000000
0.000000
0.000000
0.000000
0.000000
0.000000
0.000000
0.000000
0.000000
0.000000
0.000000
0.000000
0.000000
0.000000
0.000000
0.000000
0.000000
0.000000
0.000000
0.000000
0.000000
0.000000
0.000000
0.000000
0.000000
0.000000
0.000000
0.000000
0.000000
0.000000
0.000000
0.000000
0.000000
0.000000
0.000000
0.000000
0.000000
0.000000
0.000000
0.000000
0.000000
0.000000
0.000000
0.000000
0.000000
0.000000
0.000000
0.000000
0.000000
0.000000
0.000000
0.000000
0.000000
0.000000
0.000000
0.000000
0.000000
0.000000
0.000000
0.000000
0.000000
0.000000
0.000000
0.000000
0.000000
0.000000
0.000000
0.000000
0.000000
0.000000
0.000000
0.000000
0.000000
0.000000
0.000000
0.000000
0.000000
0.000000
0.000000
0.000000
0.000000
0.000000
0.000000
0.000000
0.000000
0.000000
0.000000
0.000000
0.000000
0.000000
0.000000
0.000000
0.000000
0.000000
0.000000
0.000000
0.000000
0.000000
0.000000
0.000000
0.000000
0.000000
0.000000
0.000000
0.000000
0.000000
0.000000
0.000000
0.000000
0.000000
0.000000
0.000000
0.000000
0.000000
0.000000
0.000000
0.000000
0.000000
0.000000
0.000000
0.000000
0.000000
0.000000
0.000000
0.000000
0.000000
0.000000
0.000000
0.000000
0.000000
0.000000
0.000000
0.000000
0.000000
0.000000
0.000000
0.000000
0.000000
0.000000
0.000000
0.000000
0.000000
0.000000
0.000000
0.000000
0.000000
0.000000
0.000000
0.000000
0.000000
0.000000
0.000000
0.000000
0.000000
0.000000
0.000000
0.000000
0.000000
0.000000
0.000000
0.000000
0.000000
0.000000
0.000000
0.000000
0.000000
0.000000
0.000000
0.000000
0.000000
0.000000
0.000000
0.000000
0.000000
0.000000
0.000000
0.000000
0.000000
0.000000
0.000000
0.000000
0.000000
0.000000
0.000000
0.000000
0.000000
0.000000
0.000000
0.000000
0.000000
0.000000
0.000000
0.000000
0.000000
0.000000
0.000000
0.000000
0.000000
0.000000
0.000000
0.000000
0.000000
0.000000
0.000000
0.000000
0.000000
0.000000
0.000000
0.000000
0.000000
0.000000
0.000000
0.000000
0.000000
0.000000
0.000000
0.000000
0.000000
0.000000
0.000000
0.000000
0.000000
0.000000
0.000000
0.000000
0.000000
0.000000
0.000000
0.000000
0.000000
0.000000
0.000000
0.000000
0.000000
0.000000
0.000000
0.000000
0.000000
0.000000
0.000000
0.000000
0.000000
0.000000
0.000000
0.000000
0.000000
0.000000
0.000000
0.000000
0.000000
0.000000
0.000000
0.000000
0.000000
0.000000
0.000000
0.000000
0.000000
0.000000
0.000000
0.000000
0.000000
0.000000
0.000000
0.000000
0.000000
0.000000
0.000000
0.000000
0.000000
0.000000
0.000000
0.000000
0.000000
0.000000
0.000000
0.000000
0.000000
0.000000
0.000000
0.000000
0.000000
0.000000
0.000000
0.000000
0.000000
0.000000
0.000000
0.000000
0.000000
0.000000
0.000000
0.000000
0.000000
0.000000
0.000000
0.000000
0.000000
0.000000
0.000000
0.000000
0.000000
0.000000
0.000000
0.000000
0.000000
0.000000
0.000000
0.000000
0.000000
0.000000
0.000000
0.000000
0.000000
0.000000
0.000000
0.000000
0.000000
0.000000
0.000000
0.000000
0.000000
0.000000
0.000000
0.000000
0.000000
0.000000
0.000000
0.000000
0.000000
0.000000
0.000000
0.000000
0.000000
0.000000
0.000000
0.000000
0.000000
0.000000
0.000000
0.000000
0.000000
0.000000
0.000000
0.000000
0.000000
0.000000
0.000000
0.000000
0.000000
0.000000
0.000000
0.000000
0.000000
0.000000
0.000000
0.000000
0.000000
0.000000
0.000000
0.000000
0.000000
0.000000
0.000000
0.000000
0.000000
0.000000
0.000000
0.000000
0.000000
0.000000
0.000000
0.000000
0.000000
0.000000
0.000000
0.000000
0.000000
0.000000
0.000000
0.000000
0.000000
0.000000
0.000000
0.000000
0.000000
0.000000
0.000000
0.000000
0.000000
0.000000
0.000000
0.000000
0.000000
0.000000
0.000000
0.000000
0.000000
0.000000
0.000000
0.000000
0.000000
0.000000
0.000000
0.000000
0.000000
0.000000
0.000000
0.000000
0.000000
0.000000
0.000000
0.000000
0.000000
0.000000
0.000000
0.000000
0.000000
0.000000
0.000000
0.000000
0.000000
0.000000
0.000000
0.000000
0.000000
0.000000
0.000000
0.000000
0.000000
0.000000
0.000000
0.000000
0.000000
0.000000
0.000000
0.000000
0.000000
0.000000
0.000000
0.000000
0.000000
0.000000
0.000000
0.000000
0.000000
0.000000
0.000000
0.000000
0.000000
0.000000
0.000000
0.000000
0.000000
0.000000
0.000000
0.000000
0.000000
0.000000
0.000000
0.000000
0.000000
0.000000
0.000000
0.000000
0.000000
0.000000
0.000000
0.000000
0.000000
0.000000
0.000000
0.000000
0.000000
0.000000
0.000000
0.000000
0.000000
0.000000
0.000000
0.000000
0.000000
0.000000
0.000000
0.000000
0.000000
0.000000
0.000000
0.000000
0.000000
0.000000
0.000000
0.000000
0.000000
0.000000
0.000000
0.000000
0.000000
0.000000
0.000000
0.000000
0.000000
0.000000
0.000000
0.000000
0.000000
0.000000
0.000000
0.000000
0.000000
0.000000
0.000000
0.000000
0.000000
0.000000
0.000000
0.000000
0.000000
0.000000
0.000000
0.000000
0.000000
0.000000
0.000000
0.000000
0.000000
0.000000
0.000000
0.000000
0.000000
0.000000
0.000000
0.000000
0.000000
0.000000
0.000000
0.000000
0.000000
0.000000
0.000000
0.000000
0.000000
0.000000
0.000000
0.000000
0.000000
0.000000
0.000000
0.000000
0.000000
0.000000
0.000000
0.000000
0.000000
0.000000
0.000000
0.000000
0.000000
0.000000
0.000000
0.000000
0.000000
0.000000
0.000000
0.000000
0.000000
0.000000
0.000000
0.000000
0.000000
0.000000
0.000000
0.000000
0.000000
0.000000
0.000000
0.000000
0.000000
0.000000
0.000000
0.000000
0.000000
0.000000
0.000000
0.000000
0.000000
0.000000
0.000000
0.000000
0.000000
0.000000
0.000000
0.000000
0.000000
0.000000
0.000000
0.000000
0.000000
0.000000
0.000000
0.000000
0.000000
0.000000
0.000000
0.000000
0.000000
0.000000
0.000000
0.000000
0.000000
0.000000
0.000000
0.000000
0.000000
0.000000
0.000000
0.000000
0.000000
0.000000
0.000000
0.000000
0.000000
0.000000
0.000000
0.000000
0.000000
0.000000
0.000000
0.000000
0.000000
0.000000
0.000000
0.000000
0.000000
0.000000
0.000000
0.000000
0.000000
0.000000
0.000000
0.000000
0.000000
0.000000
0.000000
0.000000
0.000000
0.000000
0.000000
0.000000
0.000000
0.000000
0.000000
0.000000
0.000000
0.000000
0.000000
0.000000
0.000000
0.000000
0.000000
0.000000
0.000000
0.000000
0.000000
0.000000
0.000000
0.000000
0.000000
0.000000
0.000000
0.000000
0.000000
0.000000
0.000000
0.000000
0.000000
0.000000
0.000000
0.000000
0.000000
0.000000
0.000000
0.000000
0.000000
0.000000
0.000000
0.000000
0.000000
0.000000
0.000000
0.000000
0.000000
0.000000
0.000000
0.000000
0.000000
0.000000
0.000000
0.000000
0.000000
0.000000
0.000000
0.000000
0.000000
0.000000
0.000000
0.000000
0.000000
0.000000
0.000000
0.000000
0.000000
0.000000
0.000000
0.000000
0.000000
0.000000
0.000000
0.000000
0.000000
0.000000
0.000000
0.000000
0.000000
0.000000
0.000000
0.000000
0.000000
0.000000
0.000000
0.000000
0.000000
0.000000
0.000000
0.000000
0.000000
0.000000
0.000000
0.000000
0.000000
0.000000
0.000000
0.000000
0.000000
0.000000
0.000000
0.000000
0.000000
0.000000
0.000000
0.000000
0.000000
0.000000
0.000000
0.000000
0.000000
0.000000
0.000000
0.000000
0.000000
0.000000
0.000000
0.000000
0.000000
0.000000
0.000000
0.000000
0.000000
0.000000
0.000000
0.000000
0.000000
0.000000
0.000000
0.000000
0.000000
0.000000
0.000000
0.000000
0.000000
0.000000
0.000000
0.000000
0.000000
0.000000
0.000000
0.000000
0.000000
0.000000
0.000000
0.000000
0.000000
0.000000
0.000000
0.000000
0.000000
0.000000
0.000000
0.000000
0.000000
0.000000
0.000000
0.000000
0.000000
0.000000
0.000000
0.000000
0.000000
0.000000
0.000000
0.000000
0.000000
0.000000
0.000000
0.000000
0.000000
0.000000
0.000000
0.000000
0.000000
0.000000
0.000000
0.000000
0.000000
0.000000
0.000000
0.000000
0.000000
0.000000
0.000000
0.000000
0.000000
0.000000
0.000000
0.000000
0.000000
0.000000
0.000000
0.000000
0.000000
0.000000
0.000000
0.000000
0.000000
0.000000
0.000000
0.000000
0.000000
0.000000
0.000000
0.000000
0.000000
0.000000
0.000000
0.000000
0.000000
0.000000
0.000000
0.000000
0.000000
0.000000
0.000000
0.000000
0.000000
0.000000
0.000000
0.000000
0.000000
0.000000
0.000000
0.000000
0.000000
0.000000
0.000000
0.000000
0.000000
0.000000
0.000000
0.000000
0.000000
0.000000
0.000000
0.000000
0.000000
0.000000
0.000000
0.000000
0.000000
0.000000
0.000000
0.000000
0.000000
0.000000
0.000000
0.000000
0.000000
0.000000
0.000000
0.000000
0.000000
0.000000
0.000000
0.000000
0.000000
0.000000
0.000000
0.000000
0.000000
0.000000
0.000000
0.000000
0.000000
0.000000
0.000000
0.000000
0.000000
0.000000
0.000000
0.000000
0.000000
0.000000
0.000000
0.000000
0.000000
0.000000
0.000000
0.000000
0.000000
0.000000
0.000000
0.000000
0.000000
0.000000
0.000000
0.000000
0.000000
0.000000
0.000000
0.000000
0.000000
0.000000
0.000000
0.000000
0.000000
0.000000
0.000000
0.000000
0.000000
0.000000
0.000000
0.000000
0.000000
0.000000
0.000000
0.000000
0.000000
0.000000
0.000000
0.000000
0.000000
0.000000
0.000000
0.000000
0.000000
0.000000
0.000000
0.000000
0.000000
0.000000
0.000000
0.000000
0.000000
0.000000
0.000000
0.000000
0.000000
0.000000
0.000000
0.000000
0.000000
0.000000
0.000000
0.000000
0.000000
0.000000
0.000000
0.000000
0.000000
0.000000
0.000000
0.000000
0.000000
0.000000
0.000000
0.000000
0.000000
0.000000
0.000000
0.000000
0.000000
0.000000
0.000000
0.000000
0.000000
0.000000
0.000000
0.000000
0.000000
0.000000
0.000000
0.000000
0.000000
0.000000
0.000000
0.000000
0.000000
0.000000
0.000000
0.000000
0.000000
0.000000
0.000000
0.000000
0.000000
0.000000
0.000000
0.000000
0.000000
0.000000
0.000000
0.000000
0.000000
0.000000
0.000000
0.000000
0.000000
0.000000
0.000000
0.000000
0.000000
0.000000
0.000000
0.000000
0.000000
0.000000
0.000000
0.000000
0.000000
0.000000
0.000000
0.000000
0.000000
0.000000
0.000000
0.000000
0.000000
0.000000
0.000000
0.000000
0.000000
0.000000
0.000000
0.000000
0.000000
0.000000
0.000000
0.000000
0.000000
0.000000
0.000000
0.000000
0.000000
0.000000
0.000000
0.000000
0.000000
0.000000
0.000000
0.000000
0.000000
0.000000
0.000000
0.000000
0.000000
0.000000
0.000000
0.000000
0.000000
0.000000
0.000000
0.000000
0.000000
0.000000
0.000000
0.000000
0.000000
0.000000
0.000000
0.000000
0.000000
0.000000
0.000000
0.000000
0.000000
0.000000
0.000000
0.000000
0.000000
0.000000
0.000000
0.000000
0.000000
0.000000
0.000000
0.000000
0.000000
0.000000
0.000000
0.000000
0.000000
0.000000
0.000000
0.000000
0.000000
0.000000
0.000000
0.000000
0.000000
0.000000
0.000000
0.000000
0.000000
0.000000
0.000000
0.000000
0.000000
0.000000
0.000000
0.000000
0.000000
0.000000
0.000000
0.000000
0.000000
0.000000
0.000000
0.000000
0.000000
0.000000
0.000000
0.000000
0.000000
0.000000
0.000000
0.000000
0.000000
0.000000
0.000000
0.000000
0.000000
0.000000
0.000000
0.000000
0.000000
0.000000
0.000000
0.000000
0.000000
0.000000
0.000000
0.000000
0.000000
0.000000
0.000000
0.000000
0.000000
0.000000
0.000000
0.000000
0.000000
0.000000
0.000000
0.000000
0.000000
0.000000
0.000000
0.000000
0.000000
0.000000
0.000000
0.000000
0.000000
0.000000
0.000000
0.000000
0.000000
0.000000
0.000000
0.000000
0.000000
0.000000
0.000000
0.000000
0.000000
0.000000
0.000000
0.000000
0.000000
0.000000
0.000000
0.000000
0.000000
0.000000
0.000000
0.000000
0.000000
0.000000
0.000000
0.000000
0.000000
0.000000
0.000000
0.000000
0.000000
0.000000
0.000000
0.000000
0.000000
0.000000
0.000000
0.000000
0.000000
0.000000
0.000000
0.000000
0.000000
0.000000
0.000000
0.000000
0.000000
0.000000
0.000000
0.000000
0.000000
0.000000
0.000000
0.000000
0.000000
0.000000
0.000000
0.000000
0.000000
0.000000
0.000000
0.000000
0.000000
0.000000
0.000000
0.000000
0.000000
0.000000
0.000000
0.000000
0.000000
0.000000
0.000000
0.000000
0.000000
0.000000
0.000000
0.000000
0.000000
0.000000
0.000000
0.000000
0.000000
0.000000
0.000000
0.000000
0.000000
0.000000
0.000000
0.000000
0.000000
0.000000
0.000000
0.000000
0.000000
0.000000
0.000000
0.000000
0.000000
0.000000
0.000000
0.000000
0.000000
0.000000
0.000000
0.000000
0.000000
0.000000
0.000000
0.000000
0.000000
0.000000
0.000000
0.000000
0.000000
0.000000
0.000000
0.000000
0.000000
0.000000
0.000000
0.000000
0.000000
0.000000
0.000000
0.000000
0.000000
0.000000
0.000000
0.000000
0.000000
0.000000
0.000000
0.000000
0.000000
0.000000
0.000000
0.000000
0.000000
0.000000
0.000000
0.000000
0.000000
0.000000
0.000000
0.000000
0.000000
0.000000
0.000000
0.000000
0.000000
0.000000
0.000000
0.000000
0.000000
0.000000
0.000000
0.000000
0.000000
0.000000
0.000000
0.000000
0.000000
0.000000
0.000000
0.000000
0.000000
0.000000
0.000000
0.000000
0.000000
0.000000
0.000000
0.000000
0.000000
0.000000
0.000000
0.000000
0.000000
0.000000
0.000000
0.000000
0.000000
0.000000
0.000000
0.000000
0.000000
0.000000
0.000000
0.000000
0.000000
0.000000
0.000000
0.000000
0.000000
0.000000
0.000000
0.000000
0.000000
0.000000
0.000000
0.000000
0.000000
0.000000
0.000000
0.000000
0.000000
0.000000
0.000000
0.000000
0.000000
0.000000
0.000000
0.000000
0.000000
0.000000
0.000000
0.000000
0.000000
0.000000
0.000000
0.000000
0.000000
0.000000
0.000000
0.000000
0.000000
0.000000
0.000000
0.000000
0.000000
0.000000
0.000000
0.000000
0.000000
0.000000
0.000000
0.000000
0.000000
0.000000
0.000000
0.000000
0.000000
0.000000
0.000000
0.000000
0.000000
0.000000
0.000000
0.000000
0.000000
0.000000
0.000000
0.000000
0.000000
0.000000
0.000000
0.000000
0.000000
0.000000
0.000000
0.000000
0.000000
0.000000
0.000000
0.000000
0.000000
0.000000
0.000000
0.000000
0.000000
0.000000
0.000000
0.000000
0.000000
0.000000
0.000000
0.000000
0.000000
0.000000
0.000000
0.000000
0.000000
0.000000
0.000000
0.000000
0.000000
0.000000
0.000000
0.000000
0.000000
0.000000
0.000000
0.000000
0.000000
0.000000
0.000000
0.000000
0.000000
0.000000
0.000000
0.000000
0.000000
0.000000
0.000000
0.000000
0.000000
0.000000
0.000000
0.000000
0.000000
0.000000
0.000000
0.000000
0.000000
0.000000
0.000000
0.000000
0.000000
0.000000
0.000000
0.000000
0.000000
0.000000
0.000000
0.000000
0.000000
0.000000
0.000000
0.000000
0.000000
0.000000
0.000000
0.000000
0.000000
0.000000
0.000000
0.000000
0.000000
0.000000
0.000000
0.000000
0.000000
0.000000
0.000000
0.000000
0.000000
0.000000
0.000000
0.000000
0.000000
0.000000
0.000000
0.000000
0.000000
0.000000
0.000000
0.000000
0.000000
0.000000
0.000000
0.000000
0.000000
0.000000
0.000000
0.000000
0.000000
0.000000
0.000000
0.000000
0.000000
0.000000
0.000000
0.000000
0.000000
0.000000
0.000000
0.000000
0.000000
0.000000
0.000000
0.000000
0.000000
0.000000
0.000000
0.000000
0.000000
0.000000
0.000000
0.000000
0.000000
0.000000
0.000000
0.000000
0.000000
0.000000
0.000000
0.000000
0.000000
0.000000
0.000000
0.000000
0.000000
0.000000
0.000000
0.000000
0.000000
0.000000
0.000000
0.000000
0.000000
0.000000
0.000000
0.000000
0.000000
0.000000
0.000000
0.000000
0.000000
0.000000
0.000000
0.000000
0.000000
0.000000
0.000000
0.000000
0.000000
0.000000
0.000000
0.000000
0.000000
0.000000
0.000000
0.000000
0.000000
0.000000
0.000000
0.000000
0.000000
0.000000
0.000000
0.000000
0.000000
0.000000
0.000000
0.000000
0.000000
0.000000
0.000000
0.000000
0.000000
0.000000
0.000000
0.000000
0.000000
0.000000
0.000000
0.000000
0.000000
0.000000
0.000000
0.000000
0.000000
0.000000
0.000000
0.000000
0.000000
0.000000
0.000000
0.000000
0.000000
0.000000
0.000000
0.000000
0.000000
0.000000
0.000000
0.000000
0.000000
0.000000
0.000000
0.000000
0.000000
0.000000
0.000000
0.000000
0.000000
0.000000
0.000000
0.000000
0.000000
0.000000
0.000000
0.000000
0.000000
0.000000
0.000000
0.000000
0.000000
0.000000
0.000000
0.000000
0.000000
0.000000
0.000000
0.000000
0.000000
0.000000
0.000000
0.000000
0.000000
0.000000
0.000000
0.000000
0.000000
0.000000
0.000000
0.000000
0.000000
0.000000
0.000000
0.000000
0.000000
0.000000
0.000000
0.000000
0.000000
0.000000
0.000000
0.000000
0.000000
0.000000
0.000000
0.000000
0.000000
0.000000
0.000000
0.000000
0.000000
0.000000
0.000000
0.000000
0.000000
0.000000
0.000000
0.000000
0.000000
0.000000
0.000000
0.000000
0.000000
0.000000
0.000000
0.000000
0.000000
0.000000
0.000000
0.000000
0.000000
0.000000
0.000000
0.000000
0.000000
0.000000
0.000000
0.000000
0.000000
0.000000
0.000000
0.000000
0.000000
0.000000
0.000000
0.000000
0.000000
0.000000
0.000000
0.000000
0.000000
0.000000
0.000000
0.000000
0.000000
0.000000
0.000000
0.000000
0.000000
0.000000
0.000000
0.000000
0.000000
0.000000
0.000000
0.000000
0.000000
0.000000
0.000000
0.000000
0.000000
0.000000
0.000000
0.000000
0.000000
0.000000
0.000000
0.000000
0.000000
0.000000
0.000000
0.000000
0.000000
0.000000
0.000000
0.000000
0.000000
0.000000
0.000000
0.000000
0.000000
0.000000
0.000000
0.000000
0.000000
0.000000
0.000000
0.000000
0.000000
0.000000
0.000000
0.000000
0.000000
0.000000
0.000000
0.000000
0.000000
0.000000
0.000000
0.000000
0.000000
0.000000
0.000000
0.000000
0.000000
0.000000
0.000000
0.000000
0.000000
0.000000
0.000000
0.000000
0.000000
0.000000
0.000000
0.000000
0.000000
0.000000
0.000000
0.000000
0.000000
0.000000
0.000000
0.000000
0.000000
