-0.002175
-0.003737
-0.001741
-0.001311
-0.002637
-0.002245
-0.000669
0.000349
0.000325
-0.000695
-0.001375
-0.000965
-0.000237
0.000207
0.000668
0.000471
-0.000231
-0.000492
-0.000883
0.000229
0.000922
0.001312
0.001608
0.000964
0.001347
0.001158
0.000669
0.000875
0.002142
0.000785
-0.000998
-0.001745
-0.001184
-0.000140
0.000756
0.001093
0.000687
-0.000064
-0.000669
-0.000332
0.000635
0.000610
0.000671
0.001026
0.000460
0.000994
0.000666
0.000872
0.002371
0.003611
-0.000511
-0.001475
-0.000352
0.002809
0.005169
0.002693
-0.000913
-0.001341
0.000895
0.002073
0.001461
0.002465
0.000788
0.000917
0.001863
0.002249
-0.000732
-0.001051
0.001056
0.002007
0.003968
0.002369
-0.001357
-0.004820
-0.010530
-0.020196
-0.030787
-0.037712
-0.039527
-0.039437
-0.041871
-0.047757
-0.065204
-0.080752
-0.089288
-0.113898
-0.112732
-0.103286
-0.087382
-0.060970
-0.037717
-0.025723
-0.020598
-0.011698
0.001149
0.014806
0.032656
0.052077
0.070959
0.080446
0.076322
0.066288
0.057542
0.049535
0.044845
0.049258
0.047373
0.054849
0.063545
0.065971
0.045046
0.039528
0.020445
0.003991
-0.009045
-0.009327
-0.003075
0.007019
0.015516
0.010376
0.003444
-0.003025
-0.002424
0.004555
0.009258
0.007672
0.006009
0.005514
0.007349
0.008917
0.007371
0.003833
0.003127
0.003776
0.005210
0.003461
0.001775
0.001442
0.002868
0.003573
0.003145
0.002315
0.001605
0.001025
0.001448
0.002451
0.002999
0.004463
0.005673
0.009284
0.016270
0.022177
0.025793
0.026109
0.027617
0.032650
0.040921
0.046252
0.044903
0.043548
0.044220
0.048930
0.058227
0.066646
0.063440
0.055702
0.051598
0.053346
0.058396
0.063334
0.066215
0.064200
0.054581
0.047069
0.046472
0.039330
0.036764
0.032459
0.027870
0.024033
0.021561
0.019570
0.018396
0.019470
0.017046
0.013557
0.009462
0.007446
0.006690
0.007490
0.008858
0.009992
0.009794
0.007140
0.004609
0.003902
0.004854
0.005515
0.005558
0.004140
0.002188
0.001141
0.001044
0.001573
0.002342
0.002758
0.002295
0.000755
-0.001259
-0.000933
-0.000983
0.001285
0.005483
0.003993
0.002198
0.002599
0.004437
0.006349
0.010611
0.017235
0.022759
0.020952
0.015093
0.013367
0.016140
0.021459
0.028159
0.035213
0.037681
0.030949
0.027098
0.020822
0.017524
0.014311
0.009068
0.000938
-0.005898
-0.009891
-0.011086
-0.012254
-0.017675
-0.024294
-0.029738
-0.029037
-0.026562
-0.024620
-0.021066
-0.016415
-0.014616
-0.021961
-0.013735
-0.006112
0.000375
0.003473
0.008437
0.011689
0.013345
0.014504
0.016836
0.021241
0.029140
0.039450
0.043964
0.038783
0.032032
0.030355
0.030461
0.033048
0.039935
0.051575
0.061193
0.063328
0.052823
0.043267
0.038242
0.041771
0.040908
0.030971
0.020773
0.011576
0.006932
0.006551
0.004804
0.000209
-0.007984
-0.015059
-0.018680
-0.018779
-0.016899
-0.019999
-0.026898
-0.031997
-0.033313
-0.030960
-0.029620
-0.030308
-0.033277
-0.034286
-0.027746
-0.016654
-0.009755
-0.009476
-0.007862
-0.003975
0.001191
0.006009
0.010770
0.015706
0.020340
0.022742
0.021726
0.023461
0.026045
0.029190
0.031980
0.036222
0.042047
0.046029
0.044869
0.040664
0.039373
0.040903
0.045660
0.050535
0.052519
0.048931
0.042839
0.035610
0.029922
0.025729
0.020400
0.014520
0.009024
0.005080
0.001055
-0.004564
-0.008333
-0.009253
-0.011568
-0.014675
-0.019726
-0.025760
-0.030527
-0.031358
-0.031166
-0.030864
-0.028865
-0.029376
-0.030811
-0.030914
-0.028942
-0.024643
-0.012073
-0.001995
0.003672
0.001599
-0.000135
0.001656
0.012318
0.024651
0.033463
0.033063
0.031123
0.028617
0.034893
0.038701
0.042223
0.039575
0.040272
0.035933
0.038135
0.041968
0.045279
0.045801
0.043963
0.044637
0.047166
0.047576
0.044162
0.035811
0.027531
0.023458
0.020834
0.016489
0.011015
0.005410
0.000036
-0.002766
-0.006646
-0.010753
-0.013246
-0.015405
-0.020037
-0.023673
-0.025668
-0.020008
-0.010825
-0.005104
-0.002518
-0.001308
0.002321
0.007044
0.011889
0.015518
0.018903
0.021002
0.022627
0.024761
0.027412
0.027506
0.020416
0.014798
0.010997
0.006177
0.003918
0.000270
-0.003418
-0.006361
-0.008607
-0.012571
-0.018458
-0.024016
-0.025798
-0.024877
-0.022542
-0.020442
-0.018152
-0.016719
-0.012807
-0.008192
-0.003436
0.001202
0.004332
0.006009
0.008609
0.013647
0.019527
0.025885
0.029052
0.028512
0.026893
0.029295
0.034351
0.040414
0.042782
0.041819
0.039105
0.037345
0.035915
0.036412
0.040388
0.049414
0.058853
0.061220
0.053201
0.046917
0.030790
0.028857
0.026637
0.020176
0.013096
0.005639
-0.000540
-0.005857
-0.008987
-0.012776
-0.014587
-0.015698
-0.018510
-0.022345
-0.025834
-0.026325
-0.019374
-0.010950
-0.006643
-0.004100
-0.002493
0.002128
0.006418
0.011149
0.015704
0.020602
0.024325
0.026153
0.028131
0.028995
0.030726
0.031866
0.029789
0.025129
0.019766
0.015797
0.012652
0.008937
0.004702
0.000907
-0.003231
-0.007323
-0.011252
-0.015974
-0.020239
-0.021434
-0.019937
-0.021180
-0.025801
-0.030969
-0.029746
-0.022327
-0.012336
-0.005456
-0.006280
-0.005595
-0.001584
0.003843
0.010266
0.016900
0.022718
0.024671
0.023321
0.024731
0.026999
0.030670
0.034628
0.042831
0.055861
0.069000
0.078825
0.081140
0.077587
0.071204
0.068924
0.081232
0.093913
0.097494
0.124253
0.133990
0.115868
0.108600
0.110242
0.102781
0.106750
0.118850
0.131756
0.136135
0.114308
0.104727
0.090221
0.077682
0.071704
0.081407
0.082108
0.064998
0.054744
0.047708
0.037580
0.030114
0.031565
0.035479
0.037593
0.034219
0.025598
0.018808
0.014616
0.012667
0.012313
0.011025
0.008732
0.004485
0.001225
-0.001017
-0.002258
-0.002849
-0.003361
-0.005901
-0.007228
-0.008659
-0.008046
-0.007043
-0.007952
-0.009631
-0.011831
-0.013529
-0.013538
-0.011348
-0.010830
-0.009596
-0.011200
-0.012592
-0.012969
-0.011394
-0.009885
-0.010062
-0.009694
-0.009960
-0.010132
-0.009933
-0.009912
-0.009347
-0.007713
-0.006668
-0.006485
-0.007940
-0.010823
-0.012406
-0.011393
-0.009115
-0.007820
-0.007744
-0.009692
-0.012498
-0.013842
-0.013094
-0.011285
-0.009854
-0.010632
-0.012198
-0.014377
-0.013635
-0.012463
-0.012570
-0.013083
-0.013548
-0.013605
-0.013127
-0.013074
-0.012941
-0.011358
-0.010011
-0.010199
-0.011196
-0.012263
-0.013007
-0.012509
-0.011008
-0.009781
-0.010906
-0.011474
-0.011343
-0.010534
-0.010513
-0.010521
-0.012563
-0.015110
-0.015783
-0.013311
-0.010391
-0.009179
-0.010343
-0.014426
-0.016065
-0.015549
-0.012994
-0.010723
-0.010115
-0.010732
-0.012183
-0.012274
-0.010947
-0.009086
-0.010928
-0.012018
-0.013480
-0.014222
-0.013112
-0.011427
-0.009853
-0.009824
-0.012326
-0.016907
-0.017396
-0.015090
-0.012096
-0.010799
-0.011632
-0.014127
-0.016096
-0.016917
-0.014452
-0.012314
-0.010412
-0.009832
-0.010637
-0.012839
-0.015294
-0.017058
-0.017374
-0.014757
-0.012481
-0.011970
-0.011532
-0.012298
-0.014520
-0.015823
-0.015310
-0.013420
-0.011329
-0.009652
-0.008822
-0.011457
-0.014697
-0.017728
-0.016864
-0.013158
-0.010654
-0.009261
-0.008918
-0.011656
-0.014547
-0.016968
-0.017555
-0.015704
-0.012090
-0.011271
-0.012254
-0.013273
-0.015454
-0.018030
-0.019347
-0.017471
-0.013910
-0.011650
-0.011650
-0.012397
-0.012522
-0.011185
-0.009119
-0.007452
-0.007161
-0.007303
-0.009033
-0.009228
-0.007360
-0.005529
-0.005386
-0.007873
-0.011233
-0.013469
-0.012951
-0.010915
-0.008468
-0.008075
-0.010326
-0.014434
-0.015872
-0.014652
-0.011583
-0.008744
-0.009772
-0.012451
-0.014769
-0.014947
-0.011699
-0.009115
-0.008595
-0.009378
-0.011367
-0.012420
-0.011616
-0.008913
-0.007911
-0.008217
-0.010304
-0.010909
-0.009621
-0.007603
-0.007988
-0.008561
-0.012089
-0.013581
-0.013405
-0.010221
-0.007293
-0.007052
-0.009802
-0.012816
-0.013824
-0.012941
-0.011372
-0.011616
-0.012752
-0.014939
-0.015727
-0.012655
-0.011057
-0.010627
-0.011850
-0.015250
-0.016097
-0.013987
-0.011147
-0.009122
-0.008442
-0.010482
-0.013937
-0.015270
-0.013673
-0.011653
-0.010881
-0.013270
-0.014333
-0.015352
-0.013844
-0.012310
-0.012759
-0.015537
-0.016893
-0.016612
-0.014204
-0.012610
-0.013011
-0.014738
-0.015643
-0.014672
-0.012106
-0.010383
-0.010474
-0.012412
-0.013851
-0.014631
-0.012475
-0.009301
-0.008040
-0.010238
-0.016192
-0.022152
-0.025028
-0.025094
-0.028545
-0.035730
-0.050025
-0.061583
-0.070136
-0.086458
-0.092877
-0.086887
-0.089901
-0.108506
-0.103828
-0.108458
-0.110836
-0.114642
-0.137951
-0.129433
-0.131563
-0.150029
-0.152858
-0.134111
-0.125181
-0.113823
-0.100722
-0.098702
-0.084442
-0.071891
-0.058381
-0.048164
-0.036736
-0.033202
-0.030131
-0.028340
-0.024567
-0.018108
-0.013446
-0.011036
-0.009223
-0.007292
-0.005419
-0.002528
-0.002057
-0.000325
0.000927
0.002167
0.004366
0.007166
0.008429
0.008429
0.006974
0.005628
0.006592
0.008662
0.012474
0.015195
0.014491
0.012659
0.011344
0.011563
0.013793
0.018125
0.022371
0.023955
0.022285
0.018118
0.014250
0.012963
0.014489
0.017450
0.018966
0.017704
0.013441
0.009904
0.009541
0.011020
0.013202
0.014930
0.015984
0.015013
0.012819
0.011336
0.010444
0.013108
0.018746
0.021498
0.021325
0.017707
0.014543
0.012317
0.012834
0.017292
0.022242
0.024835
0.021997
0.017001
0.013569
0.012462
0.014469
0.016863
0.019069
0.019487
0.016724
0.013296
0.011054
0.011401
0.013527
0.016328
0.019058
0.019627
0.017891
0.014204
0.011920
0.011800
0.014255
0.015095
0.015836
0.015040
0.012905
0.010755
0.009393
0.009427
0.014876
0.021419
0.026538
0.028175
0.022607
0.017670
0.011460
0.011210
0.013786
0.015145
0.014255
0.011841
0.010703
0.011888
0.014384
0.016730
0.017509
0.015972
0.014289
0.013289
0.013153
0.014189
0.016610
0.019226
0.019316
0.017306
0.014178
0.011418
0.012127
0.017024
0.022741
0.025222
0.022409
0.017779
0.012915
0.010504
0.011539
0.016091
0.020695
0.022676
0.021380
0.016659
0.012303
0.010782
0.012330
0.015932
0.019861
0.020901
0.018959
0.015128
0.011358
0.011092
0.013399
0.017910
0.022645
0.022200
0.018533
0.014261
0.010943
0.010210
0.012182
0.016364
0.018594
0.017555
0.013568
0.010356
0.008955
0.010589
0.015965
0.020912
0.023736
0.021463
0.018223
0.015932
0.014243
0.015930
0.018395
0.019906
0.019365
0.017716
0.014341
0.012422
0.013054
0.016730
0.020594
0.021908
0.020639
0.016070
0.012306
0.010243
0.011226
0.015444
0.020165
0.022355
0.020163
0.014512
0.011225
0.010578
0.012654
0.015736
0.017429
0.016421
0.012847
0.010525
0.009933
0.011576
0.015901
0.019256
0.019891
0.020264
0.022317
0.025984
0.037524
0.056355
0.075867
0.077075
0.078648
0.078572
0.082084
0.090781
0.102617
0.113064
0.110972
0.104626
0.112505
0.114789
0.123207
0.132693
0.138904
0.137288
0.129363
0.119656
0.109655
0.093115
0.093500
0.092206
0.084760
0.073374
0.059304
0.045860
0.036631
0.031387
0.028267
0.025562
0.021021
0.014501
0.007597
0.003989
0.002164
0.000606
-0.001368
-0.003196
-0.006100
-0.008257
-0.008996
-0.008180
-0.009968
-0.011337
-0.014848
-0.018160
-0.016304
-0.013922
-0.013819
-0.016955
-0.021275
-0.023388
-0.021729
-0.019265
-0.018092
-0.019203
-0.021120
-0.025007
-0.027681
-0.027442
-0.024828
-0.021271
-0.019056
-0.017706
-0.018913
-0.022773
-0.028862
-0.032214
-0.030525
-0.025467
-0.021188
-0.020220
-0.021086
-0.023896
-0.026746
-0.028626
-0.028705
-0.026688
-0.023102
-0.019623
-0.019217
-0.021059
-0.023187
-0.027980
-0.032757
-0.034311
-0.031442
-0.025765
-0.022291
-0.019674
-0.020644
-0.025024
-0.027829
-0.026973
-0.025726
-0.024286
-0.023212
-0.022531
-0.023616
-0.023450
-0.024419
-0.023814
-0.022594
-0.020996
-0.019708
-0.019799
-0.022259
-0.026964
-0.031428
-0.033277
-0.032371
-0.026562
-0.023882
-0.025018
-0.027445
-0.030144
-0.029613
-0.027995
-0.025541
-0.024268
-0.023627
-0.023085
-0.022050
-0.022911
-0.024009
-0.025949
-0.026484
-0.023502
-0.022011
-0.022014
-0.025051
-0.027817
-0.028800
-0.026254
-0.023238
-0.020544
-0.022157
-0.024776
-0.027213
-0.027562
-0.025323
-0.022146
-0.019838
-0.020414
-0.024086
-0.027999
-0.029689
-0.032589
-0.036499
-0.041891
-0.045547
-0.050276
-0.057726
-0.067311
-0.076546
-0.085265
-0.095599
-0.103347
-0.102958
-0.099159
-0.090797
-0.088111
-0.069394
-0.075314
-0.074736
-0.077984
-0.088510
-0.102776
-0.099827
-0.104386
-0.104220
-0.104082
-0.105626
-0.109713
-0.113267
-0.110706
-0.101169
-0.083545
-0.063443
-0.046661
-0.040222
-0.031109
-0.021090
-0.007710
0.004712
0.024817
0.041965
0.056497
0.061672
0.058690
0.058706
0.064310
0.075300
0.086951
0.103290
0.089501
0.084527
0.081101
0.082184
0.087073
0.098479
0.112890
0.128030
0.137844
0.152568
0.153585
0.116071
0.090006
0.063894
0.049757
0.047667
0.050600
0.050367
0.037307
0.026173
0.015401
0.011347
0.013091
0.015835
0.014521
0.011133
0.005659
0.003835
0.004701
0.006976
0.006333
0.005060
0.003277
0.002883
0.003481
0.004590
0.004768
0.006595
0.005160
0.002789
0.001834
0.001219
0.004810
0.005514
0.004115
0.002143
0.001499
0.001821
0.002653
0.002230
0.001668
0.001016
-0.000093
0.000991
0.001023
0.001570
0.002402
0.002128
0.000723
0.000128
0.000379
0.000941
0.001449
0.002518
0.001911
0.000718
0.000137
0.001276
-0.001604
-0.006481
-0.012826
-0.020133
-0.024966
-0.029320
-0.040189
-0.047874
-0.058800
-0.064331
-0.067517
-0.073617
-0.083416
-0.093491
-0.099041
-0.103618
-0.108056
-0.115853
-0.126914
-0.135519
-0.137174
-0.134863
-0.127824
-0.137166
-0.130797
-0.121340
-0.096213
-0.076394
-0.056620
-0.042153
-0.038682
-0.030329
-0.019073
-0.007210
0.007223
0.022872
0.034363
0.038535
0.039714
0.043442
0.048249
0.052595
0.052514
0.048411
0.042883
0.038958
0.036074
0.033536
0.030175
0.026651
0.025967
0.026721
0.024176
0.019174
0.015122
0.013148
0.012346
0.012642
0.013474
0.013510
0.010572
0.007674
0.005800
0.004451
0.005264
0.008602
0.008812
0.007435
0.003498
0.002239
0.002176
0.004017
0.006393
0.006581
0.003845
0.000922
0.000879
0.001865
0.002646
0.001817
-0.003113
-0.010914
-0.017210
-0.021937
-0.024712
-0.033299
-0.039008
-0.049753
-0.058777
-0.065639
-0.064916
-0.062760
-0.042960
-0.020505
-0.007511
-0.003348
0.001042
0.008964
0.021644
0.038576
0.052803
0.060304
0.061795
0.063694
0.069314
0.077880
0.086065
0.094323
0.114291
0.103515
0.097228
0.098963
0.089123
0.074019
0.068484
0.061491
0.039066
0.019738
0.013380
0.008552
-0.000437
-0.018058
-0.031656
-0.039630
-0.040299
-0.035181
-0.022757
-0.010078
0.000344
0.006190
0.008015
0.011515
0.020012
0.033052
0.046801
0.062395
0.071719
0.069513
0.058635
0.055532
0.048928
0.041728
0.026054
0.008056
-0.003888
-0.010418
-0.012826
-0.015902
-0.019077
-0.020002
-0.015681
-0.007253
0.000074
0.005699
0.012839
0.023218
0.034199
0.043813
0.052596
0.057988
0.060275
0.059650
0.063430
0.071807
0.084251
0.097111
0.106230
0.108411
0.104972
0.093871
0.091941
0.084058
0.081345
0.078816
0.069956
0.047923
0.038732
0.034982
0.036168
0.042154
0.053705
0.062627
0.063190
0.057160
0.052864
0.053021
0.057052
0.063657
0.074074
0.089353
0.106530
0.137305
0.144970
0.135399
0.119548
0.104068
0.097837
0.101856
0.104119
0.088093
0.076364
0.060691
0.048049
0.031102
0.025669
0.026542
0.021020
0.008147
-0.006428
-0.018229
-0.022658
-0.021870
-0.025188
-0.028204
-0.036857
-0.048005
-0.059283
-0.071800
-0.083428
-0.092167
-0.100447
-0.107240
-0.114355
-0.122340
-0.128483
-0.128690
-0.124885
-0.122480
-0.140089
-0.125091
-0.123362
-0.118423
-0.127806
-0.113866
-0.127379
-0.129152
-0.135171
-0.139578
-0.123343
-0.119525
-0.113609
-0.104748
-0.094249
-0.079281
-0.057136
-0.033975
-0.017869
-0.013162
-0.010522
-0.002478
0.009782
0.026050
0.044757
0.062387
0.068296
0.065969
0.061006
0.061316
0.078247
0.080495
0.107952
0.109270
0.113712
0.111798
0.103643
0.106267
0.105053
0.098701
0.121417
0.128005
0.110241
0.098581
0.086411
0.089539
0.091462
0.097986
0.095607
0.099140
0.107306
0.101706
0.097255
0.094041
0.084041
0.086258
0.089409
0.088627
0.086651
0.057317
0.035874
0.017723
0.004981
-0.003155
-0.009415
-0.016068
-0.023647
-0.032867
-0.046167
-0.060699
-0.072982
-0.085340
-0.098234
-0.110742
-0.119797
-0.121877
-0.110418
-0.096207
-0.080938
-0.065267
-0.054868
-0.051270
-0.054546
-0.046935
-0.038855
-0.034873
-0.034717
-0.042588
-0.051084
-0.057179
-0.063010
-0.071210
-0.080466
-0.085052
-0.087310
-0.091556
-0.099596
-0.102977
-0.100433
-0.091313
-0.078136
-0.067345
-0.059236
-0.052149
-0.046810
-0.042535
-0.039961
-0.037767
-0.034169
-0.028954
-0.024221
-0.021184
-0.019867
-0.019434
-0.016995
-0.013482
-0.011494
-0.011359
-0.011259
-0.011386
-0.009271
-0.006465
-0.005991
-0.005917
-0.005741
-0.004409
-0.004053
-0.003091
-0.003854
-0.004446
-0.005014
-0.003661
-0.002114
-0.001625
-0.001998
-0.002818
-0.002353
-0.001624
-0.001369
-0.000959
-0.000671
-0.000551
-0.000872
-0.000747
-0.000167
0.000198
-0.000106
-0.000430
0.000261
0.000607
0.000347
0.000251
-0.000251
-0.001014
-0.001402
-0.000958
-0.001219
-0.001887
-0.001237
-0.000861
-0.000486
0.000112
0.000183
0.000498
-0.000052
-0.000663
-0.001983
-0.002895
-0.002269
0.000022
0.002436
0.003031
0.001357
0.000391
0.000537
-0.000899
0.000520
0.000793
-0.000407
-0.001247
-0.001208
-0.001718
-0.001398
-0.000878
-0.000340
-0.000097
-0.000453
-0.001621
-0.001382
-0.000640
0.000943
0.001221
-0.000784
-0.001648
-0.001400
-0.000066
0.000929
0.000785
0.001283
0.001430
0.001234
0.001506
0.001202
0.000949
0.001219
0.000875
-0.000700
-0.001014
-0.000903
0.000926
0.002716
0.004218
0.001305
-0.000484
-0.000797
-0.000243
0.000275
0.000392
0.000196
0.000192
-0.000044
-0.000056
-0.000485
-0.000081
0.000517
0.000719
0.000310
0.000178
0.000047
0.000127
0.000502
-0.000055
0.000306
0.000507
-0.000051
-0.001148
0.000079
0.000956
0.000179
-0.000301
-0.000123
0.000673
0.001709
0.001720
0.000384
-0.002958
-0.007311
-0.011397
-0.018575
-0.026630
-0.043675
-0.050580
-0.056161
-0.057214
-0.067852
-0.067248
-0.074582
-0.080409
-0.088077
-0.099342
-0.111396
-0.121229
-0.127044
-0.129290
-0.143324
-0.140301
-0.138536
-0.137530
-0.135064
-0.135433
-0.141446
-0.132878
-0.160563
-0.147859
-0.163294
-0.152247
-0.144263
-0.100581
-0.070464
-0.045216
-0.027655
-0.017563
-0.013112
-0.008392
0.001103
0.015064
0.032898
0.051280
0.069467
0.085107
0.095013
0.101389
0.106048
0.106984
0.101792
0.094465
0.091810
0.095852
0.102620
0.108830
0.110178
0.106588
0.099369
0.086682
0.072724
0.061253
0.049816
0.036297
0.022950
0.012300
0.004081
-0.004545
-0.013428
-0.024357
-0.034328
-0.042059
-0.047886
-0.055066
-0.066512
-0.080945
-0.095478
-0.102479
-0.105078
-0.104765
-0.105028
-0.107923
-0.115280
-0.121501
-0.124534
-0.125147
-0.140147
-0.141467
-0.144533
-0.145820
-0.125786
-0.117609
-0.106058
-0.091739
-0.081185
-0.074249
-0.067612
-0.065859
-0.048588
-0.039917
-0.034155
-0.034115
-0.031465
-0.028588
-0.024607
-0.021060
-0.021329
-0.021546
-0.019788
-0.015746
-0.012119
-0.010802
-0.010675
-0.010857
-0.010166
-0.008092
-0.005700
-0.005192
-0.005227
-0.006208
-0.005768
-0.004794
-0.003481
-0.002870
-0.003452
-0.005364
-0.005758
-0.002923
-0.000371
0.000756
-0.001463
-0.003182
-0.003619
-0.002085
-0.001141
-0.001229
-0.001240
-0.000238
0.000093
0.001527
0.001662
0.001351
0.001182
0.001183
0.000794
-0.000055
0.000101
0.000079
0.000064
-0.000025
0.000272
0.000827
-0.000855
-0.001167
-0.001006
0.000078
0.000413
0.000476
0.000280
0.002662
0.006268
0.012572
0.020461
0.028651
0.035774
0.042281
0.047734
0.050002
0.050976
0.053413
0.058837
0.077864
0.083731
0.101261
0.116635
0.122297
0.131335
0.115408
0.105260
0.105556
0.111213
0.114062
0.108515
0.096445
0.084054
0.071562
0.085501
0.086162
0.096285
0.112377
0.114168
0.081904
0.062875
0.052863
0.050529
0.044413
0.041135
0.034183
0.024885
0.019928
0.020060
0.021831
0.021968
0.017959
0.013728
0.010034
0.009634
0.011450
0.011044
0.008475
0.006559
0.005692
0.005961
0.005990
0.005750
0.005518
0.008706
0.008423
0.001199
-0.004359
-0.002039
0.002642
0.005511
0.003292
-0.001139
-0.002769
-0.000516
0.000851
0.001571
0.002170
0.000920
0.001855
0.002914
0.002457
0.000986
-0.000279
-0.000113
0.000459
-0.000336
-0.003560
-0.010802
-0.018907
-0.024744
-0.027847
-0.031881
-0.038791
-0.049932
-0.059892
-0.066934
-0.075136
-0.085852
-0.095898
-0.101929
-0.103456
-0.103325
-0.104341
-0.121246
-0.131501
-0.125058
-0.128788
-0.127925
-0.140206
-0.138759
-0.135597
-0.114383
-0.102495
-0.087396
-0.084419
-0.075132
-0.067781
-0.058706
-0.048807
-0.037441
-0.034255
-0.032282
-0.029990
-0.026451
-0.022785
-0.019673
-0.017814
-0.018850
-0.027115
-0.023175
-0.008164
0.001945
0.003234
-0.004388
-0.008959
-0.008279
-0.004083
0.000119
0.001467
-0.001792
-0.005245
-0.005025
-0.002048
-0.001583
-0.000984
-0.002683
-0.003511
-0.002511
-0.000855
-0.000597
-0.000726
-0.001347
-0.002025
-0.001343
0.000633
0.000640
-0.000660
-0.001457
-0.002094
-0.002073
-0.000271
0.003116
0.006795
0.009224
0.010586
0.012242
0.016065
0.024982
0.035374
0.041961
0.039211
0.035801
0.035833
0.040162
0.047434
0.054755
0.060331
0.062412
0.061130
0.059108
0.059089
0.062387
0.068559
0.073142
0.071536
0.065809
0.062531
0.062093
0.064887
0.072571
0.082220
0.087247
0.081488
0.073330
0.077167
0.070614
0.076476
0.079704
0.085673
0.074607
0.067431
0.068167
0.073280
0.070053
0.071268
0.070481
0.059399
0.050031
0.042697
0.038630
0.038315
0.041228
0.040796
0.033328
0.022713
0.017105
0.016021
0.016502
0.017965
0.018311
0.015912
0.011144
0.007874
0.006495
0.006231
0.008126
0.010185
0.011161
0.007022
0.004318
0.002703
0.003076
0.004723
0.005993
0.006577
0.003792
-0.000167
0.000735
0.002367
0.003429
0.003281
0.000410
-0.001774
-0.000707
-0.000088
0.000314
0.001370
0.001227
0.001309
0.001421
0.001906
0.003274
0.005015
0.006849
0.007568
0.007347
0.006342
0.005973
0.006622
0.008047
0.009895
0.013971
0.015639
0.015804
0.013594
0.012425
0.012190
0.014441
0.016696
0.016233
0.013494
0.011815
0.012440
0.014634
0.017302
0.017741
0.014495
0.012808
0.013035
0.015458
0.018157
0.017748
0.014353
0.012344
0.012830
0.016090
0.019755
0.020960
0.017054
0.013516
0.013041
0.014423
0.017584
0.020142
0.019302
0.016859
0.015772
0.017426
0.021459
0.023929
0.019880
0.019215
0.016066
0.017247
0.019744
0.023032
0.023295
0.019079
0.014838
0.014255
0.015843
0.016777
0.017827
0.019097
0.019832
0.019383
0.016724
0.014540
0.013519
0.013644
0.018418
0.023969
0.026023
0.020758
0.013497
0.009958
0.013406
0.018169
0.022338
0.024048
0.020775
0.014048
0.011587
0.013725
0.018322
0.021987
0.020043
0.017228
0.013469
0.013905
0.015063
0.016432
0.016953
0.015555
0.013618
0.011863
0.010440
0.009850
0.009925
0.012483
0.017167
0.024141
0.028390
0.027826
0.025093
0.023291
0.024069
0.028409
0.038040
0.048627
0.054145
0.047652
0.036755
0.028329
0.029196
0.025890
0.015557
-0.001089
-0.014852
-0.020002
-0.022088
-0.027185
-0.037444
-0.056539
-0.064412
-0.072179
-0.079217
-0.085447
-0.092391
-0.098447
-0.103567
-0.107193
-0.106368
-0.098954
-0.084936
-0.068490
-0.053182
-0.047164
-0.037217
-0.023519
-0.014795
-0.000419
0.017095
0.034562
0.046952
0.049053
0.047679
0.048478
0.048413
0.044974
0.036622
0.026131
0.014627
0.003698
-0.003024
-0.007396
-0.011132
-0.016700
-0.025703
-0.038460
-0.062139
-0.071498
-0.080861
-0.082656
-0.083065
-0.086024
-0.093510
-0.102211
-0.122577
-0.112510
-0.114387
-0.131683
-0.119757
-0.138415
-0.123372
-0.116693
-0.105867
-0.091302
-0.073685
-0.061100
-0.054442
-0.059740
-0.049566
-0.042976
-0.033135
-0.023484
-0.019593
-0.020189
-0.020734
-0.019777
-0.016097
-0.012413
-0.011311
-0.013332
-0.012792
-0.011250
-0.008803
-0.006583
-0.006283
-0.003532
-0.003558
-0.003881
-0.002698
-0.001593
-0.002304
-0.004084
-0.003257
-0.002828
-0.001638
-0.001205
-0.001191
-0.002788
-0.000374
-0.000352
-0.000300
-0.001105
-0.001202
-0.001043
-0.000647
0.000477
-0.000238
-0.000806
-0.000786
-0.000214
0.000506
0.000283
-0.000712
-0.001475
-0.001121
-0.000870
-0.000117
0.000851
0.001182
0.000254
-0.000423
0.000216
0.000482
0.000445
0.000996
-0.000028
-0.001195
-0.002244
-0.002528
-0.001495
-0.000345
0.000057
-0.000216
-0.000727
-0.001208
-0.000595
-0.000097
0.000729
0.000599
-0.001259
-0.001102
-0.001386
-0.000844
-0.000522
-0.000802
-0.000915
-0.000829
-0.000708
-0.001153
-0.001133
-0.000462
0.000598
0.000579
-0.000187
-0.001343
-0.001086
-0.000005
0.000375
0.000809
0.000438
-0.000584
-0.001410
-0.001402
-0.001070
0.000681
-0.000281
-0.001801
-0.002610
-0.002570
-0.001715
-0.000398
0.000613
-0.001234
-0.001770
-0.001791
-0.001424
-0.000856
-0.000255
0.000571
0.001372
0.000150
-0.000337
0.000209
0.001084
0.001999
0.001946
0.000944
0.000125
-0.000329
-0.000373
-0.000026
0.001072
0.001393
0.000804
-0.000357
-0.000992
-0.000010
0.000778
0.000042
0.001958
0.000179
-0.000126
0.000760
0.001478
0.001792
0.001288
0.002008
0.001653
0.000261
0.000467
0.000058
-0.000097
0.000365
-0.000857
-0.001523
-0.002004
-0.001972
-0.001126
-0.000014
0.000911
0.002218
0.003171
0.002483
0.001944
0.001196
0.001774
0.005011
0.004283
0.002711
0.001199
-0.000592
0.000429
0.001916
0.001179
-0.000811
-0.001479
-0.000932
-0.000109
0.000704
0.000465
-0.000813
-0.000818
-0.000241
0.000406
0.000561
0.000571
0.000393
-0.000115
-0.000538
-0.000761
-0.001294
-0.000246
-0.000155
-0.000059
-0.000716
-0.000695
-0.000778
-0.000820
-0.000160
0.000257
0.000785
0.000124
0.000121
-0.000034
0.000041
0.000590
0.000788
0.000354
0.000119
-0.001144
-0.001334
-0.002966
-0.001329
-0.000067
-0.000944
-0.001822
-0.001428
-0.000399
0.000912
0.001156
0.001507
-0.000094
-0.000157
-0.000274
0.000276
0.000864
0.000690
-0.001102
-0.001645
-0.001583
-0.000340
0.000810
0.000995
0.000412
-0.000852
-0.001294
-0.000934
-0.000418
-0.000354
-0.000004
-0.000922
-0.002273
-0.004060
-0.005253
-0.006495
-0.008172
-0.011257
-0.015692
-0.017904
-0.018703
-0.017520
-0.018300
-0.022808
-0.026321
-0.026138
-0.022610
-0.021391
-0.023220
-0.026353
-0.029230
-0.028934
-0.026306
-0.023804
-0.023545
-0.017503
-0.008769
0.000018
0.006547
0.011685
0.017616
0.028749
0.039944
0.050582
0.056183
0.060099
0.065397
0.071959
0.074092
0.066038
0.058292
0.043975
0.036951
0.033201
0.024113
0.014869
0.006106
0.001033
-0.000973
-0.003097
-0.007414
-0.012332
-0.018539
-0.023407
-0.025370
-0.026288
-0.027263
-0.029667
-0.032387
-0.034340
-0.037810
-0.042602
-0.046859
-0.047460
-0.044583
-0.042826
-0.045024
-0.049721
-0.053755
-0.054433
-0.051539
-0.049974
-0.050032
-0.054348
-0.059716
-0.061927
-0.059017
-0.054309
-0.050083
-0.048510
-0.049714
-0.052351
-0.055375
-0.055861
-0.055322
-0.054916
-0.054409
-0.052466
-0.050364
-0.048930
-0.049755
-0.052530
-0.057557
-0.062380
-0.064914
-0.060880
-0.055421
-0.052939
-0.052498
-0.052731
-0.053034
-0.052636
-0.053510
-0.054401
-0.055205
-0.057949
-0.059082
-0.056062
-0.051920
-0.048745
-0.050077
-0.053530
-0.056465
-0.057225
-0.056609
-0.057065
-0.057376
-0.056399
-0.053331
-0.050061
-0.052345
-0.057266
-0.059248
-0.056024
-0.050203
-0.044950
-0.040864
-0.037554
-0.033250
-0.026727
-0.021332
-0.017626
-0.014574
-0.013530
-0.012034
-0.008226
-0.004295
-0.001954
-0.001855
-0.001068
0.000425
0.003075
0.005019
0.006006
0.006365
0.006906
0.008209
0.009844
0.009412
0.008066
0.007590
0.009410
0.014068
0.018249
0.016812
0.012444
0.010059
0.012421
0.014600
0.017980
0.020509
0.019298
0.015425
0.013523
0.012191
0.012420
0.015161
0.017198
0.017018
0.013881
0.010803
0.009045
0.009553
0.012537
0.016116
0.014914
0.010367
0.007006
0.006904
0.006717
0.008226
0.008715
0.007424
0.005400
0.004622
0.005250
0.004682
0.004391
0.003766
0.003627
0.002382
0.001875
0.000869
0.002247
0.001850
0.002717
0.003349
0.003122
0.000914
-0.000016
0.000396
0.002511
0.008121
0.017566
0.026525
0.029862
0.028709
0.029409
0.033489
0.042369
0.052794
0.071316
0.078554
0.086529
0.089413
0.083812
0.076092
0.072219
0.075373
0.076291
0.067962
0.053561
0.045758
0.039015
0.038032
0.034561
0.031637
0.025608
0.019428
0.015551
0.013535
0.014341
0.017878
0.021454
0.018200
0.010279
0.004869
0.004123
0.006142
0.009459
0.012428
0.010475
0.005630
0.002399
0.002104
0.003890
0.005100
0.003457
0.001270
0.001108
0.000041
0.001857
0.003200
0.004309
0.002892
0.000416
-0.000006
0.000044
0.000921
0.002032
0.003475
0.003495
0.001660
0.000248
0.000057
-0.000081
0.000845
0.003306
0.004666
0.004745
0.001859
-0.001575
-0.002909
-0.001419
0.001756
0.002560
0.000000
0.000000
0.000000
0.000000
0.000000
0.000000
0.000000
0.000000
0.000000
0.000000
0.000000
0.000000
0.000000
0.000000
0.000000
0.000000
0.000000
0.000000
0.000000
0.000000
0.000000
0.000000
0.000000
0.000000
0.000000
0.000000
0.000000
0.000000
0.000000
0.000000
0.000000
0.000000
0.000000
0.000000
0.000000
0.000000
0.000000
0.000000
0.000000
0.000000
0.000000
0.000000
0.000000
0.000000
0.000000
0.000000
0.000000
0.000000
0.000000
0.000000
0.000000
0.000000
0.000000
0.000000
0.000000
0.000000
0.000000
0.000000
0.000000
0.000000
0.000000
0.000000
0.000000
0.000000
0.000000
0.000000
0.000000
0.000000
0.000000
0.000000
0.000000
0.000000
0.000000
0.000000
0.000000
0.000000
0.000000
0.000000
0.000000
0.000000
0.000000
0.000000
0.000000
0.000000
0.000000
0.000000
0.000000
0.000000
0.000000
0.000000
0.000000
0.000000
0.000000
0.000000
0.000000
0.000000
0.000000
0.000000
0.000000
0.000000
0.000000
0.000000
0.000000
0.000000
0.000000
0.000000
0.000000
0.000000
0.000000
0.000000
0.000000
0.000000
0.000000
0.000000
0.000000
0.000000
0.000000
0.000000
0.000000
0.000000
0.000000
0.000000
0.000000
0.000000
0.000000
0.000000
0.000000
0.000000
0.000000
0.000000
0.000000
0.000000
0.000000
0.000000
0.000000
0.000000
0.000000
0.000000
0.000000
0.000000
0.000000
0.000000
0.000000
0.000000
0.000000
0.000000
0.000000
0.000000
0.000000
0.000000
0.000000
0.000000
0.000000
0.000000
0.000000
0.000000
0.000000
0.000000
0.000000
0.000000
0.000000
0.000000
0.000000
0.000000
0.000000
0.000000
0.000000
0.000000
0.000000
0.000000
0.000000
0.000000
0.000000
0.000000
0.000000
0.000000
0.000000
0.000000
0.000000
0.000000
0.000000
0.000000
0.000000
0.000000
0.000000
0.000000
0.000000
0.000000
0.000000
0.000000
0.000000
0.000000
0.000000
0.000000
0.000000
0.000000
0.000000
0.000000
0.000000
0.000000
0.000000
0.000000
0.000000
0.000000
0.000000
0.000000
0.000000
0.000000
0.000000
0.000000
0.000000
0.000000
0.000000
0.000000
0.000000
0.000000
0.000000
0.000000
0.000000
0.000000
0.000000
0.000000
0.000000
0.000000
0.000000
0.000000
0.000000
0.000000
0.000000
0.000000
0.000000
0.000000
0.000000
0.000000
0.000000
0.000000
0.000000
0.000000
0.000000
0.000000
0.000000
0.000000
0.000000
0.000000
0.000000
0.000000
0.000000
0.000000
0.000000
0.000000
0.000000
0.000000
0.000000
0.000000
0.000000
0.000000
0.000000
0.000000
0.000000
0.000000
0.000000
0.000000
0.000000
0.000000
0.000000
0.000000
0.000000
0.000000
0.000000
0.000000
0.000000
0.000000
0.000000
0.000000
0.000000
0.000000
0.000000
0.000000
0.000000
0.000000
0.000000
0.000000
0.000000
0.000000
0.000000
0.000000
0.000000
0.000000
0.000000
0.000000
0.000000
0.000000
0.000000
0.000000
0.000000
0.000000
0.000000
0.000000
0.000000
0.000000
0.000000
0.000000
0.000000
0.000000
0.000000
0.000000
0.000000
0.000000
0.000000
0.000000
0.000000
0.000000
0.000000
0.000000
0.000000
0.000000
0.000000
0.000000
0.000000
0.000000
0.000000
0.000000
0.000000
0.000000
0.000000
0.000000
0.000000
0.000000
0.000000
0.000000
0.000000
0.000000
0.000000
0.000000
0.000000
0.000000
0.000000
0.000000
0.000000
0.000000
0.000000
0.000000
0.000000
0.000000
0.000000
0.000000
0.000000
0.000000
0.000000
0.000000
0.000000
0.000000
0.000000
0.000000
0.000000
0.000000
0.000000
0.000000
0.000000
0.000000
0.000000
0.000000
0.000000
0.000000
0.000000
0.000000
0.000000
0.000000
0.000000
0.000000
0.000000
0.000000
0.000000
0.000000
0.000000
0.000000
0.000000
0.000000
0.000000
0.000000
0.000000
0.000000
0.000000
0.000000
0.000000
0.000000
0.000000
0.000000
0.000000
0.000000
0.000000
0.000000
0.000000
0.000000
0.000000
0.000000
0.000000
0.000000
0.000000
0.000000
0.000000
0.000000
0.000000
0.000000
0.000000
0.000000
0.000000
0.000000
0.000000
0.000000
0.000000
0.000000
0.000000
0.000000
0.000000
0.000000
0.000000
0.000000
0.000000
0.000000
0.000000
0.000000
0.000000
0.000000
0.000000
0.000000
0.000000
0.000000
0.000000
0.000000
0.000000
0.000000
0.000000
0.000000
0.000000
0.000000
0.000000
0.000000
0.000000
0.000000
0.000000
0.000000
0.000000
0.000000
0.000000
0.000000
0.000000
0.000000
0.000000
0.000000
0.000000
0.000000
0.000000
0.000000
0.000000
0.000000
0.000000
0.000000
0.000000
0.000000
0.000000
0.000000
0.000000
0.000000
0.000000
0.000000
0.000000
0.000000
0.000000
0.000000
0.000000
0.000000
0.000000
0.000000
0.000000
0.000000
0.000000
0.000000
0.000000
0.000000
0.000000
0.000000
0.000000
0.000000
0.000000
0.000000
0.000000
0.000000
0.000000
0.000000
0.000000
0.000000
0.000000
0.000000
0.000000
0.000000
0.000000
0.000000
0.000000
0.000000
0.000000
0.000000
0.000000
0.000000
0.000000
0.000000
0.000000
0.000000
0.000000
0.000000
0.000000
0.000000
0.000000
0.000000
0.000000
0.000000
0.000000
0.000000
0.000000
0.000000
0.000000
0.000000
0.000000
0.000000
0.000000
0.000000
0.000000
0.000000
0.000000
0.000000
0.000000
0.000000
0.000000
0.000000
0.000000
0.000000
0.000000
0.000000
0.000000
0.000000
0.000000
0.000000
0.000000
0.000000
0.000000
0.000000
0.000000
0.000000
0.000000
0.000000
0.000000
0.000000
0.000000
0.000000
0.000000
0.000000
0.000000
0.000000
0.000000
0.000000
0.000000
0.000000
0.000000
0.000000
0.000000
0.000000
0.000000
0.000000
0.000000
0.000000
0.000000
0.000000
0.000000
0.000000
0.000000
0.000000
0.000000
0.000000
0.000000
0.000000
0.000000
0.000000
0.000000
0.000000
0.000000
0.000000
0.000000
0.000000
0.000000
0.000000
0.000000
0.000000
0.000000
0.000000
0.000000
0.000000
0.000000
0.000000
0.000000
0.000000
0.000000
0.000000
0.000000
0.000000
0.000000
0.000000
0.000000
0.000000
0.000000
0.000000
0.000000
0.000000
0.000000
0.000000
0.000000
0.000000
0.000000
0.000000
0.000000
0.000000
0.000000
0.000000
0.000000
0.000000
0.000000
0.000000
0.000000
0.000000
0.000000
0.000000
0.000000
0.000000
0.000000
0.000000
0.000000
0.000000
0.000000
0.000000
0.000000
0.000000
0.000000
0.000000
0.000000
0.000000
0.000000
0.000000
0.000000
0.000000
0.000000
0.000000
0.000000
0.000000
0.000000
0.000000
0.000000
0.000000
0.000000
0.000000
0.000000
0.000000
0.000000
0.000000
0.000000
0.000000
0.000000
0.000000
0.000000
0.000000
0.000000
0.000000
0.000000
0.000000
0.000000
0.000000
0.000000
0.000000
0.000000
0.000000
0.000000
0.000000
0.000000
0.000000
0.000000
0.000000
0.000000
0.000000
0.000000
0.000000
0.000000
0.000000
0.000000
0.000000
0.000000
0.000000
0.000000
0.000000
0.000000
0.000000
0.000000
0.000000
0.000000
0.000000
0.000000
0.000000
0.000000
0.000000
0.000000
0.000000
0.000000
0.000000
0.000000
0.000000
0.000000
0.000000
0.000000
0.000000
0.000000
0.000000
0.000000
0.000000
0.000000
0.000000
0.000000
0.000000
0.000000
0.000000
0.000000
0.000000
0.000000
0.000000
0.000000
0.000000
0.000000
0.000000
0.000000
0.000000
0.000000
0.000000
0.000000
0.000000
0.000000
0.000000
0.000000
0.000000
0.000000
0.000000
0.000000
0.000000
0.000000
0.000000
0.000000
0.000000
0.000000
0.000000
0.000000
0.000000
0.000000
0.000000
0.000000
0.000000
0.000000
0.000000
0.000000
0.000000
0.000000
0.000000
0.000000
0.000000
0.000000
0.000000
0.000000
0.000000
0.000000
0.000000
0.000000
0.000000
0.000000
0.000000
0.000000
0.000000
0.000000
0.000000
0.000000
0.000000
0.000000
0.000000
0.000000
0.000000
0.000000
0.000000
0.000000
0.000000
0.000000
0.000000
0.000000
0.000000
0.000000
0.000000
0.000000
0.000000
0.000000
0.000000
0.000000
0.000000
0.000000
0.000000
0.000000
0.000000
0.000000
0.000000
0.000000
0.000000
0.000000
0.000000
0.000000
0.000000
0.000000
0.000000
0.000000
0.000000
0.000000
0.000000
0.000000
0.000000
0.000000
0.000000
0.000000
0.000000
0.000000
0.000000
0.000000
0.000000
0.000000
0.000000
0.000000
0.000000
0.000000
0.000000
0.000000
0.000000
0.000000
0.000000
0.000000
0.000000
0.000000
0.000000
0.000000
0.000000
0.000000
0.000000
0.000000
0.000000
0.000000
0.000000
0.000000
0.000000
0.000000
0.000000
0.000000
0.000000
0.000000
0.000000
0.000000
0.000000
0.000000
0.000000
0.000000
0.000000
0.000000
0.000000
0.000000
0.000000
0.000000
0.000000
0.000000
0.000000
0.000000
0.000000
0.000000
0.000000
0.000000
0.000000
0.000000
0.000000
0.000000
0.000000
0.000000
0.000000
0.000000
0.000000
0.000000
0.000000
0.000000
0.000000
0.000000
0.000000
0.000000
0.000000
0.000000
0.000000
0.000000
0.000000
0.000000
0.000000
0.000000
0.000000
0.000000
0.000000
0.000000
0.000000
0.000000
0.000000
0.000000
0.000000
0.000000
0.000000
0.000000
0.000000
0.000000
0.000000
0.000000
0.000000
0.000000
0.000000
0.000000
0.000000
0.000000
0.000000
0.000000
0.000000
0.000000
0.000000
0.000000
0.000000
0.000000
0.000000
0.000000
0.000000
0.000000
0.000000
0.000000
0.000000
0.000000
0.000000
0.000000
0.000000
0.000000
0.000000
0.000000
0.000000
0.000000
0.000000
0.000000
0.000000
0.000000
0.000000
0.000000
0.000000
0.000000
0.000000
0.000000
0.000000
0.000000
0.000000
0.000000
0.000000
0.000000
0.000000
0.000000
0.000000
0.000000
0.000000
0.000000
0.000000
0.000000
0.000000
0.000000
0.000000
0.000000
0.000000
0.000000
0.000000
0.000000
0.000000
0.000000
0.000000
0.000000
0.000000
0.000000
0.000000
0.000000
0.000000
0.000000
0.000000
0.000000
0.000000
0.000000
0.000000
0.000000
0.000000
0.000000
0.000000
0.000000
0.000000
0.000000
0.000000
0.000000
0.000000
0.000000
0.000000
0.000000
0.000000
0.000000
0.000000
0.000000
0.000000
0.000000
0.000000
0.000000
0.000000
0.000000
0.000000
0.000000
0.000000
0.000000
0.000000
0.000000
0.000000
0.000000
0.000000
0.000000
0.000000
0.000000
0.000000
0.000000
0.000000
0.000000
0.000000
0.000000
0.000000
0.000000
0.000000
0.000000
0.000000
0.000000
0.000000
0.000000
0.000000
0.000000
0.000000
0.000000
0.000000
0.000000
0.000000
0.000000
0.000000
0.000000
0.000000
0.000000
0.000000
0.000000
0.000000
0.000000
0.000000
0.000000
0.000000
0.000000
0.000000
0.000000
0.000000
0.000000
0.000000
0.000000
0.000000
0.000000
0.000000
0.000000
0.000000
0.000000
0.000000
0.000000
0.000000
0.000000
0.000000
0.000000
0.000000
0.000000
0.000000
0.000000
0.000000
0.000000
0.000000
0.000000
0.000000
0.000000
0.000000
0.000000
0.000000
0.000000
0.000000
0.000000
0.000000
0.000000
0.000000
0.000000
0.000000
0.000000
0.000000
0.000000
0.000000
0.000000
0.000000
0.000000
0.000000
0.000000
0.000000
0.000000
0.000000
0.000000
0.000000
0.000000
0.000000
0.000000
0.000000
0.000000
0.000000
0.000000
0.000000
0.000000
0.000000
0.000000
0.000000
0.000000
0.000000
0.000000
0.000000
0.000000
0.000000
0.000000
0.000000
0.000000
0.000000
0.000000
0.000000
0.000000
0.000000
0.000000
0.000000
0.000000
0.000000
0.000000
0.000000
0.000000
0.000000
0.000000
0.000000
0.000000
0.000000
0.000000
0.000000
0.000000
0.000000
0.000000
0.000000
0.000000
0.000000
0.000000
0.000000
0.000000
0.000000
0.000000
0.000000
0.000000
0.000000
0.000000
0.000000
0.000000
0.000000
0.000000
0.000000
0.000000
0.000000
0.000000
0.000000
0.000000
0.000000
0.000000
0.000000
0.000000
0.000000
0.000000
0.000000
0.000000
0.000000
0.000000
0.000000
0.000000
0.000000
0.000000
0.000000
0.000000
0.000000
0.000000
0.000000
0.000000
0.000000
0.000000
0.000000
0.000000
0.000000
0.000000
0.000000
0.000000
0.000000
0.000000
0.000000
0.000000
0.000000
0.000000
0.000000
0.000000
0.000000
0.000000
0.000000
0.000000
0.000000
0.000000
0.000000
0.000000
0.000000
0.000000
0.000000
0.000000
0.000000
0.000000
0.000000
0.000000
0.000000
0.000000
0.000000
0.000000
0.000000
0.000000
0.000000
0.000000
0.000000
0.000000
0.000000
0.000000
0.000000
0.000000
0.000000
0.000000
0.000000
0.000000
0.000000
0.000000
0.000000
0.000000
0.000000
0.000000
0.000000
0.000000
0.000000
0.000000
0.000000
0.000000
0.000000
0.000000
0.000000
0.000000
0.000000
0.000000
0.000000
0.000000
0.000000
0.000000
0.000000
0.000000
0.000000
0.000000
0.000000
0.000000
0.000000
0.000000
0.000000
0.000000
0.000000
0.000000
0.000000
0.000000
0.000000
0.000000
0.000000
0.000000
0.000000
0.000000
0.000000
0.000000
0.000000
0.000000
0.000000
0.000000
0.000000
0.000000
0.000000
0.000000
0.000000
0.000000
0.000000
0.000000
0.000000
0.000000
0.000000
0.000000
0.000000
0.000000
0.000000
0.000000
0.000000
0.000000
0.000000
0.000000
0.000000
0.000000
0.000000
0.000000
0.000000
0.000000
0.000000
0.000000
0.000000
0.000000
0.000000
0.000000
0.000000
0.000000
0.000000
0.000000
0.000000
0.000000
0.000000
0.000000
0.000000
0.000000
0.000000
0.000000
0.000000
0.000000
0.000000
0.000000
0.000000
0.000000
0.000000
0.000000
0.000000
0.000000
0.000000
0.000000
0.000000
0.000000
0.000000
0.000000
0.000000
0.000000
0.000000
0.000000
0.000000
0.000000
0.000000
0.000000
0.000000
0.000000
0.000000
0.000000
0.000000
0.000000
0.000000
0.000000
0.000000
0.000000
0.000000
0.000000
0.000000
0.000000
0.000000
0.000000
0.000000
0.000000
0.000000
0.000000
0.000000
0.000000
0.000000
0.000000
0.000000
0.000000
0.000000
0.000000
0.000000
0.000000
0.000000
0.000000
0.000000
0.000000
0.000000
0.000000
0.000000
0.000000
0.000000
0.000000
0.000000
0.000000
0.000000
0.000000
0.000000
0.000000
0.000000
0.000000
0.000000
0.000000
0.000000
0.000000
0.000000
0.000000
0.000000
0.000000
0.000000
0.000000
0.000000
0.000000
0.000000
0.000000
0.000000
0.000000
0.000000
0.000000
0.000000
0.000000
0.000000
0.000000
0.000000
0.000000
0.000000
0.000000
0.000000
0.000000
0.000000
0.000000
0.000000
0.000000
0.000000
0.000000
0.000000
0.000000
0.000000
0.000000
0.000000
0.000000
0.000000
0.000000
0.000000
0.000000
0.000000
0.000000
0.000000
0.000000
0.000000
0.000000
0.000000
0.000000
0.000000
0.000000
0.000000
0.000000
0.000000
0.000000
0.000000
0.000000
0.000000
0.000000
0.000000
0.000000
0.000000
0.000000
0.000000
0.000000
0.000000
0.000000
0.000000
0.000000
0.000000
0.000000
0.000000
0.000000
0.000000
0.000000
0.000000
0.000000
0.000000
0.000000
0.000000
0.000000
0.000000
0.000000
0.000000
0.000000
0.000000
0.000000
0.000000
0.000000
0.000000
0.000000
0.000000
0.000000
0.000000
0.000000
0.000000
0.000000
0.000000
0.000000
0.000000
0.000000
0.000000
0.000000
0.000000
0.000000
0.000000
0.000000
0.000000
0.000000
0.000000
0.000000
0.000000
0.000000
0.000000
0.000000
0.000000
0.000000
0.000000
0.000000
0.000000
0.000000
0.000000
0.000000
0.000000
0.000000
0.000000
0.000000
0.000000
0.000000
0.000000
0.000000
0.000000
0.000000
0.000000
0.000000
0.000000
0.000000
0.000000
0.000000
0.000000
0.000000
0.000000
0.000000
0.000000
0.000000
0.000000
0.000000
0.000000
0.000000
0.000000
0.000000
0.000000
0.000000
0.000000
0.000000
0.000000
0.000000
0.000000
0.000000
0.000000
0.000000
0.000000
0.000000
0.000000
0.000000
0.000000
0.000000
0.000000
0.000000
0.000000
0.000000
0.000000
0.000000
0.000000
0.000000
0.000000
0.000000
0.000000
0.000000
0.000000
0.000000
0.000000
0.000000
0.000000
0.000000
0.000000
0.000000
0.000000
0.000000
0.000000
0.000000
0.000000
0.000000
0.000000
0.000000
0.000000
0.000000
0.000000
0.000000
0.000000
0.000000
0.000000
0.000000
0.000000
0.000000
0.000000
0.000000
0.000000
0.000000
0.000000
0.000000
0.000000
0.000000
0.000000
0.000000
0.000000
0.000000
0.000000
0.000000
0.000000
0.000000
0.000000
0.000000
0.000000
0.000000
0.000000
0.000000
0.000000
0.000000
0.000000
0.000000
0.000000
0.000000
0.000000
0.000000
0.000000
0.000000
0.000000
0.000000
0.000000
0.000000
0.000000
0.000000
0.000000
0.000000
0.000000
0.000000
0.000000
0.000000
0.000000
0.000000
0.000000
0.000000
0.000000
0.000000
0.000000
0.000000
0.000000
0.000000
0.000000
0.000000
0.000000
0.000000
0.000000
0.000000
0.000000
0.000000
0.000000
0.000000
0.000000
0.000000
0.000000
0.000000
0.000000
0.000000
0.000000
0.000000
0.000000
0.000000
0.000000
0.000000
0.000000
0.000000
0.000000
0.000000
0.000000
0.000000
0.000000
0.000000
0.000000
0.000000
0.000000
0.000000
0.000000
0.000000
0.000000
0.000000
0.000000
0.000000
0.000000
0.000000
0.000000
0.000000
0.000000
0.000000
0.000000
0.000000
0.000000
0.000000
0.000000
0.000000
0.000000
0.000000
0.000000
0.000000
0.000000
0.000000
0.000000
0.000000
0.000000
0.000000
0.000000
0.000000
0.000000
0.000000
0.000000
0.000000
0.000000
0.000000
0.000000
0.000000
0.000000
0.000000
0.000000
0.000000
0.000000
0.000000
0.000000
0.000000
0.000000
0.000000
0.000000
0.000000
0.000000
0.000000
0.000000
0.000000
0.000000
0.000000
0.000000
0.000000
0.000000
0.000000
0.000000
0.000000
0.000000
0.000000
0.000000
0.000000
0.000000
0.000000
0.000000
0.000000
0.000000
0.000000
0.000000
0.000000
0.000000
0.000000
0.000000
0.000000
0.000000
0.000000
0.000000
0.000000
0.000000
0.000000
0.000000
0.000000
0.000000
0.000000
0.000000
0.000000
0.000000
0.000000
0.000000
0.000000
0.000000
0.000000
0.000000
0.000000
0.000000
0.000000
0.000000
0.000000
0.000000
0.000000
0.000000
0.000000
0.000000
0.000000
0.000000
0.000000
0.000000
0.000000
0.000000
0.000000
0.000000
0.000000
0.000000
0.000000
0.000000
0.000000
0.000000
0.000000
0.000000
0.000000
0.000000
0.000000
0.000000
0.000000
0.000000
0.000000
0.000000
0.000000
0.000000
0.000000
0.000000
0.000000
0.000000
0.000000
0.000000
0.000000
0.000000
0.000000
0.000000
0.000000
0.000000
0.000000
0.000000
0.000000
0.000000
0.000000
0.000000
0.000000
0.000000
0.000000
0.000000
0.000000
0.000000
0.000000
0.000000
0.000000
0.000000
0.000000
0.000000
0.000000
0.000000
0.000000
0.000000
0.000000
0.000000
0.000000
0.000000
0.000000
0.000000
0.000000
0.000000
0.000000
0.000000
0.000000
0.000000
0.000000
0.000000
0.000000
0.000000
0.000000
0.000000
0.000000
0.000000
0.000000
0.000000
0.000000
0.000000
0.000000
0.000000
0.000000
0.000000
0.000000
0.000000
0.000000
0.000000
0.000000
0.000000
0.000000
0.000000
0.000000
0.000000
0.000000
0.000000
0.000000
0.000000
0.000000
0.000000
0.000000
0.000000
0.000000
0.000000
0.000000
0.000000
0.000000
0.000000
0.000000
0.000000
0.000000
0.000000
0.000000
0.000000
0.000000
0.000000
0.000000
0.000000
0.000000
0.000000
0.000000
0.000000
0.000000
0.000000
0.000000
0.000000
0.000000
0.000000
0.000000
0.000000
0.000000
0.000000
0.000000
0.000000
0.000000
0.000000
0.000000
0.000000
0.000000
0.000000
0.000000
0.000000
0.000000
0.000000
0.000000
0.000000
0.000000
0.000000
0.000000
0.000000
0.000000
0.000000
0.000000
0.000000
0.000000
0.000000
0.000000
0.000000
0.000000
0.000000
0.000000
0.000000
0.000000
0.000000
0.000000
0.000000
0.000000
0.000000
0.000000
0.000000
0.000000
0.000000
0.000000
0.000000
0.000000
0.000000
0.000000
0.000000
0.000000
0.000000
0.000000
0.000000
0.000000
0.000000
0.000000
0.000000
0.000000
0.000000
0.000000
0.000000
0.000000
0.000000
0.000000
0.000000
0.000000
0.000000
0.000000
0.000000
0.000000
0.000000
0.000000
0.000000
0.000000
0.000000
0.000000
0.000000
0.000000
0.000000
0.000000
0.000000
0.000000
0.000000
0.000000
0.000000
0.000000
0.000000
0.000000
0.000000
0.000000
0.000000
0.000000
0.000000
0.000000
0.000000
0.000000
0.000000
0.000000
0.000000
0.000000
0.000000
0.000000
0.000000
0.000000
0.000000
0.000000
0.000000
0.000000
0.000000
0.000000
0.000000
0.000000
0.000000
0.000000
0.000000
0.000000
0.000000
0.000000
0.000000
0.000000
0.000000
0.000000
0.000000
0.000000
0.000000
0.000000
0.000000
0.000000
0.000000
0.000000
0.000000
0.000000
0.000000
0.000000
0.000000
0.000000
0.000000
0.000000
0.000000
0.000000
0.000000
0.000000
0.000000
0.000000
0.000000
0.000000
0.000000
0.000000
0.000000
0.000000
0.000000
0.000000
0.000000
0.000000
0.000000
0.000000
0.000000
0.000000
0.000000
0.000000
0.000000
0.000000
0.000000
0.000000
0.000000
0.000000
0.000000
0.000000
0.000000
0.000000
0.000000
0.000000
0.000000
0.000000
0.000000
0.000000
0.000000
0.000000
0.000000
0.000000
0.000000
0.000000
0.000000
0.000000
0.000000
0.000000
0.000000
0.000000
0.000000
0.000000
0.000000
0.000000
0.000000
0.000000
0.000000
0.000000
0.000000
0.000000
0.000000
0.000000
0.000000
0.000000
0.000000
0.000000
0.000000
0.000000
0.000000
0.000000
0.000000
0.000000
0.000000
0.000000
0.000000
0.000000
0.000000
0.000000
0.000000
0.000000
0.000000
0.000000
0.000000
0.000000
0.000000
0.000000
0.000000
0.000000
0.000000
0.000000
0.000000
0.000000
0.000000
0.000000
0.000000
0.000000
0.000000
0.000000
0.000000
0.000000
0.000000
0.000000
0.000000
0.000000
0.000000
0.000000
0.000000
0.000000
0.000000
0.000000
0.000000
0.000000
0.000000
0.000000
0.000000
0.000000
0.000000
0.000000
0.000000
0.000000
0.000000
0.000000
0.000000
0.000000
0.000000
0.000000
0.000000
0.000000
0.000000
0.000000
0.000000
0.000000
0.000000
0.000000
0.000000
0.000000
0.000000
0.000000
0.000000
0.000000
0.000000
0.000000
0.000000
0.000000
0.000000
0.000000
0.000000
0.000000
0.000000
0.000000
0.000000
0.000000
0.000000
0.000000
0.000000
0.000000
0.000000
0.000000
0.000000
0.000000
0.000000
0.000000
0.000000
0.000000
0.000000
0.000000
0.000000
0.000000
0.000000
0.000000
0.000000
0.000000
0.000000
0.000000
0.000000
0.000000
0.000000
0.000000
0.000000
0.000000
0.000000
0.000000
0.000000
0.000000
0.000000
0.000000
0.000000
0.000000
0.000000
0.000000
0.000000
0.000000
0.000000
0.000000
0.000000
0.000000
0.000000
0.000000
0.000000
0.000000
0.000000
0.000000
0.000000
0.000000
0.000000
0.000000
0.000000
0.000000
0.000000
0.000000
0.000000
0.000000
0.000000
0.000000
0.000000
0.000000
0.000000
0.000000
0.000000
0.000000
0.000000
0.000000
0.000000
0.000000
0.000000
0.000000
0.000000
0.000000
0.000000
0.000000
0.000000
0.000000
0.000000
0.000000
0.000000
0.000000
0.000000
0.000000
0.000000
0.000000
0.000000
0.000000
0.000000
0.000000
0.000000
0.000000
0.000000
0.000000
0.000000
0.000000
0.000000
0.000000
0.000000
0.000000
0.000000
0.000000
0.000000
0.000000
0.000000
0.000000
0.000000
0.000000
0.000000
0.000000
0.000000
0.000000
0.000000
0.000000
0.000000
0.000000
0.000000
0.000000
0.000000
0.000000
0.000000
0.000000
0.000000
0.000000
0.000000
0.000000
0.000000
0.000000
0.000000
0.000000
0.000000
0.000000
0.000000
0.000000
0.000000
0.000000
0.000000
0.000000
0.000000
0.000000
0.000000
0.000000
0.000000
0.000000
0.000000
0.000000
0.000000
0.000000
0.000000
0.000000
0.000000
0.000000
0.000000
0.000000
0.000000
0.000000
0.000000
0.000000
0.000000
0.000000
0.000000
0.000000
0.000000
0.000000
0.000000
0.000000
0.000000
0.000000
0.000000
0.000000
0.000000
0.000000
0.000000
0.000000
0.000000
0.000000
0.000000
0.000000
0.000000
0.000000
0.000000
0.000000
0.000000
0.000000
0.000000
0.000000
0.000000
0.000000
0.000000
0.000000
0.000000
0.000000
0.000000
0.000000
0.000000
0.000000
0.000000
0.000000
0.000000
0.000000
0.000000
0.000000
0.000000
0.000000
0.000000
0.000000
0.000000
0.000000
0.000000
0.000000
0.000000
0.000000
0.000000
0.000000
0.000000
0.000000
0.000000
0.000000
0.000000
0.000000
0.000000
0.000000
0.000000
0.000000
0.000000
0.000000
0.000000
0.000000
0.000000
0.000000
0.000000
0.000000
0.000000
0.000000
0.000000
0.000000
0.000000
0.000000
0.000000
0.000000
0.000000
0.000000
0.000000
0.000000
0.000000
0.000000
0.000000
0.000000
0.000000
0.000000
0.000000
0.000000
0.000000
0.000000
0.000000
0.000000
0.000000
0.000000
0.000000
0.000000
0.000000
0.000000
0.000000
0.000000
0.000000
0.000000
0.000000
0.000000
0.000000
0.000000
0.000000
0.000000
0.000000
0.000000
0.000000
0.000000
0.000000
0.000000
0.000000
0.000000
0.000000
0.000000
0.000000
0.000000
0.000000
0.000000
0.000000
0.000000
0.000000
0.000000
0.000000
0.000000
0.000000
0.000000
0.000000
0.000000
0.000000
0.000000
0.000000
0.000000
0.000000
0.000000
0.000000
0.000000
0.000000
0.000000
0.000000
0.000000
0.000000
0.000000
0.000000
0.000000
0.000000
0.000000
0.000000
0.000000
0.000000
0.000000
0.000000
0.000000
0.000000
0.000000
0.000000
0.000000
0.000000
0.000000
0.000000
0.000000
0.000000
0.000000
0.000000
0.000000
0.000000
0.000000
0.000000
0.000000
0.000000
0.000000
0.000000
0.000000
0.000000
0.000000
0.000000
0.000000
0.000000
0.000000
0.000000
0.000000
0.000000
0.000000
0.000000
0.000000
0.000000
0.000000
0.000000
0.000000
0.000000
0.000000
0.000000
0.000000
0.000000
0.000000
0.000000
0.000000
0.000000
0.000000
0.000000
0.000000
0.000000
0.000000
0.000000
0.000000
0.000000
0.000000
0.000000
0.000000
0.000000
0.000000
0.000000
0.000000
0.000000
0.000000
0.000000
0.000000
0.000000
0.000000
0.000000
0.000000
0.000000
0.000000
0.000000
0.000000
0.000000
0.000000
0.000000
0.000000
0.000000
0.000000
0.000000
0.000000
0.000000
0.000000
0.000000
0.000000
0.000000
0.000000
0.000000
0.000000
0.000000
0.000000
0.000000
0.000000
0.000000
0.000000
0.000000
0.000000
0.000000
0.000000
0.000000
0.000000
0.000000
0.000000
0.000000
0.000000
0.000000
0.000000
0.000000
0.000000
0.000000
0.000000
0.000000
0.000000
0.000000
0.000000
0.000000
0.000000
0.000000
0.000000
0.000000
0.000000
0.000000
0.000000
0.000000
0.000000
0.000000
0.000000
0.000000
0.000000
0.000000
0.000000
0.000000
0.000000
0.000000
0.000000
0.000000
0.000000
0.000000
0.000000
0.000000
0.000000
0.000000
0.000000
0.000000
0.000000
0.000000
0.000000
0.000000
0.000000
0.000000
0.000000
0.000000
0.000000
0.000000
0.000000
0.000000
0.000000
0.000000
0.000000
0.000000
0.000000
0.000000
0.000000
0.000000
0.000000
0.000000
0.000000
0.000000
0.000000
0.000000
0.000000
0.000000
0.000000
0.000000
0.000000
0.000000
0.000000
0.000000
0.000000
0.000000
0.000000
0.000000
0.000000
0.000000
0.000000
0.000000
0.000000
0.000000
0.000000
0.000000
0.000000
0.000000
0.000000
0.000000
0.000000
0.000000
0.000000
0.000000
0.000000
0.000000
0.000000
0.000000
0.000000
0.000000
0.000000
0.000000
0.000000
0.000000
0.000000
0.000000
0.000000
0.000000
0.000000
0.000000
0.000000
0.000000
0.000000
0.000000
0.000000
0.000000
0.000000
0.000000
0.000000
0.000000
0.000000
0.000000
0.000000
0.000000
0.000000
0.000000
0.000000
0.000000
0.000000
0.000000
0.000000
0.000000
0.000000
0.000000
0.000000
0.000000
0.000000
0.000000
0.000000
0.000000
0.000000
0.000000
0.000000
0.000000
0.000000
0.000000
0.000000
0.000000
0.000000
0.000000
0.000000
0.000000
0.000000
0.000000
0.000000
0.000000
0.000000
0.000000
0.000000
0.000000
0.000000
0.000000
0.000000
0.000000
0.000000
0.000000
0.000000
0.000000
0.000000
0.000000
0.000000
0.000000
0.000000
0.000000
0.000000
0.000000
0.000000
0.000000
0.000000
0.000000
0.000000
0.000000
0.000000
0.000000
0.000000
0.000000
0.000000
0.000000
0.000000
0.000000
0.000000
0.000000
0.000000
0.000000
0.000000
0.000000
0.000000
0.000000
0.000000
0.000000
0.000000
0.000000
0.000000
0.000000
0.000000
0.000000
0.000000
0.000000
0.000000
0.000000
0.000000
0.000000
0.000000
0.000000
0.000000
0.000000
0.000000
0.000000
0.000000
0.000000
0.000000
0.000000
0.000000
0.000000
0.000000
0.000000
0.000000
0.000000
0.000000
0.000000
0.000000
0.000000
0.000000
0.000000
0.000000
0.000000
0.000000
0.000000
0.000000
0.000000
0.000000
0.000000
0.000000
0.000000
0.000000
0.000000
0.000000
0.000000
0.000000
0.000000
0.000000
0.000000
0.000000
0.000000
0.000000
0.000000
0.000000
0.000000
0.000000
0.000000
0.000000
0.000000
0.000000
0.000000
0.000000
0.000000
0.000000
0.000000
0.000000
0.000000
0.000000
0.000000
0.000000
0.000000
0.000000
0.000000
0.000000
0.000000
0.000000
0.000000
0.000000
0.000000
0.000000
0.000000
0.000000
0.000000
0.000000
0.000000
0.000000
0.000000
0.000000
0.000000
0.000000
0.000000
0.000000
0.000000
0.000000
0.000000
0.000000
0.000000
0.000000
0.000000
0.000000
0.000000
0.000000
0.000000
0.000000
0.000000
0.000000
0.000000
0.000000
0.000000
0.000000
0.000000
0.000000
0.000000
0.000000
0.000000
0.000000
0.000000
0.000000
0.000000
0.000000
0.000000
0.000000
0.000000
0.000000
0.000000
0.000000
0.000000
0.000000
0.000000
0.000000
0.000000
0.000000
0.000000
0.000000
0.000000
0.000000
0.000000
0.000000
0.000000
0.000000
0.000000
0.000000
0.000000
0.000000
0.000000
0.000000
0.000000
0.000000
0.000000
0.000000
0.000000
0.000000
0.000000
0.000000
0.000000
0.000000
0.000000
0.000000
0.000000
0.000000
0.000000
0.000000
0.000000
0.000000
0.000000
0.000000
0.000000
0.000000
0.000000
0.000000
0.000000
0.000000
0.000000
0.000000
0.000000
0.000000
0.000000
0.000000
0.000000
0.000000
0.000000
0.000000
0.000000
0.000000
0.000000
0.000000
0.000000
0.000000
0.000000
0.000000
0.000000
0.000000
0.000000
0.000000
0.000000
0.000000
0.000000
0.000000
0.000000
0.000000
0.000000
0.000000
0.000000
0.000000
0.000000
0.000000
0.000000
0.000000
0.000000
0.000000
0.000000
0.000000
0.000000
0.000000
0.000000
0.000000
0.000000
0.000000
0.000000
0.000000
0.000000
0.000000
0.000000
0.000000
0.000000
0.000000
0.000000
0.000000
0.000000
0.000000
0.000000
0.000000
0.000000
0.000000
0.000000
0.000000
0.000000
0.000000
0.000000
