3.663430
14.653740
25.648355
36.639729
47.560825
58.423996
69.257477
80.062637
90.833160
101.584335
112.290001
122.945511
133.568176
144.166306
154.743484
165.285431
175.815063
186.308472
196.748459
207.151291
217.521988
227.863708
238.223022
248.568146
258.863525
269.110779
279.343567
289.548401
299.736328
309.955017
320.138123
330.283356
340.408997
350.527130
360.617859
370.723450
380.858856
390.954742
401.003845
411.043854
421.079437
431.104462
441.143616
451.225098
461.264221
471.269226
481.270721
491.282227
502.951263
512.995361
523.027161
535.220581
545.257080
555.344666
565.377258
577.030762
588.681702
600.309998
611.896118
623.560852
633.561584
645.227966
656.887939
668.547974
678.561890
688.574402
700.207886
711.809387
723.472839
735.128296
746.739563
758.265625
769.788391
781.411560
792.439636
802.754944
813.099670
823.170776
833.702454
844.156677
854.728699
865.465454
876.215576
886.866638
897.493530
908.001160
918.682434
929.260071
940.061035
950.451782
961.028015
971.718689
982.248474
993.462952
1004.036560
1014.893250
1025.755371
1035.769897
1046.270752
1056.367065
1066.538208
1076.547852
1087.420532
1098.158569
1108.827881
1119.752930
1130.462280
1141.143555
1151.856934
1162.656250
1173.397705
1183.519287
1194.581055
1205.004150
1216.461182
1227.368408
1238.335815
1249.175293
1260.422485
1271.829712
1283.376709
1293.388916
1303.542847
1313.706299
1323.917969
1334.181152
1344.448975
1354.820679
1365.264771
1375.651489
1386.006592
1396.357544
1406.704834
1417.026489
1427.340332
1437.670288
1447.973999
1458.292114
1468.590576
1478.864136
1489.136230
1499.402588
1509.716064
1519.986206
1530.242554
1540.372681
1551.251831
1561.778076
1572.986938
1583.455688
1593.599609
1604.131226
1614.787231
1625.226562
1635.417480
1646.339844
1656.948120
1667.299805
1677.504517
1687.637329
1697.802856
1707.991699
1718.222778
1728.520752
1738.880249
1749.282227
1759.697754
1770.101929
1780.562744
1791.060059
1801.597534
1812.095825
1822.581421
1832.782959
1843.662231
1854.985718
1865.423828
1875.767944
1886.285522
1897.281128
1908.445312
1919.850464
1931.400269
1943.054077
1953.150513
1963.383423
1973.647827
1983.942261
1994.302979
2004.692993
2015.079346
2025.468628
2035.876831
2046.264404
2056.655029
2067.030273
2077.358154
2087.677979
2097.994141
2108.295410
2118.552979
2128.803223
2139.020264
2149.197998
2159.368896
2169.535645
2179.688477
2189.829346
2199.983154
2210.113037
2220.211670
2230.292725
2240.412598
2251.936035
2262.414551
2273.075439
2283.892090
2294.433350
2304.778564
2315.526855
2325.872070
2336.803955
2347.426758
2357.792725
2368.481201
2379.089844
2389.200195
2400.105713
2411.539795
2421.735107
2432.490234
2443.169189
2453.169434
2463.573486
2474.231689
2484.573730
2494.701904
2505.488525
2515.911621
2526.255127
2536.984375
2547.841553
2558.932617
2570.225830
2580.429932
2590.878662
2601.574219
2611.790283
2622.897705
2633.034912
2643.345703
2653.476562
2664.507812
2675.038330
2685.336914
2695.481445
2706.401855
2717.129150
2727.682861
2738.130371
2748.570068
2758.978271
2769.391602
2779.809814
2790.287842
2800.836914
2811.388184
2821.945801
2832.445312
2842.957031
2852.991211
2863.947266
2875.158447
2885.664062
2896.143555
2906.707031
2917.809326
2929.345459
2940.433594
2950.748535
2961.289551
2972.210693
2982.655029
2993.598389
3004.264160
3014.570068
3025.457520
3036.115723
3046.618652
3057.086426
3067.196533
3077.909180
3088.980713
3099.400879
3110.003662
3120.628662
3131.437256
3142.145508
3153.234619
3163.951172
3174.352539
3185.110840
3195.295898
3205.343750
3216.047363
3226.276855
3236.354492
3247.254639
3258.058350
3268.718750
3279.303711
3289.864990
3300.445312
3311.068115
3321.582031
3332.050537
3342.561035
3353.161377
3363.823975
3374.425537
3385.215820
3396.294189
3407.551270
3417.642334
3428.298340
3438.847412
3449.763184
3459.937012
3470.894775
3481.040283
3491.740479
3502.103516
3512.112793
3522.900146
3533.322510
3543.468750
3554.438721
3564.452881
3574.650879
3585.282715
3595.732422
3606.113281
3616.409668
3627.412354
3638.359375
3648.499756
3658.967285
3669.308350
3679.918701
3690.633545
3701.402832
3711.903809
3721.925049
3732.844727
3743.435547
3753.718262
3763.795166
3774.747803
3785.537598
3796.168701
3806.668457
3817.213135
3827.818848
3838.438477
3849.028809
3859.617188
3870.256836
3880.898682
3891.510254
3902.069092
3912.998047
3923.655029
3933.703857
3944.907471
3955.607666
3966.286621
3977.409912
3988.694824
3999.276123
4010.623291
4021.135986
4031.922363
4042.155518
4052.993408
4063.566650
4074.183105
4084.439697
4095.860107
4106.105957
4116.594727
4127.725586
4139.017090
4149.063965
4159.618652
4169.620117
4180.472168
4191.084473
4201.287109
4212.146973
4222.678223
4233.037598
4243.266602
4254.186035
4264.362305
4274.595215
4285.026855
4296.076660
4306.529297
4317.223633
4327.641113
4338.255859
4348.473145
4358.646973
4369.104004
4379.348145
4390.031738
4400.686035
4411.812012
4422.145508
4432.919922
4443.578125
4454.590820
4465.837402
4476.805176
4487.409180
4497.413086
4508.520508
4518.603027
4529.419922
4540.181641
4550.721191
4560.958496
4571.849609
4582.479492
4593.014160
4603.514160
4613.959473
4624.372070
4634.853027
4645.322754
4655.854980
4666.453613
4677.040527
4687.645508
4698.433594
4709.558105
4720.344238
4730.641113
4741.122559
4751.617676
4762.368164
4773.122559
4784.366211
4795.491211
4805.587402
4816.330078
4826.681152
4836.951172
4847.943359
4859.001953
4869.264648
4879.328125
4889.927246
4900.398926
4911.042969
4922.120117
4932.489258
4943.225098
4953.397461
4963.924805
4974.280762
4985.295898
4995.895996
5006.280273
5016.428223
5027.303223
5038.074707
5048.231445
5058.547363
5069.021484
5080.383789
5090.655762
5100.983887
5111.034180
5121.381348
5131.615723
5142.399902
5152.690430
5162.966797
5173.104004
5183.883301
5194.297363
5204.482422
5214.724609
5225.568848
5235.668457
5246.584473
5256.612305
5267.009277
5277.942871
5289.040527
5300.388672
5310.717773
5321.750000
5332.698242
5343.173828
5354.250977
5365.055176
5375.465332
5385.575195
5396.429688
5407.055176
5417.563965
5428.066895
5438.591309
5449.154297
5459.769043
5470.318848
5481.174805
5491.728027
5502.327637
5513.256348
5523.379395
5534.234863
5544.333496
5554.575195
5565.014648
5575.544434
5586.245605
5596.900391
5607.763184
5618.639648
5629.397461
5639.948730
5650.419434
5661.083496
5671.869629
5682.563965
5693.163086
5703.689941
5714.283203
5724.880371
5735.597168
5746.757324
5758.008789
5768.155762
5778.663574
5789.650879
5800.821289
5812.206543
5822.232910
5832.309570
5842.438477
5852.701172
5863.045410
5873.420410
5883.838379
5894.276367
5904.678223
5915.148926
5925.689453
5936.193848
5946.672852
5957.099121
5967.462402
5977.789551
5988.117188
5998.453125
6008.787109
6019.100098
6029.364258
6039.629883
6049.850586
6060.064453
6070.372070
6080.659180
6090.883301
6101.075684
6111.284668
6121.468262
6131.608398
6141.785645
6151.952637
6162.062500
6172.101074
6182.121094
6192.173340
6202.218750
6212.287109
6222.332031
6232.389648
6242.438965
6252.461426
6262.502930
6272.523438
6284.148926
6295.833008
6305.954102
6315.965332
6327.541992
6339.090820
6350.540527
6362.079102
6373.687012
6385.230469
6396.783203
6408.337891
6419.872559
6431.418945
6443.013184
6453.027344
6464.677246
6476.269043
6487.932129
6497.942871
6509.604980
6519.617676
6529.641113
6541.305664
6551.313477
6561.328125
6572.970215
6584.597656
6596.256348
6606.257324
6617.920898
6627.937012
6637.950195
6649.606934
6661.262207
6671.288086
6681.340820
6691.396484
6701.443848
6711.503418
6721.555176
6733.203125
6744.865723
6756.522461
6768.171875
6779.805176
6791.392578
6802.976562
6814.578613
6826.219238
6837.848633
6849.487305
6861.093750
6872.729004
6884.377441
6894.465332
6904.523926
6914.536621
6926.182129
6936.207520
6947.861816
6959.474609
6971.073242
6982.666992
6994.268066
7005.869629
7017.473145
7029.078613
7040.695312
7052.335938
7062.338867
7072.354492
7082.361816
7092.365234
7103.991211
7115.636719
7125.704102
7135.744141
7145.750000
7155.753418
7167.394043
7178.941406
7190.490723
7202.071289
7213.643555
7225.208008
7236.748535
7248.321289
7259.920410
7269.979980
7280.085449
7290.103027
7301.767090
7313.409180
7324.977539
7336.562012
7348.211914
7359.802246
7371.368652
7382.920410
7394.407715
7405.880859
7417.376465
7428.909668
7440.487793
7452.101562
7463.744629
7473.757324
7485.401855
7497.047363
7507.080078
7517.112305
7527.124512
7537.148926
7548.798340
7560.398438
7572.042480
7582.054688
7593.715332
7605.374512
7616.965332
7628.553223
7640.197754
7650.213867
7661.871094
7673.518555
7685.145996
7696.793945
7708.463867
7718.577637
7728.666016
7738.681641
7750.328613
7761.991699
7773.595703
7785.188965
7796.780762
7808.361328
7819.987793
7831.647461
7843.255859
7854.825684
7866.402344
7877.985840
7889.571289
7901.188965
7912.831543
7924.488770
7936.111328
7947.777832
7957.795410
7967.798828
7977.819824
7987.837402
7999.438965
8011.059082
8022.707520
8034.353516
8045.978516
8057.559082
8069.116211
8080.678223
8092.296875
8103.940430
8115.576660
8127.183594
8138.823730
8150.468750
8160.469238
8170.477051
8182.131348
8193.769531
8203.780273
8215.430664
8227.030273
8238.628906
8250.244141
8261.856445
8273.494141
8285.135742
8296.728516
8308.321289
8319.933594
8331.580078
8343.226562
8354.886719
8366.518555
8378.110352
8389.757812
8401.392578
8413.041016
8423.061523
8433.134766
8443.166016
8453.171875
8464.558594
8474.884766
8485.348633
8496.158203
8506.825195
8516.957031
8527.401367
8537.511719
8548.309570
8558.787109
8568.847656
8579.727539
8590.574219
8600.598633
8611.312500
8622.136719
8633.047852
8643.164062
8653.219727
8663.371094
8673.686523
8684.168945
8694.596680
8705.051758
8715.552734
8726.131836
8736.653320
8747.291992
8757.916992
8768.455078
8778.946289
8789.504883
8800.216797
8811.101562
8821.821289
8832.069336
8843.099609
8853.773438
8864.088867
8874.983398
8885.923828
8896.933594
8908.283203
8918.338867
8928.465820
8938.621094
8948.792969
8959.000977
8969.220703
8979.477539
8989.848633
9000.284180
9010.665039
9021.081055
9031.552734
9041.936523
9052.301758
9062.657227
9072.987305
9083.287109
9093.633789
9103.978516
9114.257812
9124.487305
9134.689453
9144.863281
9154.980469
9165.080078
9175.274414
9185.506836
9195.707031
9205.926758
9216.203125
9226.417969
9236.569336
9246.684570
9256.793945
9266.900391
9276.979492
9287.058594
9297.095703
9307.125000
9317.143555
9327.199219
9337.335938
9347.430664
9357.461914
9367.491211
9377.517578
9387.541016
9397.624023
9407.712891
9417.741211
9429.405273
9441.067383
9451.071289
9462.693359
9474.318359
9485.986328
9495.996094
9507.642578
9517.692383
9527.837891
9537.902344
9549.543945
9561.184570
9572.803711
9584.401367
9595.997070
9607.583984
9619.140625
9630.703125
9642.333984
9653.955078
9665.529297
9675.534180
9685.545898
9697.181641
9707.247070
9717.337891
9728.979492
9740.553711
9752.160156
9763.722656
9775.189453
9786.735352
9798.373047
9808.407227
9818.410156
9830.029297
9841.595703
9853.176758
9863.202148
9874.852539
9886.411133
9898.043945
9909.713867
9919.747070
9931.288086
9942.750000
9954.258789
9965.783203
9977.233398
9988.718750
10000.211914
10011.769531
10021.838867
10031.848633
10043.478516
10055.131836
10066.784180
10078.406250
10090.026367
10100.028320
10111.690430
10123.323242
10133.335938
10143.458984
10153.502930
10165.141602
10175.156250
10185.162109
10196.807617
10206.815430
10218.473633
10230.071289
10241.636719
10253.228516
10263.238281
10274.870117
10286.488281
10296.505859
10306.510742
10318.161133
10328.207031
10338.229492
10349.837891
10361.412109
10373.000977
10384.627930
10396.207031
10407.827148
10419.475586
10431.120117
10442.758789
10452.777344
10464.386719
10475.935547
10487.549805
10499.190430
10510.833008
10520.865234
10530.883789
10542.496094
10554.098633
10565.762695
10575.762695
10587.408203
10597.441406
10607.536133
10617.590820
10629.255859
10639.265625
10650.898438
10662.458008
10673.994141
10685.569336
10697.138672
10708.691406
10720.302734
10731.955078
10743.575195
10755.219727
10766.873047
10778.428711
10790.073242
10801.737305
10813.388672
10823.409180
10835.046875
10846.590820
10857.443359
10868.495117
10879.412109
10890.027344
10900.172852
10910.579102
10920.711914
10931.574219
10942.095703
10952.403320
10962.537109
10972.578125
10982.630859
10992.757812
11002.951172
11013.174805
11023.512695
11033.969727
11044.526367
11055.055664
11065.503906
11075.866211
11086.127930
11096.332031
11106.663086
11117.081055
11127.550781
11137.951172
11148.354492
11158.839844
11169.424805
11180.069336
11190.814453
11201.138672
11212.073242
11223.096680
11233.335938
11243.441406
11253.851562
11264.900391
11276.377930
11287.658203
11298.928711
11310.348633
11321.856445
11331.924805
11341.956055
11353.438477
11363.938477
11375.051758
11385.738281
11396.926758
11407.643555
11417.828125
11428.621094
11439.059570
11450.036133
11460.729492
11471.297852
11481.749023
11492.095703
11502.416992
11512.750977
11523.174805
11533.667969
11544.141602
11554.625977
11565.112305
11575.612305
11586.198242
11596.834961
11607.489258
11618.149414
11628.766602
11639.372070
11650.007812
11660.672852
11671.381836
11682.074219
11692.744141
11703.439453
11714.181641
11724.896484
11735.552734
11746.211914
11756.918945
11767.694336
11778.468750
11789.219727
11799.941406
11810.644531
11821.363281
11832.152344
11842.958984
11853.765625
11864.528320
11875.232422
11885.953125
11896.717773
11907.481445
11918.214844
11928.927734
11939.690430
11950.473633
11961.220703
11971.917969
11982.575195
11993.298828
12004.081055
12014.865234
12025.630859
12036.354492
12047.048828
12057.751953
12068.469727
12079.210938
12089.958008
12100.689453
12111.375977
12122.110352
12132.905273
12143.711914
12154.514648
12165.273438
12176.146484
12187.015625
12197.835938
12208.538086
12219.172852
12229.790039
12240.464844
12251.215820
12261.958984
12272.681641
12283.347656
12294.088867
12304.888672
12315.662109
12326.435547
12337.216797
12347.961914
12358.765625
12369.570312
12380.387695
12391.367188
12401.667969
12411.838867
12422.607422
12432.875977
12443.708984
12454.437500
12465.046875
12475.483398
12485.680664
12495.728516
12506.667969
12517.449219
12528.244141
12539.023438
12549.791016
12560.500977
12571.167969
12581.878906
12592.682617
12603.571289
12614.294922
12624.919922
12635.538086
12646.416016
12656.999023
12667.497070
12678.014648
12688.583008
12699.092773
12709.664062
12720.275391
12730.969727
12741.751953
12752.647461
12763.482422
12774.364258
12785.244141
12796.056641
12806.829102
12817.805664
12827.985352
12839.099609
12849.500000
12860.526367
12871.224609
12882.010742
12892.291992
12903.007812
12913.887695
12924.611328
12935.367188
12945.509766
12955.742188
12966.306641
12977.030273
12987.717773
12998.345703
13009.039062
13019.875977
13029.912109
13040.824219
13051.747070
13062.670898
13073.655273
13084.546875
13095.414062
13106.214844
13116.932617
13127.570312
13138.206055
13148.952148
13159.635742
13170.430664
13180.957031
13191.001953
13202.291992
13212.543945
13222.812500
13233.342773
13244.310547
13255.817383
13267.304688
13278.650391
13290.086914
13300.160156
13310.421875
13320.634766
13330.793945
13340.968750
13351.153320
13361.481445
13371.971680
13382.385742
13392.678711
13402.958008
13413.213867
13423.449219
13433.662109
13443.898438
13454.140625
13464.408203
13474.724609
13485.001953
13495.289062
13505.617188
13355.157227
13365.816406
13376.349609
13386.569336
13398.188477
13408.236328
13418.372070
13428.651367
13438.975586
13449.125000
13459.164062
13470.831055
13481.043945
13491.299805
13501.308594
13512.900391
13524.436523
13535.927734
13547.433594
13558.961914
13570.475586
13582.143555
13592.181641
13602.183594
13613.839844
13623.899414
13635.553711
13647.188477
13657.207031
13667.214844
13677.313477
13688.179688
13699.058594
13709.183594
13719.625977
13729.650391
13740.734375
13751.306641
13762.098633
13772.916016
13783.542969
13793.866211
13804.106445
13814.402344
13824.500000
13834.807617
13844.946289
13855.354492
13865.525391
13875.714844
13885.852539
13896.059570
13906.295898
13916.714844
13927.150391
13937.716797
13948.281250
13959.015625
13969.585938
13980.264648
13991.170898
14002.329102
14013.700195
14024.468750
14034.747070
14045.914062
14056.583008
14066.712891
14077.376953
14087.564453
14098.517578
14109.340820
14120.182617
14131.009766
14141.771484
14152.438477
14163.148438
14173.912109
14184.666016
14195.364258
14206.229492
14217.360352
14227.657227
14237.814453
14248.249023
14258.739258
14269.681641
14281.014648
14292.460938
14303.968750
14315.594727
14325.632812
14335.767578
14346.018555
14356.283203
14366.609375
14377.038086
14387.416016
14397.773438
14408.132812
14418.533203
14428.888672
14439.273438
14449.624023
14459.929688
14470.230469
14480.547852
14490.853516
14501.102539
14511.426758
14522.859375
14533.095703
14543.808594
14554.597656
14565.120117
14575.247070
14586.091797
14596.674805
14607.650391
14618.370117
14629.407227
14639.780273
14650.219727
14660.228516
14670.498047
14681.244141
14691.319336
14702.329102
14712.868164
14723.353516
14733.730469
14743.897461
14754.806641
14765.556641
14776.190430
14786.872070
14797.509766
14808.096680
14818.746094
14829.441406
14840.075195
14850.538086
14860.913086
14871.330078
14881.961914
14892.813477
14903.147461
14913.355469
14924.106445
14934.307617
14945.046875
14955.295898
14966.249023
14976.763672
14986.869141
14997.821289
15008.099609
15018.423828
15028.882812
15039.905273
15050.121094
15060.923828
15071.265625
15082.232422
15092.762695
15102.947266
15113.041992
15123.064453
15133.138672
15143.977539
15153.999023
15164.297852
15175.521484
15185.789062
15197.068359
15207.469727
15218.478516
15229.000977
15239.156250
15249.627930
15260.349609
15270.963867
15281.068359
15291.760742
15302.525391
15313.631836
15324.095703
15334.151367
15345.115234
15355.686523
15366.002930
15376.131836
15386.246094
15396.265625
15407.186523
15417.971680
15428.639648
15439.342773
15450.109375
15460.808594
15471.415039
15481.956055
15492.474609
15503.012695
15513.546875
15524.151367
15534.796875
15545.511719
15556.276367
15567.010742
15577.752930
15588.630859
15599.565430
15610.516602
15621.378906
15632.171875
15642.963867
15653.740234
15664.557617
15675.311523
15686.178711
15697.023438
15707.791016
15718.506836
15729.115234
15739.604492
15750.210938
15760.833984
15771.460938
15781.991211
15792.660156
15803.452148
15814.799805
15825.130859
15836.035156
15846.060547
15856.635742
15866.687500
15877.477539
15887.978516
15898.243164
15908.427734
15918.566406
15929.482422
15940.355469
15951.145508
15961.910156
15972.620117
15983.410156
15994.057617
16004.698242
16015.265625
16025.865234
16036.646484
16047.326172
16058.004883
16068.700195
16079.445312
16090.123047
16100.782227
16111.556641
16122.421875
16133.178711
16143.932617
16154.691406
16165.445312
16176.142578
16186.771484
16197.587891
16208.354492
16219.079102
16230.157227
16240.508789
16250.873047
16261.790039
16271.894531
16282.514648
16293.583008
16304.208008
16314.556641
16324.751953
16334.864258
16344.897461
16355.894531
16366.886719
16377.850586
16388.744141
16399.675781
16410.539062
16421.251953
16431.796875
16442.367188
16453.050781
16463.710938
16474.300781
16484.880859
16495.505859
16506.138672
16516.906250
16527.695312
16538.380859
16548.964844
16559.580078
16570.373047
16581.160156
16591.921875
16602.656250
16613.400391
16624.142578
16635.029297
16645.886719
16656.935547
16667.769531
16679.068359
16689.937500
16700.677734
16710.820312
16721.738281
16732.330078
16742.658203
16752.873047
16762.923828
16773.000000
16783.914062
16794.781250
16805.611328
16816.544922
16826.576172
16837.539062
16848.472656
16859.308594
16870.017578
16880.621094
16891.267578
16901.849609
16912.455078
16923.218750
16933.785156
16944.343750
16954.929688
16965.605469
16976.382812
16987.162109
16998.054688
17008.910156
17019.859375
17030.570312
17041.324219
17052.000000
17062.736328
17073.339844
17083.947266
17094.632812
17105.443359
17116.189453
17126.957031
17137.720703
17148.453125
17159.136719
17169.773438
17180.203125
17190.841797
17201.568359
17211.687500
17222.132812
17233.078125
17244.201172
17255.568359
17265.578125
17275.800781
17286.048828
17296.376953
17306.671875
17316.996094
17327.392578
17337.826172
17348.236328
17358.621094
17368.974609
17379.289062
17389.615234
17399.960938
17410.291016
17420.597656
17430.898438
17441.160156
17451.386719
17461.638672
17471.906250
17482.111328
17492.320312
17502.519531
17512.679688
17457.441406
17467.582031
17477.728516
17487.875000
17498.150391
17508.390625
17518.572266
17528.687500
17538.777344
17548.865234
17558.949219
17569.046875
17579.101562
17589.164062
17599.310547
17609.498047
17619.587891
17631.250000
17642.892578
17654.496094
17666.119141
17677.771484
17689.351562
17700.994141
17711.000000
17722.640625
17734.269531
17745.904297
17757.472656
17767.666016
17777.701172
17787.720703
17797.738281
17807.771484
17817.775391
17829.390625
17841.054688
17851.087891
17861.107422
17871.132812
17881.144531
17892.744141
17904.353516
17914.369141
17924.396484
17934.398438
17944.404297
17956.035156
17967.156250
17977.156250
17988.822266
18000.472656
18012.113281
18023.703125
18035.281250
18046.941406
18058.607422
18070.255859
18081.894531
18093.462891
18105.033203
18116.673828
18128.333984
18139.974609
18149.998047
18161.642578
18173.416016
18185.070312
18196.712891
18208.335938
18219.941406
18231.488281
18243.037109
18254.667969
18264.671875
18276.332031
18287.996094
18299.591797
18311.160156
18322.804688
18332.806641
18344.439453
18356.093750
18367.695312
18379.255859
18390.878906
18402.500000
18414.105469
18425.718750
18437.277344
18448.816406
18460.410156
18472.017578
18483.615234
18495.277344
18506.890625
18518.460938
18530.101562
18540.109375
18551.773438
18561.789062
18573.417969
18585.087891
18595.089844
18605.988281
18617.001953
18627.951172
18638.271484
18648.304688
18658.998047
18669.248047
18679.259766
18689.802734
18700.064453
18710.164062
18720.257812
18730.332031
18740.582031
18750.744141
18760.826172
18770.933594
18781.115234
18791.277344
18801.525391
18811.921875
18822.427734
18832.880859
18843.466797
18854.001953
18864.509766
18874.972656
18885.496094
18896.173828
18906.798828
18917.382812
18928.117188
18938.777344
18949.472656
18960.103516
18971.144531
18981.716797
18992.433594
19003.753906
19014.281250
19024.970703
19035.265625
19045.289062
19056.052734
19066.550781
19076.837891
19086.962891
19096.992188
19107.943359
19118.753906
19129.435547
19139.962891
19150.457031
19160.960938
19171.533203
19182.253906
19193.056641
19203.818359
19214.572266
19225.287109
19236.009766
19246.689453
19257.378906
19267.958984
19278.144531
19288.882812
19299.242188
19310.113281
19320.423828
19330.455078
19341.376953
19352.023438
19362.455078
19372.667969
19383.664062
19394.531250
19405.330078
19416.054688
19426.779297
19437.359375
19447.962891
19458.628906
19469.300781
19479.878906
19490.501953
19501.154297
19511.753906
19522.371094
19533.044922
19543.777344
19554.451172
19565.160156
19575.853516
19586.736328
19597.560547
19608.441406
19619.253906
19630.091797
19640.960938
19651.736328
19662.576172
19673.476562
19684.519531
19694.945312
19705.933594
19716.111328
19726.710938
19737.634766
19748.927734
19760.304688
19771.746094
19783.292969
19794.802734
19804.853516
19815.154297
19825.400391
19835.582031
19845.820312
19856.078125
19866.275391
19876.472656
19886.695312
19896.914062
19907.171875
19917.474609
19927.761719
19938.029297
19948.320312
19958.628906
19941.406250
19951.759766
19962.125000
19972.417969
19982.660156
19992.908203
20003.117188
20013.289062
20023.488281
20033.660156
20043.814453
20053.949219
20064.099609
20074.224609
20084.335938
20094.464844
20104.572266
20114.648438
20124.732422
20134.835938
20144.927734
20155.001953
20165.072266
20175.115234
20185.126953
20195.154297
20205.187500
20215.201172
20225.224609
20235.246094
20246.900391
20258.556641
20268.564453
20280.230469
20290.310547
20301.107422
20311.935547
20323.056641
20333.404297
20344.492188
20355.568359
20365.994141
20376.960938
20387.509766
20397.880859
20408.083984
20418.189453
20428.208984
20439.072266
20449.310547
20459.648438
20469.984375
20480.306641
20490.701172
20501.115234
20511.470703
20521.746094
20532.066406
20542.548828
20552.935547
20563.273438
20573.742188
20584.240234
20594.839844
20605.476562
20616.183594
20626.955078
20637.664062
20648.380859
20659.080078
20669.826172
20680.589844
20690.626953
20700.894531
20711.484375
20721.789062
20732.464844
20743.087891
20753.890625
20765.105469
20776.462891
20787.972656
20799.626953
20809.705078
20819.871094
20830.212891
20840.617188
20851.015625
20861.851562
20872.376953
20882.847656
20893.156250
20903.365234
20913.658203
20924.031250
20934.501953
20944.828125
20955.093750
20965.480469
20975.867188
20986.197266
20996.398438
21006.523438
21016.714844
21026.921875
21037.156250
21047.359375
21057.519531
21067.707031
21077.925781
21088.248047
21099.849609
21111.228516
21121.615234
21132.150391
21142.433594
21152.666016
21163.414062
21173.986328
21184.193359
21194.947266
21205.794922
21216.068359
21226.857422
21237.431641
21248.138672
21258.144531
21268.328125
21278.671875
21289.085938
21299.552734
21310.160156
21320.667969
21331.076172
21341.472656
21351.937500
21362.375000
21372.873047
21383.330078
21393.826172
21404.431641
21415.054688
21425.810547
21436.619141
21447.400391
21458.156250
21468.890625
21479.630859
21490.435547
21501.453125
21511.761719
21523.083984
21533.355469
21543.816406
21554.490234
21565.718750
21567.255859
21578.826172
21590.398438
21602.013672
21613.568359
21624.542969
21635.630859
21646.830078
21658.349609
21668.466797
21678.542969
21688.587891
21698.666016
21708.779297
21718.906250
21729.117188
21739.349609
21749.562500
21759.796875
21770.062500
21780.322266
21790.564453
21800.824219
21811.064453
21821.265625
21831.470703
21841.689453
21851.884766
21862.087891
21872.279297
21882.435547
21892.552734
21902.683594
21912.824219
21923.003906
21933.314453
21944.308594
21955.482422
21965.568359
21976.167969
21986.666016
21997.724609
22008.279297
22018.515625
22029.357422
22039.904297
22050.183594
22060.345703
22070.392578
22080.408203
22091.294922
22101.339844
22111.458984
22121.636719
22131.869141
22142.126953
22152.537109
22163.060547
22173.638672
22184.156250
22194.687500
22205.222656
22215.757812
22226.246094
22236.703125
22247.228516
22257.804688
22268.441406
22279.095703
22289.824219
22300.601562
22311.400391
22322.167969
22332.882812
22343.589844
22354.261719
22364.906250
22375.486328
22386.123047
22396.904297
22407.658203
22418.365234
22429.091797
22439.810547
22450.691406
22461.798828
22471.843750
22483.023438
22493.455078
22504.171875
22515.267578
22526.708984
22538.265625
22549.914062
22560.044922
22570.291016
22580.619141
22590.966797
22601.326172
22611.662109
22622.048828
22632.433594
22642.818359
22660.292969
22670.734375
22681.167969
22691.523438
22701.832031
22712.125000
22722.433594
22732.800781
22743.123047
22753.351562
22763.498047
22773.646484
22783.814453
22794.027344
22804.240234
22814.398438
22824.466797
22834.533203
22844.644531
22854.810547
22864.927734
22875.011719
22885.136719
22895.185547
22906.849609
22916.919922
22927.023438
22937.083984
22947.156250
22957.296875
22967.376953
22977.386719
22987.410156
22997.439453
23007.447266
23017.460938
23027.511719
23037.609375
23047.667969
23059.304688
23069.335938
23079.515625
23089.621094
23101.277344
23112.853516
23124.390625
23135.894531
23147.441406
23159.005859
23170.595703
23182.222656
23192.220703
23203.875000
23215.515625
23225.537109
23235.578125
23245.597656
23255.654297
23265.777344
23275.845703
23287.474609
23299.082031
23310.085938
23321.052734
23332.140625
23343.287109
23354.447266
23365.589844
23376.861328
23388.347656
23399.798828
23411.238281
23422.732422
23434.248047
23445.763672
23457.333984
23468.927734
23480.517578
23492.130859
23502.164062
23512.185547
23523.812500
23535.480469
23545.496094
23555.496094
23565.511719
23575.550781
23587.203125
23598.802734
23610.416016
23622.087891
23633.753906
23645.382812
23655.392578
23665.429688
23675.435547
23685.513672
23695.652344
23705.712891
23717.353516
23729.000000
23740.654297
23752.250000
23763.812500
23775.417969
23787.074219
23798.710938
23808.716797
23818.761719
23830.375000
23841.980469
23853.302734
23863.419922
23873.927734
23884.589844
23895.113281
23906.109375
23916.720703
23927.072266
23938.044922
23948.675781
23959.023438
23969.208984
23979.263672
23989.408203
24000.193359
24010.443359
24021.630859
24031.783203
24042.388672
24053.343750
24063.699219
24074.738281
24085.324219
24095.550781
24106.462891
24117.162109
24127.732422
24138.355469
24148.820312
24159.281250
24169.716797
24180.185547
24190.587891
24201.101562
24211.607422
24222.433594
24233.335938
24243.509766
24254.041016
24265.386719
24276.146484
24286.166016
24296.515625
24307.285156
24317.824219
24328.261719
24338.537109
24348.621094
24359.582031
24370.492188
24381.216797
24392.148438
24402.166016
24413.523438
24424.466797
24434.509766
24445.056641
24456.074219
24466.615234
24476.830078
24486.900391
24497.843750
24507.857422
24518.621094
24529.271484
24539.968750
24550.583984
24561.164062
24571.763672
24582.457031
24593.224609
24604.167969
24615.179688
24625.955078
24636.242188
24646.789062
24657.552734
24668.113281
24678.582031
24689.052734
24699.472656
24709.943359
24720.716797
24731.433594
24741.859375
24752.882812
24763.203125
24773.625000
24784.726562
24794.910156
24805.832031
24817.105469
24828.451172
24840.082031
24850.289062
24860.490234
24870.746094
24881.085938
24891.455078
24901.824219
24912.236328
24922.626953
24933.033203
24943.519531
24954.033203
24964.501953
24974.957031
24985.371094
24995.734375
25006.093750
25016.457031
25026.818359
25037.156250
25047.517578
25057.822266
25068.091797
25078.345703
25088.601562
25098.843750
25109.042969
25119.232422
25129.365234
25139.507812
25149.701172
25159.902344
25170.072266
25180.210938
25190.320312
25200.388672
25210.462891
25220.564453
25230.685547
25240.775391
25250.865234
25260.927734
25270.958984
25280.998047
25291.066406
25301.140625
25311.175781
25321.216797
25331.232422
25342.896484
25352.914062
25362.955078
25372.982422
25382.990234
25392.994141
25404.601562
25416.216797
25427.865234
25439.517578
25451.142578
25462.750000
25474.310547
25485.906250
25497.537109
25509.175781
25520.800781
25532.439453
25544.027344
25555.664062
25565.675781
25575.708984
25587.363281
25599.023438
25610.626953
25622.248047
25633.912109
25643.941406
25653.945312
25663.955078
25675.593750
25687.216797
25698.880859
25708.896484
25720.552734
25732.199219
25743.804688
25755.400391
25767.054688
25777.072266
25788.726562
25800.365234
25811.960938
25823.548828
25835.179688
25846.830078
25858.464844
25870.097656
25881.683594
25893.261719
25904.906250
25916.566406
25928.207031
25939.837891
25951.429688
25963.050781
25973.064453
25983.095703
25993.103516
26004.753906
26016.355469
26027.966797
26039.613281
26051.273438
26062.898438
26074.521484
26086.101562
26097.703125
26109.339844
26120.978516
26132.623047
26144.257812
26155.863281
26167.490234
26179.148438
26190.789062
26202.408203
26214.052734
26225.664062
26237.285156
26248.886719
26260.507812
26272.136719
26283.791016
26295.433594
26305.435547
26315.443359
26327.111328
26337.158203
26347.242188
26357.271484
26368.847656
26380.458984
26390.476562
26402.115234
26413.607422
26425.078125
26436.570312
26448.140625
26459.775391
26471.435547
26483.058594
26494.667969
26506.285156
26517.906250
26529.554688
26539.554688
26551.171875
26562.734375
26574.281250
26585.863281
26597.433594
26609.060547
26620.660156
26632.201172
26643.759766
26655.339844
26666.916016
26678.492188
26690.078125
26701.630859
26713.220703
26724.851562
26736.482422
26746.531250
26756.578125
26766.589844
26778.238281
26789.884766
26801.511719
26813.179688
26823.193359
26834.837891
26846.458984
26858.107422
26869.736328
26879.742188
26889.755859
26899.763672
26911.375000
26922.988281
26934.601562
26946.250000
26956.271484
26967.921875
26979.509766
26991.115234
27002.714844
27014.359375
27024.394531
27034.408203
27046.013672
27057.628906
27069.244141
27080.855469
27092.511719
27104.169922
27115.781250
27127.425781
27139.068359
27150.722656
27160.777344
27172.353516
27183.109375
27193.937500
27204.806641
27215.449219
27225.732422
27236.523438
27246.873047
27256.917969
27267.527344
27277.755859
27287.775391
27298.513672
27309.244141
27319.261719
27329.822266
27340.083984
27350.941406
27361.373047
27372.283203
27382.587891
27393.615234
27404.253906
27414.583984
27424.724609
27435.554688
27446.226562
27456.775391
27467.462891
27478.113281
27488.662109
27499.171875
27509.742188
27520.458984
27530.781250
27541.960938
27552.406250
27562.917969
27573.384766
27583.662109
27594.353516
27604.669922
27615.503906
27625.785156
27635.833984
27646.572266
27657.085938
27667.267578
27677.349609
27688.207031
27698.927734
27709.447266
27719.847656
27730.291016
27740.818359
27751.390625
27761.957031
27772.480469
27783.056641
27793.660156
27804.337891
27815.025391
27825.595703
27836.226562
27846.933594
27857.666016
27868.378906
27879.060547
27889.808594
27900.564453
27911.320312
27922.005859
27932.677734
27943.402344
27954.173828
27964.957031
27975.695312
27986.470703
27997.238281
28008.027344
28018.791016
28029.429688
28040.132812
28050.927734
28061.744141
28072.552734
28083.289062
28094.072266
28104.888672
28115.634766
28126.312500
28136.976562
28147.738281
28158.515625
28169.279297
28179.988281
28190.736328
28201.490234
28212.283203
28223.033203
28233.683594
28244.431641
28255.255859
28266.093750
28276.917969
28287.664062
28298.447266
28309.306641
28320.099609
28330.759766
28341.410156
28352.125000
28362.917969
28373.687500
28384.406250
28395.134766
28405.878906
28416.716797
28427.480469
28438.375000
28449.119141
28459.771484
28470.974609
28481.058594
28491.621094
28502.798828
28513.976562
28525.164062
28536.630859
28548.132812
28559.748047
28569.875000
28580.029297
28590.220703
28600.492188
28610.810547
28621.121094
28631.427734
28641.771484
28652.152344
28662.494141
28672.880859
28683.318359
28693.736328
28704.080078
28714.392578
28724.712891
28735.005859
28745.308594
28755.611328
28765.843750
28776.035156
28786.224609
28796.419922
28806.611328
28816.781250
28826.892578
28837.005859
28847.113281
28857.201172
28867.371094
28877.630859
28887.812500
28897.902344
28907.957031
28918.009766
28928.011719
28939.623047
28951.216797
28962.843750
28972.849609
28982.859375
28994.501953
29006.119141
29017.734375
29027.761719
29037.810547
29049.470703
29059.505859
29069.550781
29081.187500
29092.820312
29104.458984
29116.066406
29127.683594
29139.324219
29150.886719
29162.480469
29174.115234
29185.724609
29196.781250
29208.173828
29219.101562
29230.123047
29240.644531
29250.693359
29261.048828
29271.056641
29281.744141
29292.113281
29302.283203
29312.380859
29322.488281
29332.630859
29342.722656
29352.845703
29363.025391
29373.259766
29383.503906
29393.865234
29404.242188
29414.724609
29425.150391
29436.009766
29446.630859
29456.705078
29467.980469
29477.990234
29488.730469
29500.042969
29511.312500
29522.335938
29533.421875
29544.666016
29556.083984
29567.585938
29579.175781
29589.269531
29599.503906
29609.750000
29619.990234
29630.289062
29640.587891
29650.851562
29661.126953
29671.416016
29681.707031
29692.056641
29702.398438
29712.707031
29722.970703
29733.246094
29743.507812
29753.759766
29764.037109
29774.300781
29784.525391
29794.710938
29804.890625
29815.052734
29825.212891
29835.382812
29845.550781
29855.664062
29865.794922
29875.900391
29887.117188
29897.142578
29907.308594
29917.953125
29928.564453
29938.589844
29948.783203
29958.835938
29969.810547
29980.458984
0.000000
0.000000
0.000000
0.000000
0.000000
0.000000
0.000000
0.000000
0.000000
0.000000
0.000000
0.000000
0.000000
0.000000
0.000000
0.000000
0.000000
0.000000
0.000000
0.000000
0.000000
0.000000
0.000000
0.000000
0.000000
0.000000
0.000000
0.000000
0.000000
0.000000
0.000000
0.000000
0.000000
0.000000
0.000000
0.000000
0.000000
0.000000
0.000000
0.000000
0.000000
0.000000
0.000000
0.000000
0.000000
0.000000
0.000000
0.000000
0.000000
0.000000
0.000000
0.000000
0.000000
0.000000
0.000000
0.000000
0.000000
0.000000
0.000000
0.000000
0.000000
0.000000
0.000000
0.000000
0.000000
0.000000
0.000000
0.000000
0.000000
0.000000
0.000000
0.000000
0.000000
0.000000
0.000000
0.000000
0.000000
0.000000
0.000000
0.000000
0.000000
0.000000
0.000000
0.000000
0.000000
0.000000
0.000000
0.000000
0.000000
0.000000
0.000000
0.000000
0.000000
0.000000
0.000000
0.000000
0.000000
0.000000
0.000000
0.000000
0.000000
0.000000
0.000000
0.000000
0.000000
0.000000
0.000000
0.000000
0.000000
0.000000
0.000000
0.000000
0.000000
0.000000
0.000000
0.000000
0.000000
0.000000
0.000000
0.000000
0.000000
0.000000
0.000000
0.000000
0.000000
0.000000
0.000000
0.000000
0.000000
0.000000
0.000000
0.000000
0.000000
0.000000
0.000000
0.000000
0.000000
0.000000
0.000000
0.000000
0.000000
0.000000
0.000000
0.000000
0.000000
0.000000
0.000000
0.000000
0.000000
0.000000
0.000000
0.000000
0.000000
0.000000
0.000000
0.000000
0.000000
0.000000
0.000000
0.000000
0.000000
0.000000
0.000000
0.000000
0.000000
0.000000
0.000000
0.000000
0.000000
0.000000
0.000000
0.000000
0.000000
0.000000
0.000000
0.000000
0.000000
0.000000
0.000000
0.000000
0.000000
0.000000
0.000000
0.000000
0.000000
0.000000
0.000000
0.000000
0.000000
0.000000
0.000000
0.000000
0.000000
0.000000
0.000000
0.000000
0.000000
0.000000
0.000000
0.000000
0.000000
0.000000
0.000000
0.000000
0.000000
0.000000
0.000000
0.000000
0.000000
0.000000
0.000000
0.000000
0.000000
0.000000
0.000000
0.000000
0.000000
0.000000
0.000000
0.000000
0.000000
0.000000
0.000000
0.000000
0.000000
0.000000
0.000000
0.000000
0.000000
0.000000
0.000000
0.000000
0.000000
0.000000
0.000000
0.000000
0.000000
0.000000
0.000000
0.000000
0.000000
0.000000
0.000000
0.000000
0.000000
0.000000
0.000000
0.000000
0.000000
0.000000
0.000000
0.000000
0.000000
0.000000
0.000000
0.000000
0.000000
0.000000
0.000000
0.000000
0.000000
0.000000
0.000000
0.000000
0.000000
0.000000
0.000000
0.000000
0.000000
0.000000
0.000000
0.000000
0.000000
0.000000
0.000000
0.000000
0.000000
0.000000
0.000000
0.000000
0.000000
0.000000
0.000000
0.000000
0.000000
0.000000
0.000000
0.000000
0.000000
0.000000
0.000000
0.000000
0.000000
0.000000
0.000000
0.000000
0.000000
0.000000
0.000000
0.000000
0.000000
0.000000
0.000000
0.000000
0.000000
0.000000
0.000000
0.000000
0.000000
0.000000
0.000000
0.000000
0.000000
0.000000
0.000000
0.000000
0.000000
0.000000
0.000000
0.000000
0.000000
0.000000
0.000000
0.000000
0.000000
0.000000
0.000000
0.000000
0.000000
0.000000
0.000000
0.000000
0.000000
0.000000
0.000000
0.000000
0.000000
0.000000
0.000000
0.000000
0.000000
0.000000
0.000000
0.000000
0.000000
0.000000
0.000000
0.000000
0.000000
0.000000
0.000000
0.000000
0.000000
0.000000
0.000000
0.000000
0.000000
0.000000
0.000000
0.000000
0.000000
0.000000
0.000000
0.000000
0.000000
0.000000
0.000000
0.000000
0.000000
0.000000
0.000000
0.000000
0.000000
0.000000
0.000000
0.000000
0.000000
0.000000
0.000000
0.000000
0.000000
0.000000
0.000000
0.000000
0.000000
0.000000
0.000000
0.000000
0.000000
0.000000
0.000000
0.000000
0.000000
0.000000
0.000000
0.000000
0.000000
0.000000
0.000000
0.000000
0.000000
0.000000
0.000000
0.000000
0.000000
0.000000
0.000000
0.000000
0.000000
0.000000
0.000000
0.000000
0.000000
0.000000
0.000000
0.000000
0.000000
0.000000
0.000000
0.000000
0.000000
0.000000
0.000000
0.000000
0.000000
0.000000
0.000000
0.000000
0.000000
0.000000
0.000000
0.000000
0.000000
0.000000
0.000000
0.000000
0.000000
0.000000
0.000000
0.000000
0.000000
0.000000
0.000000
0.000000
0.000000
0.000000
0.000000
0.000000
0.000000
0.000000
0.000000
0.000000
0.000000
0.000000
0.000000
0.000000
0.000000
0.000000
0.000000
0.000000
0.000000
0.000000
0.000000
0.000000
0.000000
0.000000
0.000000
0.000000
0.000000
0.000000
0.000000
0.000000
0.000000
0.000000
0.000000
0.000000
0.000000
0.000000
0.000000
0.000000
0.000000
0.000000
0.000000
0.000000
0.000000
0.000000
0.000000
0.000000
0.000000
0.000000
0.000000
0.000000
0.000000
0.000000
0.000000
0.000000
0.000000
0.000000
0.000000
0.000000
0.000000
0.000000
0.000000
0.000000
0.000000
0.000000
0.000000
0.000000
0.000000
0.000000
0.000000
0.000000
0.000000
0.000000
0.000000
0.000000
0.000000
0.000000
0.000000
0.000000
0.000000
0.000000
0.000000
0.000000
0.000000
0.000000
0.000000
0.000000
0.000000
0.000000
0.000000
0.000000
0.000000
0.000000
0.000000
0.000000
0.000000
0.000000
0.000000
0.000000
0.000000
0.000000
0.000000
0.000000
0.000000
0.000000
0.000000
0.000000
0.000000
0.000000
0.000000
0.000000
0.000000
0.000000
0.000000
0.000000
0.000000
0.000000
0.000000
0.000000
0.000000
0.000000
0.000000
0.000000
0.000000
0.000000
0.000000
0.000000
0.000000
0.000000
0.000000
0.000000
0.000000
0.000000
0.000000
0.000000
0.000000
0.000000
0.000000
0.000000
0.000000
0.000000
0.000000
0.000000
0.000000
0.000000
0.000000
0.000000
0.000000
0.000000
0.000000
0.000000
0.000000
0.000000
0.000000
0.000000
0.000000
0.000000
0.000000
0.000000
0.000000
0.000000
0.000000
0.000000
0.000000
0.000000
0.000000
0.000000
0.000000
0.000000
0.000000
0.000000
0.000000
0.000000
0.000000
0.000000
0.000000
0.000000
0.000000
0.000000
0.000000
0.000000
0.000000
0.000000
0.000000
0.000000
0.000000
0.000000
0.000000
0.000000
0.000000
0.000000
0.000000
0.000000
0.000000
0.000000
0.000000
0.000000
0.000000
0.000000
0.000000
0.000000
0.000000
0.000000
0.000000
0.000000
0.000000
0.000000
0.000000
0.000000
0.000000
0.000000
0.000000
0.000000
0.000000
0.000000
0.000000
0.000000
0.000000
0.000000
0.000000
0.000000
0.000000
0.000000
0.000000
0.000000
0.000000
0.000000
0.000000
0.000000
0.000000
0.000000
0.000000
0.000000
0.000000
0.000000
0.000000
0.000000
0.000000
0.000000
0.000000
0.000000
0.000000
0.000000
0.000000
0.000000
0.000000
0.000000
0.000000
0.000000
0.000000
0.000000
0.000000
0.000000
0.000000
0.000000
0.000000
0.000000
0.000000
0.000000
0.000000
0.000000
0.000000
0.000000
0.000000
0.000000
0.000000
0.000000
0.000000
0.000000
0.000000
0.000000
0.000000
0.000000
0.000000
0.000000
0.000000
0.000000
0.000000
0.000000
0.000000
0.000000
0.000000
0.000000
0.000000
0.000000
0.000000
0.000000
0.000000
0.000000
0.000000
0.000000
0.000000
0.000000
0.000000
0.000000
0.000000
0.000000
0.000000
0.000000
0.000000
0.000000
0.000000
0.000000
0.000000
0.000000
0.000000
0.000000
0.000000
0.000000
0.000000
0.000000
0.000000
0.000000
0.000000
0.000000
0.000000
0.000000
0.000000
0.000000
0.000000
0.000000
0.000000
0.000000
0.000000
0.000000
0.000000
0.000000
0.000000
0.000000
0.000000
0.000000
0.000000
0.000000
0.000000
0.000000
0.000000
0.000000
0.000000
0.000000
0.000000
0.000000
0.000000
0.000000
0.000000
0.000000
0.000000
0.000000
0.000000
0.000000
0.000000
0.000000
0.000000
0.000000
0.000000
0.000000
0.000000
0.000000
0.000000
0.000000
0.000000
0.000000
0.000000
0.000000
0.000000
0.000000
0.000000
0.000000
0.000000
0.000000
0.000000
0.000000
0.000000
0.000000
0.000000
0.000000
0.000000
0.000000
0.000000
0.000000
0.000000
0.000000
0.000000
0.000000
0.000000
0.000000
0.000000
0.000000
0.000000
0.000000
0.000000
0.000000
0.000000
0.000000
0.000000
0.000000
0.000000
0.000000
0.000000
0.000000
0.000000
0.000000
0.000000
0.000000
0.000000
0.000000
0.000000
0.000000
0.000000
0.000000
0.000000
0.000000
0.000000
0.000000
0.000000
0.000000
0.000000
0.000000
0.000000
0.000000
0.000000
0.000000
0.000000
0.000000
0.000000
0.000000
0.000000
0.000000
0.000000
0.000000
0.000000
0.000000
0.000000
0.000000
0.000000
0.000000
0.000000
0.000000
0.000000
0.000000
0.000000
0.000000
0.000000
0.000000
0.000000
0.000000
0.000000
0.000000
0.000000
0.000000
0.000000
0.000000
0.000000
0.000000
0.000000
0.000000
0.000000
0.000000
0.000000
0.000000
0.000000
0.000000
0.000000
0.000000
0.000000
0.000000
0.000000
0.000000
0.000000
0.000000
0.000000
0.000000
0.000000
0.000000
0.000000
0.000000
0.000000
0.000000
0.000000
0.000000
0.000000
0.000000
0.000000
0.000000
0.000000
0.000000
0.000000
0.000000
0.000000
0.000000
0.000000
0.000000
0.000000
0.000000
0.000000
0.000000
0.000000
0.000000
0.000000
0.000000
0.000000
0.000000
0.000000
0.000000
0.000000
0.000000
0.000000
0.000000
0.000000
0.000000
0.000000
0.000000
0.000000
0.000000
0.000000
0.000000
0.000000
0.000000
0.000000
0.000000
0.000000
0.000000
0.000000
0.000000
0.000000
0.000000
0.000000
0.000000
0.000000
0.000000
0.000000
0.000000
0.000000
0.000000
0.000000
0.000000
0.000000
0.000000
0.000000
0.000000
0.000000
0.000000
0.000000
0.000000
0.000000
0.000000
0.000000
0.000000
0.000000
0.000000
0.000000
0.000000
0.000000
0.000000
0.000000
0.000000
0.000000
0.000000
0.000000
0.000000
0.000000
0.000000
0.000000
0.000000
0.000000
0.000000
0.000000
0.000000
0.000000
0.000000
0.000000
0.000000
0.000000
0.000000
0.000000
0.000000
0.000000
0.000000
0.000000
0.000000
0.000000
0.000000
0.000000
0.000000
0.000000
0.000000
0.000000
0.000000
0.000000
0.000000
0.000000
0.000000
0.000000
0.000000
0.000000
0.000000
0.000000
0.000000
0.000000
0.000000
0.000000
0.000000
0.000000
0.000000
0.000000
0.000000
0.000000
0.000000
0.000000
0.000000
0.000000
0.000000
0.000000
0.000000
0.000000
0.000000
0.000000
0.000000
0.000000
0.000000
0.000000
0.000000
0.000000
0.000000
0.000000
0.000000
0.000000
0.000000
0.000000
0.000000
0.000000
0.000000
0.000000
0.000000
0.000000
0.000000
0.000000
0.000000
0.000000
0.000000
0.000000
0.000000
0.000000
0.000000
0.000000
0.000000
0.000000
0.000000
0.000000
0.000000
0.000000
0.000000
0.000000
0.000000
0.000000
0.000000
0.000000
0.000000
0.000000
0.000000
0.000000
0.000000
0.000000
0.000000
0.000000
0.000000
0.000000
0.000000
0.000000
0.000000
0.000000
0.000000
0.000000
0.000000
0.000000
0.000000
0.000000
0.000000
0.000000
0.000000
0.000000
0.000000
0.000000
0.000000
0.000000
0.000000
0.000000
0.000000
0.000000
0.000000
0.000000
0.000000
0.000000
0.000000
0.000000
0.000000
0.000000
0.000000
0.000000
0.000000
0.000000
0.000000
0.000000
0.000000
0.000000
0.000000
0.000000
0.000000
0.000000
0.000000
0.000000
0.000000
0.000000
0.000000
0.000000
0.000000
0.000000
0.000000
0.000000
0.000000
0.000000
0.000000
0.000000
0.000000
0.000000
0.000000
0.000000
0.000000
0.000000
0.000000
0.000000
0.000000
0.000000
0.000000
0.000000
0.000000
0.000000
0.000000
0.000000
0.000000
0.000000
0.000000
0.000000
0.000000
0.000000
0.000000
0.000000
0.000000
0.000000
0.000000
0.000000
0.000000
0.000000
0.000000
0.000000
0.000000
0.000000
0.000000
0.000000
0.000000
0.000000
0.000000
0.000000
0.000000
0.000000
0.000000
0.000000
0.000000
0.000000
0.000000
0.000000
0.000000
0.000000
0.000000
0.000000
0.000000
0.000000
0.000000
0.000000
0.000000
0.000000
0.000000
0.000000
0.000000
0.000000
0.000000
0.000000
0.000000
0.000000
0.000000
0.000000
0.000000
0.000000
0.000000
0.000000
0.000000
0.000000
0.000000
0.000000
0.000000
0.000000
0.000000
0.000000
0.000000
0.000000
0.000000
0.000000
0.000000
0.000000
0.000000
0.000000
0.000000
0.000000
0.000000
0.000000
0.000000
0.000000
0.000000
0.000000
0.000000
0.000000
0.000000
0.000000
0.000000
0.000000
0.000000
0.000000
0.000000
0.000000
0.000000
0.000000
0.000000
0.000000
0.000000
0.000000
0.000000
0.000000
0.000000
0.000000
0.000000
0.000000
0.000000
0.000000
0.000000
0.000000
0.000000
0.000000
0.000000
0.000000
0.000000
0.000000
0.000000
0.000000
0.000000
0.000000
0.000000
0.000000
0.000000
0.000000
0.000000
0.000000
0.000000
0.000000
0.000000
0.000000
0.000000
0.000000
0.000000
0.000000
0.000000
0.000000
0.000000
0.000000
0.000000
0.000000
0.000000
0.000000
0.000000
0.000000
0.000000
0.000000
0.000000
0.000000
0.000000
0.000000
0.000000
0.000000
0.000000
0.000000
0.000000
0.000000
0.000000
0.000000
0.000000
0.000000
0.000000
0.000000
0.000000
0.000000
0.000000
0.000000
0.000000
0.000000
0.000000
0.000000
0.000000
0.000000
0.000000
0.000000
0.000000
0.000000
0.000000
0.000000
0.000000
0.000000
0.000000
0.000000
0.000000
0.000000
0.000000
0.000000
0.000000
0.000000
0.000000
0.000000
0.000000
0.000000
0.000000
0.000000
0.000000
0.000000
0.000000
0.000000
0.000000
0.000000
0.000000
0.000000
0.000000
0.000000
0.000000
0.000000
0.000000
0.000000
0.000000
0.000000
0.000000
0.000000
0.000000
0.000000
0.000000
0.000000
0.000000
0.000000
0.000000
0.000000
0.000000
0.000000
0.000000
0.000000
0.000000
0.000000
0.000000
0.000000
0.000000
0.000000
0.000000
0.000000
0.000000
0.000000
0.000000
0.000000
0.000000
0.000000
0.000000
0.000000
0.000000
0.000000
0.000000
0.000000
0.000000
0.000000
0.000000
0.000000
0.000000
0.000000
0.000000
0.000000
0.000000
0.000000
0.000000
0.000000
0.000000
0.000000
0.000000
0.000000
0.000000
0.000000
0.000000
0.000000
0.000000
0.000000
0.000000
0.000000
0.000000
0.000000
0.000000
0.000000
0.000000
0.000000
0.000000
0.000000
0.000000
0.000000
0.000000
0.000000
0.000000
0.000000
0.000000
0.000000
0.000000
0.000000
0.000000
0.000000
0.000000
0.000000
0.000000
0.000000
0.000000
0.000000
0.000000
0.000000
0.000000
0.000000
0.000000
0.000000
0.000000
0.000000
0.000000
0.000000
0.000000
0.000000
0.000000
0.000000
0.000000
0.000000
0.000000
0.000000
0.000000
0.000000
0.000000
0.000000
0.000000
0.000000
0.000000
0.000000
0.000000
0.000000
0.000000
0.000000
0.000000
0.000000
0.000000
0.000000
0.000000
0.000000
0.000000
0.000000
0.000000
0.000000
0.000000
0.000000
0.000000
0.000000
0.000000
0.000000
0.000000
0.000000
0.000000
0.000000
0.000000
0.000000
0.000000
0.000000
0.000000
0.000000
0.000000
0.000000
0.000000
0.000000
0.000000
0.000000
0.000000
0.000000
0.000000
0.000000
0.000000
0.000000
0.000000
0.000000
0.000000
0.000000
0.000000
0.000000
0.000000
0.000000
0.000000
0.000000
0.000000
0.000000
0.000000
0.000000
0.000000
0.000000
0.000000
0.000000
0.000000
0.000000
0.000000
0.000000
0.000000
0.000000
0.000000
0.000000
0.000000
0.000000
0.000000
0.000000
0.000000
0.000000
0.000000
0.000000
0.000000
0.000000
0.000000
0.000000
0.000000
0.000000
0.000000
0.000000
0.000000
0.000000
0.000000
0.000000
0.000000
0.000000
0.000000
0.000000
0.000000
0.000000
0.000000
0.000000
0.000000
0.000000
0.000000
0.000000
0.000000
0.000000
0.000000
0.000000
0.000000
0.000000
0.000000
0.000000
0.000000
0.000000
0.000000
0.000000
0.000000
0.000000
0.000000
0.000000
0.000000
0.000000
0.000000
0.000000
0.000000
0.000000
0.000000
0.000000
0.000000
0.000000
0.000000
0.000000
0.000000
0.000000
0.000000
0.000000
0.000000
0.000000
0.000000
0.000000
0.000000
0.000000
0.000000
0.000000
0.000000
0.000000
0.000000
0.000000
0.000000
0.000000
0.000000
0.000000
0.000000
0.000000
0.000000
0.000000
0.000000
0.000000
0.000000
0.000000
0.000000
0.000000
0.000000
0.000000
0.000000
0.000000
0.000000
0.000000
0.000000
0.000000
0.000000
0.000000
0.000000
0.000000
0.000000
0.000000
0.000000
0.000000
0.000000
0.000000
0.000000
0.000000
0.000000
0.000000
0.000000
0.000000
0.000000
0.000000
0.000000
0.000000
0.000000
0.000000
0.000000
0.000000
0.000000
0.000000
0.000000
0.000000
0.000000
0.000000
0.000000
0.000000
0.000000
0.000000
0.000000
0.000000
0.000000
0.000000
0.000000
0.000000
0.000000
0.000000
0.000000
0.000000
0.000000
0.000000
0.000000
0.000000
0.000000
0.000000
0.000000
0.000000
0.000000
0.000000
0.000000
0.000000
0.000000
0.000000
0.000000
0.000000
0.000000
0.000000
0.000000
0.000000
0.000000
0.000000
0.000000
0.000000
0.000000
0.000000
0.000000
0.000000
0.000000
0.000000
0.000000
0.000000
0.000000
0.000000
0.000000
0.000000
0.000000
0.000000
0.000000
0.000000
0.000000
0.000000
0.000000
0.000000
0.000000
0.000000
0.000000
0.000000
0.000000
0.000000
0.000000
0.000000
0.000000
0.000000
0.000000
0.000000
0.000000
0.000000
0.000000
0.000000
0.000000
0.000000
0.000000
0.000000
0.000000
0.000000
0.000000
0.000000
0.000000
0.000000
0.000000
0.000000
0.000000
0.000000
0.000000
0.000000
0.000000
0.000000
0.000000
0.000000
0.000000
0.000000
0.000000
0.000000
0.000000
0.000000
0.000000
0.000000
0.000000
0.000000
0.000000
0.000000
0.000000
0.000000
0.000000
0.000000
0.000000
0.000000
0.000000
0.000000
0.000000
0.000000
0.000000
0.000000
0.000000
0.000000
0.000000
0.000000
0.000000
0.000000
0.000000
0.000000
0.000000
0.000000
0.000000
0.000000
0.000000
0.000000
0.000000
0.000000
0.000000
0.000000
0.000000
0.000000
0.000000
0.000000
0.000000
0.000000
0.000000
0.000000
0.000000
0.000000
0.000000
0.000000
0.000000
0.000000
0.000000
0.000000
0.000000
0.000000
0.000000
0.000000
0.000000
0.000000
0.000000
0.000000
0.000000
0.000000
0.000000
0.000000
0.000000
0.000000
0.000000
0.000000
0.000000
0.000000
0.000000
0.000000
0.000000
0.000000
0.000000
0.000000
0.000000
0.000000
0.000000
0.000000
0.000000
0.000000
0.000000
0.000000
0.000000
0.000000
0.000000
0.000000
0.000000
0.000000
0.000000
0.000000
0.000000
0.000000
0.000000
0.000000
0.000000
0.000000
0.000000
0.000000
0.000000
0.000000
0.000000
0.000000
0.000000
0.000000
0.000000
0.000000
0.000000
0.000000
0.000000
0.000000
0.000000
0.000000
0.000000
0.000000
0.000000
0.000000
0.000000
0.000000
0.000000
0.000000
0.000000
0.000000
0.000000
0.000000
0.000000
0.000000
0.000000
0.000000
0.000000
0.000000
0.000000
0.000000
0.000000
0.000000
0.000000
0.000000
0.000000
0.000000
0.000000
0.000000
0.000000
0.000000
0.000000
0.000000
0.000000
0.000000
0.000000
0.000000
0.000000
0.000000
0.000000
0.000000
0.000000
0.000000
0.000000
0.000000
0.000000
0.000000
0.000000
0.000000
0.000000
0.000000
0.000000
0.000000
0.000000
0.000000
0.000000
0.000000
0.000000
0.000000
0.000000
0.000000
0.000000
0.000000
0.000000
0.000000
0.000000
0.000000
0.000000
0.000000
0.000000
0.000000
0.000000
0.000000
0.000000
0.000000
0.000000
0.000000
0.000000
0.000000
0.000000
0.000000
0.000000
0.000000
0.000000
0.000000
0.000000
0.000000
0.000000
0.000000
0.000000
0.000000
0.000000
0.000000
0.000000
0.000000
0.000000
0.000000
0.000000
0.000000
0.000000
0.000000
0.000000
0.000000
0.000000
0.000000
0.000000
0.000000
0.000000
0.000000
0.000000
0.000000
0.000000
0.000000
0.000000
0.000000
0.000000
0.000000
0.000000
0.000000
0.000000
0.000000
0.000000
0.000000
0.000000
0.000000
0.000000
0.000000
0.000000
0.000000
0.000000
0.000000
0.000000
0.000000
0.000000
0.000000
0.000000
0.000000
0.000000
0.000000
0.000000
0.000000
0.000000
0.000000
0.000000
0.000000
0.000000
0.000000
0.000000
0.000000
0.000000
0.000000
0.000000
0.000000
0.000000
0.000000
0.000000
0.000000
0.000000
0.000000
0.000000
0.000000
0.000000
0.000000
0.000000
0.000000
0.000000
0.000000
0.000000
0.000000
0.000000
0.000000
0.000000
0.000000
0.000000
0.000000
0.000000
0.000000
0.000000
0.000000
0.000000
0.000000
0.000000
0.000000
0.000000
0.000000
0.000000
0.000000
0.000000
0.000000
0.000000
0.000000
0.000000
0.000000
0.000000
0.000000
0.000000
0.000000
0.000000
0.000000
0.000000
0.000000
0.000000
0.000000
0.000000
0.000000
0.000000
0.000000
0.000000
0.000000
0.000000
0.000000
0.000000
0.000000
0.000000
0.000000
0.000000
0.000000
0.000000
0.000000
0.000000
0.000000
0.000000
0.000000
0.000000
0.000000
0.000000
0.000000
0.000000
0.000000
0.000000
0.000000
0.000000
0.000000
0.000000
0.000000
0.000000
0.000000
0.000000
0.000000
0.000000
0.000000
0.000000
0.000000
0.000000
0.000000
0.000000
0.000000
0.000000
0.000000
0.000000
0.000000
0.000000
0.000000
0.000000
0.000000
0.000000
0.000000
0.000000
0.000000
0.000000
0.000000
0.000000
0.000000
0.000000
0.000000
0.000000
0.000000
0.000000
0.000000
0.000000
0.000000
0.000000
0.000000
0.000000
0.000000
0.000000
0.000000
0.000000
0.000000
0.000000
0.000000
0.000000
0.000000
0.000000
0.000000
0.000000
0.000000
0.000000
0.000000
0.000000
0.000000
0.000000
0.000000
0.000000
0.000000
0.000000
0.000000
0.000000
0.000000
0.000000
0.000000
0.000000
0.000000
0.000000
0.000000
0.000000
0.000000
0.000000
0.000000
0.000000
0.000000
0.000000
0.000000
0.000000
0.000000
0.000000
0.000000
0.000000
0.000000
0.000000
0.000000
0.000000
0.000000
0.000000
0.000000
0.000000
0.000000
0.000000
0.000000
0.000000
0.000000
0.000000
0.000000
0.000000
0.000000
0.000000
0.000000
0.000000
0.000000
0.000000
0.000000
0.000000
0.000000
0.000000
0.000000
0.000000
0.000000
0.000000
0.000000
0.000000
0.000000
0.000000
0.000000
0.000000
0.000000
0.000000
0.000000
0.000000
0.000000
0.000000
0.000000
0.000000
0.000000
0.000000
0.000000
0.000000
0.000000
0.000000
0.000000
0.000000
0.000000
0.000000
0.000000
0.000000
0.000000
0.000000
0.000000
0.000000
0.000000
0.000000
0.000000
0.000000
0.000000
0.000000
0.000000
0.000000
0.000000
0.000000
0.000000
0.000000
0.000000
0.000000
0.000000
0.000000
0.000000
0.000000
0.000000
0.000000
0.000000
0.000000
0.000000
0.000000
0.000000
0.000000
0.000000
0.000000
0.000000
0.000000
0.000000
0.000000
0.000000
0.000000
0.000000
0.000000
0.000000
0.000000
0.000000
0.000000
0.000000
0.000000
0.000000
0.000000
0.000000
0.000000
0.000000
0.000000
0.000000
0.000000
0.000000
0.000000
0.000000
0.000000
0.000000
0.000000
0.000000
0.000000
0.000000
0.000000
0.000000
0.000000
0.000000
0.000000
0.000000
0.000000
0.000000
0.000000
0.000000
0.000000
0.000000
0.000000
0.000000
0.000000
0.000000
0.000000
0.000000
0.000000
0.000000
0.000000
0.000000
0.000000
0.000000
0.000000
0.000000
0.000000
0.000000
0.000000
0.000000
0.000000
0.000000
0.000000
0.000000
0.000000
0.000000
0.000000
0.000000
0.000000
0.000000
0.000000
0.000000
0.000000
0.000000
0.000000
0.000000
0.000000
0.000000
0.000000
0.000000
0.000000
0.000000
0.000000
0.000000
0.000000
0.000000
0.000000
0.000000
0.000000
0.000000
0.000000
0.000000
0.000000
0.000000
0.000000
0.000000
0.000000
0.000000
0.000000
0.000000
0.000000
0.000000
0.000000
0.000000
0.000000
0.000000
0.000000
0.000000
0.000000
0.000000
0.000000
0.000000
0.000000
0.000000
0.000000
0.000000
0.000000
0.000000
0.000000
0.000000
0.000000
0.000000
0.000000
0.000000
0.000000
0.000000
0.000000
0.000000
0.000000
0.000000
0.000000
0.000000
0.000000
0.000000
0.000000
0.000000
0.000000
0.000000
0.000000
0.000000
0.000000
0.000000
0.000000
0.000000
0.000000
0.000000
0.000000
0.000000
0.000000
0.000000
0.000000
0.000000
0.000000
0.000000
0.000000
0.000000
0.000000
0.000000
0.000000
0.000000
0.000000
0.000000
0.000000
0.000000
0.000000
0.000000
0.000000
0.000000
0.000000
0.000000
0.000000
0.000000
0.000000
0.000000
0.000000
0.000000
0.000000
0.000000
0.000000
0.000000
0.000000
0.000000
0.000000
0.000000
0.000000
0.000000
0.000000
0.000000
0.000000
0.000000
0.000000
0.000000
0.000000
0.000000
0.000000
0.000000
0.000000
0.000000
0.000000
0.000000
0.000000
0.000000
0.000000
0.000000
0.000000
0.000000
0.000000
0.000000
0.000000
0.000000
0.000000
0.000000
0.000000
0.000000
0.000000
0.000000
0.000000
0.000000
0.000000
0.000000
0.000000
0.000000
0.000000
0.000000
0.000000
0.000000
0.000000
0.000000
0.000000
0.000000
0.000000
0.000000
0.000000
0.000000
0.000000
0.000000
0.000000
0.000000
0.000000
0.000000
0.000000
0.000000
0.000000
0.000000
0.000000
0.000000
0.000000
0.000000
0.000000
0.000000
0.000000
0.000000
0.000000
0.000000
0.000000
0.000000
0.000000
0.000000
0.000000
0.000000
0.000000
0.000000
0.000000
0.000000
0.000000
0.000000
0.000000
0.000000
0.000000
0.000000
0.000000
0.000000
0.000000
0.000000
0.000000
0.000000
0.000000
0.000000
0.000000
0.000000
0.000000
0.000000
0.000000
0.000000
0.000000
0.000000
0.000000
0.000000
0.000000
0.000000
0.000000
0.000000
0.000000
0.000000
0.000000
0.000000
0.000000
0.000000
0.000000
0.000000
0.000000
0.000000
0.000000
0.000000
0.000000
0.000000
0.000000
0.000000
0.000000
0.000000
0.000000
0.000000
0.000000
0.000000
0.000000
0.000000
0.000000
0.000000
0.000000
0.000000
0.000000
0.000000
0.000000
0.000000
0.000000
0.000000
0.000000
0.000000
0.000000
0.000000
0.000000
0.000000
0.000000
0.000000
0.000000
0.000000
0.000000
0.000000
0.000000
0.000000
0.000000
0.000000
0.000000
0.000000
0.000000
0.000000
0.000000
0.000000
0.000000
0.000000
0.000000
0.000000
0.000000
0.000000
0.000000
0.000000
0.000000
0.000000
0.000000
0.000000
0.000000
0.000000
0.000000
0.000000
0.000000
0.000000
0.000000
0.000000
0.000000
0.000000
0.000000
0.000000
0.000000
0.000000
0.000000
0.000000
0.000000
0.000000
0.000000
0.000000
0.000000
0.000000
0.000000
0.000000
0.000000
0.000000
0.000000
0.000000
0.000000
0.000000
0.000000
0.000000
0.000000
0.000000
0.000000
0.000000
0.000000
0.000000
0.000000
0.000000
0.000000
0.000000
0.000000
0.000000
0.000000
0.000000
0.000000
0.000000
0.000000
0.000000
0.000000
0.000000
0.000000
0.000000
0.000000
0.000000
0.000000
0.000000
0.000000
0.000000
0.000000
0.000000
0.000000
0.000000
0.000000
0.000000
0.000000
0.000000
0.000000
0.000000
0.000000
0.000000
0.000000
0.000000
0.000000
0.000000
0.000000
0.000000
0.000000
0.000000
0.000000
0.000000
0.000000
0.000000
0.000000
0.000000
0.000000
0.000000
0.000000
0.000000
0.000000
0.000000
0.000000
0.000000
0.000000
0.000000
0.000000
0.000000
0.000000
0.000000
0.000000
0.000000
0.000000
0.000000
0.000000
0.000000
0.000000
0.000000
0.000000
0.000000
0.000000
0.000000
0.000000
0.000000
0.000000
0.000000
0.000000
0.000000
0.000000
0.000000
0.000000
0.000000
0.000000
0.000000
0.000000
0.000000
0.000000
0.000000
0.000000
0.000000
0.000000
0.000000
0.000000
0.000000
0.000000
0.000000
0.000000
0.000000
0.000000
0.000000
0.000000
0.000000
0.000000
0.000000
0.000000
0.000000
0.000000
0.000000
0.000000
0.000000
0.000000
0.000000
0.000000
0.000000
0.000000
0.000000
0.000000
0.000000
0.000000
0.000000
0.000000
0.000000
0.000000
0.000000
0.000000
0.000000
0.000000
0.000000
0.000000
0.000000
0.000000
0.000000
0.000000
0.000000
0.000000
0.000000
0.000000
0.000000
0.000000
0.000000
0.000000
0.000000
0.000000
0.000000
0.000000
0.000000
0.000000
0.000000
0.000000
0.000000
0.000000
0.000000
0.000000
0.000000
0.000000
0.000000
0.000000
0.000000
0.000000
0.000000
0.000000
0.000000
0.000000
0.000000
0.000000
0.000000
0.000000
0.000000
0.000000
0.000000
0.000000
0.000000
0.000000
0.000000
0.000000
0.000000
0.000000
0.000000
0.000000
0.000000
0.000000
0.000000
0.000000
0.000000
0.000000
0.000000
0.000000
0.000000
0.000000
0.000000
0.000000
0.000000
0.000000
0.000000
0.000000
0.000000
0.000000
0.000000
0.000000
0.000000
0.000000
0.000000
0.000000
0.000000
0.000000
0.000000
0.000000
0.000000
0.000000
0.000000
0.000000
0.000000
0.000000
0.000000
0.000000
0.000000
0.000000
0.000000
0.000000
0.000000
0.000000
0.000000
0.000000
0.000000
0.000000
0.000000
0.000000
0.000000
0.000000
0.000000
0.000000
0.000000
0.000000
0.000000
0.000000
0.000000
0.000000
0.000000
0.000000
0.000000
0.000000
0.000000
0.000000
0.000000
0.000000
0.000000
0.000000
0.000000
0.000000
0.000000
0.000000
0.000000
0.000000
0.000000
0.000000
0.000000
0.000000
0.000000
0.000000
0.000000
0.000000
0.000000
0.000000
0.000000
0.000000
0.000000
0.000000
0.000000
0.000000
0.000000
0.000000
0.000000
0.000000
0.000000
0.000000
0.000000
0.000000
0.000000
0.000000
0.000000
0.000000
0.000000
0.000000
0.000000
0.000000
0.000000
0.000000
0.000000
0.000000
0.000000
0.000000
0.000000
0.000000
0.000000
0.000000
0.000000
0.000000
0.000000
0.000000
0.000000
0.000000
0.000000
0.000000
0.000000
0.000000
0.000000
0.000000
0.000000
0.000000
0.000000
0.000000
0.000000
0.000000
0.000000
0.000000
0.000000
0.000000
0.000000
0.000000
0.000000
0.000000
0.000000
0.000000
0.000000
0.000000
0.000000
0.000000
0.000000
0.000000
0.000000
0.000000
0.000000
0.000000
0.000000
0.000000
0.000000
0.000000
0.000000
0.000000
0.000000
0.000000
0.000000
0.000000
0.000000
0.000000
0.000000
0.000000
0.000000
0.000000
0.000000
0.000000
0.000000
0.000000
0.000000
0.000000
0.000000
0.000000
0.000000
0.000000
0.000000
0.000000
0.000000
0.000000
0.000000
0.000000
0.000000
0.000000
0.000000
0.000000
0.000000
0.000000
0.000000
0.000000
0.000000
0.000000
0.000000
0.000000
0.000000
0.000000
0.000000
0.000000
0.000000
0.000000
0.000000
0.000000
0.000000
0.000000
0.000000
0.000000
0.000000
0.000000
0.000000
0.000000
0.000000
0.000000
0.000000
0.000000
0.000000
0.000000
0.000000
0.000000
0.000000
0.000000
0.000000
0.000000
0.000000
0.000000
0.000000
0.000000
0.000000
0.000000
0.000000
0.000000
0.000000
0.000000
0.000000
0.000000
0.000000
0.000000
0.000000
0.000000
0.000000
0.000000
0.000000
0.000000
0.000000
0.000000
0.000000
0.000000
0.000000
0.000000
0.000000
0.000000
0.000000
0.000000
0.000000
0.000000
0.000000
0.000000
0.000000
0.000000
0.000000
0.000000
0.000000
0.000000
0.000000
0.000000
0.000000
0.000000
0.000000
0.000000
0.000000
0.000000
0.000000
0.000000
0.000000
0.000000
0.000000
0.000000
0.000000
0.000000
0.000000
