-0.000663
-0.000458
-0.000377
-0.000363
0.000324
0.000959
0.001016
0.000829
0.000043
-0.000682
-0.000700
-0.000493
-0.000909
-0.000223
-0.000171
-0.000036
0.000059
0.000277
0.000798
0.000444
0.000108
0.000377
-0.000064
0.000299
0.001055
0.002101
0.002838
0.002325
0.001236
0.000975
-0.000676
-0.000288
-0.001050
0.000267
-0.000048
-0.001150
-0.000910
-0.000249
-0.000249
0.000118
0.000476
-0.000438
-0.000497
-0.000810
-0.000874
0.000338
0.000455
0.000009
0.000401
0.000399
0.001687
0.002061
0.001671
0.001735
0.001493
-0.000123
-0.002319
-0.001093
-0.000614
0.001023
0.002207
0.002728
0.001762
0.001448
0.000403
-0.001010
-0.001839
-0.001249
-0.000904
0.000429
0.000820
0.000382
-0.000217
-0.003210
-0.005519
-0.011829
-0.020893
-0.038651
-0.060051
-0.085271
-0.120618
-0.152154
-0.177792
-0.188730
-0.202121
-0.162563
-0.133968
-0.091751
-0.065333
-0.044501
-0.017537
0.014964
0.034828
0.042738
0.043014
0.052019
0.063838
0.067000
0.075683
0.077919
0.083236
0.090646
0.106716
0.110428
0.103954
0.089840
0.073168
0.061725
0.053585
0.046765
0.040635
0.031464
0.026247
0.023240
0.020494
0.016281
0.014974
0.015126
0.014192
0.012883
0.011993
0.008241
0.006772
0.005478
0.004945
0.005118
0.005425
0.004783
0.003894
0.003422
0.002445
0.002652
0.003143
0.002828
0.002531
0.002652
0.002892
0.001246
0.001016
0.001468
0.000793
0.000134
-0.000510
0.000772
0.001770
0.002138
0.007292
0.011181
0.018880
0.032087
0.048845
0.072934
0.076692
0.065297
0.056079
0.059453
0.062671
0.064527
0.062477
0.057248
0.055391
0.057502
0.059913
0.062170
0.062908
0.063463
0.062568
0.058509
0.051912
0.045223
0.040446
0.035702
0.030724
0.025221
0.018723
0.016585
0.013668
0.012500
0.013399
0.012515
0.011762
0.010215
0.008842
0.006960
0.005753
0.004945
0.004939
0.004566
0.004219
0.004386
0.003977
0.003836
0.003198
0.002423
0.000268
0.000300
0.001172
0.001654
0.001570
0.001207
0.000698
0.000666
0.000349
0.000171
-0.000425
-0.000530
-0.000610
-0.000934
0.000916
0.001152
0.001091
0.001579
0.003511
0.007722
0.012151
0.019822
0.030373
0.037482
0.043135
0.047265
0.041885
0.040198
0.037320
0.035407
0.032263
0.023818
0.016687
0.011347
0.004792
-0.001270
-0.004608
-0.011143
-0.017041
-0.024936
-0.034927
-0.041831
-0.044695
-0.049570
-0.047091
-0.043675
-0.034034
-0.025239
-0.020098
-0.013565
-0.007032
-0.003250
0.000965
0.006500
0.015090
0.024524
0.034516
0.040678
0.045238
0.042768
0.041250
0.042694
0.046173
0.046781
0.047079
0.047336
0.047051
0.044884
0.043637
0.044608
0.046385
0.048121
0.048202
0.049392
0.047627
0.048131
0.040094
0.030545
0.023233
0.014490
0.007994
0.000723
-0.004321
-0.007572
-0.009482
-0.011257
-0.015684
-0.022154
-0.029919
-0.042806
-0.043803
-0.039521
-0.037276
-0.035954
-0.039643
-0.043012
-0.040073
-0.036178
-0.029165
-0.023839
-0.022923
-0.018414
-0.013164
-0.006783
0.001334
0.010852
0.019061
0.030814
0.037262
0.040694
0.040868
0.036714
0.036649
0.041590
0.043172
0.043103
0.043072
0.044686
0.046585
0.049584
0.050655
0.049828
0.048986
0.047585
0.048239
0.049692
0.052710
0.041462
0.034873
0.023759
0.018666
0.011326
0.004986
0.001182
-0.002586
-0.006875
-0.015877
-0.023125
-0.025867
-0.029402
-0.030244
-0.031168
-0.034062
-0.030818
-0.035938
-0.049447
-0.049271
-0.038670
-0.029763
-0.025523
-0.023063
-0.023044
-0.024895
-0.024002
-0.020887
-0.010186
0.003603
0.017040
0.025536
0.031845
0.030913
0.029505
0.032461
0.041585
0.044984
0.045561
0.042975
0.042643
0.044760
0.045889
0.047301
0.049868
0.052881
0.053631
0.051768
0.050055
0.049261
0.038055
0.035716
0.036807
0.032179
0.029226
0.022252
0.016850
0.006684
0.001748
-0.006503
-0.013359
-0.014735
-0.015373
-0.017859
-0.022896
-0.026190
-0.028235
-0.027230
-0.029653
-0.029734
-0.026793
-0.021478
-0.013042
0.000821
0.013117
0.018836
0.020083
0.022257
0.024177
0.024645
0.023897
0.026443
0.025104
0.027792
0.029373
0.028857
0.026694
0.021860
0.008169
-0.008646
-0.030187
-0.038604
-0.039985
-0.033335
-0.027255
-0.022787
-0.019993
-0.018568
-0.022057
-0.027882
-0.031827
-0.031748
-0.035402
-0.025540
-0.000287
0.027983
0.039525
0.040195
0.036074
0.033191
0.036662
0.045013
0.046459
0.047313
0.045757
0.044194
0.044546
0.045168
0.046547
0.047303
0.047753
0.050502
0.052454
0.054707
0.049538
0.037377
0.031977
0.031838
0.031923
0.031915
0.028671
0.027273
0.016178
0.001779
-0.017351
-0.033053
-0.035103
-0.030968
-0.020828
-0.017301
-0.016121
-0.021046
-0.027010
-0.032634
-0.035446
-0.035900
-0.030842
-0.012048
0.009507
0.025582
0.036510
0.032595
0.027978
0.029450
0.040131
0.046082
0.037987
0.033885
0.031513
0.029776
0.025175
0.023834
0.022076
0.020456
0.017497
0.010016
-0.000773
-0.013547
-0.021409
-0.025157
-0.025215
-0.023960
-0.025251
-0.023404
-0.022677
-0.025762
-0.027258
-0.030781
-0.034277
-0.031463
-0.029721
-0.018497
-0.004903
0.009971
0.017408
0.021029
0.022575
0.026407
0.031794
0.038694
0.038391
0.038355
0.041996
0.052061
0.062932
0.069329
0.073522
0.077479
0.088304
0.098604
0.096961
0.084125
0.080728
0.076182
0.087494
0.098343
0.102736
0.102024
0.105079
0.113191
0.125228
0.131928
0.126623
0.118975
0.117152
0.122499
0.129433
0.127689
0.115715
0.100064
0.084984
0.067626
0.055851
0.046041
0.036843
0.033172
0.029843
0.027050
0.024357
0.018547
0.016686
0.015685
0.013957
0.011372
0.009628
0.007659
0.005982
0.004381
0.002707
0.000025
-0.001679
-0.005180
-0.007598
-0.009548
-0.010766
-0.012498
-0.013388
-0.013338
-0.013857
-0.013562
-0.013041
-0.012398
-0.013047
-0.013824
-0.013802
-0.015075
-0.015302
-0.015390
-0.014645
-0.013434
-0.010944
-0.009814
-0.008493
-0.010141
-0.010170
-0.011079
-0.011461
-0.011289
-0.010958
-0.010700
-0.011322
-0.010186
-0.009124
-0.008936
-0.008279
-0.007494
-0.007212
-0.008374
-0.011418
-0.011938
-0.013442
-0.014001
-0.013739
-0.013963
-0.012925
-0.012409
-0.012530
-0.013472
-0.014125
-0.013270
-0.017272
-0.018196
-0.018709
-0.015902
-0.017796
-0.014441
-0.013504
-0.014741
-0.012458
-0.012128
-0.013743
-0.013549
-0.013344
-0.011489
-0.013062
-0.009259
-0.009556
-0.012224
-0.012639
-0.012829
-0.013107
-0.013293
-0.013368
-0.013217
-0.013508
-0.014898
-0.014153
-0.013016
-0.012765
-0.013368
-0.013960
-0.014548
-0.014272
-0.014491
-0.014538
-0.013825
-0.013057
-0.012763
-0.011428
-0.010330
-0.011291
-0.012051
-0.015035
-0.014179
-0.015687
-0.014617
-0.014201
-0.014276
-0.014982
-0.015360
-0.016131
-0.015546
-0.014263
-0.015054
-0.012749
-0.012642
-0.012570
-0.012398
-0.013746
-0.013592
-0.013364
-0.016100
-0.016205
-0.015801
-0.018128
-0.018165
-0.016859
-0.016695
-0.016450
-0.016088
-0.015755
-0.016065
-0.015248
-0.012728
-0.013515
-0.013469
-0.016822
-0.016881
-0.016217
-0.015306
-0.014669
-0.013803
-0.013603
-0.013015
-0.011796
-0.011778
-0.012626
-0.014936
-0.015887
-0.017321
-0.018593
-0.016061
-0.017571
-0.016313
-0.011749
-0.010378
-0.009569
-0.008297
-0.008917
-0.008016
-0.008473
-0.007463
-0.008476
-0.008769
-0.008782
-0.009082
-0.010466
-0.009639
-0.013515
-0.014108
-0.013657
-0.013522
-0.013340
-0.011415
-0.011345
-0.011963
-0.014886
-0.015711
-0.015871
-0.017726
-0.017212
-0.016576
-0.015396
-0.013936
-0.012404
-0.011304
-0.010642
-0.011053
-0.011814
-0.011827
-0.012108
-0.012791
-0.013060
-0.012821
-0.010901
-0.010695
-0.009868
-0.009621
-0.010322
-0.009912
-0.009953
-0.010759
-0.011468
-0.012899
-0.013729
-0.014801
-0.016867
-0.017876
-0.018524
-0.017602
-0.016910
-0.015796
-0.012435
-0.011761
-0.013481
-0.015453
-0.012549
-0.013322
-0.012808
-0.012186
-0.011897
-0.010774
-0.010852
-0.010170
-0.011307
-0.012752
-0.013754
-0.015210
-0.015641
-0.015475
-0.015350
-0.015937
-0.015554
-0.016308
-0.021150
-0.017140
-0.016234
-0.014827
-0.015671
-0.015781
-0.016276
-0.019342
-0.018334
-0.016561
-0.014419
-0.014013
-0.016613
-0.026609
-0.035717
-0.039482
-0.045698
-0.054250
-0.060691
-0.075981
-0.086067
-0.097018
-0.095076
-0.096234
-0.094814
-0.096637
-0.098137
-0.102058
-0.104617
-0.108041
-0.116037
-0.123475
-0.126431
-0.125596
-0.124252
-0.122839
-0.122462
-0.121371
-0.114550
-0.102098
-0.078574
-0.072190
-0.058535
-0.046449
-0.042904
-0.038789
-0.033888
-0.028082
-0.019582
-0.016415
-0.014878
-0.013723
-0.011172
-0.007759
-0.005702
-0.003430
-0.001424
0.002250
0.004890
0.006835
0.009263
0.010746
0.011348
0.012491
0.012588
0.012630
0.013201
0.013506
0.013126
0.012995
0.012884
0.012601
0.011826
0.012386
0.013128
0.014377
0.015370
0.016869
0.017815
0.019125
0.020050
0.020277
0.020317
0.019735
0.018892
0.017562
0.015954
0.014769
0.012954
0.011936
0.011386
0.010623
0.010911
0.011607
0.011511
0.012486
0.013406
0.014532
0.018160
0.018963
0.016667
0.018688
0.018224
0.017826
0.015017
0.017181
0.013308
0.013987
0.014624
0.018099
0.019940
0.020864
0.021132
0.021169
0.020663
0.019751
0.018093
0.017268
0.017303
0.016384
0.014181
0.014069
0.016594
0.014333
0.015220
0.019547
0.021363
0.022180
0.022629
0.020523
0.018208
0.016084
0.013050
0.014121
0.016204
0.016097
0.015680
0.013249
0.016451
0.017587
0.018582
0.020120
0.017349
0.019979
0.016852
0.016146
0.015133
0.014561
0.017138
0.016919
0.015833
0.014488
0.014287
0.017880
0.019359
0.020641
0.020638
0.021154
0.017626
0.019730
0.018638
0.014490
0.014338
0.013920
0.017311
0.015844
0.017135
0.020438
0.016520
0.020726
0.020801
0.020271
0.019881
0.016346
0.019438
0.018864
0.015813
0.015328
0.017612
0.014467
0.014639
0.018623
0.019057
0.020967
0.021923
0.022078
0.022267
0.021612
0.020327
0.017158
0.013184
0.013894
0.013137
0.012609
0.012047
0.011970
0.010605
0.011282
0.014183
0.015364
0.016869
0.016183
0.020536
0.018669
0.019538
0.020334
0.023188
0.019481
0.021869
0.020576
0.019683
0.019112
0.018990
0.018897
0.018613
0.018411
0.017775
0.017113
0.016265
0.015806
0.016416
0.018034
0.019581
0.017571
0.022956
0.023033
0.023182
0.025808
0.028789
0.026071
0.022262
0.020904
0.015695
0.014176
0.015234
0.018065
0.021678
0.027488
0.035161
0.041788
0.048750
0.058266
0.068753
0.077206
0.084836
0.094462
0.104232
0.108877
0.107285
0.105138
0.106841
0.110879
0.114492
0.116183
0.116296
0.116014
0.116173
0.119017
0.123352
0.115768
0.105640
0.095204
0.083016
0.080486
0.075122
0.071809
0.067473
0.060604
0.051978
0.042708
0.033854
0.022731
0.017966
0.013629
0.006301
0.003003
-0.001340
-0.004338
-0.007094
-0.008137
-0.010568
-0.012017
-0.013828
-0.014229
-0.014993
-0.016627
-0.018323
-0.019531
-0.020083
-0.021675
-0.023486
-0.023924
-0.024013
-0.022812
-0.022644
-0.024304
-0.024916
-0.027051
-0.027027
-0.024654
-0.023517
-0.023724
-0.025066
-0.026775
-0.026285
-0.024612
-0.023308
-0.023802
-0.024987
-0.025026
-0.023964
-0.023603
-0.023725
-0.024601
-0.026259
-0.026438
-0.025590
-0.025480
-0.025447
-0.026531
-0.026900
-0.024344
-0.022535
-0.022454
-0.026862
-0.030557
-0.030842
-0.029003
-0.027757
-0.025580
-0.025416
-0.025431
-0.024729
-0.025112
-0.025653
-0.026289
-0.028021
-0.027928
-0.026201
-0.025226
-0.025228
-0.025296
-0.024708
-0.023330
-0.022029
-0.021451
-0.022337
-0.026202
-0.027956
-0.027091
-0.026897
-0.027326
-0.027562
-0.027465
-0.026979
-0.026555
-0.025528
-0.024484
-0.023437
-0.021548
-0.020360
-0.022006
-0.024081
-0.026324
-0.027114
-0.025977
-0.024630
-0.025374
-0.027757
-0.030293
-0.027607
-0.020129
-0.018322
-0.019646
-0.024085
-0.032467
-0.036003
-0.035087
-0.030545
-0.024279
-0.019887
-0.020494
-0.021213
-0.020948
-0.022694
-0.028523
-0.031120
-0.028401
-0.031074
-0.042473
-0.057930
-0.067614
-0.070619
-0.072948
-0.077726
-0.086483
-0.094196
-0.100434
-0.105369
-0.105086
-0.101251
-0.091432
-0.078211
-0.066888
-0.066084
-0.072651
-0.080725
-0.086555
-0.088890
-0.092249
-0.087800
-0.071950
-0.086159
-0.088131
-0.112031
-0.131738
-0.141080
-0.130031
-0.108646
-0.087015
-0.053436
-0.035911
-0.024220
-0.007648
0.011992
0.029635
0.044290
0.054614
0.062747
0.069254
0.069922
0.085878
0.092923
0.094855
0.097823
0.103454
0.110038
0.114259
0.116627
0.116820
0.116732
0.118068
0.119945
0.121821
0.110304
0.086104
0.084770
0.071415
0.068679
0.065286
0.061773
0.058362
0.054671
0.048473
0.041210
0.029414
0.024933
0.021992
0.020782
0.019956
0.018345
0.017543
0.015831
0.013457
0.011169
0.009820
0.007790
0.006539
0.005589
0.005262
0.005061
0.005580
0.004892
0.003692
0.002262
0.000882
0.000375
0.000556
0.002526
0.003339
0.003514
0.000567
-0.001129
-0.002283
-0.001470
0.000532
0.002808
0.006126
0.005177
0.001261
-0.000455
-0.002680
-0.004424
-0.003656
-0.001790
0.000214
0.000869
0.000130
-0.001530
-0.001941
-0.002477
-0.001628
-0.000774
0.000192
0.000373
-0.003920
-0.004072
-0.008969
-0.017907
-0.032164
-0.056315
-0.076439
-0.104600
-0.120438
-0.141890
-0.125619
-0.101560
-0.090582
-0.092569
-0.094209
-0.087707
-0.077643
-0.079976
-0.091148
-0.100649
-0.100164
-0.096976
-0.097524
-0.103875
-0.111840
-0.119428
-0.124543
-0.118286
-0.097283
-0.067598
-0.042713
-0.024951
-0.014528
-0.007048
-0.007555
0.008824
0.036633
0.064879
0.083612
0.094186
0.082267
0.074923
0.069138
0.070538
0.065745
0.052595
0.042463
0.039651
0.039244
0.033959
0.025146
0.020391
0.016466
0.011876
0.010465
0.009472
0.009900
0.009364
0.009677
0.009436
0.007197
0.004628
0.003324
0.002513
0.002772
0.002473
0.003137
0.002016
0.002523
0.001388
0.000223
-0.000133
0.000581
0.001483
0.001401
0.002257
0.001643
0.000630
0.000260
0.000119
-0.000070
-0.002728
-0.009775
-0.018155
-0.035088
-0.056821
-0.077600
-0.105733
-0.112025
-0.107520
-0.075938
-0.044196
-0.020093
-0.010555
-0.003896
0.000763
0.012148
0.025268
0.049940
0.071837
0.090284
0.095538
0.090686
0.091846
0.089943
0.094195
0.099910
0.102629
0.103145
0.106528
0.112604
0.117925
0.116022
0.099354
0.069485
0.045335
0.028364
0.015340
0.008952
0.001451
-0.009944
-0.029478
-0.047361
-0.072533
-0.088516
-0.094073
-0.077900
-0.045460
-0.026936
-0.014969
0.000877
0.014074
0.032981
0.046213
0.059713
0.061508
0.061215
0.061833
0.067496
0.073019
0.082784
0.071158
0.058405
0.038565
0.025047
0.012054
-0.002899
-0.020937
-0.037536
-0.048313
-0.053407
-0.048697
-0.041205
-0.028689
-0.022172
-0.013504
0.002443
0.025825
0.045480
0.062773
0.065585
0.062558
0.062514
0.069055
0.079326
0.094563
0.095808
0.093085
0.094702
0.102495
0.110613
0.113360
0.111516
0.104075
0.092662
0.080727
0.069203
0.057515
0.047929
0.041625
0.036196
0.032516
0.032357
0.037245
0.048429
0.058000
0.065372
0.068583
0.071345
0.075821
0.086817
0.098270
0.107116
0.112939
0.116146
0.115336
0.112369
0.111088
0.113087
0.116212
0.116966
0.113332
0.091342
0.070392
0.046085
0.039514
0.022050
0.003182
-0.015319
-0.025820
-0.028366
-0.030840
-0.040759
-0.053799
-0.071874
-0.076548
-0.075783
-0.080705
-0.094824
-0.107012
-0.109796
-0.111838
-0.113808
-0.113848
-0.116631
-0.119166
-0.120955
-0.122242
-0.121062
-0.117718
-0.113183
-0.112257
-0.115777
-0.118352
-0.117990
-0.119377
-0.126722
-0.131521
-0.132020
-0.132159
-0.136626
-0.135354
-0.110645
-0.076106
-0.056721
-0.050823
-0.032207
-0.012940
0.004239
0.014614
0.021292
0.028521
0.038362
0.050249
0.067792
0.076492
0.081158
0.086883
0.095419
0.104474
0.109147
0.108590
0.107823
0.109998
0.114193
0.116350
0.117856
0.117146
0.117382
0.120679
0.125188
0.126368
0.122172
0.118209
0.119886
0.124141
0.125599
0.124526
0.121451
0.120065
0.123077
0.127052
0.113764
0.083478
0.073331
0.056576
0.042446
0.019785
0.005594
-0.002618
-0.008962
-0.018459
-0.029865
-0.042742
-0.060658
-0.070824
-0.077411
-0.080855
-0.075602
-0.088316
-0.101542
-0.112572
-0.112347
-0.104900
-0.098313
-0.095551
-0.092196
-0.085532
-0.073541
-0.058790
-0.045689
-0.039261
-0.039086
-0.041605
-0.043832
-0.049771
-0.058583
-0.068718
-0.076576
-0.085277
-0.089871
-0.093013
-0.094743
-0.097192
-0.099109
-0.100586
-0.098034
-0.090294
-0.079561
-0.069649
-0.060258
-0.048766
-0.039263
-0.030395
-0.025203
-0.025251
-0.022942
-0.019705
-0.018604
-0.015236
-0.014194
-0.012534
-0.010626
-0.009708
-0.009184
-0.008310
-0.007926
-0.007484
-0.006886
-0.009687
-0.008032
-0.007852
-0.006612
-0.005969
-0.004685
-0.003740
-0.003666
-0.003403
-0.001779
-0.001076
-0.000818
-0.000683
-0.000308
-0.000585
-0.000390
0.000044
0.000843
0.001281
0.000144
-0.000760
-0.001700
-0.001760
-0.001900
-0.001289
-0.000169
0.000633
0.000392
0.000269
0.000078
-0.000648
-0.001830
-0.002173
-0.002787
-0.002943
-0.002613
-0.002491
-0.000079
0.001376
0.001087
0.000837
0.000206
-0.000321
-0.000172
0.001054
0.000743
0.000968
-0.000089
-0.000701
-0.000812
-0.000164
-0.000810
-0.000055
-0.001137
-0.001695
-0.001877
-0.001679
-0.000712
-0.000080
-0.000586
0.000229
-0.000077
-0.000724
-0.000851
-0.001079
-0.001023
-0.001000
-0.000927
-0.000784
-0.000147
-0.000006
-0.000749
-0.000321
-0.000449
-0.000247
-0.000208
-0.000133
-0.000512
-0.000943
-0.001447
-0.001361
-0.001168
0.000011
-0.002487
-0.001860
-0.002663
-0.003674
-0.002923
-0.002437
-0.001751
-0.003462
-0.002991
-0.002918
-0.001266
-0.001274
-0.001622
0.003336
0.002815
0.001369
0.001694
0.001745
0.002069
0.001205
0.000613
-0.000454
-0.000628
0.001561
0.001492
0.000145
-0.001226
-0.001867
-0.001889
-0.000851
-0.000575
-0.000929
-0.000352
-0.000993
-0.002892
-0.005819
-0.014062
-0.028034
-0.048295
-0.067421
-0.083559
-0.108209
-0.113802
-0.105449
-0.099260
-0.088310
-0.084492
-0.084664
-0.087263
-0.094168
-0.104568
-0.108409
-0.107696
-0.106094
-0.107181
-0.109069
-0.112807
-0.117131
-0.122955
-0.124459
-0.120644
-0.117276
-0.116064
-0.118479
-0.122007
-0.124559
-0.121061
-0.109451
-0.085700
-0.060151
-0.038284
-0.022776
-0.010781
-0.002428
0.007280
0.019071
0.039372
0.056611
0.067755
0.081377
0.082464
0.080237
0.080982
0.085041
0.101324
0.106349
0.108524
0.111745
0.110711
0.106291
0.106725
0.113935
0.120693
0.123148
0.115385
0.098598
0.072774
0.050531
0.035357
0.020522
0.009864
0.002710
-0.004044
-0.015559
-0.034113
-0.052994
-0.077098
-0.083904
-0.080416
-0.074774
-0.082524
-0.090603
-0.100389
-0.105734
-0.109547
-0.111830
-0.112358
-0.112426
-0.113254
-0.114629
-0.116807
-0.117607
-0.118547
-0.117681
-0.116920
-0.117759
-0.120933
-0.123414
-0.123462
-0.120710
-0.108479
-0.089730
-0.071292
-0.060170
-0.053543
-0.045843
-0.036997
-0.030654
-0.025016
-0.017500
-0.016835
-0.012433
-0.012568
-0.012970
-0.011704
-0.011279
-0.009885
-0.007882
-0.006761
-0.005069
-0.005226
-0.005969
-0.004540
-0.004735
-0.003855
-0.002780
-0.001682
-0.001444
-0.001793
-0.002707
-0.002847
-0.001921
-0.001522
-0.001837
-0.001068
-0.001201
-0.000135
0.000809
0.001136
-0.001226
-0.003041
-0.002855
-0.003409
-0.002291
-0.000861
0.000304
0.001385
0.001203
0.000548
0.000095
-0.000339
0.000306
0.000239
0.001492
0.001564
0.000751
0.000281
-0.000036
-0.001811
-0.001790
-0.000918
-0.001288
-0.001201
-0.000950
-0.000642
-0.000718
-0.000379
-0.000772
-0.000558
0.001850
0.008466
0.017781
0.042273
0.062624
0.094082
0.114931
0.125423
0.136780
0.116296
0.103008
0.099306
0.095674
0.090234
0.092959
0.088040
0.092869
0.097739
0.101413
0.107108
0.113830
0.117168
0.116383
0.115613
0.117438
0.117689
0.109881
0.095441
0.075418
0.062804
0.056101
0.051639
0.044606
0.034902
0.028013
0.025695
0.025409
0.023549
0.016381
0.012296
0.010399
0.008856
0.007748
0.008621
0.009594
0.011018
0.010027
0.007301
0.004823
0.003735
0.001915
0.001719
0.001998
0.002194
0.002217
0.003095
0.005008
0.005194
0.003222
-0.001107
-0.003950
-0.004399
-0.003972
-0.001663
0.001213
0.003854
0.003902
0.003576
0.003796
0.001784
0.000254
-0.000357
-0.000242
0.001264
0.001936
0.002479
0.001316
-0.001816
-0.008471
-0.017134
-0.026706
-0.042213
-0.068991
-0.097511
-0.115819
-0.127250
-0.146395
-0.135307
-0.114392
-0.105391
-0.093676
-0.089825
-0.077882
-0.075896
-0.077557
-0.080902
-0.086596
-0.095765
-0.104338
-0.109460
-0.110385
-0.109786
-0.111733
-0.112480
-0.107731
-0.093890
-0.076409
-0.063097
-0.055384
-0.048719
-0.041133
-0.033464
-0.027992
-0.024582
-0.022228
-0.019745
-0.014341
-0.012018
-0.009899
-0.009962
-0.011087
-0.010859
-0.013503
-0.011479
-0.007147
-0.004234
-0.002721
-0.003807
-0.006742
-0.006519
-0.005792
-0.003500
-0.001600
-0.000706
0.000127
0.000151
-0.000815
-0.000799
-0.001734
-0.001356
-0.001100
-0.000309
0.000051
-0.002170
-0.001983
-0.002045
-0.002061
-0.001839
-0.001258
-0.001515
0.000664
0.000570
0.000659
0.000900
0.000933
0.002227
0.004856
0.009101
0.015817
0.027577
0.038594
0.056307
0.064911
0.073116
0.068264
0.060642
0.059244
0.057525
0.059414
0.061421
0.060824
0.060054
0.066726
0.063624
0.064724
0.062460
0.060663
0.062209
0.066247
0.069256
0.070302
0.072476
0.075820
0.078911
0.078474
0.076642
0.074848
0.073952
0.072376
0.070897
0.071444
0.073182
0.077039
0.078069
0.079967
0.081123
0.079466
0.073766
0.062812
0.051676
0.045435
0.041565
0.036129
0.030788
0.027236
0.023666
0.020333
0.016015
0.010409
0.008900
0.008632
0.008505
0.008987
0.007560
0.004478
0.003552
0.002923
0.002703
0.003803
0.003890
0.003187
0.003318
0.002939
0.003035
0.002040
0.000861
-0.000091
-0.000585
0.001074
0.002127
0.003216
0.003800
0.003515
0.004342
0.001912
0.001069
0.001220
0.001453
0.001498
0.002278
0.000888
0.001245
0.000928
0.001273
0.002045
0.002361
0.003736
0.005645
0.007122
0.009666
0.009000
0.009712
0.009271
0.009541
0.010514
0.011488
0.012369
0.013799
0.015007
0.014948
0.014631
0.014019
0.013186
0.013082
0.015971
0.013905
0.013812
0.014922
0.018333
0.019304
0.018438
0.017575
0.016546
0.016521
0.017440
0.018624
0.016477
0.020030
0.018801
0.015511
0.015187
0.014751
0.014422
0.014738
0.014260
0.018151
0.019330
0.021292
0.020816
0.022400
0.022216
0.020704
0.018749
0.017329
0.017155
0.017685
0.017648
0.018201
0.017116
0.015781
0.015540
0.015606
0.015987
0.016249
0.014741
0.015231
0.017986
0.018154
0.015282
0.014288
0.014410
0.014112
0.017533
0.018567
0.019662
0.020341
0.020321
0.019195
0.014916
0.014727
0.014046
0.014450
0.014805
0.016298
0.019794
0.020532
0.020063
0.019268
0.018550
0.018730
0.018173
0.016749
0.013701
0.013291
0.014169
0.013080
0.013301
0.012885
0.019300
0.030258
0.039888
0.049682
0.050015
0.045673
0.045987
0.046148
0.047335
0.046744
0.042726
0.035828
0.022154
0.012281
0.007910
0.001142
-0.008065
-0.022230
-0.037912
-0.056640
-0.063689
-0.065568
-0.073074
-0.077030
-0.082894
-0.091640
-0.100663
-0.104334
-0.102681
-0.101928
-0.103354
-0.106551
-0.109833
-0.103996
-0.083696
-0.047573
-0.028329
-0.020943
-0.015759
-0.007303
0.003366
0.017327
0.032639
0.044909
0.052478
0.058880
0.072293
0.083627
0.089757
0.075720
0.050361
0.038231
0.023539
0.018131
0.006010
-0.003636
-0.012365
-0.021722
-0.033185
-0.050070
-0.056415
-0.076826
-0.090030
-0.090025
-0.089247
-0.093735
-0.100224
-0.105830
-0.110416
-0.111619
-0.112536
-0.119740
-0.118858
-0.112197
-0.104218
-0.094393
-0.102094
-0.112160
-0.108103
-0.092259
-0.076299
-0.064364
-0.058242
-0.051969
-0.037796
-0.028287
-0.025306
-0.021229
-0.020113
-0.019717
-0.018055
-0.017703
-0.014719
-0.012832
-0.010967
-0.009652
-0.008478
-0.008517
-0.007900
-0.007861
-0.007223
-0.006363
-0.005396
-0.004131
-0.002342
-0.001682
-0.001904
-0.000743
-0.001487
-0.001255
-0.001512
-0.001285
-0.000612
-0.000090
0.000411
0.000475
-0.000188
-0.000901
-0.001883
-0.002104
-0.001859
-0.000002
0.000472
0.000672
0.000239
0.000183
0.000005
-0.000467
-0.000477
-0.000313
-0.000087
0.001662
0.001431
0.000284
0.000499
0.000475
0.000349
-0.000425
-0.000958
-0.000731
-0.001143
-0.000361
-0.000004
-0.000201
-0.000770
-0.000344
-0.000828
0.000678
0.001038
0.000689
0.000278
-0.000089
-0.000117
-0.000636
-0.000433
-0.000233
-0.000802
-0.000244
-0.000211
-0.000074
0.000786
0.000661
0.000574
-0.000002
-0.000001
-0.000081
0.000909
0.001044
-0.000632
-0.000081
0.000017
-0.000005
0.000200
0.001082
0.000755
0.000104
-0.000234
-0.002602
-0.001913
-0.000638
-0.000482
-0.000605
-0.000347
-0.000924
-0.001446
-0.000745
-0.000770
-0.001184
-0.001078
-0.000179
-0.000607
0.000161
-0.000108
0.000064
-0.000538
-0.000432
-0.000155
-0.000042
0.000538
0.000248
0.000178
0.000267
-0.000689
-0.000380
0.000354
-0.000596
-0.000800
-0.001493
-0.000769
0.000285
0.000757
0.000749
0.000440
0.000211
0.000046
0.002123
0.001779
0.001359
0.002083
0.001474
0.000010
-0.000578
-0.001401
-0.002838
-0.002999
-0.000392
-0.000143
-0.000121
-0.000227
-0.000442
-0.000640
-0.001763
-0.001268
-0.000765
-0.000248
0.000209
-0.000351
-0.000039
0.000084
0.000388
0.002731
0.003541
0.003043
0.002072
0.001966
0.001596
0.001141
-0.003777
-0.003549
-0.000916
-0.000276
-0.000580
-0.000623
0.000818
0.000203
-0.001690
-0.001338
-0.001179
-0.001530
-0.001363
-0.002083
-0.000591
-0.000162
0.000108
0.000047
-0.000414
0.000195
0.000221
0.000141
0.000186
0.000050
-0.000140
-0.000236
-0.000795
-0.000869
-0.000658
0.000619
0.000803
-0.000584
0.001327
0.000821
0.001642
0.001210
0.000183
-0.000501
0.000074
0.001036
0.001267
0.000567
0.000792
0.000059
-0.000781
-0.001546
-0.000796
-0.001269
-0.000680
-0.001020
-0.001549
-0.000092
0.000250
-0.000252
-0.000639
-0.002535
-0.005991
-0.009756
-0.016646
-0.026785
-0.029677
-0.031399
-0.027211
-0.023580
-0.024921
-0.027192
-0.026802
-0.027028
-0.027909
-0.028717
-0.027200
-0.021093
-0.021709
-0.023590
-0.030858
-0.036488
-0.037179
-0.019425
0.001923
0.020158
0.029170
0.032124
0.040803
0.054349
0.065910
0.071728
0.075426
0.082521
0.081961
0.067442
0.065398
0.051971
0.042864
0.031067
0.024962
0.020505
0.015186
0.009789
0.001847
-0.006409
-0.013509
-0.017032
-0.018495
-0.022101
-0.029173
-0.034629
-0.037019
-0.037290
-0.039068
-0.038546
-0.043419
-0.048332
-0.046437
-0.046939
-0.048029
-0.053183
-0.055882
-0.053173
-0.050301
-0.049807
-0.053457
-0.054300
-0.052499
-0.052166
-0.053770
-0.057635
-0.058322
-0.055881
-0.056297
-0.057746
-0.057773
-0.055646
-0.053182
-0.053999
-0.056513
-0.057932
-0.055180
-0.052089
-0.051603
-0.053055
-0.055264
-0.052782
-0.051826
-0.052189
-0.056845
-0.058085
-0.055513
-0.053322
-0.053218
-0.052056
-0.053141
-0.053025
-0.053652
-0.056723
-0.057848
-0.055349
-0.053049
-0.050190
-0.053898
-0.056482
-0.054673
-0.053585
-0.053908
-0.058080
-0.060889
-0.058927
-0.054710
-0.052583
-0.055083
-0.056750
-0.055847
-0.054155
-0.053775
-0.055183
-0.056475
-0.050020
-0.044701
-0.039858
-0.030322
-0.025440
-0.021724
-0.020025
-0.019039
-0.018428
-0.016008
-0.012001
-0.006086
-0.002712
-0.000242
0.001236
0.001747
0.002208
0.003829
0.004661
0.006249
0.008319
0.010688
0.013117
0.014909
0.015758
0.015730
0.015280
0.015787
0.013944
0.013426
0.013575
0.014881
0.016407
0.017554
0.018427
0.018030
0.017086
0.016795
0.016346
0.014328
0.013723
0.014002
0.014483
0.015266
0.015626
0.015340
0.015162
0.016566
0.016609
0.016519
0.015030
0.015773
0.017039
0.016371
0.013124
0.009793
0.008744
0.008894
0.006277
0.005936
0.006934
0.006428
0.006396
0.004827
0.005739
0.004472
0.003608
0.003138
0.003368
0.001996
0.005026
0.005074
-0.004722
-0.005641
-0.004951
-0.003949
0.000687
0.011685
0.024540
0.032274
0.038192
0.045383
0.053262
0.061281
0.070413
0.077788
0.082499
0.085168
0.088998
0.094702
0.098623
0.088710
0.073729
0.057743
0.039827
0.031207
0.035810
0.031706
0.032010
0.031789
0.030041
0.026450
0.021174
0.016445
0.013960
0.012892
0.011754
0.008993
0.009121
0.008060
0.007375
0.005448
0.004434
0.003915
0.003537
0.003345
0.003944
0.003351
0.003344
0.003527
0.002843
0.002977
0.002587
0.002257
0.001843
0.001198
0.000880
0.000671
0.001188
0.001168
0.001037
0.000632
0.000561
0.000350
0.000504
-0.000251
-0.000718
0.005543
0.008535
0.008060
0.006317
0.004441
0.003474
0.003756
0.003884
-0.000060
0.000000
0.000000
0.000000
0.000000
0.000000
0.000000
0.000000
0.000000
0.000000
0.000000
0.000000
0.000000
0.000000
0.000000
0.000000
0.000000
0.000000
0.000000
0.000000
0.000000
0.000000
0.000000
0.000000
0.000000
0.000000
0.000000
0.000000
0.000000
0.000000
0.000000
0.000000
0.000000
0.000000
0.000000
0.000000
0.000000
0.000000
0.000000
0.000000
0.000000
0.000000
0.000000
0.000000
0.000000
0.000000
0.000000
0.000000
0.000000
0.000000
0.000000
0.000000
0.000000
0.000000
0.000000
0.000000
0.000000
0.000000
0.000000
0.000000
0.000000
0.000000
0.000000
0.000000
0.000000
0.000000
0.000000
0.000000
0.000000
0.000000
0.000000
0.000000
0.000000
0.000000
0.000000
0.000000
0.000000
0.000000
0.000000
0.000000
0.000000
0.000000
0.000000
0.000000
0.000000
0.000000
0.000000
0.000000
0.000000
0.000000
0.000000
0.000000
0.000000
0.000000
0.000000
0.000000
0.000000
0.000000
0.000000
0.000000
0.000000
0.000000
0.000000
0.000000
0.000000
0.000000
0.000000
0.000000
0.000000
0.000000
0.000000
0.000000
0.000000
0.000000
0.000000
0.000000
0.000000
0.000000
0.000000
0.000000
0.000000
0.000000
0.000000
0.000000
0.000000
0.000000
0.000000
0.000000
0.000000
0.000000
0.000000
0.000000
0.000000
0.000000
0.000000
0.000000
0.000000
0.000000
0.000000
0.000000
0.000000
0.000000
0.000000
0.000000
0.000000
0.000000
0.000000
0.000000
0.000000
0.000000
0.000000
0.000000
0.000000
0.000000
0.000000
0.000000
0.000000
0.000000
0.000000
0.000000
0.000000
0.000000
0.000000
0.000000
0.000000
0.000000
0.000000
0.000000
0.000000
0.000000
0.000000
0.000000
0.000000
0.000000
0.000000
0.000000
0.000000
0.000000
0.000000
0.000000
0.000000
0.000000
0.000000
0.000000
0.000000
0.000000
0.000000
0.000000
0.000000
0.000000
0.000000
0.000000
0.000000
0.000000
0.000000
0.000000
0.000000
0.000000
0.000000
0.000000
0.000000
0.000000
0.000000
0.000000
0.000000
0.000000
0.000000
0.000000
0.000000
0.000000
0.000000
0.000000
0.000000
0.000000
0.000000
0.000000
0.000000
0.000000
0.000000
0.000000
0.000000
0.000000
0.000000
0.000000
0.000000
0.000000
0.000000
0.000000
0.000000
0.000000
0.000000
0.000000
0.000000
0.000000
0.000000
0.000000
0.000000
0.000000
0.000000
0.000000
0.000000
0.000000
0.000000
0.000000
0.000000
0.000000
0.000000
0.000000
0.000000
0.000000
0.000000
0.000000
0.000000
0.000000
0.000000
0.000000
0.000000
0.000000
0.000000
0.000000
0.000000
0.000000
0.000000
0.000000
0.000000
0.000000
0.000000
0.000000
0.000000
0.000000
0.000000
0.000000
0.000000
0.000000
0.000000
0.000000
0.000000
0.000000
0.000000
0.000000
0.000000
0.000000
0.000000
0.000000
0.000000
0.000000
0.000000
0.000000
0.000000
0.000000
0.000000
0.000000
0.000000
0.000000
0.000000
0.000000
0.000000
0.000000
0.000000
0.000000
0.000000
0.000000
0.000000
0.000000
0.000000
0.000000
0.000000
0.000000
0.000000
0.000000
0.000000
0.000000
0.000000
0.000000
0.000000
0.000000
0.000000
0.000000
0.000000
0.000000
0.000000
0.000000
0.000000
0.000000
0.000000
0.000000
0.000000
0.000000
0.000000
0.000000
0.000000
0.000000
0.000000
0.000000
0.000000
0.000000
0.000000
0.000000
0.000000
0.000000
0.000000
0.000000
0.000000
0.000000
0.000000
0.000000
0.000000
0.000000
0.000000
0.000000
0.000000
0.000000
0.000000
0.000000
0.000000
0.000000
0.000000
0.000000
0.000000
0.000000
0.000000
0.000000
0.000000
0.000000
0.000000
0.000000
0.000000
0.000000
0.000000
0.000000
0.000000
0.000000
0.000000
0.000000
0.000000
0.000000
0.000000
0.000000
0.000000
0.000000
0.000000
0.000000
0.000000
0.000000
0.000000
0.000000
0.000000
0.000000
0.000000
0.000000
0.000000
0.000000
0.000000
0.000000
0.000000
0.000000
0.000000
0.000000
0.000000
0.000000
0.000000
0.000000
0.000000
0.000000
0.000000
0.000000
0.000000
0.000000
0.000000
0.000000
0.000000
0.000000
0.000000
0.000000
0.000000
0.000000
0.000000
0.000000
0.000000
0.000000
0.000000
0.000000
0.000000
0.000000
0.000000
0.000000
0.000000
0.000000
0.000000
0.000000
0.000000
0.000000
0.000000
0.000000
0.000000
0.000000
0.000000
0.000000
0.000000
0.000000
0.000000
0.000000
0.000000
0.000000
0.000000
0.000000
0.000000
0.000000
0.000000
0.000000
0.000000
0.000000
0.000000
0.000000
0.000000
0.000000
0.000000
0.000000
0.000000
0.000000
0.000000
0.000000
0.000000
0.000000
0.000000
0.000000
0.000000
0.000000
0.000000
0.000000
0.000000
0.000000
0.000000
0.000000
0.000000
0.000000
0.000000
0.000000
0.000000
0.000000
0.000000
0.000000
0.000000
0.000000
0.000000
0.000000
0.000000
0.000000
0.000000
0.000000
0.000000
0.000000
0.000000
0.000000
0.000000
0.000000
0.000000
0.000000
0.000000
0.000000
0.000000
0.000000
0.000000
0.000000
0.000000
0.000000
0.000000
0.000000
0.000000
0.000000
0.000000
0.000000
0.000000
0.000000
0.000000
0.000000
0.000000
0.000000
0.000000
0.000000
0.000000
0.000000
0.000000
0.000000
0.000000
0.000000
0.000000
0.000000
0.000000
0.000000
0.000000
0.000000
0.000000
0.000000
0.000000
0.000000
0.000000
0.000000
0.000000
0.000000
0.000000
0.000000
0.000000
0.000000
0.000000
0.000000
0.000000
0.000000
0.000000
0.000000
0.000000
0.000000
0.000000
0.000000
0.000000
0.000000
0.000000
0.000000
0.000000
0.000000
0.000000
0.000000
0.000000
0.000000
0.000000
0.000000
0.000000
0.000000
0.000000
0.000000
0.000000
0.000000
0.000000
0.000000
0.000000
0.000000
0.000000
0.000000
0.000000
0.000000
0.000000
0.000000
0.000000
0.000000
0.000000
0.000000
0.000000
0.000000
0.000000
0.000000
0.000000
0.000000
0.000000
0.000000
0.000000
0.000000
0.000000
0.000000
0.000000
0.000000
0.000000
0.000000
0.000000
0.000000
0.000000
0.000000
0.000000
0.000000
0.000000
0.000000
0.000000
0.000000
0.000000
0.000000
0.000000
0.000000
0.000000
0.000000
0.000000
0.000000
0.000000
0.000000
0.000000
0.000000
0.000000
0.000000
0.000000
0.000000
0.000000
0.000000
0.000000
0.000000
0.000000
0.000000
0.000000
0.000000
0.000000
0.000000
0.000000
0.000000
0.000000
0.000000
0.000000
0.000000
0.000000
0.000000
0.000000
0.000000
0.000000
0.000000
0.000000
0.000000
0.000000
0.000000
0.000000
0.000000
0.000000
0.000000
0.000000
0.000000
0.000000
0.000000
0.000000
0.000000
0.000000
0.000000
0.000000
0.000000
0.000000
0.000000
0.000000
0.000000
0.000000
0.000000
0.000000
0.000000
0.000000
0.000000
0.000000
0.000000
0.000000
0.000000
0.000000
0.000000
0.000000
0.000000
0.000000
0.000000
0.000000
0.000000
0.000000
0.000000
0.000000
0.000000
0.000000
0.000000
0.000000
0.000000
0.000000
0.000000
0.000000
0.000000
0.000000
0.000000
0.000000
0.000000
0.000000
0.000000
0.000000
0.000000
0.000000
0.000000
0.000000
0.000000
0.000000
0.000000
0.000000
0.000000
0.000000
0.000000
0.000000
0.000000
0.000000
0.000000
0.000000
0.000000
0.000000
0.000000
0.000000
0.000000
0.000000
0.000000
0.000000
0.000000
0.000000
0.000000
0.000000
0.000000
0.000000
0.000000
0.000000
0.000000
0.000000
0.000000
0.000000
0.000000
0.000000
0.000000
0.000000
0.000000
0.000000
0.000000
0.000000
0.000000
0.000000
0.000000
0.000000
0.000000
0.000000
0.000000
0.000000
0.000000
0.000000
0.000000
0.000000
0.000000
0.000000
0.000000
0.000000
0.000000
0.000000
0.000000
0.000000
0.000000
0.000000
0.000000
0.000000
0.000000
0.000000
0.000000
0.000000
0.000000
0.000000
0.000000
0.000000
0.000000
0.000000
0.000000
0.000000
0.000000
0.000000
0.000000
0.000000
0.000000
0.000000
0.000000
0.000000
0.000000
0.000000
0.000000
0.000000
0.000000
0.000000
0.000000
0.000000
0.000000
0.000000
0.000000
0.000000
0.000000
0.000000
0.000000
0.000000
0.000000
0.000000
0.000000
0.000000
0.000000
0.000000
0.000000
0.000000
0.000000
0.000000
0.000000
0.000000
0.000000
0.000000
0.000000
0.000000
0.000000
0.000000
0.000000
0.000000
0.000000
0.000000
0.000000
0.000000
0.000000
0.000000
0.000000
0.000000
0.000000
0.000000
0.000000
0.000000
0.000000
0.000000
0.000000
0.000000
0.000000
0.000000
0.000000
0.000000
0.000000
0.000000
0.000000
0.000000
0.000000
0.000000
0.000000
0.000000
0.000000
0.000000
0.000000
0.000000
0.000000
0.000000
0.000000
0.000000
0.000000
0.000000
0.000000
0.000000
0.000000
0.000000
0.000000
0.000000
0.000000
0.000000
0.000000
0.000000
0.000000
0.000000
0.000000
0.000000
0.000000
0.000000
0.000000
0.000000
0.000000
0.000000
0.000000
0.000000
0.000000
0.000000
0.000000
0.000000
0.000000
0.000000
0.000000
0.000000
0.000000
0.000000
0.000000
0.000000
0.000000
0.000000
0.000000
0.000000
0.000000
0.000000
0.000000
0.000000
0.000000
0.000000
0.000000
0.000000
0.000000
0.000000
0.000000
0.000000
0.000000
0.000000
0.000000
0.000000
0.000000
0.000000
0.000000
0.000000
0.000000
0.000000
0.000000
0.000000
0.000000
0.000000
0.000000
0.000000
0.000000
0.000000
0.000000
0.000000
0.000000
0.000000
0.000000
0.000000
0.000000
0.000000
0.000000
0.000000
0.000000
0.000000
0.000000
0.000000
0.000000
0.000000
0.000000
0.000000
0.000000
0.000000
0.000000
0.000000
0.000000
0.000000
0.000000
0.000000
0.000000
0.000000
0.000000
0.000000
0.000000
0.000000
0.000000
0.000000
0.000000
0.000000
0.000000
0.000000
0.000000
0.000000
0.000000
0.000000
0.000000
0.000000
0.000000
0.000000
0.000000
0.000000
0.000000
0.000000
0.000000
0.000000
0.000000
0.000000
0.000000
0.000000
0.000000
0.000000
0.000000
0.000000
0.000000
0.000000
0.000000
0.000000
0.000000
0.000000
0.000000
0.000000
0.000000
0.000000
0.000000
0.000000
0.000000
0.000000
0.000000
0.000000
0.000000
0.000000
0.000000
0.000000
0.000000
0.000000
0.000000
0.000000
0.000000
0.000000
0.000000
0.000000
0.000000
0.000000
0.000000
0.000000
0.000000
0.000000
0.000000
0.000000
0.000000
0.000000
0.000000
0.000000
0.000000
0.000000
0.000000
0.000000
0.000000
0.000000
0.000000
0.000000
0.000000
0.000000
0.000000
0.000000
0.000000
0.000000
0.000000
0.000000
0.000000
0.000000
0.000000
0.000000
0.000000
0.000000
0.000000
0.000000
0.000000
0.000000
0.000000
0.000000
0.000000
0.000000
0.000000
0.000000
0.000000
0.000000
0.000000
0.000000
0.000000
0.000000
0.000000
0.000000
0.000000
0.000000
0.000000
0.000000
0.000000
0.000000
0.000000
0.000000
0.000000
0.000000
0.000000
0.000000
0.000000
0.000000
0.000000
0.000000
0.000000
0.000000
0.000000
0.000000
0.000000
0.000000
0.000000
0.000000
0.000000
0.000000
0.000000
0.000000
0.000000
0.000000
0.000000
0.000000
0.000000
0.000000
0.000000
0.000000
0.000000
0.000000
0.000000
0.000000
0.000000
0.000000
0.000000
0.000000
0.000000
0.000000
0.000000
0.000000
0.000000
0.000000
0.000000
0.000000
0.000000
0.000000
0.000000
0.000000
0.000000
0.000000
0.000000
0.000000
0.000000
0.000000
0.000000
0.000000
0.000000
0.000000
0.000000
0.000000
0.000000
0.000000
0.000000
0.000000
0.000000
0.000000
0.000000
0.000000
0.000000
0.000000
0.000000
0.000000
0.000000
0.000000
0.000000
0.000000
0.000000
0.000000
0.000000
0.000000
0.000000
0.000000
0.000000
0.000000
0.000000
0.000000
0.000000
0.000000
0.000000
0.000000
0.000000
0.000000
0.000000
0.000000
0.000000
0.000000
0.000000
0.000000
0.000000
0.000000
0.000000
0.000000
0.000000
0.000000
0.000000
0.000000
0.000000
0.000000
0.000000
0.000000
0.000000
0.000000
0.000000
0.000000
0.000000
0.000000
0.000000
0.000000
0.000000
0.000000
0.000000
0.000000
0.000000
0.000000
0.000000
0.000000
0.000000
0.000000
0.000000
0.000000
0.000000
0.000000
0.000000
0.000000
0.000000
0.000000
0.000000
0.000000
0.000000
0.000000
0.000000
0.000000
0.000000
0.000000
0.000000
0.000000
0.000000
0.000000
0.000000
0.000000
0.000000
0.000000
0.000000
0.000000
0.000000
0.000000
0.000000
0.000000
0.000000
0.000000
0.000000
0.000000
0.000000
0.000000
0.000000
0.000000
0.000000
0.000000
0.000000
0.000000
0.000000
0.000000
0.000000
0.000000
0.000000
0.000000
0.000000
0.000000
0.000000
0.000000
0.000000
0.000000
0.000000
0.000000
0.000000
0.000000
0.000000
0.000000
0.000000
0.000000
0.000000
0.000000
0.000000
0.000000
0.000000
0.000000
0.000000
0.000000
0.000000
0.000000
0.000000
0.000000
0.000000
0.000000
0.000000
0.000000
0.000000
0.000000
0.000000
0.000000
0.000000
0.000000
0.000000
0.000000
0.000000
0.000000
0.000000
0.000000
0.000000
0.000000
0.000000
0.000000
0.000000
0.000000
0.000000
0.000000
0.000000
0.000000
0.000000
0.000000
0.000000
0.000000
0.000000
0.000000
0.000000
0.000000
0.000000
0.000000
0.000000
0.000000
0.000000
0.000000
0.000000
0.000000
0.000000
0.000000
0.000000
0.000000
0.000000
0.000000
0.000000
0.000000
0.000000
0.000000
0.000000
0.000000
0.000000
0.000000
0.000000
0.000000
0.000000
0.000000
0.000000
0.000000
0.000000
0.000000
0.000000
0.000000
0.000000
0.000000
0.000000
0.000000
0.000000
0.000000
0.000000
0.000000
0.000000
0.000000
0.000000
0.000000
0.000000
0.000000
0.000000
0.000000
0.000000
0.000000
0.000000
0.000000
0.000000
0.000000
0.000000
0.000000
0.000000
0.000000
0.000000
0.000000
0.000000
0.000000
0.000000
0.000000
0.000000
0.000000
0.000000
0.000000
0.000000
0.000000
0.000000
0.000000
0.000000
0.000000
0.000000
0.000000
0.000000
0.000000
0.000000
0.000000
0.000000
0.000000
0.000000
0.000000
0.000000
0.000000
0.000000
0.000000
0.000000
0.000000
0.000000
0.000000
0.000000
0.000000
0.000000
0.000000
0.000000
0.000000
0.000000
0.000000
0.000000
0.000000
0.000000
0.000000
0.000000
0.000000
0.000000
0.000000
0.000000
0.000000
0.000000
0.000000
0.000000
0.000000
0.000000
0.000000
0.000000
0.000000
0.000000
0.000000
0.000000
0.000000
0.000000
0.000000
0.000000
0.000000
0.000000
0.000000
0.000000
0.000000
0.000000
0.000000
0.000000
0.000000
0.000000
0.000000
0.000000
0.000000
0.000000
0.000000
0.000000
0.000000
0.000000
0.000000
0.000000
0.000000
0.000000
0.000000
0.000000
0.000000
0.000000
0.000000
0.000000
0.000000
0.000000
0.000000
0.000000
0.000000
0.000000
0.000000
0.000000
0.000000
0.000000
0.000000
0.000000
0.000000
0.000000
0.000000
0.000000
0.000000
0.000000
0.000000
0.000000
0.000000
0.000000
0.000000
0.000000
0.000000
0.000000
0.000000
0.000000
0.000000
0.000000
0.000000
0.000000
0.000000
0.000000
0.000000
0.000000
0.000000
0.000000
0.000000
0.000000
0.000000
0.000000
0.000000
0.000000
0.000000
0.000000
0.000000
0.000000
0.000000
0.000000
0.000000
0.000000
0.000000
0.000000
0.000000
0.000000
0.000000
0.000000
0.000000
0.000000
0.000000
0.000000
0.000000
0.000000
0.000000
0.000000
0.000000
0.000000
0.000000
0.000000
0.000000
0.000000
0.000000
0.000000
0.000000
0.000000
0.000000
0.000000
0.000000
0.000000
0.000000
0.000000
0.000000
0.000000
0.000000
0.000000
0.000000
0.000000
0.000000
0.000000
0.000000
0.000000
0.000000
0.000000
0.000000
0.000000
0.000000
0.000000
0.000000
0.000000
0.000000
0.000000
0.000000
0.000000
0.000000
0.000000
0.000000
0.000000
0.000000
0.000000
0.000000
0.000000
0.000000
0.000000
0.000000
0.000000
0.000000
0.000000
0.000000
0.000000
0.000000
0.000000
0.000000
0.000000
0.000000
0.000000
0.000000
0.000000
0.000000
0.000000
0.000000
0.000000
0.000000
0.000000
0.000000
0.000000
0.000000
0.000000
0.000000
0.000000
0.000000
0.000000
0.000000
0.000000
0.000000
0.000000
0.000000
0.000000
0.000000
0.000000
0.000000
0.000000
0.000000
0.000000
0.000000
0.000000
0.000000
0.000000
0.000000
0.000000
0.000000
0.000000
0.000000
0.000000
0.000000
0.000000
0.000000
0.000000
0.000000
0.000000
0.000000
0.000000
0.000000
0.000000
0.000000
0.000000
0.000000
0.000000
0.000000
0.000000
0.000000
0.000000
0.000000
0.000000
0.000000
0.000000
0.000000
0.000000
0.000000
0.000000
0.000000
0.000000
0.000000
0.000000
0.000000
0.000000
0.000000
0.000000
0.000000
0.000000
0.000000
0.000000
0.000000
0.000000
0.000000
0.000000
0.000000
0.000000
0.000000
0.000000
0.000000
0.000000
0.000000
0.000000
0.000000
0.000000
0.000000
0.000000
0.000000
0.000000
0.000000
0.000000
0.000000
0.000000
0.000000
0.000000
0.000000
0.000000
0.000000
0.000000
0.000000
0.000000
0.000000
0.000000
0.000000
0.000000
0.000000
0.000000
0.000000
0.000000
0.000000
0.000000
0.000000
0.000000
0.000000
0.000000
0.000000
0.000000
0.000000
0.000000
0.000000
0.000000
0.000000
0.000000
0.000000
0.000000
0.000000
0.000000
0.000000
0.000000
0.000000
0.000000
0.000000
0.000000
0.000000
0.000000
0.000000
0.000000
0.000000
0.000000
0.000000
0.000000
0.000000
0.000000
0.000000
0.000000
0.000000
0.000000
0.000000
0.000000
0.000000
0.000000
0.000000
0.000000
0.000000
0.000000
0.000000
0.000000
0.000000
0.000000
0.000000
0.000000
0.000000
0.000000
0.000000
0.000000
0.000000
0.000000
0.000000
0.000000
0.000000
0.000000
0.000000
0.000000
0.000000
0.000000
0.000000
0.000000
0.000000
0.000000
0.000000
0.000000
0.000000
0.000000
0.000000
0.000000
0.000000
0.000000
0.000000
0.000000
0.000000
0.000000
0.000000
0.000000
0.000000
0.000000
0.000000
0.000000
0.000000
0.000000
0.000000
0.000000
0.000000
0.000000
0.000000
0.000000
0.000000
0.000000
0.000000
0.000000
0.000000
0.000000
0.000000
0.000000
0.000000
0.000000
0.000000
0.000000
0.000000
0.000000
0.000000
0.000000
0.000000
0.000000
0.000000
0.000000
0.000000
0.000000
0.000000
0.000000
0.000000
0.000000
0.000000
0.000000
0.000000
0.000000
0.000000
0.000000
0.000000
0.000000
0.000000
0.000000
0.000000
0.000000
0.000000
0.000000
0.000000
0.000000
0.000000
0.000000
0.000000
0.000000
0.000000
0.000000
0.000000
0.000000
0.000000
0.000000
0.000000
0.000000
0.000000
0.000000
0.000000
0.000000
0.000000
0.000000
0.000000
0.000000
0.000000
0.000000
0.000000
0.000000
0.000000
0.000000
0.000000
0.000000
0.000000
0.000000
0.000000
0.000000
0.000000
0.000000
0.000000
0.000000
0.000000
0.000000
0.000000
0.000000
0.000000
0.000000
0.000000
0.000000
0.000000
0.000000
0.000000
0.000000
0.000000
0.000000
0.000000
0.000000
0.000000
0.000000
0.000000
0.000000
0.000000
0.000000
0.000000
0.000000
0.000000
0.000000
0.000000
0.000000
0.000000
0.000000
0.000000
0.000000
0.000000
0.000000
0.000000
0.000000
0.000000
0.000000
0.000000
0.000000
0.000000
0.000000
0.000000
0.000000
0.000000
0.000000
0.000000
0.000000
0.000000
0.000000
0.000000
0.000000
0.000000
0.000000
0.000000
0.000000
0.000000
0.000000
0.000000
0.000000
0.000000
0.000000
0.000000
0.000000
0.000000
0.000000
0.000000
0.000000
0.000000
0.000000
0.000000
0.000000
0.000000
0.000000
0.000000
0.000000
0.000000
0.000000
0.000000
0.000000
0.000000
0.000000
0.000000
0.000000
0.000000
0.000000
0.000000
0.000000
0.000000
0.000000
0.000000
0.000000
0.000000
0.000000
0.000000
0.000000
0.000000
0.000000
0.000000
0.000000
0.000000
0.000000
0.000000
0.000000
0.000000
0.000000
0.000000
0.000000
0.000000
0.000000
0.000000
0.000000
0.000000
0.000000
0.000000
0.000000
0.000000
0.000000
0.000000
0.000000
0.000000
0.000000
0.000000
0.000000
0.000000
0.000000
0.000000
0.000000
0.000000
0.000000
0.000000
0.000000
0.000000
0.000000
0.000000
0.000000
0.000000
0.000000
0.000000
0.000000
0.000000
0.000000
0.000000
0.000000
0.000000
0.000000
0.000000
0.000000
0.000000
0.000000
0.000000
0.000000
0.000000
0.000000
0.000000
0.000000
0.000000
0.000000
0.000000
0.000000
0.000000
0.000000
0.000000
0.000000
0.000000
0.000000
0.000000
0.000000
0.000000
0.000000
0.000000
0.000000
0.000000
0.000000
0.000000
0.000000
0.000000
0.000000
0.000000
0.000000
0.000000
0.000000
0.000000
0.000000
0.000000
0.000000
0.000000
0.000000
0.000000
0.000000
0.000000
0.000000
0.000000
0.000000
0.000000
0.000000
0.000000
0.000000
0.000000
0.000000
0.000000
0.000000
0.000000
0.000000
0.000000
0.000000
0.000000
0.000000
0.000000
0.000000
0.000000
0.000000
0.000000
0.000000
0.000000
0.000000
0.000000
0.000000
0.000000
0.000000
0.000000
0.000000
0.000000
0.000000
0.000000
0.000000
0.000000
0.000000
0.000000
0.000000
0.000000
0.000000
0.000000
0.000000
0.000000
0.000000
0.000000
0.000000
0.000000
0.000000
0.000000
0.000000
0.000000
0.000000
0.000000
0.000000
0.000000
0.000000
0.000000
0.000000
0.000000
0.000000
0.000000
0.000000
0.000000
0.000000
0.000000
0.000000
0.000000
0.000000
0.000000
0.000000
0.000000
0.000000
0.000000
0.000000
0.000000
0.000000
0.000000
0.000000
0.000000
0.000000
0.000000
0.000000
0.000000
0.000000
0.000000
0.000000
0.000000
0.000000
0.000000
0.000000
0.000000
0.000000
0.000000
0.000000
0.000000
0.000000
0.000000
0.000000
0.000000
0.000000
0.000000
0.000000
0.000000
0.000000
0.000000
0.000000
0.000000
0.000000
0.000000
0.000000
0.000000
0.000000
0.000000
0.000000
0.000000
0.000000
0.000000
0.000000
0.000000
0.000000
0.000000
0.000000
0.000000
0.000000
0.000000
0.000000
0.000000
0.000000
0.000000
0.000000
0.000000
0.000000
0.000000
0.000000
0.000000
0.000000
0.000000
0.000000
0.000000
0.000000
0.000000
0.000000
0.000000
0.000000
0.000000
0.000000
0.000000
0.000000
0.000000
0.000000
0.000000
0.000000
0.000000
0.000000
0.000000
0.000000
0.000000
0.000000
0.000000
0.000000
0.000000
0.000000
0.000000
0.000000
0.000000
0.000000
0.000000
0.000000
0.000000
0.000000
0.000000
0.000000
0.000000
0.000000
0.000000
0.000000
0.000000
0.000000
0.000000
0.000000
0.000000
0.000000
0.000000
0.000000
0.000000
0.000000
0.000000
0.000000
0.000000
0.000000
0.000000
0.000000
0.000000
0.000000
0.000000
0.000000
0.000000
0.000000
0.000000
0.000000
0.000000
0.000000
0.000000
0.000000
0.000000
0.000000
0.000000
0.000000
0.000000
0.000000
0.000000
0.000000
0.000000
0.000000
0.000000
0.000000
0.000000
0.000000
0.000000
0.000000
0.000000
0.000000
0.000000
0.000000
0.000000
0.000000
0.000000
0.000000
0.000000
0.000000
0.000000
0.000000
0.000000
0.000000
0.000000
0.000000
0.000000
0.000000
0.000000
0.000000
0.000000
0.000000
0.000000
0.000000
0.000000
0.000000
0.000000
0.000000
0.000000
0.000000
0.000000
0.000000
0.000000
0.000000
0.000000
0.000000
0.000000
0.000000
0.000000
0.000000
0.000000
0.000000
0.000000
0.000000
0.000000
0.000000
0.000000
0.000000
0.000000
0.000000
0.000000
0.000000
0.000000
0.000000
0.000000
0.000000
0.000000
0.000000
0.000000
0.000000
0.000000
0.000000
0.000000
0.000000
0.000000
0.000000
0.000000
0.000000
0.000000
0.000000
0.000000
0.000000
0.000000
0.000000
0.000000
0.000000
0.000000
0.000000
0.000000
0.000000
0.000000
0.000000
0.000000
0.000000
0.000000
0.000000
0.000000
0.000000
0.000000
0.000000
0.000000
0.000000
0.000000
0.000000
0.000000
0.000000
0.000000
0.000000
0.000000
0.000000
0.000000
0.000000
0.000000
0.000000
0.000000
0.000000
0.000000
0.000000
0.000000
0.000000
0.000000
0.000000
0.000000
0.000000
0.000000
0.000000
0.000000
0.000000
0.000000
0.000000
0.000000
0.000000
0.000000
0.000000
0.000000
0.000000
0.000000
0.000000
0.000000
0.000000
0.000000
0.000000
0.000000
0.000000
0.000000
0.000000
0.000000
0.000000
0.000000
0.000000
0.000000
0.000000
0.000000
0.000000
0.000000
0.000000
0.000000
0.000000
0.000000
0.000000
0.000000
0.000000
0.000000
0.000000
0.000000
0.000000
0.000000
0.000000
0.000000
0.000000
0.000000
0.000000
0.000000
0.000000
0.000000
0.000000
0.000000
0.000000
0.000000
0.000000
0.000000
0.000000
0.000000
0.000000
0.000000
0.000000
0.000000
0.000000
0.000000
0.000000
0.000000
0.000000
0.000000
0.000000
0.000000
0.000000
0.000000
0.000000
0.000000
0.000000
0.000000
0.000000
0.000000
0.000000
0.000000
0.000000
0.000000
0.000000
0.000000
0.000000
0.000000
0.000000
0.000000
0.000000
0.000000
0.000000
0.000000
0.000000
0.000000
0.000000
0.000000
0.000000
0.000000
0.000000
0.000000
0.000000
0.000000
0.000000
0.000000
0.000000
0.000000
0.000000
0.000000
0.000000
0.000000
0.000000
0.000000
0.000000
0.000000
0.000000
0.000000
0.000000
0.000000
0.000000
0.000000
0.000000
0.000000
0.000000
0.000000
0.000000
0.000000
0.000000
0.000000
0.000000
0.000000
0.000000
0.000000
0.000000
0.000000
0.000000
0.000000
0.000000
0.000000
0.000000
0.000000
0.000000
0.000000
0.000000
0.000000
0.000000
0.000000
0.000000
0.000000
0.000000
0.000000
0.000000
0.000000
0.000000
0.000000
0.000000
0.000000
0.000000
0.000000
0.000000
0.000000
0.000000
0.000000
0.000000
0.000000
0.000000
0.000000
0.000000
0.000000
0.000000
0.000000
0.000000
0.000000
0.000000
0.000000
0.000000
0.000000
0.000000
0.000000
0.000000
0.000000
0.000000
0.000000
0.000000
0.000000
0.000000
0.000000
0.000000
0.000000
0.000000
0.000000
0.000000
0.000000
0.000000
0.000000
0.000000
0.000000
0.000000
0.000000
0.000000
0.000000
0.000000
0.000000
0.000000
0.000000
0.000000
0.000000
0.000000
0.000000
0.000000
0.000000
0.000000
0.000000
0.000000
0.000000
0.000000
0.000000
0.000000
0.000000
0.000000
0.000000
0.000000
0.000000
0.000000
0.000000
0.000000
0.000000
0.000000
0.000000
0.000000
0.000000
0.000000
0.000000
0.000000
0.000000
0.000000
0.000000
0.000000
0.000000
0.000000
0.000000
0.000000
0.000000
0.000000
0.000000
0.000000
0.000000
0.000000
0.000000
0.000000
0.000000
0.000000
0.000000
0.000000
0.000000
0.000000
0.000000
0.000000
0.000000
0.000000
0.000000
0.000000
0.000000
0.000000
0.000000
0.000000
0.000000
0.000000
0.000000
0.000000
0.000000
0.000000
0.000000
0.000000
0.000000
0.000000
0.000000
0.000000
0.000000
0.000000
0.000000
0.000000
0.000000
0.000000
0.000000
0.000000
0.000000
0.000000
0.000000
0.000000
0.000000
0.000000
0.000000
0.000000
0.000000
0.000000
0.000000
0.000000
0.000000
0.000000
0.000000
0.000000
0.000000
0.000000
0.000000
0.000000
0.000000
0.000000
0.000000
0.000000
0.000000
0.000000
0.000000
0.000000
0.000000
0.000000
0.000000
0.000000
0.000000
0.000000
0.000000
0.000000
0.000000
0.000000
0.000000
0.000000
0.000000
0.000000
0.000000
0.000000
0.000000
0.000000
0.000000
0.000000
0.000000
0.000000
0.000000
0.000000
0.000000
0.000000
0.000000
0.000000
0.000000
0.000000
0.000000
0.000000
0.000000
0.000000
0.000000
0.000000
0.000000
0.000000
0.000000
0.000000
0.000000
0.000000
0.000000
0.000000
0.000000
0.000000
0.000000
0.000000
0.000000
0.000000
0.000000
0.000000
0.000000
0.000000
0.000000
0.000000
0.000000
0.000000
0.000000
0.000000
0.000000
0.000000
0.000000
0.000000
0.000000
0.000000
0.000000
0.000000
0.000000
0.000000
0.000000
0.000000
0.000000
0.000000
0.000000
0.000000
0.000000
0.000000
0.000000
0.000000
0.000000
0.000000
0.000000
0.000000
0.000000
0.000000
0.000000
0.000000
0.000000
0.000000
0.000000
0.000000
0.000000
0.000000
0.000000
0.000000
0.000000
0.000000
0.000000
0.000000
0.000000
0.000000
0.000000
0.000000
0.000000
0.000000
0.000000
0.000000
0.000000
0.000000
0.000000
0.000000
0.000000
0.000000
0.000000
0.000000
0.000000
0.000000
0.000000
0.000000
0.000000
0.000000
0.000000
0.000000
0.000000
0.000000
0.000000
0.000000
0.000000
0.000000
0.000000
0.000000
0.000000
0.000000
0.000000
0.000000
0.000000
0.000000
0.000000
0.000000
0.000000
0.000000
0.000000
0.000000
0.000000
0.000000
0.000000
0.000000
0.000000
0.000000
0.000000
0.000000
0.000000
0.000000
0.000000
0.000000
0.000000
0.000000
0.000000
0.000000
0.000000
0.000000
0.000000
0.000000
0.000000
0.000000
0.000000
0.000000
0.000000
0.000000
0.000000
0.000000
0.000000
0.000000
0.000000
0.000000
0.000000
0.000000
0.000000
0.000000
0.000000
0.000000
0.000000
0.000000
0.000000
0.000000
0.000000
0.000000
0.000000
0.000000
0.000000
0.000000
0.000000
0.000000
0.000000
0.000000
0.000000
0.000000
0.000000
0.000000
0.000000
0.000000
0.000000
0.000000
0.000000
0.000000
0.000000
0.000000
0.000000
0.000000
0.000000
0.000000
0.000000
0.000000
0.000000
0.000000
0.000000
0.000000
0.000000
0.000000
0.000000
0.000000
0.000000
0.000000
0.000000
0.000000
0.000000
0.000000
0.000000
0.000000
0.000000
0.000000
0.000000
0.000000
0.000000
0.000000
0.000000
0.000000
0.000000
0.000000
0.000000
0.000000
0.000000
0.000000
0.000000
0.000000
0.000000
0.000000
0.000000
0.000000
0.000000
0.000000
0.000000
0.000000
0.000000
0.000000
0.000000
0.000000
0.000000
0.000000
0.000000
0.000000
0.000000
0.000000
0.000000
0.000000
0.000000
0.000000
0.000000
0.000000
0.000000
0.000000
0.000000
0.000000
0.000000
0.000000
0.000000
0.000000
0.000000
0.000000
0.000000
0.000000
0.000000
0.000000
0.000000
0.000000
0.000000
0.000000
0.000000
0.000000
0.000000
0.000000
0.000000
0.000000
0.000000
0.000000
0.000000
0.000000
0.000000
0.000000
0.000000
0.000000
0.000000
0.000000
0.000000
0.000000
0.000000
0.000000
0.000000
0.000000
0.000000
0.000000
0.000000
0.000000
0.000000
0.000000
0.000000
0.000000
0.000000
0.000000
0.000000
0.000000
0.000000
0.000000
0.000000
0.000000
0.000000
0.000000
0.000000
0.000000
0.000000
0.000000
0.000000
0.000000
0.000000
0.000000
0.000000
0.000000
0.000000
0.000000
0.000000
0.000000
0.000000
0.000000
0.000000
0.000000
0.000000
0.000000
0.000000
0.000000
0.000000
0.000000
0.000000
0.000000
0.000000
0.000000
0.000000
0.000000
0.000000
0.000000
0.000000
0.000000
0.000000
0.000000
0.000000
0.000000
0.000000
0.000000
0.000000
0.000000
0.000000
0.000000
0.000000
0.000000
0.000000
0.000000
0.000000
0.000000
0.000000
0.000000
0.000000
0.000000
0.000000
0.000000
0.000000
0.000000
0.000000
0.000000
0.000000
0.000000
0.000000
0.000000
0.000000
0.000000
0.000000
0.000000
0.000000
0.000000
0.000000
0.000000
0.000000
0.000000
0.000000
0.000000
0.000000
0.000000
0.000000
0.000000
0.000000
0.000000
0.000000
0.000000
0.000000
0.000000
0.000000
0.000000
0.000000
0.000000
0.000000
0.000000
0.000000
0.000000
0.000000
0.000000
0.000000
0.000000
0.000000
0.000000
0.000000
0.000000
0.000000
0.000000
0.000000
0.000000
0.000000
0.000000
0.000000
0.000000
0.000000
0.000000
0.000000
0.000000
0.000000
0.000000
