10.693455
10.827381
10.770635
10.769127
10.803338
10.844341
10.863248
10.849302
10.807144
10.762754
10.725896
10.739388
10.743758
10.793447
10.794714
10.738510
10.694516
10.724864
10.718414
10.771725
10.803306
10.779134
10.744474
10.712194
10.711487
10.734116
10.799411
10.761651
10.725796
10.692811
10.720619
10.735813
10.779370
10.774439
10.764844
10.711632
10.715824
10.712802
10.755087
10.809654
10.767218
10.723411
10.711497
10.729877
10.725307
10.769411
10.785718
10.722377
10.684422
10.710903
10.732173
10.850313
10.851139
10.844141
10.809755
10.799660
10.768279
10.767195
10.757261
10.723663
10.663166
10.632218
10.654143
10.679116
10.757430
10.775380
10.749939
10.694027
10.703176
10.691231
10.911788
10.730018
10.738444
10.675777
10.618992
10.687242
10.661126
10.774309
10.949269
10.710483
10.010902
10.814199
10.563387
10.264487
10.928249
10.681668
10.371566
10.829350
10.471745
10.421450
10.463188
10.570687
10.829778
10.941809
10.008154
10.069065
10.090685
10.033564
10.962337
10.972769
10.832151
10.962179
10.787231
10.850574
10.583305
10.497279
10.556185
10.491868
10.558824
10.597041
10.583744
10.691059
10.748533
10.682374
10.645773
10.740692
10.805169
10.791764
10.793179
10.807415
10.753874
10.787866
10.879467
10.828136
10.793633
10.795639
10.730110
10.719323
10.815296
10.825146
10.780526
10.765850
10.728398
10.672345
10.751410
10.833935
10.796823
10.793611
10.807088
10.754650
10.744629
10.858838
10.949860
10.059256
10.881421
10.813179
10.795764
10.806023
10.875252
10.784799
10.743323
10.720931
10.694567
10.661555
10.709376
10.816584
10.839861
10.796556
10.728369
10.803164
10.812659
10.775675
10.712828
10.653422
10.638123
10.679283
10.748432
10.760152
10.666774
10.713026
10.801486
10.773414
10.757735
10.758228
10.721739
10.715316
10.787139
10.780004
10.749345
10.732250
10.719517
10.709435
10.765623
10.811151
10.802540
10.740734
10.699872
10.708008
10.718443
10.787930
10.795738
10.761458
10.695315
10.686819
10.691010
10.750889
10.788960
10.767621
10.731331
10.694014
10.700907
10.738030
10.788643
10.786181
10.718822
10.707785
10.736980
10.769453
10.809480
10.859303
10.777802
10.714809
10.723525
10.782221
10.726092
10.789768
10.767779
10.794415
10.781718
10.762365
10.752402
10.719501
10.653218
10.782169
10.818918
10.788761
10.744508
10.710028
10.715318
10.775482
10.813298
10.818396
10.748022
10.694763
10.770697
10.793939
10.784917
10.712443
10.665635
10.677976
10.771069
10.820819
10.905395
10.792419
10.765548
10.805459
10.778929
10.746926
10.718829
10.846794
10.838364
10.770432
10.730099
10.701478
10.803077
10.865734
10.813686
10.733816
10.691670
10.728456
10.744601
10.700230
10.628171
10.530489
10.616000
10.615117
10.632005
10.666156
10.656990
10.638520
10.654347
10.705883
10.812120
10.743586
10.916696
10.133335
10.735521
10.720214
10.566462
10.509453
10.515722
10.639863
10.765882
10.811110
10.879337
10.873533
10.802938
10.755825
10.747274
10.746080
10.802442
10.868649
10.824172
10.797240
10.804082
10.864935
10.826243
10.759908
10.774905
10.845765
10.799618
10.771483
10.709779
10.806172
10.876663
10.789474
10.769771
10.624422
10.637836
10.676374
10.700087
10.701822
10.632843
10.792149
10.783693
10.691732
10.636489
10.625015
10.592157
10.714750
10.782218
10.808325
10.761693
10.712409
10.746236
10.753053
10.722630
10.808866
10.776413
10.709913
10.810192
10.757099
10.713082
10.555737
10.542358
10.569088
10.664099
10.777309
10.797852
10.819533
10.813372
10.826704
10.887856
10.875732
10.819637
10.803447
10.800036
10.873038
10.870102
10.837520
10.807107
10.723322
10.724941
10.722414
10.709052
10.690824
10.724872
10.767142
10.793267
10.815207
10.748826
10.682694
10.709692
10.696927
10.683084
10.701891
10.669755
10.736180
10.806714
10.825647
10.791464
10.777023
10.739488
10.781972
10.790581
10.833698
10.749899
10.654428
10.730132
10.782153
10.793711
10.712743
10.693893
10.754199
10.749070
10.823257
10.800163
10.752992
10.749116
10.771751
10.803590
10.794239
10.701496
10.778153
10.805420
10.737401
10.687893
10.701506
10.653771
10.726677
10.792647
10.812912
10.793041
10.720901
10.793635
10.792515
10.789536
10.781928
10.755400
10.791776
10.795213
10.733145
10.802248
10.727828
10.745886
10.752350
10.728994
10.780736
10.772431
10.734738
10.735710
10.717841
10.782948
10.756333
10.753233
10.784512
10.803720
10.766729
10.665878
10.654683
10.679155
10.713608
10.776092
10.739703
10.758864
10.769700
10.720976
10.744470
10.677245
10.645670
10.723384
10.725872
10.758230
10.786828
10.733033
10.805570
10.747734
10.828485
10.843206
10.819171
10.798824
10.765151
10.706269
10.637854
10.621989
10.676616
10.741793
10.793391
10.791231
10.768006
10.782063
10.835307
10.803280
10.759468
10.683587
10.711305
10.718596
10.678502
10.665924
10.687071
10.704775
10.700243
10.749392
10.785718
10.735741
10.758544
10.761362
10.791885
10.779420
10.743661
10.953485
10.873355
10.841388
10.832658
10.707128
10.749826
10.671289
10.596023
10.612658
10.692025
10.729804
10.707559
10.779142
10.831241
10.811934
10.773796
10.713265
10.725815
10.823404
10.933170
10.968884
10.973265
10.938166
10.885760
10.634837
10.590518
10.898825
10.500581
10.596413
10.449248
10.583471
10.619414
10.675116
10.633171
10.629536
10.780695
10.762401
10.738986
10.748166
10.785782
10.702092
10.727939
10.661254
10.670242
10.524588
10.492495
10.523813
10.590598
10.656586
10.720669
10.839717
10.849440
10.881072
10.906157
10.845440
10.810780
10.863574
10.848871
10.779362
10.803347
10.775563
10.715560
10.734133
10.764782
10.713588
10.771879
10.795412
10.749683
10.725529
10.768141
10.779317
10.856076
10.846699
10.800270
10.743537
10.726377
10.741313
10.833465
10.808165
10.738642
10.739302
10.693015
10.692308
10.782338
10.821218
10.754403
10.722974
10.691694
10.671712
10.746987
10.781713
10.758505
10.719298
10.661876
10.643736
10.659238
10.706387
10.714281
10.727920
10.653872
10.633727
10.661880
10.628512
10.615959
10.671704
10.634337
10.641098
10.729343
10.759887
10.746424
10.788985
10.808752
10.846298
10.920072
10.888885
10.824182
10.778067
10.784055
10.813213
10.899988
10.838955
10.776716
10.772455
10.713446
10.776581
10.832792
10.809229
10.771798
10.747809
10.683735
10.706127
10.792849
10.824137
10.820043
10.790273
10.703846
10.725985
10.755604
10.738893
10.765250
10.759661
10.698818
10.725927
10.766741
10.713236
10.707218
10.764384
10.727680
10.777752
10.810123
10.760773
10.723967
10.760076
10.762956
10.807903
10.840477
10.786232
10.728973
10.723296
10.726967
10.790942
10.821726
10.771783
10.742681
10.727702
10.716662
10.772526
10.791342
10.735178
10.711897
10.687091
10.672695
10.708656
10.769309
10.798006
10.808536
10.741392
10.694628
10.728203
10.730981
10.729388
10.759369
10.729322
10.733765
10.774435
10.754231
10.720975
10.762905
10.787438
10.867850
10.870781
10.857934
10.831389
10.652687
10.601455
10.788202
10.746434
10.689450
10.696725
10.502028
10.495145
10.616462
10.664268
10.688124
10.714146
10.716176
10.721351
10.778492
10.798208
10.814774
10.840204
10.786351
10.732402
10.765436
10.768622
10.752565
10.810866
10.821089
10.780707
10.796583
10.803518
10.772198
10.782593
10.788883
10.757267
10.798188
10.809692
10.747472
10.720158
10.757161
10.758411
10.807300
10.815744
10.765701
10.701422
10.690428
10.712802
10.803292
10.797040
10.746137
10.751105
10.709450
10.712923
10.781755
10.795672
10.746210
10.722585
10.712680
10.713749
10.773647
10.771391
10.784377
10.794020
10.750374
10.722264
10.730950
10.741599
10.735837
10.765852
10.716098
10.719117
10.757360
10.752805
10.733109
10.742555
10.725453
10.751379
10.785541
10.763840
10.701155
10.714287
10.712497
10.773759
10.834199
10.796386
10.767554
10.741739
10.713122
10.797091
10.838733
10.787623
10.739755
10.739889
10.673320
10.753364
10.810324
10.786286
10.757321
10.702084
10.664649
10.705538
10.765991
10.778689
10.795167
10.754331
10.719621
10.751541
10.743097
10.738955
10.768665
10.740538
10.714710
10.775459
10.787011
10.717026
10.755551
10.800202
10.905169
10.892069
10.798282
10.721284
10.765504
10.896840
10.750766
10.810377
10.564375
10.689993
10.608785
10.601085
10.640899
10.788593
10.851573
10.806098
10.690475
10.626701
10.808773
10.693129
10.813510
10.770567
10.627697
10.547866
10.582013
10.579902
10.681641
10.652121
10.785192
10.753234
10.814724
10.864413
10.793710
10.836429
10.844134
10.784725
10.737451
10.804455
10.770909
10.765106
10.845457
10.817217
10.777658
10.801644
10.823241
10.748859
10.801552
10.791071
10.753855
10.738912
10.739732
10.744949
10.715314
10.699905
10.753012
10.777022
10.719435
10.777715
10.803190
10.741991
10.766971
10.824344
10.808634
10.772518
10.738809
10.724516
10.773105
10.797164
10.818745
10.799031
10.739891
10.704159
10.765099
10.738564
10.695921
10.743542
10.716735
10.714050
10.729535
10.789246
10.772655
10.716480
10.724605
10.754421
10.799788
10.767895
10.737844
10.718063
10.709344
10.765714
10.806314
10.756365
10.708673
10.703948
10.716555
10.718325
10.750936
10.775887
10.770972
10.715439
10.702917
10.755396
10.707705
10.731418
10.785816
10.742000
10.695835
10.761963
10.804780
10.750824
10.687731
10.617696
10.613436
10.645488
10.679521
10.741978
10.842520
10.883912
10.851482
10.692824
10.654127
10.689580
10.701101
10.678831
10.669359
10.736007
10.770506
10.783316
10.740081
10.752281
10.792941
10.791698
10.863478
10.858798
10.814421
10.753736
10.810735
10.818269
10.771201
10.792806
10.743223
10.728487
10.738475
10.756322
10.780030
10.719166
10.743255
10.787074
10.805516
10.784376
10.768753
10.756865
10.676461
10.730901
10.823773
10.803830
10.752535
10.710674
10.736030
10.733273
10.742040
10.800791
10.772411
10.716466
10.705570
10.791499
10.776747
10.743672
10.749310
10.713447
10.724697
10.746065
10.743499
10.746372
10.694173
10.738382
10.756509
10.790760
10.738729
10.766332
10.737499
10.712820
10.776406
10.792454
10.771422
10.762198
10.742523
10.747976
10.744520
10.797976
10.830234
10.783568
10.718205
10.709281
10.762363
10.699721
10.721617
10.764386
10.722047
10.736331
10.744000
10.763291
10.726562
10.696531
10.733737
10.753233
10.792867
10.792449
10.791080
10.701274
10.706197
10.773649
10.789263
10.729646
10.705341
10.708447
10.723150
10.736776
10.784569
10.748990
10.718616
10.701818
10.760044
10.827828
10.905246
10.017400
10.864869
10.794829
10.764005
10.818069
10.667533
10.718965
10.721603
10.648866
10.572458
10.643553
10.768732
10.783011
10.824545
10.850542
10.854252
10.791808
10.816505
10.765521
10.682607
10.598938
10.561156
10.468819
10.549143
10.525935
10.570152
10.619928
10.660887
10.724511
10.744223
10.756332
10.829037
10.866852
10.791493
10.749567
10.736563
10.695947
10.772321
10.831278
10.766731
10.739125
10.760009
10.701269
10.756665
10.842279
10.880898
10.881065
10.821461
10.766375
10.797898
10.788330
10.796756
10.792963
10.775720
10.821767
10.822633
10.788430
10.718365
10.669471
10.707572
10.749729
10.759056
10.724558
10.712719
10.700839
10.715985
10.767804
10.778031
10.775076
10.762335
10.735675
10.752351
10.774058
10.759314
10.727687
10.730581
10.784898
10.810553
10.774288
10.715165
10.659660
10.712280
10.758734
10.796491
10.791747
10.768615
10.734390
10.756620
10.718777
10.775867
10.761539
10.707078
10.713713
10.743384
10.739810
10.756350
10.715729
10.690499
10.739391
10.791321
10.762690
10.721419
10.717384
10.676344
10.760692
10.816489
10.919687
10.880540
10.810337
10.778958
10.751583
10.734907
10.707169
10.683173
10.687089
10.739042
10.760077
10.723361
10.677258
10.687106
10.762108
10.835530
10.803455
10.773529
10.745969
10.757460
10.763437
10.763076
10.755050
10.794138
10.727525
10.741219
10.770546
10.775999
10.717420
10.714934
10.719204
10.782696
10.793975
10.742066
10.701380
10.713054
10.840478
10.867403
10.858752
10.852416
10.818964
10.059298
10.778138
10.921292
10.698985
10.654448
10.555822
10.708728
10.665815
10.631375
10.566952
10.586863
10.593860
10.623492
10.695369
10.673252
10.711278
10.806364
10.032760
10.916633
10.936707
10.683549
10.575159
10.619547
10.642790
10.676663
10.747920
10.735284
10.719913
10.721622
10.773418
10.820907
10.825249
10.647800
10.509418
10.646508
10.812886
10.887873
10.849064
10.833037
10.851616
10.899893
10.908774
10.908247
10.906325
10.920616
10.840925
10.737327
10.682192
10.679976
10.601061
10.651102
10.621301
10.642938
10.586527
10.612326
10.671587
10.737395
10.693009
10.779500
10.739487
10.792846
10.794359
10.753106
10.794944
10.820929
10.769980
10.766414
10.754021
10.729765
10.706466
10.752191
10.780112
10.755274
10.712103
10.714432
10.721851
10.727621
10.788686
10.767471
10.745702
10.711854
10.749434
10.715220
10.747733
10.799800
10.867909
10.757378
10.859849
10.815711
10.880328
10.903213
10.808429
10.788981
10.766352
10.773974
10.758726
10.779281
10.734949
10.696572
10.646998
10.678211
10.657768
10.671735
10.731909
10.702635
10.657484
10.661452
10.723407
10.731858
10.780880
10.776253
10.741235
10.680117
10.777095
10.782726
10.822746
10.835213
10.796329
10.792206
10.878737
10.785799
10.945210
10.672714
10.793728
10.596899
10.614446
10.655153
10.737960
10.761162
10.711764
10.763667
10.696507
10.774182
10.576795
10.556959
10.544361
10.567183
10.493803
10.607406
10.568920
10.029540
10.960246
10.789871
10.750192
10.781427
10.973377
10.918287
10.814102
10.859776
10.876778
10.963281
10.919300
10.047712
10.869709
10.784315
10.850895
10.575320
10.518931
10.512064
10.556088
10.614010
10.612033
10.652186
10.727665
10.731861
10.728421
10.723282
10.735264
10.723808
10.790374
10.827180
10.793597
10.728069
10.701956
10.725616
10.743864
10.815042
10.794209
10.764608
10.720181
10.717379
10.694177
10.744651
10.790971
10.752885
10.699608
10.691102
10.679958
10.702752
10.775769
10.777294
10.746729
10.808505
10.799900
10.914591
10.975204
10.891438
10.819106
10.831740
10.816598
10.829121
10.112994
10.802630
10.724874
10.616962
10.653810
10.749539
10.771289
10.763710
10.810177
10.847488
10.860767
10.867311
10.823940
10.819462
10.751295
10.713117
10.687715
10.713511
10.594051
10.603571
10.538780
10.546144
10.521274
10.648515
10.634480
10.657143
10.653061
10.731688
10.814323
10.904805
10.852214
10.759474
10.774099
10.780315
10.800223
10.693828
10.855732
10.821859
10.817697
10.861319
10.853062
10.890922
10.831190
10.806409
10.851865
10.821766
10.768712
10.793706
10.568830
10.273117
10.184139
10.631442
10.589187
10.596662
10.678740
10.796871
10.038095
10.842147
10.631516
10.662666
10.776622
10.801120
10.808346
10.855928
10.901660
10.885768
10.790895
10.793366
10.793603
10.742413
10.668282
10.644219
10.652876
10.647425
10.682250
10.722600
10.741547
10.739617
10.664927
10.724983
10.642274
10.628434
10.637170
10.650244
10.726734
10.724284
10.783924
10.875058
10.910461
10.944378
10.924606
10.897994
10.823659
10.847232
10.798176
10.730222
10.647354
10.697899
10.705131
10.748772
10.638759
10.588461
10.719660
10.730369
10.744970
10.719833
10.726416
10.702538
10.686149
10.627722
10.582136
10.605207
10.678091
10.703794
10.743453
10.841722
10.947039
10.670569
10.671701
10.706041
10.740232
10.727689
10.790378
10.867287
10.758918
10.654588
10.876513
10.736979
10.595612
10.624598
10.864843
10.657326
10.688648
10.646693
10.581209
10.705470
10.654910
10.767848
10.802358
10.749971
10.729618
10.913002
10.139781
10.790655
11.020450
10.144059
10.683954
10.570704
10.367920
10.389493
10.446665
10.582467
10.825015
10.866046
10.986857
10.966730
10.025915
10.979977
10.958446
10.827662
10.648717
10.620098
10.692904
10.722921
10.806881
10.835421
10.847800
10.733130
10.749863
10.767808
10.711456
10.627911
10.710573
10.794878
10.743096
10.655912
10.606200
10.698651
10.676003
10.800200
10.742634
10.718075
10.552611
10.554665
10.775166
10.654188
10.779930
10.880745
10.659693
10.556030
10.600863
10.679486
10.902149
10.919679
10.926793
10.810851
10.843477
10.866927
10.912081
10.737512
10.726778
10.777968
10.787083
10.998114
10.770771
10.535309
10.527761
10.420990
10.580776
10.671096
10.683378
10.699383
10.702423
10.751716
10.773935
10.875056
10.031425
10.907439
10.082406
10.901202
10.802942
10.657287
10.732457
10.685102
10.800308
10.552276
10.561193
10.616163
10.697320
10.573470
10.692891
10.729913
10.754010
10.701671
10.671412
10.736048
10.778049
10.808783
10.754588
10.745452
10.766623
10.817567
10.837060
10.761557
10.735743
10.729799
10.701500
10.769690
10.808089
10.759676
10.740455
10.752921
10.712382
10.768924
10.838077
10.792140
10.755085
10.743144
10.715800
10.720084
10.791340
10.805107
10.744704
10.758945
10.747034
10.672245
10.801695
10.917621
10.842506
10.815609
10.859565
10.815403
10.909187
10.831528
10.706287
10.705503
10.674536
10.626224
10.603823
10.718154
10.777154
10.732417
10.750758
10.742117
10.672924
10.742038
10.814844
10.769855
10.737944
10.751556
10.684912
10.696594
10.795863
10.810744
10.763597
10.798095
10.759982
10.726070
10.801650
10.821104
10.786710
10.752011
10.743447
10.709788
10.737455
10.790364
10.783538
10.729378
10.759729
10.732094
10.721045
10.777328
10.814090
10.751524
10.796856
10.798393
10.739011
10.817556
10.831663
10.786122
10.694473
10.674810
10.610295
10.630590
10.723627
10.719555
10.688145
10.718440
10.703052
10.677933
10.748623
10.801166
10.762948
10.788797
10.774645
10.687054
10.720029
10.833759
10.829418
10.743658
10.748949
10.723456
10.678349
10.762533
10.795988
10.737149
10.772710
10.757551
10.684672
10.741843
10.814715
10.767870
10.741311
10.708497
10.620915
10.628058
10.713074
10.727055
10.682213
10.690437
10.684161
10.655122
10.745181
10.815543
10.789562
10.798498
10.827552
10.749835
10.770658
10.852077
10.873466
10.860782
10.841092
10.822195
10.853605
10.043198
10.890591
10.621092
10.690218
10.657740
10.671780
10.728422
10.832837
10.966892
10.785854
10.743899
10.721786
10.777387
10.613197
10.662456
10.649597
10.656015
10.532588
10.551958
10.699220
10.608700
10.647642
10.593712
10.637134
10.563736
10.696741
10.655251
10.976961
10.867604
10.885863
10.639935
10.579629
10.586390
10.694680
10.918141
10.980085
10.983013
10.924069
10.015591
10.932400
10.829779
10.666017
10.662569
10.710121
10.808616
10.752821
10.779095
10.765992
10.755192
10.728503
10.853222
10.921124
10.859344
10.767053
10.758566
10.741058
10.787256
10.693274
10.661697
10.697178
10.668756
10.667624
10.732149
10.806937
10.811375
10.789045
10.912414
10.870243
10.836321
10.654476
10.684410
10.732697
10.686954
10.684130
10.740126
10.717524
10.642828
10.685845
10.712587
10.776361
10.625296
10.612947
10.687232
10.660542
10.611364
10.610916
10.621964
10.544630
10.776830
10.863090
10.752028
10.740802
10.740103
10.824566
10.902755
10.862183
10.806655
10.787375
10.731981
10.764809
10.836926
10.820082
10.737004
10.725939
10.678018
10.717356
10.784595
10.782811
10.739416
10.764648
10.724096
10.692445
10.782329
10.831474
10.791439
10.798983
10.768922
10.687645
10.747996
10.811147
10.784146
10.748197
10.788844
10.785090
10.750536
10.847967
10.834017
10.867300
10.907528
10.821935
10.768352
10.786314
10.794551
10.735782
10.714833
10.698786
10.643207
10.680984
10.758678
10.763512
10.738434
10.762830
10.705224
10.677428
10.735474
10.776875
10.764848
10.759180
10.746578
10.684986
10.734058
10.798651
10.772984
10.823932
10.922223
10.905214
10.942572
10.932562
10.889373
10.949196
10.831278
10.781437
10.814599
10.843997
10.783571
10.782762
10.749460
10.667975
10.685827
10.729229
10.762198
10.670916
10.721806
10.650846
10.567166
10.495333
10.557260
10.641160
10.574553
10.472261
10.549060
10.612006
10.647050
10.671756
10.772949
10.887347
10.821645
10.773788
10.756505
10.758773
10.834175
10.811272
10.792160
10.817782
10.764980
10.762242
10.788019
10.763339
10.780585
10.816145
10.736035
10.734155
10.785807
10.777692
10.769917
10.795073
10.757171
10.720800
10.798819
10.870848
10.867976
10.817416
10.852622
10.821338
10.801551
10.782126
10.723266
10.728293
10.745918
10.668690
10.669037
10.728178
10.756596
10.710180
10.719669
10.699778
10.654740
10.705009
10.769176
10.798948
10.787562
10.769709
10.802094
10.820973
10.018967
10.881653
10.795992
10.865584
10.683836
10.685101
10.715199
10.706329
10.674072
10.636846
10.653726
10.692014
10.886559
10.690443
10.712060
10.536838
10.406758
10.544633
10.581225
10.707954
10.599415
10.583401
10.567598
10.616472
10.623109
10.667258
10.807743
10.847870
10.828302
10.814191
10.764290
10.813103
10.868068
10.861497
10.793587
10.783183
10.759529
10.710408
10.801102
10.822935
10.812226
10.909260
10.934052
10.847483
10.974410
10.844780
10.828876
10.737846
10.761614
10.712254
10.729894
10.789206
10.786777
10.750562
10.794076
10.726175
10.653857
10.677063
10.699282
10.720009
10.728385
10.711329
10.657412
10.688434
10.721467
10.752482
10.765651
10.780928
10.725843
10.705598
10.743121
10.777681
10.817348
10.883147
10.892061
10.808457
10.812441
10.869774
10.883812
10.814661
10.720820
10.757872
10.783401
10.809793
10.779654
10.883631
10.794535
10.738161
10.627807
10.555599
10.585968
10.603961
10.638130
10.629309
10.688321
10.801175
10.841612
10.789874
10.795360
10.787152
10.764812
10.687759
10.614683
10.658013
10.673724
10.758581
10.753312
10.856235
10.863960
10.825630
10.734019
10.700442
10.693209
10.693217
10.659917
10.608246
10.653646
10.790420
10.758671
10.711229
10.785510
10.784010
10.759061
10.769503
10.779256
10.750225
10.705011
10.731835
10.742996
10.757581
10.772967
10.754099
10.689108
10.692688
10.739499
10.755960
10.757629
10.755671
10.697089
10.671015
10.710978
10.724236
10.719319
10.741381
10.702158
10.654888
10.700454
10.767396
10.766205
10.757299
10.789899
10.739945
10.691858
10.733073
10.745558
10.777257
10.780045
10.740978
10.711456
10.756293
10.799090
10.801744
10.793353
10.828757
10.789589
10.743356
10.793335
10.839649
10.789658
10.813112
10.823608
10.757922
10.702009
10.770489
10.733629
10.721059
10.619452
10.642425
10.697643
10.656158
10.694811
10.732748
10.729097
10.764404
10.816607
10.818584
10.803375
10.836104
10.806809
10.801290
10.782065
10.790818
10.828321
10.761366
10.728596
10.775637
10.795202
10.782911
10.804640
10.784583
10.727064
10.766559
10.812670
10.786544
10.760832
10.714985
10.726512
10.708714
10.750868
10.809307
10.797606
10.719583
10.694709
10.777472
10.768875
10.757212
10.774726
10.735576
10.734146
10.739064
10.775428
10.785027
10.722585
10.732684
10.775133
10.762666
10.752696
10.772238
10.755859
10.699499
10.758101
10.815930
10.798933
10.758395
10.724783
10.771515
10.801729
10.774315
10.811238
10.777978
10.725232
10.737063
10.814792
10.766098
10.743389
10.746318
10.722620
10.729813
10.719360
10.682995
10.717911
10.756193
10.806870
10.817050
10.782688
10.765029
10.774170
10.819999
10.819956
10.785931
10.758788
10.708988
10.688131
10.723571
10.733151
10.754416
10.692812
10.779436
10.790626
10.820168
10.757689
10.746550
10.775446
10.848714
10.697385
10.613998
10.649895
10.671849
10.564953
10.555303
10.592867
10.778243
10.599778
10.660903
10.677032
10.912699
10.917680
10.706879
10.581454
10.652292
10.755063
10.835757
10.843548
10.828999
10.862164
10.858023
10.952742
10.930918
10.932967
10.716532
10.856226
10.745049
10.617733
10.637378
10.688583
10.772178
10.792685
10.914786
10.745387
10.632784
10.707887
10.743340
10.799867
10.674448
10.700289
10.744568
10.633523
10.600013
10.615238
10.686072
10.547503
10.592789
10.668165
10.743941
10.522926
10.552594
10.479980
10.776854
10.758716
10.599473
10.555439
10.614426
10.728479
10.792795
10.838593
10.892698
10.868886
10.864905
10.909667
10.865287
10.862305
10.872874
10.822964
10.769516
10.793571
10.798059
10.793957
10.805591
10.774852
10.699038
10.736828
10.738033
10.709405
10.765195
10.782955
10.728887
10.723509
10.771567
10.731199
10.750695
10.772526
10.739993
10.695350
10.764627
10.761125
10.760777
10.802204
10.804243
10.734727
10.734102
10.783189
10.746069
10.800125
10.805998
10.761626
10.724925
10.783525
10.747783
10.771852
10.804355
10.767802
10.703938
10.737556
10.730058
10.717528
10.752732
10.759523
10.706290
10.710048
10.724512
10.694305
10.732834
10.761518
10.714191
10.669993
10.710155
10.714543
10.730128
10.782125
10.776269
10.718433
10.726919
10.763474
10.750900
10.804925
10.807572
10.779693
10.743995
10.787192
10.753784
10.776132
10.815010
10.787665
10.728010
10.749824
10.756495
10.735166
10.791743
10.791863
10.737265
10.733393
10.777498
10.743599
10.776617
10.800873
10.753716
10.704866
10.735619
10.711061
10.746130
10.769235
10.750247
10.694980
10.721584
10.764917
10.745961
10.790245
10.795271
10.755957
10.729747
10.796497
10.773602
10.793147
10.835011
10.797241
10.750797
10.765791
10.757769
10.744492
10.782364
10.756713
10.715264
10.701437
10.700130
10.698477
10.750328
10.773541
10.739504
10.701284
10.755592
10.733261
10.743147
10.781516
10.762546
10.706246
10.704529
10.705820
10.714561
10.772348
10.792801
10.767389
10.736191
10.778713
10.793005
10.805297
10.782212
10.725105
10.718081
10.915148
10.829362
10.775736
10.658190
10.505258
10.373590
10.397123
10.560546
10.622559
10.726826
10.828241
10.839261
10.788079
10.838225
10.838642
10.814620
10.862365
10.831058
10.764321
10.787682
10.786104
10.738903
10.789612
10.798390
10.750175
10.721302
10.782014
10.741751
10.753915
10.773944
10.749800
10.679876
10.722849
10.748108
10.748251
10.821061
10.821482
10.773968
10.756187
10.810883
10.757741
10.811852
10.814304
10.777253
10.716559
10.758863
10.748393
10.748311
10.791020
10.758159
10.707939
10.725878
10.748643
10.715448
10.760075
10.750919
10.685682
10.666945
10.699790
10.678793
10.739481
10.774113
10.749124
10.697459
10.739911
10.743231
10.762036
10.819850
10.803040
10.756880
10.744931
10.770061
10.748352
10.811619
10.801334
10.762437
10.724230
10.766653
10.784422
10.863679
10.840795
10.788039
10.748106
10.721321
10.744172
10.805588
10.812958
10.776070
10.740285
10.703849
10.727009
10.731730
10.733248
10.713438
10.706353
10.768313
10.782108
10.969403
10.808824
10.728310
10.744299
10.802742
10.859290
10.860431
10.861949
10.818721
10.749289
10.655976
10.685318
10.699787
10.766118
10.688227
10.590981
10.617667
10.714063
10.737752
10.693030
10.697871
10.709286
10.770293
10.861360
10.853086
10.788374
10.751636
10.698661
10.787437
10.780251
10.813190
10.722994
10.634983
10.684489
10.709068
10.720371
10.719792
10.713850
10.768061
10.822013
10.830867
10.681200
10.720674
10.754396
10.781384
10.752499
10.703759
10.781796
10.783280
10.818982
10.747469
10.662997
10.725533
10.765575
10.784246
10.735565
10.707167
10.698530
10.780861
10.865606
10.724056
10.693916
10.776094
10.853127
10.848994
10.730884
10.813660
10.798243
10.744498
10.696239
10.641592
10.710165
10.772828
10.789044
10.741924
10.745533
10.762387
10.844992
10.811100
10.685484
10.730575
10.809937
10.809772
10.812384
10.748575
10.783145
10.817895
10.877974
10.697782
10.633480
10.701855
10.832528
10.826314
10.713400
10.707845
10.689154
10.711768
10.647566
10.581976
10.749736
10.820223
10.720321
10.651966
10.653807
10.662974
10.680585
10.719797
10.738665
10.754931
10.806989
10.800714
10.685778
10.743221
10.814054
10.786963
10.786484
10.828933
10.800756
10.720156
10.804093
10.834436
10.793962
10.758976
10.744593
10.728224
10.690372
10.776868
10.802900
10.787142
10.722419
10.717900
10.753155
10.721627
10.760466
10.776055
10.736708
10.748630
10.783234
10.736304
10.735033
10.745473
10.723451
10.701998
10.726089
10.759168
10.724507
10.654333
10.667336
10.733557
10.755578
10.726353
10.728953
10.698550
10.657235
10.733481
10.790035
10.748415
10.745852
10.751809
10.677657
10.701443
10.778546
10.755832
10.706216
10.721141
10.689713
10.664628
10.745447
10.794580
10.761129
10.739750
10.733159
10.766500
10.855355
10.958850
10.978630
10.899901
10.861413
10.868564
10.937786
10.892178
10.868889
10.885100
10.866775
10.776420
10.639312
10.560673
10.543908
10.591011
10.591869
10.637464
10.668791
10.692368
10.687713
10.706542
10.722942
10.778577
10.742020
10.698297
10.744618
10.690305
10.636755
10.712180
10.767777
10.738495
10.732693
10.754310
10.710997
10.733723
10.816715
10.819160
10.754422
10.761699
10.714814
10.693028
10.767296
10.800268
10.747551
10.729528
10.757439
10.701256
10.736113
10.810834
10.776615
10.730021
10.741351
10.706693
10.694114
10.763236
10.782031
10.755109
10.721504
10.726083
10.684847
10.817423
10.832248
10.768772
10.742270
0.000000
0.000000
0.000000
0.000000
0.000000
0.000000
0.000000
0.000000
0.000000
0.000000
0.000000
0.000000
0.000000
0.000000
0.000000
0.000000
0.000000
0.000000
0.000000
0.000000
0.000000
0.000000
0.000000
0.000000
0.000000
0.000000
0.000000
0.000000
0.000000
0.000000
0.000000
0.000000
0.000000
0.000000
0.000000
0.000000
0.000000
0.000000
0.000000
0.000000
0.000000
0.000000
0.000000
0.000000
0.000000
0.000000
0.000000
0.000000
0.000000
0.000000
0.000000
0.000000
0.000000
0.000000
0.000000
0.000000
0.000000
0.000000
0.000000
0.000000
0.000000
0.000000
0.000000
0.000000
0.000000
0.000000
0.000000
0.000000
0.000000
0.000000
0.000000
0.000000
0.000000
0.000000
0.000000
0.000000
0.000000
0.000000
0.000000
0.000000
0.000000
0.000000
0.000000
0.000000
0.000000
0.000000
0.000000
0.000000
0.000000
0.000000
0.000000
0.000000
0.000000
0.000000
0.000000
0.000000
0.000000
0.000000
0.000000
0.000000
0.000000
0.000000
0.000000
0.000000
0.000000
0.000000
0.000000
0.000000
0.000000
0.000000
0.000000
0.000000
0.000000
0.000000
0.000000
0.000000
0.000000
0.000000
0.000000
0.000000
0.000000
0.000000
0.000000
0.000000
0.000000
0.000000
0.000000
0.000000
0.000000
0.000000
0.000000
0.000000
0.000000
0.000000
0.000000
0.000000
0.000000
0.000000
0.000000
0.000000
0.000000
0.000000
0.000000
0.000000
0.000000
0.000000
0.000000
0.000000
0.000000
0.000000
0.000000
0.000000
0.000000
0.000000
0.000000
0.000000
0.000000
0.000000
0.000000
0.000000
0.000000
0.000000
0.000000
0.000000
0.000000
0.000000
0.000000
0.000000
0.000000
0.000000
0.000000
0.000000
0.000000
0.000000
0.000000
0.000000
0.000000
0.000000
0.000000
0.000000
0.000000
0.000000
0.000000
0.000000
0.000000
0.000000
0.000000
0.000000
0.000000
0.000000
0.000000
0.000000
0.000000
0.000000
0.000000
0.000000
0.000000
0.000000
0.000000
0.000000
0.000000
0.000000
0.000000
0.000000
0.000000
0.000000
0.000000
0.000000
0.000000
0.000000
0.000000
0.000000
0.000000
0.000000
0.000000
0.000000
0.000000
0.000000
0.000000
0.000000
0.000000
0.000000
0.000000
0.000000
0.000000
0.000000
0.000000
0.000000
0.000000
0.000000
0.000000
0.000000
0.000000
0.000000
0.000000
0.000000
0.000000
0.000000
0.000000
0.000000
0.000000
0.000000
0.000000
0.000000
0.000000
0.000000
0.000000
0.000000
0.000000
0.000000
0.000000
0.000000
0.000000
0.000000
0.000000
0.000000
0.000000
0.000000
0.000000
0.000000
0.000000
0.000000
0.000000
0.000000
0.000000
0.000000
0.000000
0.000000
0.000000
0.000000
0.000000
0.000000
0.000000
0.000000
0.000000
0.000000
0.000000
0.000000
0.000000
0.000000
0.000000
0.000000
0.000000
0.000000
0.000000
0.000000
0.000000
0.000000
0.000000
0.000000
0.000000
0.000000
0.000000
0.000000
0.000000
0.000000
0.000000
0.000000
0.000000
0.000000
0.000000
0.000000
0.000000
0.000000
0.000000
0.000000
0.000000
0.000000
0.000000
0.000000
0.000000
0.000000
0.000000
0.000000
0.000000
0.000000
0.000000
0.000000
0.000000
0.000000
0.000000
0.000000
0.000000
0.000000
0.000000
0.000000
0.000000
0.000000
0.000000
0.000000
0.000000
0.000000
0.000000
0.000000
0.000000
0.000000
0.000000
0.000000
0.000000
0.000000
0.000000
0.000000
0.000000
0.000000
0.000000
0.000000
0.000000
0.000000
0.000000
0.000000
0.000000
0.000000
0.000000
0.000000
0.000000
0.000000
0.000000
0.000000
0.000000
0.000000
0.000000
0.000000
0.000000
0.000000
0.000000
0.000000
0.000000
0.000000
0.000000
0.000000
0.000000
0.000000
0.000000
0.000000
0.000000
0.000000
0.000000
0.000000
0.000000
0.000000
0.000000
0.000000
0.000000
0.000000
0.000000
0.000000
0.000000
0.000000
0.000000
0.000000
0.000000
0.000000
0.000000
0.000000
0.000000
0.000000
0.000000
0.000000
0.000000
0.000000
0.000000
0.000000
0.000000
0.000000
0.000000
0.000000
0.000000
0.000000
0.000000
0.000000
0.000000
0.000000
0.000000
0.000000
0.000000
0.000000
0.000000
0.000000
0.000000
0.000000
0.000000
0.000000
0.000000
0.000000
0.000000
0.000000
0.000000
0.000000
0.000000
0.000000
0.000000
0.000000
0.000000
0.000000
0.000000
0.000000
0.000000
0.000000
0.000000
0.000000
0.000000
0.000000
0.000000
0.000000
0.000000
0.000000
0.000000
0.000000
0.000000
0.000000
0.000000
0.000000
0.000000
0.000000
0.000000
0.000000
0.000000
0.000000
0.000000
0.000000
0.000000
0.000000
0.000000
0.000000
0.000000
0.000000
0.000000
0.000000
0.000000
0.000000
0.000000
0.000000
0.000000
0.000000
0.000000
0.000000
0.000000
0.000000
0.000000
0.000000
0.000000
0.000000
0.000000
0.000000
0.000000
0.000000
0.000000
0.000000
0.000000
0.000000
0.000000
0.000000
0.000000
0.000000
0.000000
0.000000
0.000000
0.000000
0.000000
0.000000
0.000000
0.000000
0.000000
0.000000
0.000000
0.000000
0.000000
0.000000
0.000000
0.000000
0.000000
0.000000
0.000000
0.000000
0.000000
0.000000
0.000000
0.000000
0.000000
0.000000
0.000000
0.000000
0.000000
0.000000
0.000000
0.000000
0.000000
0.000000
0.000000
0.000000
0.000000
0.000000
0.000000
0.000000
0.000000
0.000000
0.000000
0.000000
0.000000
0.000000
0.000000
0.000000
0.000000
0.000000
0.000000
0.000000
0.000000
0.000000
0.000000
0.000000
0.000000
0.000000
0.000000
0.000000
0.000000
0.000000
0.000000
0.000000
0.000000
0.000000
0.000000
0.000000
0.000000
0.000000
0.000000
0.000000
0.000000
0.000000
0.000000
0.000000
0.000000
0.000000
0.000000
0.000000
0.000000
0.000000
0.000000
0.000000
0.000000
0.000000
0.000000
0.000000
0.000000
0.000000
0.000000
0.000000
0.000000
0.000000
0.000000
0.000000
0.000000
0.000000
0.000000
0.000000
0.000000
0.000000
0.000000
0.000000
0.000000
0.000000
0.000000
0.000000
0.000000
0.000000
0.000000
0.000000
0.000000
0.000000
0.000000
0.000000
0.000000
0.000000
0.000000
0.000000
0.000000
0.000000
0.000000
0.000000
0.000000
0.000000
0.000000
0.000000
0.000000
0.000000
0.000000
0.000000
0.000000
0.000000
0.000000
0.000000
0.000000
0.000000
0.000000
0.000000
0.000000
0.000000
0.000000
0.000000
0.000000
0.000000
0.000000
0.000000
0.000000
0.000000
0.000000
0.000000
0.000000
0.000000
0.000000
0.000000
0.000000
0.000000
0.000000
0.000000
0.000000
0.000000
0.000000
0.000000
0.000000
0.000000
0.000000
0.000000
0.000000
0.000000
0.000000
0.000000
0.000000
0.000000
0.000000
0.000000
0.000000
0.000000
0.000000
0.000000
0.000000
0.000000
0.000000
0.000000
0.000000
0.000000
0.000000
0.000000
0.000000
0.000000
0.000000
0.000000
0.000000
0.000000
0.000000
0.000000
0.000000
0.000000
0.000000
0.000000
0.000000
0.000000
0.000000
0.000000
0.000000
0.000000
0.000000
0.000000
0.000000
0.000000
0.000000
0.000000
0.000000
0.000000
0.000000
0.000000
0.000000
0.000000
0.000000
0.000000
0.000000
0.000000
0.000000
0.000000
0.000000
0.000000
0.000000
0.000000
0.000000
0.000000
0.000000
0.000000
0.000000
0.000000
0.000000
0.000000
0.000000
0.000000
0.000000
0.000000
0.000000
0.000000
0.000000
0.000000
0.000000
0.000000
0.000000
0.000000
0.000000
0.000000
0.000000
0.000000
0.000000
0.000000
0.000000
0.000000
0.000000
0.000000
0.000000
0.000000
0.000000
0.000000
0.000000
0.000000
0.000000
0.000000
0.000000
0.000000
0.000000
0.000000
0.000000
0.000000
0.000000
0.000000
0.000000
0.000000
0.000000
0.000000
0.000000
0.000000
0.000000
0.000000
0.000000
0.000000
0.000000
0.000000
0.000000
0.000000
0.000000
0.000000
0.000000
0.000000
0.000000
0.000000
0.000000
0.000000
0.000000
0.000000
0.000000
0.000000
0.000000
0.000000
0.000000
0.000000
0.000000
0.000000
0.000000
0.000000
0.000000
0.000000
0.000000
0.000000
0.000000
0.000000
0.000000
0.000000
0.000000
0.000000
0.000000
0.000000
0.000000
0.000000
0.000000
0.000000
0.000000
0.000000
0.000000
0.000000
0.000000
0.000000
0.000000
0.000000
0.000000
0.000000
0.000000
0.000000
0.000000
0.000000
0.000000
0.000000
0.000000
0.000000
0.000000
0.000000
0.000000
0.000000
0.000000
0.000000
0.000000
0.000000
0.000000
0.000000
0.000000
0.000000
0.000000
0.000000
0.000000
0.000000
0.000000
0.000000
0.000000
0.000000
0.000000
0.000000
0.000000
0.000000
0.000000
0.000000
0.000000
0.000000
0.000000
0.000000
0.000000
0.000000
0.000000
0.000000
0.000000
0.000000
0.000000
0.000000
0.000000
0.000000
0.000000
0.000000
0.000000
0.000000
0.000000
0.000000
0.000000
0.000000
0.000000
0.000000
0.000000
0.000000
0.000000
0.000000
0.000000
0.000000
0.000000
0.000000
0.000000
0.000000
0.000000
0.000000
0.000000
0.000000
0.000000
0.000000
0.000000
0.000000
0.000000
0.000000
0.000000
0.000000
0.000000
0.000000
0.000000
0.000000
0.000000
0.000000
0.000000
0.000000
0.000000
0.000000
0.000000
0.000000
0.000000
0.000000
0.000000
0.000000
0.000000
0.000000
0.000000
0.000000
0.000000
0.000000
0.000000
0.000000
0.000000
0.000000
0.000000
0.000000
0.000000
0.000000
0.000000
0.000000
0.000000
0.000000
0.000000
0.000000
0.000000
0.000000
0.000000
0.000000
0.000000
0.000000
0.000000
0.000000
0.000000
0.000000
0.000000
0.000000
0.000000
0.000000
0.000000
0.000000
0.000000
0.000000
0.000000
0.000000
0.000000
0.000000
0.000000
0.000000
0.000000
0.000000
0.000000
0.000000
0.000000
0.000000
0.000000
0.000000
0.000000
0.000000
0.000000
0.000000
0.000000
0.000000
0.000000
0.000000
0.000000
0.000000
0.000000
0.000000
0.000000
0.000000
0.000000
0.000000
0.000000
0.000000
0.000000
0.000000
0.000000
0.000000
0.000000
0.000000
0.000000
0.000000
0.000000
0.000000
0.000000
0.000000
0.000000
0.000000
0.000000
0.000000
0.000000
0.000000
0.000000
0.000000
0.000000
0.000000
0.000000
0.000000
0.000000
0.000000
0.000000
0.000000
0.000000
0.000000
0.000000
0.000000
0.000000
0.000000
0.000000
0.000000
0.000000
0.000000
0.000000
0.000000
0.000000
0.000000
0.000000
0.000000
0.000000
0.000000
0.000000
0.000000
0.000000
0.000000
0.000000
0.000000
0.000000
0.000000
0.000000
0.000000
0.000000
0.000000
0.000000
0.000000
0.000000
0.000000
0.000000
0.000000
0.000000
0.000000
0.000000
0.000000
0.000000
0.000000
0.000000
0.000000
0.000000
0.000000
0.000000
0.000000
0.000000
0.000000
0.000000
0.000000
0.000000
0.000000
0.000000
0.000000
0.000000
0.000000
0.000000
0.000000
0.000000
0.000000
0.000000
0.000000
0.000000
0.000000
0.000000
0.000000
0.000000
0.000000
0.000000
0.000000
0.000000
0.000000
0.000000
0.000000
0.000000
0.000000
0.000000
0.000000
0.000000
0.000000
0.000000
0.000000
0.000000
0.000000
0.000000
0.000000
0.000000
0.000000
0.000000
0.000000
0.000000
0.000000
0.000000
0.000000
0.000000
0.000000
0.000000
0.000000
0.000000
0.000000
0.000000
0.000000
0.000000
0.000000
0.000000
0.000000
0.000000
0.000000
0.000000
0.000000
0.000000
0.000000
0.000000
0.000000
0.000000
0.000000
0.000000
0.000000
0.000000
0.000000
0.000000
0.000000
0.000000
0.000000
0.000000
0.000000
0.000000
0.000000
0.000000
0.000000
0.000000
0.000000
0.000000
0.000000
0.000000
0.000000
0.000000
0.000000
0.000000
0.000000
0.000000
0.000000
0.000000
0.000000
0.000000
0.000000
0.000000
0.000000
0.000000
0.000000
0.000000
0.000000
0.000000
0.000000
0.000000
0.000000
0.000000
0.000000
0.000000
0.000000
0.000000
0.000000
0.000000
0.000000
0.000000
0.000000
0.000000
0.000000
0.000000
0.000000
0.000000
0.000000
0.000000
0.000000
0.000000
0.000000
0.000000
0.000000
0.000000
0.000000
0.000000
0.000000
0.000000
0.000000
0.000000
0.000000
0.000000
0.000000
0.000000
0.000000
0.000000
0.000000
0.000000
0.000000
0.000000
0.000000
0.000000
0.000000
0.000000
0.000000
0.000000
0.000000
0.000000
0.000000
0.000000
0.000000
0.000000
0.000000
0.000000
0.000000
0.000000
0.000000
0.000000
0.000000
0.000000
0.000000
0.000000
0.000000
0.000000
0.000000
0.000000
0.000000
0.000000
0.000000
0.000000
0.000000
0.000000
0.000000
0.000000
0.000000
0.000000
0.000000
0.000000
0.000000
0.000000
0.000000
0.000000
0.000000
0.000000
0.000000
0.000000
0.000000
0.000000
0.000000
0.000000
0.000000
0.000000
0.000000
0.000000
0.000000
0.000000
0.000000
0.000000
0.000000
0.000000
0.000000
0.000000
0.000000
0.000000
0.000000
0.000000
0.000000
0.000000
0.000000
0.000000
0.000000
0.000000
0.000000
0.000000
0.000000
0.000000
0.000000
0.000000
0.000000
0.000000
0.000000
0.000000
0.000000
0.000000
0.000000
0.000000
0.000000
0.000000
0.000000
0.000000
0.000000
0.000000
0.000000
0.000000
0.000000
0.000000
0.000000
0.000000
0.000000
0.000000
0.000000
0.000000
0.000000
0.000000
0.000000
0.000000
0.000000
0.000000
0.000000
0.000000
0.000000
0.000000
0.000000
0.000000
0.000000
0.000000
0.000000
0.000000
0.000000
0.000000
0.000000
0.000000
0.000000
0.000000
0.000000
0.000000
0.000000
0.000000
0.000000
0.000000
0.000000
0.000000
0.000000
0.000000
0.000000
0.000000
0.000000
0.000000
0.000000
0.000000
0.000000
0.000000
0.000000
0.000000
0.000000
0.000000
0.000000
0.000000
0.000000
0.000000
0.000000
0.000000
0.000000
0.000000
0.000000
0.000000
0.000000
0.000000
0.000000
0.000000
0.000000
0.000000
0.000000
0.000000
0.000000
0.000000
0.000000
0.000000
0.000000
0.000000
0.000000
0.000000
0.000000
0.000000
0.000000
0.000000
0.000000
0.000000
0.000000
0.000000
0.000000
0.000000
0.000000
0.000000
0.000000
0.000000
0.000000
0.000000
0.000000
0.000000
0.000000
0.000000
0.000000
0.000000
0.000000
0.000000
0.000000
0.000000
0.000000
0.000000
0.000000
0.000000
0.000000
0.000000
0.000000
0.000000
0.000000
0.000000
0.000000
0.000000
0.000000
0.000000
0.000000
0.000000
0.000000
0.000000
0.000000
0.000000
0.000000
0.000000
0.000000
0.000000
0.000000
0.000000
0.000000
0.000000
0.000000
0.000000
0.000000
0.000000
0.000000
0.000000
0.000000
0.000000
0.000000
0.000000
0.000000
0.000000
0.000000
0.000000
0.000000
0.000000
0.000000
0.000000
0.000000
0.000000
0.000000
0.000000
0.000000
0.000000
0.000000
0.000000
0.000000
0.000000
0.000000
0.000000
0.000000
0.000000
0.000000
0.000000
0.000000
0.000000
0.000000
0.000000
0.000000
0.000000
0.000000
0.000000
0.000000
0.000000
0.000000
0.000000
0.000000
0.000000
0.000000
0.000000
0.000000
0.000000
0.000000
0.000000
0.000000
0.000000
0.000000
0.000000
0.000000
0.000000
0.000000
0.000000
0.000000
0.000000
0.000000
0.000000
0.000000
0.000000
0.000000
0.000000
0.000000
0.000000
0.000000
0.000000
0.000000
0.000000
0.000000
0.000000
0.000000
0.000000
0.000000
0.000000
0.000000
0.000000
0.000000
0.000000
0.000000
0.000000
0.000000
0.000000
0.000000
0.000000
0.000000
0.000000
0.000000
0.000000
0.000000
0.000000
0.000000
0.000000
0.000000
0.000000
0.000000
0.000000
0.000000
0.000000
0.000000
0.000000
0.000000
0.000000
0.000000
0.000000
0.000000
0.000000
0.000000
0.000000
0.000000
0.000000
0.000000
0.000000
0.000000
0.000000
0.000000
0.000000
0.000000
0.000000
0.000000
0.000000
0.000000
0.000000
0.000000
0.000000
0.000000
0.000000
0.000000
0.000000
0.000000
0.000000
0.000000
0.000000
0.000000
0.000000
0.000000
0.000000
0.000000
0.000000
0.000000
0.000000
0.000000
0.000000
0.000000
0.000000
0.000000
0.000000
0.000000
0.000000
0.000000
0.000000
0.000000
0.000000
0.000000
0.000000
0.000000
0.000000
0.000000
0.000000
0.000000
0.000000
0.000000
0.000000
0.000000
0.000000
0.000000
0.000000
0.000000
0.000000
0.000000
0.000000
0.000000
0.000000
0.000000
0.000000
0.000000
0.000000
0.000000
0.000000
0.000000
0.000000
0.000000
0.000000
0.000000
0.000000
0.000000
0.000000
0.000000
0.000000
0.000000
0.000000
0.000000
0.000000
0.000000
0.000000
0.000000
0.000000
0.000000
0.000000
0.000000
0.000000
0.000000
0.000000
0.000000
0.000000
0.000000
0.000000
0.000000
0.000000
0.000000
0.000000
0.000000
0.000000
0.000000
0.000000
0.000000
0.000000
0.000000
0.000000
0.000000
0.000000
0.000000
0.000000
0.000000
0.000000
0.000000
0.000000
0.000000
0.000000
0.000000
0.000000
0.000000
0.000000
0.000000
0.000000
0.000000
0.000000
0.000000
0.000000
0.000000
0.000000
0.000000
0.000000
0.000000
0.000000
0.000000
0.000000
0.000000
0.000000
0.000000
0.000000
0.000000
0.000000
0.000000
0.000000
0.000000
0.000000
0.000000
0.000000
0.000000
0.000000
0.000000
0.000000
0.000000
0.000000
0.000000
0.000000
0.000000
0.000000
0.000000
0.000000
0.000000
0.000000
0.000000
0.000000
0.000000
0.000000
0.000000
0.000000
0.000000
0.000000
0.000000
0.000000
0.000000
0.000000
0.000000
0.000000
0.000000
0.000000
0.000000
0.000000
0.000000
0.000000
0.000000
0.000000
0.000000
0.000000
0.000000
0.000000
0.000000
0.000000
0.000000
0.000000
0.000000
0.000000
0.000000
0.000000
0.000000
0.000000
0.000000
0.000000
0.000000
0.000000
0.000000
0.000000
0.000000
0.000000
0.000000
0.000000
0.000000
0.000000
0.000000
0.000000
0.000000
0.000000
0.000000
0.000000
0.000000
0.000000
0.000000
0.000000
0.000000
0.000000
0.000000
0.000000
0.000000
0.000000
0.000000
0.000000
0.000000
0.000000
0.000000
0.000000
0.000000
0.000000
0.000000
0.000000
0.000000
0.000000
0.000000
0.000000
0.000000
0.000000
0.000000
0.000000
0.000000
0.000000
0.000000
0.000000
0.000000
0.000000
0.000000
0.000000
0.000000
0.000000
0.000000
0.000000
0.000000
0.000000
0.000000
0.000000
0.000000
0.000000
0.000000
0.000000
0.000000
0.000000
0.000000
0.000000
0.000000
0.000000
0.000000
0.000000
0.000000
0.000000
0.000000
0.000000
0.000000
0.000000
0.000000
0.000000
0.000000
0.000000
0.000000
0.000000
0.000000
0.000000
0.000000
0.000000
0.000000
0.000000
0.000000
0.000000
0.000000
0.000000
0.000000
0.000000
0.000000
0.000000
0.000000
0.000000
0.000000
0.000000
0.000000
0.000000
0.000000
0.000000
0.000000
0.000000
0.000000
0.000000
0.000000
0.000000
0.000000
0.000000
0.000000
0.000000
0.000000
0.000000
0.000000
0.000000
0.000000
0.000000
0.000000
0.000000
0.000000
0.000000
0.000000
0.000000
0.000000
0.000000
0.000000
0.000000
0.000000
0.000000
0.000000
0.000000
0.000000
0.000000
0.000000
0.000000
0.000000
0.000000
0.000000
0.000000
0.000000
0.000000
0.000000
0.000000
0.000000
0.000000
0.000000
0.000000
0.000000
0.000000
0.000000
0.000000
0.000000
0.000000
0.000000
0.000000
0.000000
0.000000
0.000000
0.000000
0.000000
0.000000
0.000000
0.000000
0.000000
0.000000
0.000000
0.000000
0.000000
0.000000
0.000000
0.000000
0.000000
0.000000
0.000000
0.000000
0.000000
0.000000
0.000000
0.000000
0.000000
0.000000
0.000000
0.000000
0.000000
0.000000
0.000000
0.000000
0.000000
0.000000
0.000000
0.000000
0.000000
0.000000
0.000000
0.000000
0.000000
0.000000
0.000000
0.000000
0.000000
0.000000
0.000000
0.000000
0.000000
0.000000
0.000000
0.000000
0.000000
0.000000
0.000000
0.000000
0.000000
0.000000
0.000000
0.000000
0.000000
0.000000
0.000000
0.000000
0.000000
0.000000
0.000000
0.000000
0.000000
0.000000
0.000000
0.000000
0.000000
0.000000
0.000000
0.000000
0.000000
0.000000
0.000000
0.000000
0.000000
0.000000
0.000000
0.000000
0.000000
0.000000
0.000000
0.000000
0.000000
0.000000
0.000000
0.000000
0.000000
0.000000
0.000000
0.000000
0.000000
0.000000
0.000000
0.000000
0.000000
0.000000
0.000000
0.000000
0.000000
0.000000
0.000000
0.000000
0.000000
0.000000
0.000000
0.000000
0.000000
0.000000
0.000000
0.000000
0.000000
0.000000
0.000000
0.000000
0.000000
0.000000
0.000000
0.000000
0.000000
0.000000
0.000000
0.000000
0.000000
0.000000
0.000000
0.000000
0.000000
0.000000
0.000000
0.000000
0.000000
0.000000
0.000000
0.000000
0.000000
0.000000
0.000000
0.000000
0.000000
0.000000
0.000000
0.000000
0.000000
0.000000
0.000000
0.000000
0.000000
0.000000
0.000000
0.000000
0.000000
0.000000
0.000000
0.000000
0.000000
0.000000
0.000000
0.000000
0.000000
0.000000
0.000000
0.000000
0.000000
0.000000
0.000000
0.000000
0.000000
0.000000
0.000000
0.000000
0.000000
0.000000
0.000000
0.000000
0.000000
0.000000
0.000000
0.000000
0.000000
0.000000
0.000000
0.000000
0.000000
0.000000
0.000000
0.000000
0.000000
0.000000
0.000000
0.000000
0.000000
0.000000
0.000000
0.000000
0.000000
0.000000
0.000000
0.000000
0.000000
0.000000
0.000000
0.000000
0.000000
0.000000
0.000000
0.000000
0.000000
0.000000
0.000000
0.000000
0.000000
0.000000
0.000000
0.000000
0.000000
0.000000
0.000000
0.000000
0.000000
0.000000
0.000000
0.000000
0.000000
0.000000
0.000000
0.000000
0.000000
0.000000
0.000000
0.000000
0.000000
0.000000
0.000000
0.000000
0.000000
0.000000
0.000000
0.000000
0.000000
0.000000
0.000000
0.000000
0.000000
0.000000
0.000000
0.000000
0.000000
0.000000
0.000000
0.000000
0.000000
0.000000
0.000000
0.000000
0.000000
0.000000
0.000000
0.000000
0.000000
0.000000
0.000000
0.000000
0.000000
0.000000
0.000000
0.000000
0.000000
0.000000
0.000000
0.000000
0.000000
0.000000
0.000000
0.000000
0.000000
0.000000
0.000000
0.000000
0.000000
0.000000
0.000000
0.000000
0.000000
0.000000
0.000000
0.000000
0.000000
0.000000
0.000000
0.000000
0.000000
0.000000
0.000000
0.000000
0.000000
0.000000
0.000000
0.000000
0.000000
0.000000
0.000000
0.000000
0.000000
0.000000
0.000000
0.000000
0.000000
0.000000
0.000000
0.000000
0.000000
0.000000
0.000000
0.000000
0.000000
0.000000
0.000000
0.000000
0.000000
0.000000
0.000000
0.000000
0.000000
0.000000
0.000000
0.000000
0.000000
0.000000
0.000000
0.000000
0.000000
0.000000
0.000000
0.000000
0.000000
0.000000
0.000000
0.000000
0.000000
0.000000
0.000000
0.000000
0.000000
0.000000
0.000000
0.000000
0.000000
0.000000
0.000000
0.000000
0.000000
0.000000
0.000000
0.000000
0.000000
0.000000
0.000000
0.000000
0.000000
0.000000
0.000000
0.000000
0.000000
0.000000
0.000000
0.000000
0.000000
0.000000
0.000000
0.000000
0.000000
0.000000
0.000000
0.000000
0.000000
0.000000
0.000000
0.000000
0.000000
0.000000
0.000000
0.000000
0.000000
0.000000
0.000000
0.000000
0.000000
0.000000
0.000000
0.000000
0.000000
0.000000
0.000000
0.000000
0.000000
0.000000
0.000000
0.000000
0.000000
0.000000
0.000000
0.000000
0.000000
0.000000
0.000000
0.000000
0.000000
0.000000
0.000000
0.000000
0.000000
0.000000
0.000000
0.000000
0.000000
0.000000
0.000000
0.000000
0.000000
0.000000
0.000000
0.000000
0.000000
0.000000
0.000000
0.000000
0.000000
0.000000
0.000000
0.000000
0.000000
0.000000
0.000000
0.000000
0.000000
0.000000
0.000000
0.000000
0.000000
0.000000
0.000000
0.000000
0.000000
0.000000
0.000000
0.000000
0.000000
0.000000
0.000000
0.000000
0.000000
0.000000
0.000000
0.000000
0.000000
0.000000
0.000000
0.000000
0.000000
0.000000
0.000000
0.000000
0.000000
0.000000
0.000000
0.000000
0.000000
0.000000
0.000000
0.000000
0.000000
0.000000
0.000000
0.000000
0.000000
0.000000
0.000000
0.000000
0.000000
0.000000
0.000000
0.000000
0.000000
0.000000
0.000000
0.000000
0.000000
0.000000
0.000000
0.000000
0.000000
0.000000
0.000000
0.000000
0.000000
0.000000
0.000000
0.000000
0.000000
0.000000
0.000000
0.000000
0.000000
0.000000
0.000000
0.000000
0.000000
0.000000
0.000000
0.000000
0.000000
0.000000
0.000000
0.000000
0.000000
0.000000
0.000000
0.000000
0.000000
0.000000
0.000000
0.000000
0.000000
0.000000
0.000000
0.000000
0.000000
0.000000
0.000000
0.000000
0.000000
0.000000
0.000000
0.000000
0.000000
0.000000
0.000000
0.000000
0.000000
0.000000
0.000000
0.000000
0.000000
0.000000
0.000000
0.000000
0.000000
0.000000
0.000000
0.000000
0.000000
0.000000
0.000000
0.000000
0.000000
0.000000
0.000000
0.000000
0.000000
0.000000
0.000000
0.000000
0.000000
0.000000
0.000000
0.000000
0.000000
0.000000
0.000000
0.000000
0.000000
0.000000
0.000000
0.000000
0.000000
0.000000
0.000000
0.000000
0.000000
0.000000
0.000000
0.000000
0.000000
0.000000
0.000000
0.000000
0.000000
0.000000
0.000000
0.000000
0.000000
0.000000
0.000000
0.000000
0.000000
0.000000
0.000000
0.000000
0.000000
0.000000
0.000000
0.000000
0.000000
0.000000
0.000000
0.000000
0.000000
0.000000
0.000000
0.000000
0.000000
0.000000
0.000000
0.000000
0.000000
0.000000
0.000000
0.000000
0.000000
0.000000
0.000000
0.000000
0.000000
0.000000
0.000000
0.000000
0.000000
0.000000
0.000000
0.000000
0.000000
0.000000
0.000000
0.000000
0.000000
0.000000
0.000000
0.000000
0.000000
0.000000
0.000000
0.000000
0.000000
0.000000
0.000000
0.000000
0.000000
0.000000
0.000000
0.000000
0.000000
0.000000
0.000000
0.000000
0.000000
0.000000
0.000000
0.000000
0.000000
0.000000
0.000000
0.000000
0.000000
0.000000
0.000000
0.000000
0.000000
0.000000
0.000000
0.000000
0.000000
0.000000
0.000000
0.000000
0.000000
0.000000
0.000000
0.000000
0.000000
0.000000
0.000000
0.000000
0.000000
0.000000
0.000000
0.000000
0.000000
0.000000
0.000000
0.000000
0.000000
0.000000
0.000000
0.000000
0.000000
0.000000
0.000000
0.000000
0.000000
0.000000
0.000000
0.000000
0.000000
0.000000
0.000000
0.000000
0.000000
0.000000
0.000000
0.000000
0.000000
0.000000
0.000000
0.000000
0.000000
0.000000
0.000000
0.000000
0.000000
0.000000
0.000000
0.000000
0.000000
0.000000
0.000000
0.000000
0.000000
0.000000
0.000000
0.000000
0.000000
0.000000
0.000000
0.000000
0.000000
0.000000
0.000000
0.000000
0.000000
0.000000
0.000000
0.000000
0.000000
0.000000
0.000000
0.000000
0.000000
0.000000
0.000000
0.000000
0.000000
0.000000
0.000000
0.000000
0.000000
0.000000
0.000000
0.000000
0.000000
0.000000
0.000000
0.000000
0.000000
0.000000
0.000000
0.000000
0.000000
0.000000
0.000000
0.000000
0.000000
0.000000
0.000000
0.000000
0.000000
0.000000
0.000000
0.000000
0.000000
0.000000
0.000000
0.000000
0.000000
0.000000
0.000000
0.000000
0.000000
0.000000
0.000000
0.000000
0.000000
0.000000
0.000000
0.000000
0.000000
0.000000
0.000000
0.000000
0.000000
0.000000
0.000000
0.000000
0.000000
0.000000
0.000000
0.000000
0.000000
0.000000
0.000000
0.000000
0.000000
0.000000
0.000000
0.000000
0.000000
0.000000
0.000000
0.000000
0.000000
0.000000
0.000000
0.000000
0.000000
0.000000
0.000000
0.000000
0.000000
0.000000
0.000000
0.000000
0.000000
0.000000
0.000000
0.000000
0.000000
0.000000
0.000000
0.000000
0.000000
0.000000
0.000000
0.000000
0.000000
0.000000
0.000000
0.000000
0.000000
0.000000
0.000000
0.000000
0.000000
0.000000
0.000000
0.000000
0.000000
0.000000
0.000000
0.000000
0.000000
0.000000
0.000000
0.000000
0.000000
0.000000
0.000000
0.000000
0.000000
0.000000
0.000000
0.000000
0.000000
0.000000
0.000000
0.000000
0.000000
0.000000
0.000000
0.000000
0.000000
0.000000
0.000000
0.000000
0.000000
0.000000
0.000000
0.000000
0.000000
0.000000
0.000000
0.000000
0.000000
0.000000
0.000000
0.000000
0.000000
0.000000
0.000000
0.000000
0.000000
0.000000
0.000000
0.000000
0.000000
0.000000
0.000000
0.000000
0.000000
0.000000
0.000000
0.000000
0.000000
0.000000
0.000000
0.000000
0.000000
0.000000
0.000000
0.000000
0.000000
0.000000
0.000000
0.000000
0.000000
0.000000
0.000000
0.000000
0.000000
0.000000
0.000000
0.000000
0.000000
0.000000
0.000000
0.000000
0.000000
0.000000
0.000000
0.000000
0.000000
0.000000
0.000000
0.000000
0.000000
0.000000
0.000000
0.000000
0.000000
0.000000
0.000000
0.000000
0.000000
0.000000
0.000000
0.000000
0.000000
0.000000
0.000000
0.000000
0.000000
0.000000
0.000000
0.000000
0.000000
0.000000
0.000000
0.000000
0.000000
0.000000
0.000000
0.000000
0.000000
0.000000
0.000000
0.000000
0.000000
0.000000
0.000000
0.000000
0.000000
0.000000
0.000000
0.000000
0.000000
0.000000
0.000000
0.000000
0.000000
0.000000
0.000000
0.000000
0.000000
0.000000
0.000000
0.000000
0.000000
0.000000
0.000000
0.000000
0.000000
0.000000
0.000000
0.000000
0.000000
0.000000
0.000000
0.000000
0.000000
0.000000
0.000000
0.000000
0.000000
0.000000
0.000000
0.000000
0.000000
0.000000
0.000000
0.000000
0.000000
0.000000
0.000000
0.000000
0.000000
0.000000
0.000000
0.000000
0.000000
0.000000
0.000000
0.000000
0.000000
0.000000
0.000000
0.000000
0.000000
0.000000
0.000000
0.000000
0.000000
0.000000
0.000000
0.000000
0.000000
0.000000
0.000000
0.000000
0.000000
0.000000
0.000000
0.000000
0.000000
0.000000
0.000000
0.000000
0.000000
0.000000
0.000000
0.000000
0.000000
0.000000
0.000000
0.000000
0.000000
0.000000
0.000000
0.000000
0.000000
0.000000
0.000000
0.000000
0.000000
0.000000
0.000000
0.000000
0.000000
0.000000
0.000000
0.000000
0.000000
0.000000
0.000000
0.000000
0.000000
0.000000
0.000000
0.000000
0.000000
0.000000
0.000000
0.000000
0.000000
0.000000
0.000000
0.000000
0.000000
0.000000
0.000000
0.000000
0.000000
0.000000
0.000000
0.000000
0.000000
0.000000
0.000000
0.000000
0.000000
0.000000
0.000000
0.000000
0.000000
0.000000
0.000000
0.000000
0.000000
0.000000
0.000000
0.000000
0.000000
0.000000
0.000000
0.000000
0.000000
0.000000
0.000000
0.000000
0.000000
0.000000
0.000000
0.000000
0.000000
0.000000
0.000000
0.000000
0.000000
0.000000
0.000000
0.000000
0.000000
0.000000
0.000000
0.000000
0.000000
0.000000
0.000000
0.000000
0.000000
0.000000
0.000000
0.000000
0.000000
0.000000
0.000000
0.000000
0.000000
0.000000
0.000000
0.000000
0.000000
0.000000
0.000000
0.000000
0.000000
0.000000
0.000000
0.000000
0.000000
0.000000
0.000000
0.000000
0.000000
0.000000
0.000000
0.000000
0.000000
0.000000
0.000000
0.000000
0.000000
0.000000
0.000000
0.000000
0.000000
0.000000
0.000000
0.000000
0.000000
0.000000
0.000000
0.000000
0.000000
0.000000
0.000000
0.000000
0.000000
0.000000
0.000000
0.000000
0.000000
0.000000
0.000000
0.000000
0.000000
0.000000
0.000000
0.000000
0.000000
0.000000
0.000000
0.000000
0.000000
0.000000
0.000000
0.000000
0.000000
0.000000
0.000000
0.000000
0.000000
0.000000
0.000000
0.000000
0.000000
0.000000
0.000000
0.000000
0.000000
0.000000
0.000000
0.000000
0.000000
0.000000
0.000000
0.000000
0.000000
0.000000
0.000000
0.000000
0.000000
0.000000
0.000000
0.000000
0.000000
0.000000
0.000000
0.000000
0.000000
0.000000
0.000000
0.000000
0.000000
0.000000
0.000000
0.000000
0.000000
0.000000
0.000000
0.000000
0.000000
0.000000
0.000000
0.000000
0.000000
0.000000
0.000000
0.000000
0.000000
0.000000
0.000000
0.000000
0.000000
0.000000
0.000000
0.000000
0.000000
0.000000
0.000000
0.000000
0.000000
0.000000
0.000000
0.000000
0.000000
0.000000
0.000000
0.000000
0.000000
0.000000
0.000000
