-0.000465
-0.000507
0.000701
0.001352
0.000860
0.000095
-0.000666
0.000397
0.001139
0.001251
0.000653
0.000490
0.000087
-0.000095
0.000685
0.001007
0.000354
0.000244
-0.000285
-0.001399
-0.000673
0.001072
0.000387
-0.000000
-0.000224
-0.000676
-0.000242
0.000401
0.000327
0.001408
0.002061
0.000177
-0.000500
0.000366
-0.000734
-0.003285
-0.003206
-0.002273
-0.001697
-0.001036
-0.001127
-0.000492
-0.000280
0.000033
-0.000547
-0.000883
-0.000451
0.001305
0.002213
0.000107
-0.001793
-0.000846
0.000422
0.000025
-0.000168
0.000175
-0.000042
-0.000220
-0.000297
0.000282
0.000377
0.000061
-0.000424
-0.000402
0.000003
-0.000285
-0.000611
-0.000855
-0.001500
-0.004291
-0.009144
-0.016994
-0.025566
-0.038518
-0.044220
-0.043931
-0.043665
-0.049424
-0.055627
-0.083024
-0.106167
-0.114371
-0.096274
-0.089841
-0.059629
-0.036789
-0.025912
-0.018060
-0.008444
0.001991
0.012186
0.023856
0.040754
0.049755
0.058759
0.052977
0.060342
0.062259
0.067638
0.065061
0.053465
0.043495
0.041120
0.038377
0.032365
0.024423
0.021695
0.027374
0.026110
0.018842
0.015162
0.016894
0.017009
0.013671
0.010786
0.010695
0.010082
0.008490
0.006223
0.005583
0.005459
0.005470
0.004034
0.004776
0.005227
0.003025
0.002768
0.002706
0.002366
0.002164
0.002110
0.001433
0.000885
0.001108
0.002725
0.004026
0.006612
0.011696
0.016837
0.021134
0.025388
0.032105
0.037904
0.040256
0.040761
0.043926
0.048217
0.050691
0.055738
0.063992
0.066884
0.065071
0.063429
0.065974
0.071286
0.073390
0.068952
0.061252
0.054076
0.047485
0.043914
0.044988
0.042178
0.034181
0.027812
0.025274
0.024310
0.022839
0.021379
0.018535
0.015228
0.014210
0.013641
0.011513
0.009385
0.008703
0.008527
0.007458
0.006279
0.005341
0.005492
0.005026
0.005113
0.005146
0.004159
0.002931
0.002194
0.002106
0.002775
0.002969
0.001969
0.001409
0.001052
0.000841
0.000686
0.000712
0.000993
0.001060
0.002487
0.005347
0.008573
0.011469
0.014561
0.017030
0.019062
0.021898
0.024676
0.023973
0.025209
0.028972
0.032537
0.032816
0.028546
0.021768
0.015922
0.012235
0.007585
0.002912
-0.001579
-0.005321
-0.010428
-0.015806
-0.019282
-0.023342
-0.026181
-0.027970
-0.027578
-0.025489
-0.022966
-0.017608
-0.011447
-0.007319
-0.003459
0.000950
0.006192
0.010879
0.014630
0.017868
0.020046
0.021183
0.024422
0.031771
0.041675
0.043117
0.038529
0.035938
0.039675
0.046836
0.048351
0.044327
0.042597
0.045902
0.049157
0.048665
0.042846
0.035220
0.030248
0.033699
0.036095
0.024091
0.008066
0.002915
0.002752
-0.001555
-0.008926
-0.015792
-0.019180
-0.020149
-0.021699
-0.025207
-0.030225
-0.034181
-0.035276
-0.035079
-0.034222
-0.035063
-0.035791
-0.026836
-0.017017
-0.013384
-0.010366
-0.004271
0.002092
0.006260
0.009309
0.013571
0.018175
0.021700
0.027259
0.032018
0.032517
0.033066
0.035187
0.036672
0.036972
0.039872
0.049861
0.053368
0.047224
0.042319
0.046410
0.052276
0.049936
0.043575
0.036020
0.031814
0.027359
0.019284
0.012750
0.008376
0.002499
-0.002610
-0.006484
-0.009834
-0.012529
-0.018191
-0.023800
-0.026035
-0.027929
-0.029921
-0.030583
-0.031303
-0.029753
-0.032128
-0.039584
-0.039093
-0.024415
-0.012696
-0.007407
-0.005610
-0.001891
0.004389
0.009119
0.013795
0.019261
0.024514
0.027244
0.029258
0.031881
0.034997
0.036760
0.038134
0.039650
0.043978
0.049959
0.049613
0.046090
0.045760
0.047830
0.049475
0.047576
0.046567
0.047840
0.044819
0.033959
0.023457
0.018395
0.013817
0.006931
0.000892
-0.003977
-0.007759
-0.011499
-0.016092
-0.019357
-0.023544
-0.026670
-0.021412
-0.014011
-0.010616
-0.008185
-0.003375
0.003745
0.007320
0.010212
0.014318
0.017796
0.021083
0.024399
0.027319
0.028927
0.027961
0.022736
0.016012
0.011038
0.007101
0.002729
-0.001951
-0.006019
-0.010789
-0.015521
-0.019016
-0.021500
-0.023080
-0.026100
-0.027257
-0.022948
-0.018430
-0.014960
-0.009878
-0.004434
-0.000585
0.002903
0.007914
0.013838
0.017953
0.019982
0.022065
0.024730
0.027706
0.033132
0.040540
0.041903
0.037778
0.036477
0.039965
0.043785
0.043362
0.043215
0.049173
0.057271
0.056986
0.049901
0.045630
0.044231
0.038723
0.029491
0.020429
0.016441
0.015043
0.007851
-0.001472
-0.007252
-0.009579
-0.011871
-0.017119
-0.023738
-0.026526
-0.023213
-0.017892
-0.015380
-0.012054
-0.006868
-0.001416
0.002640
0.005756
0.009823
0.014384
0.018780
0.022803
0.026121
0.028862
0.030668
0.030539
0.031696
0.031188
0.026615
0.020886
0.015627
0.010935
0.006710
0.003419
-0.000769
-0.005555
-0.010266
-0.014130
-0.017293
-0.021973
-0.030084
-0.033937
-0.032725
-0.028691
-0.025330
-0.023032
-0.017606
-0.010343
-0.005788
-0.001900
0.003362
0.008630
0.012236
0.015811
0.019500
0.024030
0.028069
0.032036
0.039251
0.046311
0.051435
0.056751
0.064429
0.075909
0.087997
0.092142
0.090092
0.087905
0.093725
0.112847
0.136368
0.147324
0.139275
0.120911
0.130272
0.132663
0.144285
0.142752
0.134005
0.132412
0.129897
0.112948
0.093629
0.078631
0.068450
0.062582
0.058270
0.047674
0.046673
0.038980
0.034899
0.032827
0.030039
0.025643
0.019693
0.014375
0.011235
0.011269
0.012951
0.010127
0.004762
-0.000397
-0.003779
-0.003136
-0.003032
-0.004779
-0.006509
-0.007624
-0.008097
-0.009142
-0.010857
-0.012354
-0.011814
-0.011015
-0.010483
-0.011205
-0.014102
-0.013593
-0.010582
-0.009713
-0.009542
-0.012309
-0.015294
-0.014364
-0.011277
-0.010124
-0.010284
-0.010261
-0.009659
-0.009398
-0.009437
-0.008982
-0.008446
-0.010037
-0.012333
-0.011895
-0.009369
-0.010040
-0.011678
-0.012275
-0.011571
-0.010468
-0.011961
-0.013064
-0.011874
-0.012331
-0.014287
-0.014139
-0.012995
-0.013035
-0.013369
-0.015619
-0.017681
-0.016488
-0.013661
-0.011400
-0.011773
-0.014755
-0.015931
-0.013164
-0.010243
-0.009300
-0.009424
-0.011450
-0.012738
-0.011735
-0.010247
-0.010418
-0.011584
-0.014280
-0.015358
-0.013761
-0.011892
-0.011442
-0.011823
-0.012858
-0.011627
-0.009339
-0.011289
-0.012804
-0.012476
-0.011646
-0.010581
-0.010759
-0.010702
-0.010419
-0.012145
-0.013751
-0.013474
-0.011838
-0.009763
-0.008915
-0.011302
-0.015583
-0.016039
-0.013407
-0.011115
-0.010141
-0.012802
-0.017771
-0.017837
-0.013817
-0.012760
-0.013036
-0.014271
-0.015431
-0.015060
-0.013576
-0.011878
-0.011979
-0.014374
-0.015941
-0.014711
-0.013773
-0.014826
-0.015041
-0.015837
-0.014515
-0.012518
-0.011940
-0.012064
-0.012602
-0.015866
-0.018809
-0.017797
-0.013116
-0.009215
-0.007911
-0.009504
-0.014706
-0.017340
-0.013926
-0.009988
-0.010198
-0.012805
-0.013918
-0.013765
-0.013383
-0.013166
-0.014694
-0.017674
-0.017092
-0.013771
-0.011573
-0.012548
-0.013490
-0.012636
-0.010122
-0.009114
-0.009213
-0.008957
-0.008756
-0.008478
-0.007707
-0.008568
-0.011090
-0.011941
-0.012307
-0.012020
-0.010668
-0.009902
-0.010264
-0.011007
-0.013289
-0.015067
-0.014087
-0.012776
-0.012061
-0.012784
-0.015676
-0.017026
-0.014459
-0.012321
-0.013675
-0.011204
-0.013157
-0.014384
-0.012395
-0.009537
-0.009616
-0.010588
-0.012255
-0.013477
-0.011929
-0.009900
-0.009216
-0.010228
-0.012579
-0.014251
-0.012908
-0.010226
-0.009115
-0.011098
-0.014636
-0.013852
-0.011939
-0.012684
-0.015162
-0.016639
-0.016921
-0.015029
-0.013207
-0.012440
-0.011950
-0.013904
-0.017087
-0.016269
-0.013283
-0.010685
-0.009548
-0.011964
-0.015441
-0.014487
-0.011776
-0.010666
-0.007662
-0.009382
-0.012286
-0.012640
-0.011112
-0.011056
-0.012208
-0.014854
-0.016146
-0.015162
-0.014543
-0.013746
-0.014270
-0.015334
-0.013800
-0.011312
-0.011280
-0.012824
-0.013466
-0.012485
-0.010701
-0.009282
-0.009863
-0.010964
-0.013068
-0.018071
-0.025996
-0.031041
-0.033969
-0.038048
-0.046976
-0.064320
-0.075375
-0.074735
-0.077039
-0.090304
-0.100872
-0.106162
-0.115096
-0.125992
-0.128977
-0.129891
-0.136415
-0.141260
-0.142318
-0.152201
-0.138997
-0.138501
-0.122682
-0.109645
-0.094415
-0.077445
-0.064808
-0.060832
-0.059502
-0.052719
-0.040284
-0.030428
-0.025291
-0.021127
-0.016416
-0.012336
-0.009629
-0.008475
-0.006310
-0.002113
0.000989
0.003479
0.003818
0.005559
0.009004
0.010006
0.009181
0.009076
0.009782
0.010276
0.010670
0.011518
0.012016
0.012577
0.014052
0.016986
0.019466
0.020137
0.017952
0.015287
0.015659
0.017754
0.016968
0.016143
0.015095
0.016622
0.017222
0.016241
0.014938
0.013187
0.010745
0.011115
0.015294
0.019538
0.020423
0.018955
0.015498
0.012539
0.013871
0.018348
0.021054
0.020258
0.017919
0.016757
0.016171
0.016310
0.017054
0.016826
0.017275
0.017711
0.016010
0.014489
0.013784
0.015805
0.019835
0.020967
0.018849
0.014847
0.011852
0.012331
0.016940
0.021265
0.023874
0.022901
0.018142
0.013723
0.013265
0.015681
0.018307
0.018614
0.017671
0.016138
0.014978
0.016083
0.017939
0.019018
0.016838
0.016024
0.018173
0.020626
0.019185
0.015468
0.013554
0.014650
0.015716
0.015566
0.014137
0.012310
0.013280
0.018164
0.020435
0.020555
0.018394
0.015332
0.012682
0.011989
0.016633
0.021771
0.021960
0.019650
0.016920
0.018857
0.019755
0.021120
0.021102
0.019783
0.018219
0.016894
0.015497
0.014348
0.016209
0.020898
0.023072
0.020667
0.017041
0.014021
0.012714
0.014828
0.019082
0.021064
0.020815
0.018781
0.016388
0.014633
0.015263
0.019477
0.022095
0.020915
0.018941
0.016987
0.015341
0.016120
0.017465
0.016393
0.014172
0.012986
0.012916
0.013212
0.014890
0.017962
0.020665
0.021189
0.019515
0.018107
0.017093
0.016052
0.018246
0.020867
0.020993
0.019836
0.018051
0.014810
0.012959
0.014191
0.018862
0.021819
0.020388
0.015449
0.011501
0.012348
0.017713
0.022947
0.023235
0.019129
0.015933
0.015308
0.016568
0.017515
0.017059
0.014711
0.013214
0.012243
0.010720
0.010833
0.016371
0.024094
0.025925
0.024900
0.030257
0.039228
0.047527
0.054814
0.067934
0.087345
0.094355
0.088556
0.087964
0.101141
0.120510
0.128340
0.121488
0.113380
0.117674
0.129827
0.151004
0.166930
0.161225
0.141037
0.123785
0.112853
0.101924
0.087243
0.072822
0.060837
0.053228
0.049490
0.044514
0.036798
0.027403
0.020230
0.014579
0.009705
0.006782
0.006843
0.006027
0.001976
-0.002754
-0.006813
-0.007957
-0.008529
-0.010960
-0.014165
-0.015531
-0.015713
-0.015352
-0.017253
-0.020670
-0.022642
-0.022467
-0.021169
-0.021618
-0.023757
-0.023953
-0.022612
-0.020613
-0.020340
-0.023094
-0.026948
-0.028513
-0.025863
-0.022184
-0.020931
-0.024983
-0.028655
-0.028168
-0.024758
-0.021336
-0.023073
-0.026885
-0.028649
-0.027730
-0.025671
-0.023854
-0.023907
-0.023766
-0.023887
-0.023318
-0.022429
-0.024326
-0.028778
-0.031115
-0.028963
-0.024420
-0.021752
-0.024917
-0.030637
-0.031864
-0.027747
-0.024236
-0.025348
-0.028107
-0.027536
-0.026798
-0.025747
-0.025313
-0.025654
-0.025101
-0.024732
-0.023219
-0.020482
-0.022090
-0.029628
-0.035231
-0.033401
-0.026944
-0.022771
-0.025502
-0.028430
-0.027749
-0.024597
-0.022079
-0.023506
-0.025402
-0.025766
-0.025692
-0.023615
-0.023423
-0.026562
-0.029031
-0.028949
-0.026282
-0.023766
-0.025295
-0.030450
-0.033037
-0.030722
-0.025976
-0.025379
-0.028514
-0.028161
-0.026081
-0.024661
-0.024488
-0.025554
-0.024761
-0.023114
-0.027659
-0.029405
-0.026956
-0.030665
-0.039331
-0.047207
-0.050207
-0.056263
-0.070599
-0.083700
-0.085732
-0.084903
-0.091625
-0.104636
-0.115237
-0.113060
-0.094315
-0.075797
-0.073798
-0.077970
-0.085749
-0.096028
-0.098537
-0.097263
-0.106278
-0.123339
-0.133689
-0.133585
-0.124171
-0.110783
-0.093061
-0.072912
-0.052602
-0.034131
-0.021387
-0.010888
0.001507
0.017666
0.032363
0.039291
0.042988
0.050522
0.062615
0.074249
0.084690
0.085634
0.082985
0.084577
0.089775
0.108605
0.137782
0.139010
0.121125
0.106227
0.108176
0.116119
0.106519
0.081680
0.062258
0.060077
0.061616
0.056815
0.044663
0.035812
0.034767
0.035203
0.030873
0.023928
0.019373
0.017828
0.018940
0.020073
0.017027
0.012930
0.010224
0.008574
0.008656
0.011878
0.012453
0.008806
0.007200
0.006119
0.004299
0.000717
0.000103
0.003813
0.003798
0.001338
0.000070
0.001475
0.004142
0.003305
0.001731
0.001945
0.000963
0.000188
0.000613
0.000665
0.000812
0.000750
0.000023
-0.000650
0.000123
0.001273
0.001098
0.001286
0.000797
0.000535
0.000068
-0.002341
-0.007302
-0.013051
-0.018930
-0.026446
-0.034764
-0.041971
-0.059345
-0.065263
-0.063003
-0.066774
-0.081867
-0.096103
-0.102380
-0.107557
-0.119871
-0.136308
-0.148329
-0.151950
-0.146436
-0.140682
-0.146208
-0.149658
-0.137375
-0.113275
-0.080934
-0.058745
-0.045577
-0.031504
-0.017036
-0.003549
0.009666
0.021495
0.029590
0.036770
0.044437
0.051307
0.054496
0.054852
0.054985
0.049424
0.041915
0.036698
0.033604
0.030427
0.025982
0.024258
0.026478
0.025350
0.020424
0.015707
0.013857
0.011927
0.010846
0.012635
0.014071
0.011077
0.007608
0.006163
0.006298
0.007046
0.007751
0.005862
0.004167
0.004112
0.002810
0.002365
0.002839
0.002466
0.002229
0.002259
0.000724
-0.000162
-0.001129
-0.005128
-0.011876
-0.017352
-0.022004
-0.027389
-0.033496
-0.054350
-0.069217
-0.067145
-0.054836
-0.043211
-0.035426
-0.026259
-0.015289
-0.005456
0.003975
0.015919
0.026681
0.034400
0.042462
0.053088
0.061873
0.066385
0.069480
0.079074
0.088152
0.117654
0.121974
0.109351
0.098368
0.096162
0.095156
0.080848
0.054508
0.034936
0.025654
0.017447
0.004975
-0.010062
-0.021322
-0.027004
-0.029668
-0.030575
-0.028079
-0.018114
-0.008242
-0.001155
0.006536
0.013566
0.022322
0.032894
0.043098
0.052350
0.059106
0.062388
0.062217
0.055752
0.047519
0.037634
0.024860
0.013096
0.003338
-0.006235
-0.013802
-0.019093
-0.019690
-0.015028
-0.008732
-0.002681
0.004134
0.015262
0.026810
0.032683
0.038972
0.049909
0.059757
0.064288
0.067883
0.074455
0.079160
0.106560
0.115478
0.108651
0.099230
0.097512
0.103708
0.098955
0.082693
0.065056
0.059059
0.058352
0.054548
0.047630
0.043107
0.046346
0.058642
0.071632
0.074574
0.072513
0.076293
0.089775
0.102123
0.104429
0.103471
0.097158
0.120173
0.122538
0.136991
0.125866
0.114160
0.106544
0.095728
0.078442
0.056019
0.038375
0.028977
0.018916
0.005906
-0.006979
-0.017160
-0.025897
-0.034896
-0.040200
-0.048877
-0.066981
-0.083988
-0.086558
-0.084733
-0.090169
-0.106043
-0.124922
-0.135428
-0.134371
-0.134486
-0.138261
-0.141192
-0.144132
-0.145362
-0.149596
-0.153442
-0.154318
-0.159717
-0.166715
-0.167457
-0.141992
-0.128947
-0.094931
-0.065586
-0.049233
-0.036520
-0.019140
0.002945
0.017676
0.022677
0.029801
0.039113
0.052164
0.064377
0.064847
0.070068
0.076538
0.098459
0.102794
0.101649
0.106562
0.116927
0.127848
0.137910
0.142522
0.142093
0.144641
0.152355
0.158563
0.159568
0.160177
0.161419
0.163637
0.160529
0.142790
0.109767
0.075073
0.057253
0.048692
0.034018
0.013249
-0.000699
-0.006831
-0.012719
-0.022077
-0.039911
-0.050549
-0.052347
-0.053736
-0.063784
-0.081909
-0.097670
-0.101533
-0.097082
-0.091006
-0.089133
-0.086733
-0.075676
-0.061698
-0.052341
-0.048686
-0.049143
-0.056377
-0.063422
-0.064284
-0.061155
-0.067306
-0.084408
-0.097430
-0.099067
-0.101242
-0.108812
-0.112384
-0.108207
-0.100638
-0.088701
-0.076221
-0.064152
-0.058247
-0.056508
-0.052294
-0.043761
-0.035500
-0.033298
-0.033400
-0.028453
-0.021693
-0.017347
-0.016994
-0.019442
-0.018555
-0.013121
-0.009961
-0.008839
-0.009471
-0.011183
-0.009960
-0.006558
-0.006134
-0.005848
-0.004360
-0.004112
-0.004177
-0.002855
-0.002184
-0.002262
-0.001817
-0.001685
-0.002389
-0.001562
0.001569
0.000120
-0.002178
-0.002146
-0.000874
-0.000451
-0.001213
-0.001743
-0.001736
-0.000970
0.000645
0.000651
0.000386
-0.000500
-0.000255
0.000274
0.000434
0.000051
-0.000107
0.000525
0.001040
0.000388
0.000715
0.001040
0.000271
-0.000670
-0.001910
-0.000149
0.001521
-0.000982
-0.003147
-0.000770
0.000742
-0.000285
-0.000924
0.000347
0.001199
0.000445
-0.000045
-0.000540
0.000086
0.000485
0.000710
0.000725
-0.000040
-0.001233
0.000572
0.003151
0.001023
-0.002648
-0.001123
0.001551
0.001058
0.000453
0.001286
0.001425
0.001206
0.001058
-0.000032
-0.000480
0.000152
0.000728
0.000116
-0.000588
-0.001081
0.000582
0.003907
0.000754
-0.003921
-0.002013
0.001216
-0.000081
-0.000910
-0.000296
0.000499
0.000808
0.001195
0.000046
-0.000955
-0.000265
0.000693
0.000385
-0.000395
-0.000825
-0.000577
0.000329
0.000945
0.000581
0.000726
0.000752
0.000434
0.000239
0.000563
0.000230
-0.000096
-0.000074
-0.000637
-0.000628
-0.000018
0.000234
-0.000306
-0.001601
-0.005489
-0.010541
-0.016958
-0.026722
-0.039768
-0.051040
-0.054400
-0.049850
-0.063684
-0.079866
-0.088374
-0.087287
-0.091581
-0.104839
-0.113451
-0.115008
-0.120934
-0.133856
-0.143783
-0.152457
-0.159085
-0.155842
-0.150720
-0.154203
-0.165000
-0.172690
-0.173939
-0.157560
-0.129710
-0.092316
-0.060067
-0.046393
-0.035009
-0.018481
-0.002603
0.008352
0.017248
0.028149
0.044380
0.061264
0.062900
0.064083
0.074334
0.086861
0.094667
0.102604
0.110446
0.112855
0.113559
0.118640
0.132070
0.139984
0.136512
0.089744
0.059739
0.051228
0.043898
0.025603
0.005768
-0.008056
-0.013416
-0.020105
-0.029308
-0.040151
-0.048976
-0.062124
-0.069166
-0.072680
-0.076460
-0.089879
-0.105362
-0.110731
-0.111879
-0.119868
-0.129395
-0.134182
-0.142133
-0.148651
-0.146781
-0.146135
-0.151763
-0.149999
-0.140025
-0.122997
-0.103799
-0.084529
-0.070717
-0.062776
-0.057227
-0.050666
-0.043302
-0.036713
-0.034362
-0.031846
-0.026492
-0.021370
-0.018698
-0.019349
-0.020044
-0.016688
-0.012743
-0.011024
-0.009870
-0.009854
-0.010385
-0.008792
-0.006598
-0.006640
-0.006616
-0.005516
-0.005436
-0.004802
-0.003590
-0.004156
-0.006060
-0.002493
0.002319
0.000144
-0.006980
-0.007555
-0.003281
-0.001364
-0.002078
-0.002934
-0.001656
-0.000300
-0.000361
-0.000831
0.000050
0.000567
0.000131
0.000278
-0.000628
-0.001220
-0.000859
0.000038
0.000402
-0.000206
-0.000514
-0.001145
-0.000881
-0.000319
0.000779
0.000807
0.000139
0.000581
0.003708
0.009798
0.021507
0.035171
0.041231
0.042466
0.045991
0.050271
0.057645
0.065841
0.085034
0.110048
0.107294
0.097196
0.095078
0.106012
0.126454
0.140935
0.142478
0.137088
0.139374
0.144275
0.147267
0.139588
0.118507
0.097528
0.085545
0.083734
0.079011
0.065353
0.050634
0.040921
0.040166
0.047379
0.043826
0.035202
0.024266
0.022361
0.022635
0.020016
0.016437
0.014563
0.014646
0.013081
0.009476
0.007091
0.006836
0.009717
0.011381
0.009840
0.007607
0.004974
-0.000358
-0.000045
0.007881
0.009825
0.003268
-0.001123
-0.000310
0.002109
0.003560
0.003679
0.002393
0.001581
0.001015
0.000771
0.001946
0.001813
0.000885
0.000800
-0.000351
-0.002916
-0.008065
-0.016682
-0.026046
-0.033647
-0.039075
-0.043941
-0.053707
-0.070106
-0.082382
-0.081585
-0.082547
-0.095319
-0.107727
-0.109984
-0.110419
-0.117037
-0.131526
-0.145064
-0.152345
-0.150350
-0.145989
-0.145374
-0.141425
-0.125554
-0.107230
-0.091883
-0.079390
-0.068097
-0.059997
-0.055706
-0.052814
-0.046593
-0.038024
-0.031148
-0.029497
-0.026927
-0.022728
-0.024440
-0.029743
-0.022099
0.000070
0.012194
0.002867
-0.015264
-0.023074
-0.013301
-0.003420
-0.004916
-0.010386
-0.009008
-0.005056
-0.003220
-0.004591
-0.004528
-0.002066
-0.001879
-0.002909
-0.002182
-0.001145
-0.001152
-0.001256
-0.001242
-0.001660
-0.002102
-0.001548
-0.000626
-0.000593
-0.001035
-0.000770
0.000389
0.003737
0.011155
0.017620
0.019899
0.021485
0.023674
0.027079
0.031652
0.042080
0.054111
0.054824
0.049778
0.050065
0.057140
0.059955
0.059759
0.061644
0.067944
0.080501
0.083962
0.074542
0.065852
0.069746
0.080733
0.082432
0.077114
0.076415
0.078076
0.078344
0.076226
0.076900
0.087366
0.095102
0.088191
0.077745
0.075277
0.080370
0.087436
0.089097
0.078978
0.063431
0.052005
0.046832
0.049166
0.056606
0.050733
0.036401
0.028380
0.027214
0.024512
0.019318
0.017346
0.020207
0.019435
0.014625
0.010297
0.008231
0.008797
0.012046
0.012841
0.009488
0.006515
0.005254
0.004712
0.004992
0.005116
0.004013
0.004908
0.003052
0.000496
0.001670
0.003417
0.003307
0.001754
0.000916
0.000758
0.000528
0.001184
0.001623
0.000877
0.001286
0.001876
0.001844
0.003180
0.005333
0.006995
0.007250
0.007575
0.007257
0.007029
0.008833
0.013623
0.016584
0.014779
0.012479
0.013053
0.014004
0.014830
0.015631
0.014488
0.014257
0.015329
0.015858
0.015372
0.014441
0.014861
0.015029
0.013905
0.015766
0.018758
0.018580
0.014867
0.014450
0.018163
0.018931
0.015382
0.014780
0.015618
0.015772
0.018432
0.019924
0.017546
0.016752
0.017880
0.018592
0.018235
0.021481
0.024488
0.022842
0.019180
0.019153
0.021932
0.022015
0.018139
0.015508
0.017021
0.020353
0.020354
0.017073
0.014743
0.015668
0.021021
0.023802
0.020242
0.015333
0.014586
0.015370
0.017891
0.021108
0.020004
0.017014
0.016353
0.017705
0.017697
0.017275
0.019649
0.020467
0.017461
0.016028
0.016725
0.017720
0.018158
0.018250
0.017398
0.016649
0.016887
0.016990
0.016315
0.015193
0.014594
0.016617
0.016240
0.012746
0.011224
0.012077
0.013918
0.018473
0.024594
0.027901
0.026936
0.026636
0.028477
0.030214
0.037136
0.048610
0.050976
0.042443
0.035579
0.034263
0.029076
0.019111
0.008854
-0.000070
-0.008885
-0.017242
-0.026523
-0.036274
-0.046547
-0.054751
-0.060295
-0.069439
-0.081656
-0.095986
-0.108268
-0.109954
-0.108720
-0.112104
-0.100846
-0.094505
-0.066451
-0.045366
-0.036271
-0.027350
-0.014407
-0.001223
0.010326
0.022602
0.033270
0.040272
0.048970
0.058777
0.061035
0.049124
0.033998
0.022173
0.015466
0.007032
-0.003472
-0.013520
-0.020059
-0.026589
-0.040034
-0.058006
-0.066084
-0.064566
-0.068863
-0.084758
-0.098828
-0.104898
-0.109013
-0.120855
-0.129919
-0.133062
-0.139152
-0.145481
-0.145511
-0.136851
-0.117946
-0.094321
-0.078141
-0.072346
-0.069342
-0.058445
-0.044997
-0.037359
-0.036619
-0.037069
-0.031484
-0.023622
-0.019684
-0.020742
-0.021559
-0.017095
-0.011968
-0.010105
-0.010029
-0.010554
-0.010019
-0.007342
-0.005648
-0.005465
-0.005141
-0.004867
-0.004943
-0.004246
-0.003663
-0.003628
-0.002861
-0.001909
-0.002308
-0.002149
-0.001093
-0.001192
-0.001772
-0.001424
-0.000708
-0.000218
-0.000246
-0.000649
-0.001943
-0.001494
-0.000731
-0.000142
-0.000253
-0.000822
-0.000092
0.000098
0.000510
0.000928
0.000454
-0.000031
0.000004
0.000102
-0.000144
0.000413
0.000246
0.000118
0.000068
-0.000135
0.000190
0.000766
0.000927
0.000802
0.000586
0.000191
0.000102
0.000506
0.000754
-0.000140
-0.000164
-0.000473
-0.001842
-0.001645
-0.000367
0.000204
0.000012
0.000227
-0.000677
-0.000800
0.000239
0.000990
0.000201
-0.000170
-0.000353
-0.000634
0.000187
0.000752
0.000620
0.000316
0.000094
-0.000610
-0.000343
0.000638
0.001180
0.000321
0.000596
0.001049
0.001836
0.001662
0.001641
0.000646
0.000256
-0.000212
-0.000946
-0.001062
0.000219
0.000535
-0.000478
-0.000635
-0.000866
-0.000114
0.000507
0.000783
0.000382
0.000104
-0.001347
-0.001386
-0.000728
0.000454
0.000248
-0.000838
-0.000639
-0.000587
-0.000592
0.000403
0.000363
-0.000026
-0.001060
-0.000579
-0.000377
0.000307
0.001086
0.001084
0.001105
0.001074
0.001546
0.000615
0.001392
0.000778
-0.000331
-0.000245
-0.000090
-0.000103
0.000194
0.001080
0.001925
0.001381
-0.000382
-0.001274
0.000101
0.001116
-0.000206
-0.001905
-0.002149
-0.001367
-0.001057
-0.000371
0.000059
-0.000024
-0.000776
-0.001244
-0.000945
-0.000364
0.000609
0.000629
0.000649
-0.000027
-0.000322
0.000389
0.001319
0.000500
0.000084
0.000174
0.000118
-0.000151
0.000460
0.000393
0.000356
-0.000563
-0.001269
-0.001493
-0.000601
-0.000025
-0.000449
-0.000247
-0.000732
-0.002025
-0.001526
-0.000385
-0.000186
-0.000175
-0.000913
-0.001704
-0.001408
-0.000201
0.000163
-0.000198
-0.000379
-0.000753
-0.001202
-0.000543
0.000281
0.000079
-0.000099
0.000565
0.000316
-0.000062
0.000592
0.000532
-0.000134
0.000227
-0.000192
-0.000260
0.000213
0.000986
0.000676
0.000156
-0.000361
-0.000557
-0.000724
-0.001045
-0.002913
-0.005310
-0.007356
-0.009476
-0.010853
-0.014255
-0.019535
-0.020629
-0.019510
-0.019329
-0.020682
-0.025477
-0.027548
-0.025367
-0.024047
-0.025767
-0.029985
-0.032021
-0.029778
-0.026952
-0.023494
-0.019704
-0.012034
-0.001579
0.008230
0.016687
0.023734
0.030865
0.042002
0.056352
0.065526
0.070023
0.073933
0.072543
0.063232
0.051652
0.043368
0.037661
0.032283
0.023707
0.015017
0.008971
0.004057
-0.001438
-0.006972
-0.012372
-0.016457
-0.019230
-0.022444
-0.026744
-0.030226
-0.034685
-0.037089
-0.037934
-0.038251
-0.039096
-0.043873
-0.051803
-0.053753
-0.048600
-0.044604
-0.049896
-0.057818
-0.055896
-0.047343
-0.044529
-0.050988
-0.061510
-0.062528
-0.054849
-0.054110
-0.058683
-0.060320
-0.056190
-0.051688
-0.053661
-0.060593
-0.066514
-0.061222
-0.055585
-0.058178
-0.061259
-0.061037
-0.054848
-0.054005
-0.061860
-0.067586
-0.063110
-0.054499
-0.054776
-0.061543
-0.062163
-0.055145
-0.051161
-0.056596
-0.064997
-0.063908
-0.054359
-0.050324
-0.057161
-0.063972
-0.060961
-0.052957
-0.053173
-0.061003
-0.065580
-0.059762
-0.052763
-0.055263
-0.063655
-0.064293
-0.057783
-0.053671
-0.057147
-0.057866
-0.051847
-0.042217
-0.038842
-0.039485
-0.033184
-0.023969
-0.018536
-0.017023
-0.016001
-0.012228
-0.006940
-0.004757
-0.003139
-0.001025
0.001634
0.002978
0.004011
0.004917
0.005327
0.006213
0.007941
0.010427
0.011972
0.011116
0.011095
0.011364
0.012456
0.014673
0.015660
0.014250
0.013052
0.012309
0.012077
0.013358
0.016486
0.018686
0.016961
0.015017
0.014577
0.013945
0.013496
0.016733
0.020463
0.018954
0.016033
0.014821
0.015049
0.014733
0.013693
0.011765
0.010090
0.009971
0.010053
0.007857
0.007205
0.006437
0.005397
0.004868
0.004891
0.003661
0.002188
0.002467
0.003654
0.003569
0.002614
0.002015
0.001571
0.001678
0.002051
0.002543
0.001990
0.000849
0.000540
0.003820
0.010365
0.021612
0.033743
0.039716
0.041842
0.045712
0.051209
0.058629
0.060950
0.075672
0.095329
0.115736
0.106444
0.081222
0.064754
0.064965
0.071436
0.065942
0.048688
0.035523
0.032659
0.036728
0.039438
0.033271
0.023924
0.020516
0.020401
0.018488
0.014566
0.012048
0.010678
0.010775
0.010325
0.008343
0.007359
0.007387
0.006859
0.005951
0.006170
0.005583
0.003963
0.003562
0.004271
0.003469
0.002705
0.002243
0.001537
0.001197
0.002094
0.002621
0.001975
0.001365
0.001208
0.000081
0.000371
0.001777
0.002282
0.001098
-0.000102
0.000353
0.001321
0.002845
0.002510
-0.001794
-0.002583
-0.000887
0.000117
-0.000367
0.000598
-0.000262
-0.000009
0.001067
0.002374
0.000528
-0.002228
-0.000873
0.000155
-0.000381
0.000000
0.000000
0.000000
0.000000
0.000000
0.000000
0.000000
0.000000
0.000000
0.000000
0.000000
0.000000
0.000000
0.000000
0.000000
0.000000
0.000000
0.000000
0.000000
0.000000
0.000000
0.000000
0.000000
0.000000
0.000000
0.000000
0.000000
0.000000
0.000000
0.000000
0.000000
0.000000
0.000000
0.000000
0.000000
0.000000
0.000000
0.000000
0.000000
0.000000
0.000000
0.000000
0.000000
0.000000
0.000000
0.000000
0.000000
0.000000
0.000000
0.000000
0.000000
0.000000
0.000000
0.000000
0.000000
0.000000
0.000000
0.000000
0.000000
0.000000
0.000000
0.000000
0.000000
0.000000
0.000000
0.000000
0.000000
0.000000
0.000000
0.000000
0.000000
0.000000
0.000000
0.000000
0.000000
0.000000
0.000000
0.000000
0.000000
0.000000
0.000000
0.000000
0.000000
0.000000
0.000000
0.000000
0.000000
0.000000
0.000000
0.000000
0.000000
0.000000
0.000000
0.000000
0.000000
0.000000
0.000000
0.000000
0.000000
0.000000
0.000000
0.000000
0.000000
0.000000
0.000000
0.000000
0.000000
0.000000
0.000000
0.000000
0.000000
0.000000
0.000000
0.000000
0.000000
0.000000
0.000000
0.000000
0.000000
0.000000
0.000000
0.000000
0.000000
0.000000
0.000000
0.000000
0.000000
0.000000
0.000000
0.000000
0.000000
0.000000
0.000000
0.000000
0.000000
0.000000
0.000000
0.000000
0.000000
0.000000
0.000000
0.000000
0.000000
0.000000
0.000000
0.000000
0.000000
0.000000
0.000000
0.000000
0.000000
0.000000
0.000000
0.000000
0.000000
0.000000
0.000000
0.000000
0.000000
0.000000
0.000000
0.000000
0.000000
0.000000
0.000000
0.000000
0.000000
0.000000
0.000000
0.000000
0.000000
0.000000
0.000000
0.000000
0.000000
0.000000
0.000000
0.000000
0.000000
0.000000
0.000000
0.000000
0.000000
0.000000
0.000000
0.000000
0.000000
0.000000
0.000000
0.000000
0.000000
0.000000
0.000000
0.000000
0.000000
0.000000
0.000000
0.000000
0.000000
0.000000
0.000000
0.000000
0.000000
0.000000
0.000000
0.000000
0.000000
0.000000
0.000000
0.000000
0.000000
0.000000
0.000000
0.000000
0.000000
0.000000
0.000000
0.000000
0.000000
0.000000
0.000000
0.000000
0.000000
0.000000
0.000000
0.000000
0.000000
0.000000
0.000000
0.000000
0.000000
0.000000
0.000000
0.000000
0.000000
0.000000
0.000000
0.000000
0.000000
0.000000
0.000000
0.000000
0.000000
0.000000
0.000000
0.000000
0.000000
0.000000
0.000000
0.000000
0.000000
0.000000
0.000000
0.000000
0.000000
0.000000
0.000000
0.000000
0.000000
0.000000
0.000000
0.000000
0.000000
0.000000
0.000000
0.000000
0.000000
0.000000
0.000000
0.000000
0.000000
0.000000
0.000000
0.000000
0.000000
0.000000
0.000000
0.000000
0.000000
0.000000
0.000000
0.000000
0.000000
0.000000
0.000000
0.000000
0.000000
0.000000
0.000000
0.000000
0.000000
0.000000
0.000000
0.000000
0.000000
0.000000
0.000000
0.000000
0.000000
0.000000
0.000000
0.000000
0.000000
0.000000
0.000000
0.000000
0.000000
0.000000
0.000000
0.000000
0.000000
0.000000
0.000000
0.000000
0.000000
0.000000
0.000000
0.000000
0.000000
0.000000
0.000000
0.000000
0.000000
0.000000
0.000000
0.000000
0.000000
0.000000
0.000000
0.000000
0.000000
0.000000
0.000000
0.000000
0.000000
0.000000
0.000000
0.000000
0.000000
0.000000
0.000000
0.000000
0.000000
0.000000
0.000000
0.000000
0.000000
0.000000
0.000000
0.000000
0.000000
0.000000
0.000000
0.000000
0.000000
0.000000
0.000000
0.000000
0.000000
0.000000
0.000000
0.000000
0.000000
0.000000
0.000000
0.000000
0.000000
0.000000
0.000000
0.000000
0.000000
0.000000
0.000000
0.000000
0.000000
0.000000
0.000000
0.000000
0.000000
0.000000
0.000000
0.000000
0.000000
0.000000
0.000000
0.000000
0.000000
0.000000
0.000000
0.000000
0.000000
0.000000
0.000000
0.000000
0.000000
0.000000
0.000000
0.000000
0.000000
0.000000
0.000000
0.000000
0.000000
0.000000
0.000000
0.000000
0.000000
0.000000
0.000000
0.000000
0.000000
0.000000
0.000000
0.000000
0.000000
0.000000
0.000000
0.000000
0.000000
0.000000
0.000000
0.000000
0.000000
0.000000
0.000000
0.000000
0.000000
0.000000
0.000000
0.000000
0.000000
0.000000
0.000000
0.000000
0.000000
0.000000
0.000000
0.000000
0.000000
0.000000
0.000000
0.000000
0.000000
0.000000
0.000000
0.000000
0.000000
0.000000
0.000000
0.000000
0.000000
0.000000
0.000000
0.000000
0.000000
0.000000
0.000000
0.000000
0.000000
0.000000
0.000000
0.000000
0.000000
0.000000
0.000000
0.000000
0.000000
0.000000
0.000000
0.000000
0.000000
0.000000
0.000000
0.000000
0.000000
0.000000
0.000000
0.000000
0.000000
0.000000
0.000000
0.000000
0.000000
0.000000
0.000000
0.000000
0.000000
0.000000
0.000000
0.000000
0.000000
0.000000
0.000000
0.000000
0.000000
0.000000
0.000000
0.000000
0.000000
0.000000
0.000000
0.000000
0.000000
0.000000
0.000000
0.000000
0.000000
0.000000
0.000000
0.000000
0.000000
0.000000
0.000000
0.000000
0.000000
0.000000
0.000000
0.000000
0.000000
0.000000
0.000000
0.000000
0.000000
0.000000
0.000000
0.000000
0.000000
0.000000
0.000000
0.000000
0.000000
0.000000
0.000000
0.000000
0.000000
0.000000
0.000000
0.000000
0.000000
0.000000
0.000000
0.000000
0.000000
0.000000
0.000000
0.000000
0.000000
0.000000
0.000000
0.000000
0.000000
0.000000
0.000000
0.000000
0.000000
0.000000
0.000000
0.000000
0.000000
0.000000
0.000000
0.000000
0.000000
0.000000
0.000000
0.000000
0.000000
0.000000
0.000000
0.000000
0.000000
0.000000
0.000000
0.000000
0.000000
0.000000
0.000000
0.000000
0.000000
0.000000
0.000000
0.000000
0.000000
0.000000
0.000000
0.000000
0.000000
0.000000
0.000000
0.000000
0.000000
0.000000
0.000000
0.000000
0.000000
0.000000
0.000000
0.000000
0.000000
0.000000
0.000000
0.000000
0.000000
0.000000
0.000000
0.000000
0.000000
0.000000
0.000000
0.000000
0.000000
0.000000
0.000000
0.000000
0.000000
0.000000
0.000000
0.000000
0.000000
0.000000
0.000000
0.000000
0.000000
0.000000
0.000000
0.000000
0.000000
0.000000
0.000000
0.000000
0.000000
0.000000
0.000000
0.000000
0.000000
0.000000
0.000000
0.000000
0.000000
0.000000
0.000000
0.000000
0.000000
0.000000
0.000000
0.000000
0.000000
0.000000
0.000000
0.000000
0.000000
0.000000
0.000000
0.000000
0.000000
0.000000
0.000000
0.000000
0.000000
0.000000
0.000000
0.000000
0.000000
0.000000
0.000000
0.000000
0.000000
0.000000
0.000000
0.000000
0.000000
0.000000
0.000000
0.000000
0.000000
0.000000
0.000000
0.000000
0.000000
0.000000
0.000000
0.000000
0.000000
0.000000
0.000000
0.000000
0.000000
0.000000
0.000000
0.000000
0.000000
0.000000
0.000000
0.000000
0.000000
0.000000
0.000000
0.000000
0.000000
0.000000
0.000000
0.000000
0.000000
0.000000
0.000000
0.000000
0.000000
0.000000
0.000000
0.000000
0.000000
0.000000
0.000000
0.000000
0.000000
0.000000
0.000000
0.000000
0.000000
0.000000
0.000000
0.000000
0.000000
0.000000
0.000000
0.000000
0.000000
0.000000
0.000000
0.000000
0.000000
0.000000
0.000000
0.000000
0.000000
0.000000
0.000000
0.000000
0.000000
0.000000
0.000000
0.000000
0.000000
0.000000
0.000000
0.000000
0.000000
0.000000
0.000000
0.000000
0.000000
0.000000
0.000000
0.000000
0.000000
0.000000
0.000000
0.000000
0.000000
0.000000
0.000000
0.000000
0.000000
0.000000
0.000000
0.000000
0.000000
0.000000
0.000000
0.000000
0.000000
0.000000
0.000000
0.000000
0.000000
0.000000
0.000000
0.000000
0.000000
0.000000
0.000000
0.000000
0.000000
0.000000
0.000000
0.000000
0.000000
0.000000
0.000000
0.000000
0.000000
0.000000
0.000000
0.000000
0.000000
0.000000
0.000000
0.000000
0.000000
0.000000
0.000000
0.000000
0.000000
0.000000
0.000000
0.000000
0.000000
0.000000
0.000000
0.000000
0.000000
0.000000
0.000000
0.000000
0.000000
0.000000
0.000000
0.000000
0.000000
0.000000
0.000000
0.000000
0.000000
0.000000
0.000000
0.000000
0.000000
0.000000
0.000000
0.000000
0.000000
0.000000
0.000000
0.000000
0.000000
0.000000
0.000000
0.000000
0.000000
0.000000
0.000000
0.000000
0.000000
0.000000
0.000000
0.000000
0.000000
0.000000
0.000000
0.000000
0.000000
0.000000
0.000000
0.000000
0.000000
0.000000
0.000000
0.000000
0.000000
0.000000
0.000000
0.000000
0.000000
0.000000
0.000000
0.000000
0.000000
0.000000
0.000000
0.000000
0.000000
0.000000
0.000000
0.000000
0.000000
0.000000
0.000000
0.000000
0.000000
0.000000
0.000000
0.000000
0.000000
0.000000
0.000000
0.000000
0.000000
0.000000
0.000000
0.000000
0.000000
0.000000
0.000000
0.000000
0.000000
0.000000
0.000000
0.000000
0.000000
0.000000
0.000000
0.000000
0.000000
0.000000
0.000000
0.000000
0.000000
0.000000
0.000000
0.000000
0.000000
0.000000
0.000000
0.000000
0.000000
0.000000
0.000000
0.000000
0.000000
0.000000
0.000000
0.000000
0.000000
0.000000
0.000000
0.000000
0.000000
0.000000
0.000000
0.000000
0.000000
0.000000
0.000000
0.000000
0.000000
0.000000
0.000000
0.000000
0.000000
0.000000
0.000000
0.000000
0.000000
0.000000
0.000000
0.000000
0.000000
0.000000
0.000000
0.000000
0.000000
0.000000
0.000000
0.000000
0.000000
0.000000
0.000000
0.000000
0.000000
0.000000
0.000000
0.000000
0.000000
0.000000
0.000000
0.000000
0.000000
0.000000
0.000000
0.000000
0.000000
0.000000
0.000000
0.000000
0.000000
0.000000
0.000000
0.000000
0.000000
0.000000
0.000000
0.000000
0.000000
0.000000
0.000000
0.000000
0.000000
0.000000
0.000000
0.000000
0.000000
0.000000
0.000000
0.000000
0.000000
0.000000
0.000000
0.000000
0.000000
0.000000
0.000000
0.000000
0.000000
0.000000
0.000000
0.000000
0.000000
0.000000
0.000000
0.000000
0.000000
0.000000
0.000000
0.000000
0.000000
0.000000
0.000000
0.000000
0.000000
0.000000
0.000000
0.000000
0.000000
0.000000
0.000000
0.000000
0.000000
0.000000
0.000000
0.000000
0.000000
0.000000
0.000000
0.000000
0.000000
0.000000
0.000000
0.000000
0.000000
0.000000
0.000000
0.000000
0.000000
0.000000
0.000000
0.000000
0.000000
0.000000
0.000000
0.000000
0.000000
0.000000
0.000000
0.000000
0.000000
0.000000
0.000000
0.000000
0.000000
0.000000
0.000000
0.000000
0.000000
0.000000
0.000000
0.000000
0.000000
0.000000
0.000000
0.000000
0.000000
0.000000
0.000000
0.000000
0.000000
0.000000
0.000000
0.000000
0.000000
0.000000
0.000000
0.000000
0.000000
0.000000
0.000000
0.000000
0.000000
0.000000
0.000000
0.000000
0.000000
0.000000
0.000000
0.000000
0.000000
0.000000
0.000000
0.000000
0.000000
0.000000
0.000000
0.000000
0.000000
0.000000
0.000000
0.000000
0.000000
0.000000
0.000000
0.000000
0.000000
0.000000
0.000000
0.000000
0.000000
0.000000
0.000000
0.000000
0.000000
0.000000
0.000000
0.000000
0.000000
0.000000
0.000000
0.000000
0.000000
0.000000
0.000000
0.000000
0.000000
0.000000
0.000000
0.000000
0.000000
0.000000
0.000000
0.000000
0.000000
0.000000
0.000000
0.000000
0.000000
0.000000
0.000000
0.000000
0.000000
0.000000
0.000000
0.000000
0.000000
0.000000
0.000000
0.000000
0.000000
0.000000
0.000000
0.000000
0.000000
0.000000
0.000000
0.000000
0.000000
0.000000
0.000000
0.000000
0.000000
0.000000
0.000000
0.000000
0.000000
0.000000
0.000000
0.000000
0.000000
0.000000
0.000000
0.000000
0.000000
0.000000
0.000000
0.000000
0.000000
0.000000
0.000000
0.000000
0.000000
0.000000
0.000000
0.000000
0.000000
0.000000
0.000000
0.000000
0.000000
0.000000
0.000000
0.000000
0.000000
0.000000
0.000000
0.000000
0.000000
0.000000
0.000000
0.000000
0.000000
0.000000
0.000000
0.000000
0.000000
0.000000
0.000000
0.000000
0.000000
0.000000
0.000000
0.000000
0.000000
0.000000
0.000000
0.000000
0.000000
0.000000
0.000000
0.000000
0.000000
0.000000
0.000000
0.000000
0.000000
0.000000
0.000000
0.000000
0.000000
0.000000
0.000000
0.000000
0.000000
0.000000
0.000000
0.000000
0.000000
0.000000
0.000000
0.000000
0.000000
0.000000
0.000000
0.000000
0.000000
0.000000
0.000000
0.000000
0.000000
0.000000
0.000000
0.000000
0.000000
0.000000
0.000000
0.000000
0.000000
0.000000
0.000000
0.000000
0.000000
0.000000
0.000000
0.000000
0.000000
0.000000
0.000000
0.000000
0.000000
0.000000
0.000000
0.000000
0.000000
0.000000
0.000000
0.000000
0.000000
0.000000
0.000000
0.000000
0.000000
0.000000
0.000000
0.000000
0.000000
0.000000
0.000000
0.000000
0.000000
0.000000
0.000000
0.000000
0.000000
0.000000
0.000000
0.000000
0.000000
0.000000
0.000000
0.000000
0.000000
0.000000
0.000000
0.000000
0.000000
0.000000
0.000000
0.000000
0.000000
0.000000
0.000000
0.000000
0.000000
0.000000
0.000000
0.000000
0.000000
0.000000
0.000000
0.000000
0.000000
0.000000
0.000000
0.000000
0.000000
0.000000
0.000000
0.000000
0.000000
0.000000
0.000000
0.000000
0.000000
0.000000
0.000000
0.000000
0.000000
0.000000
0.000000
0.000000
0.000000
0.000000
0.000000
0.000000
0.000000
0.000000
0.000000
0.000000
0.000000
0.000000
0.000000
0.000000
0.000000
0.000000
0.000000
0.000000
0.000000
0.000000
0.000000
0.000000
0.000000
0.000000
0.000000
0.000000
0.000000
0.000000
0.000000
0.000000
0.000000
0.000000
0.000000
0.000000
0.000000
0.000000
0.000000
0.000000
0.000000
0.000000
0.000000
0.000000
0.000000
0.000000
0.000000
0.000000
0.000000
0.000000
0.000000
0.000000
0.000000
0.000000
0.000000
0.000000
0.000000
0.000000
0.000000
0.000000
0.000000
0.000000
0.000000
0.000000
0.000000
0.000000
0.000000
0.000000
0.000000
0.000000
0.000000
0.000000
0.000000
0.000000
0.000000
0.000000
0.000000
0.000000
0.000000
0.000000
0.000000
0.000000
0.000000
0.000000
0.000000
0.000000
0.000000
0.000000
0.000000
0.000000
0.000000
0.000000
0.000000
0.000000
0.000000
0.000000
0.000000
0.000000
0.000000
0.000000
0.000000
0.000000
0.000000
0.000000
0.000000
0.000000
0.000000
0.000000
0.000000
0.000000
0.000000
0.000000
0.000000
0.000000
0.000000
0.000000
0.000000
0.000000
0.000000
0.000000
0.000000
0.000000
0.000000
0.000000
0.000000
0.000000
0.000000
0.000000
0.000000
0.000000
0.000000
0.000000
0.000000
0.000000
0.000000
0.000000
0.000000
0.000000
0.000000
0.000000
0.000000
0.000000
0.000000
0.000000
0.000000
0.000000
0.000000
0.000000
0.000000
0.000000
0.000000
0.000000
0.000000
0.000000
0.000000
0.000000
0.000000
0.000000
0.000000
0.000000
0.000000
0.000000
0.000000
0.000000
0.000000
0.000000
0.000000
0.000000
0.000000
0.000000
0.000000
0.000000
0.000000
0.000000
0.000000
0.000000
0.000000
0.000000
0.000000
0.000000
0.000000
0.000000
0.000000
0.000000
0.000000
0.000000
0.000000
0.000000
0.000000
0.000000
0.000000
0.000000
0.000000
0.000000
0.000000
0.000000
0.000000
0.000000
0.000000
0.000000
0.000000
0.000000
0.000000
0.000000
0.000000
0.000000
0.000000
0.000000
0.000000
0.000000
0.000000
0.000000
0.000000
0.000000
0.000000
0.000000
0.000000
0.000000
0.000000
0.000000
0.000000
0.000000
0.000000
0.000000
0.000000
0.000000
0.000000
0.000000
0.000000
0.000000
0.000000
0.000000
0.000000
0.000000
0.000000
0.000000
0.000000
0.000000
0.000000
0.000000
0.000000
0.000000
0.000000
0.000000
0.000000
0.000000
0.000000
0.000000
0.000000
0.000000
0.000000
0.000000
0.000000
0.000000
0.000000
0.000000
0.000000
0.000000
0.000000
0.000000
0.000000
0.000000
0.000000
0.000000
0.000000
0.000000
0.000000
0.000000
0.000000
0.000000
0.000000
0.000000
0.000000
0.000000
0.000000
0.000000
0.000000
0.000000
0.000000
0.000000
0.000000
0.000000
0.000000
0.000000
0.000000
0.000000
0.000000
0.000000
0.000000
0.000000
0.000000
0.000000
0.000000
0.000000
0.000000
0.000000
0.000000
0.000000
0.000000
0.000000
0.000000
0.000000
0.000000
0.000000
0.000000
0.000000
0.000000
0.000000
0.000000
0.000000
0.000000
0.000000
0.000000
0.000000
0.000000
0.000000
0.000000
0.000000
0.000000
0.000000
0.000000
0.000000
0.000000
0.000000
0.000000
0.000000
0.000000
0.000000
0.000000
0.000000
0.000000
0.000000
0.000000
0.000000
0.000000
0.000000
0.000000
0.000000
0.000000
0.000000
0.000000
0.000000
0.000000
0.000000
0.000000
0.000000
0.000000
0.000000
0.000000
0.000000
0.000000
0.000000
0.000000
0.000000
0.000000
0.000000
0.000000
0.000000
0.000000
0.000000
0.000000
0.000000
0.000000
0.000000
0.000000
0.000000
0.000000
0.000000
0.000000
0.000000
0.000000
0.000000
0.000000
0.000000
0.000000
0.000000
0.000000
0.000000
0.000000
0.000000
0.000000
0.000000
0.000000
0.000000
0.000000
0.000000
0.000000
0.000000
0.000000
0.000000
0.000000
0.000000
0.000000
0.000000
0.000000
0.000000
0.000000
0.000000
0.000000
0.000000
0.000000
0.000000
0.000000
0.000000
0.000000
0.000000
0.000000
0.000000
0.000000
0.000000
0.000000
0.000000
0.000000
0.000000
0.000000
0.000000
0.000000
0.000000
0.000000
0.000000
0.000000
0.000000
0.000000
0.000000
0.000000
0.000000
0.000000
0.000000
0.000000
0.000000
0.000000
0.000000
0.000000
0.000000
0.000000
0.000000
0.000000
0.000000
0.000000
0.000000
0.000000
0.000000
0.000000
0.000000
0.000000
0.000000
0.000000
0.000000
0.000000
0.000000
0.000000
0.000000
0.000000
0.000000
0.000000
0.000000
0.000000
0.000000
0.000000
0.000000
0.000000
0.000000
0.000000
0.000000
0.000000
0.000000
0.000000
0.000000
0.000000
0.000000
0.000000
0.000000
0.000000
0.000000
0.000000
0.000000
0.000000
0.000000
0.000000
0.000000
0.000000
0.000000
0.000000
0.000000
0.000000
0.000000
0.000000
0.000000
0.000000
0.000000
0.000000
0.000000
0.000000
0.000000
0.000000
0.000000
0.000000
0.000000
0.000000
0.000000
0.000000
0.000000
0.000000
0.000000
0.000000
0.000000
0.000000
0.000000
0.000000
0.000000
0.000000
0.000000
0.000000
0.000000
0.000000
0.000000
0.000000
0.000000
0.000000
0.000000
0.000000
0.000000
0.000000
0.000000
0.000000
0.000000
0.000000
0.000000
0.000000
0.000000
0.000000
0.000000
0.000000
0.000000
0.000000
0.000000
0.000000
0.000000
0.000000
0.000000
0.000000
0.000000
0.000000
0.000000
0.000000
0.000000
0.000000
0.000000
0.000000
0.000000
0.000000
0.000000
0.000000
0.000000
0.000000
0.000000
0.000000
0.000000
0.000000
0.000000
0.000000
0.000000
0.000000
0.000000
0.000000
0.000000
0.000000
0.000000
0.000000
0.000000
0.000000
0.000000
0.000000
0.000000
0.000000
0.000000
0.000000
0.000000
0.000000
0.000000
0.000000
0.000000
0.000000
0.000000
0.000000
0.000000
0.000000
0.000000
0.000000
0.000000
0.000000
0.000000
0.000000
0.000000
0.000000
0.000000
0.000000
0.000000
0.000000
0.000000
0.000000
0.000000
0.000000
0.000000
0.000000
0.000000
0.000000
0.000000
0.000000
0.000000
0.000000
0.000000
0.000000
0.000000
0.000000
0.000000
0.000000
0.000000
0.000000
0.000000
0.000000
0.000000
0.000000
0.000000
0.000000
0.000000
0.000000
0.000000
0.000000
0.000000
0.000000
0.000000
0.000000
0.000000
0.000000
0.000000
0.000000
0.000000
0.000000
0.000000
0.000000
0.000000
0.000000
0.000000
0.000000
0.000000
0.000000
0.000000
0.000000
0.000000
0.000000
0.000000
0.000000
0.000000
0.000000
0.000000
0.000000
0.000000
0.000000
0.000000
0.000000
0.000000
0.000000
0.000000
0.000000
0.000000
0.000000
0.000000
0.000000
0.000000
0.000000
0.000000
0.000000
0.000000
0.000000
0.000000
0.000000
0.000000
0.000000
0.000000
0.000000
0.000000
0.000000
0.000000
0.000000
0.000000
0.000000
0.000000
0.000000
0.000000
0.000000
0.000000
0.000000
0.000000
0.000000
0.000000
0.000000
0.000000
0.000000
0.000000
0.000000
0.000000
0.000000
0.000000
0.000000
0.000000
0.000000
0.000000
0.000000
0.000000
0.000000
0.000000
0.000000
0.000000
0.000000
0.000000
0.000000
0.000000
0.000000
0.000000
0.000000
0.000000
0.000000
0.000000
0.000000
0.000000
0.000000
0.000000
0.000000
0.000000
0.000000
0.000000
0.000000
0.000000
0.000000
0.000000
0.000000
0.000000
0.000000
0.000000
0.000000
0.000000
0.000000
0.000000
0.000000
0.000000
0.000000
0.000000
0.000000
0.000000
0.000000
0.000000
0.000000
0.000000
0.000000
0.000000
0.000000
0.000000
0.000000
0.000000
0.000000
0.000000
0.000000
0.000000
0.000000
0.000000
0.000000
0.000000
0.000000
0.000000
0.000000
0.000000
0.000000
0.000000
0.000000
0.000000
0.000000
0.000000
0.000000
0.000000
0.000000
0.000000
0.000000
0.000000
0.000000
0.000000
0.000000
0.000000
0.000000
0.000000
0.000000
0.000000
0.000000
0.000000
0.000000
0.000000
0.000000
0.000000
0.000000
0.000000
0.000000
0.000000
0.000000
0.000000
0.000000
0.000000
0.000000
0.000000
0.000000
0.000000
0.000000
0.000000
0.000000
0.000000
0.000000
0.000000
0.000000
0.000000
0.000000
0.000000
0.000000
0.000000
0.000000
0.000000
0.000000
0.000000
0.000000
0.000000
0.000000
0.000000
0.000000
0.000000
0.000000
0.000000
0.000000
0.000000
0.000000
0.000000
0.000000
0.000000
0.000000
0.000000
0.000000
0.000000
0.000000
0.000000
0.000000
0.000000
0.000000
0.000000
0.000000
0.000000
0.000000
0.000000
0.000000
0.000000
0.000000
0.000000
0.000000
0.000000
0.000000
0.000000
0.000000
0.000000
0.000000
0.000000
0.000000
0.000000
0.000000
0.000000
0.000000
0.000000
0.000000
0.000000
0.000000
0.000000
0.000000
0.000000
0.000000
0.000000
0.000000
0.000000
0.000000
0.000000
0.000000
0.000000
0.000000
0.000000
0.000000
0.000000
0.000000
0.000000
0.000000
0.000000
0.000000
0.000000
0.000000
0.000000
0.000000
0.000000
0.000000
0.000000
0.000000
0.000000
0.000000
0.000000
0.000000
0.000000
0.000000
0.000000
0.000000
0.000000
0.000000
0.000000
0.000000
0.000000
0.000000
0.000000
0.000000
0.000000
0.000000
0.000000
0.000000
0.000000
0.000000
0.000000
0.000000
0.000000
0.000000
0.000000
0.000000
0.000000
0.000000
0.000000
0.000000
0.000000
0.000000
0.000000
0.000000
0.000000
0.000000
0.000000
0.000000
0.000000
0.000000
0.000000
0.000000
0.000000
0.000000
0.000000
0.000000
0.000000
0.000000
0.000000
0.000000
0.000000
0.000000
0.000000
0.000000
0.000000
0.000000
0.000000
0.000000
0.000000
0.000000
0.000000
0.000000
0.000000
0.000000
0.000000
0.000000
0.000000
0.000000
0.000000
0.000000
0.000000
0.000000
0.000000
0.000000
0.000000
0.000000
0.000000
0.000000
0.000000
0.000000
0.000000
0.000000
0.000000
0.000000
0.000000
0.000000
0.000000
0.000000
0.000000
0.000000
0.000000
0.000000
0.000000
0.000000
0.000000
0.000000
0.000000
0.000000
0.000000
0.000000
0.000000
0.000000
0.000000
0.000000
0.000000
0.000000
0.000000
0.000000
0.000000
0.000000
0.000000
0.000000
0.000000
0.000000
0.000000
0.000000
0.000000
0.000000
0.000000
0.000000
0.000000
0.000000
0.000000
0.000000
0.000000
0.000000
0.000000
0.000000
0.000000
0.000000
0.000000
0.000000
0.000000
0.000000
0.000000
0.000000
0.000000
0.000000
0.000000
0.000000
0.000000
0.000000
0.000000
0.000000
0.000000
0.000000
0.000000
0.000000
0.000000
0.000000
0.000000
0.000000
0.000000
0.000000
0.000000
0.000000
0.000000
0.000000
0.000000
0.000000
0.000000
0.000000
0.000000
0.000000
0.000000
0.000000
0.000000
0.000000
0.000000
0.000000
0.000000
0.000000
0.000000
0.000000
0.000000
0.000000
0.000000
0.000000
0.000000
0.000000
0.000000
0.000000
0.000000
0.000000
0.000000
0.000000
0.000000
0.000000
0.000000
0.000000
0.000000
0.000000
0.000000
0.000000
0.000000
0.000000
0.000000
0.000000
0.000000
0.000000
0.000000
0.000000
0.000000
0.000000
0.000000
0.000000
0.000000
0.000000
0.000000
0.000000
0.000000
0.000000
0.000000
0.000000
0.000000
0.000000
0.000000
0.000000
0.000000
0.000000
0.000000
0.000000
0.000000
0.000000
0.000000
0.000000
0.000000
0.000000
0.000000
0.000000
0.000000
0.000000
0.000000
0.000000
0.000000
0.000000
0.000000
0.000000
0.000000
0.000000
0.000000
0.000000
0.000000
0.000000
0.000000
0.000000
0.000000
0.000000
0.000000
0.000000
0.000000
0.000000
0.000000
0.000000
0.000000
0.000000
0.000000
0.000000
0.000000
0.000000
0.000000
0.000000
0.000000
0.000000
0.000000
0.000000
0.000000
0.000000
0.000000
0.000000
0.000000
0.000000
0.000000
0.000000
0.000000
0.000000
0.000000
0.000000
0.000000
0.000000
0.000000
0.000000
0.000000
0.000000
0.000000
0.000000
0.000000
0.000000
0.000000
0.000000
0.000000
0.000000
0.000000
0.000000
0.000000
0.000000
0.000000
0.000000
0.000000
0.000000
0.000000
0.000000
0.000000
0.000000
0.000000
0.000000
0.000000
0.000000
0.000000
0.000000
0.000000
0.000000
0.000000
0.000000
0.000000
0.000000
0.000000
0.000000
0.000000
0.000000
0.000000
0.000000
0.000000
0.000000
0.000000
0.000000
0.000000
0.000000
0.000000
0.000000
0.000000
0.000000
0.000000
0.000000
0.000000
0.000000
0.000000
0.000000
0.000000
0.000000
0.000000
0.000000
0.000000
0.000000
0.000000
0.000000
0.000000
0.000000
0.000000
0.000000
0.000000
0.000000
0.000000
0.000000
0.000000
0.000000
0.000000
0.000000
0.000000
0.000000
0.000000
0.000000
0.000000
0.000000
0.000000
0.000000
0.000000
0.000000
0.000000
0.000000
0.000000
0.000000
0.000000
0.000000
0.000000
0.000000
0.000000
0.000000
0.000000
0.000000
0.000000
0.000000
0.000000
0.000000
0.000000
0.000000
0.000000
0.000000
0.000000
0.000000
0.000000
0.000000
0.000000
0.000000
0.000000
0.000000
0.000000
0.000000
0.000000
0.000000
0.000000
0.000000
0.000000
0.000000
0.000000
0.000000
0.000000
0.000000
0.000000
0.000000
0.000000
0.000000
0.000000
0.000000
0.000000
0.000000
0.000000
0.000000
0.000000
0.000000
0.000000
0.000000
0.000000
0.000000
0.000000
0.000000
0.000000
0.000000
0.000000
0.000000
0.000000
0.000000
0.000000
0.000000
0.000000
0.000000
0.000000
0.000000
0.000000
0.000000
0.000000
0.000000
0.000000
0.000000
0.000000
0.000000
0.000000
0.000000
0.000000
0.000000
0.000000
0.000000
0.000000
0.000000
0.000000
0.000000
0.000000
0.000000
0.000000
0.000000
0.000000
0.000000
0.000000
0.000000
0.000000
0.000000
0.000000
0.000000
0.000000
0.000000
0.000000
0.000000
0.000000
0.000000
0.000000
0.000000
0.000000
0.000000
0.000000
0.000000
0.000000
0.000000
0.000000
0.000000
0.000000
0.000000
0.000000
0.000000
0.000000
0.000000
0.000000
0.000000
0.000000
0.000000
0.000000
0.000000
0.000000
0.000000
0.000000
0.000000
0.000000
0.000000
0.000000
0.000000
0.000000
0.000000
0.000000
0.000000
0.000000
0.000000
0.000000
0.000000
0.000000
0.000000
0.000000
0.000000
0.000000
0.000000
0.000000
0.000000
0.000000
0.000000
0.000000
0.000000
0.000000
0.000000
0.000000
0.000000
0.000000
0.000000
0.000000
0.000000
0.000000
0.000000
0.000000
0.000000
0.000000
0.000000
0.000000
0.000000
0.000000
0.000000
0.000000
0.000000
0.000000
0.000000
0.000000
0.000000
0.000000
0.000000
0.000000
0.000000
0.000000
0.000000
0.000000
0.000000
0.000000
0.000000
0.000000
0.000000
0.000000
0.000000
0.000000
0.000000
0.000000
0.000000
0.000000
0.000000
0.000000
0.000000
0.000000
0.000000
0.000000
0.000000
0.000000
0.000000
0.000000
0.000000
0.000000
0.000000
0.000000
0.000000
0.000000
0.000000
0.000000
0.000000
0.000000
0.000000
0.000000
0.000000
0.000000
0.000000
0.000000
0.000000
0.000000
0.000000
0.000000
0.000000
0.000000
0.000000
0.000000
0.000000
0.000000
0.000000
0.000000
0.000000
0.000000
0.000000
0.000000
0.000000
0.000000
0.000000
0.000000
0.000000
0.000000
0.000000
0.000000
0.000000
0.000000
0.000000
0.000000
0.000000
0.000000
0.000000
0.000000
0.000000
0.000000
0.000000
0.000000
0.000000
0.000000
0.000000
0.000000
0.000000
0.000000
0.000000
0.000000
0.000000
0.000000
0.000000
0.000000
0.000000
0.000000
0.000000
0.000000
0.000000
0.000000
0.000000
0.000000
0.000000
0.000000
0.000000
0.000000
0.000000
0.000000
0.000000
0.000000
0.000000
0.000000
0.000000
0.000000
0.000000
0.000000
0.000000
0.000000
0.000000
0.000000
0.000000
0.000000
0.000000
0.000000
0.000000
0.000000
0.000000
0.000000
0.000000
0.000000
0.000000
0.000000
0.000000
0.000000
0.000000
0.000000
0.000000
0.000000
0.000000
0.000000
0.000000
0.000000
0.000000
0.000000
0.000000
0.000000
0.000000
0.000000
0.000000
0.000000
0.000000
0.000000
0.000000
0.000000
0.000000
0.000000
0.000000
0.000000
0.000000
0.000000
0.000000
0.000000
0.000000
0.000000
0.000000
0.000000
0.000000
0.000000
0.000000
0.000000
0.000000
0.000000
0.000000
0.000000
0.000000
0.000000
0.000000
0.000000
0.000000
0.000000
0.000000
0.000000
0.000000
0.000000
0.000000
0.000000
0.000000
0.000000
0.000000
0.000000
0.000000
0.000000
0.000000
0.000000
0.000000
0.000000
0.000000
0.000000
0.000000
0.000000
0.000000
0.000000
0.000000
0.000000
0.000000
0.000000
0.000000
0.000000
0.000000
0.000000
0.000000
0.000000
0.000000
0.000000
0.000000
0.000000
0.000000
0.000000
0.000000
0.000000
0.000000
0.000000
0.000000
0.000000
0.000000
0.000000
0.000000
0.000000
0.000000
0.000000
0.000000
0.000000
0.000000
0.000000
0.000000
0.000000
0.000000
0.000000
0.000000
0.000000
0.000000
0.000000
0.000000
0.000000
0.000000
0.000000
0.000000
0.000000
0.000000
0.000000
0.000000
0.000000
0.000000
0.000000
0.000000
0.000000
0.000000
0.000000
0.000000
0.000000
0.000000
0.000000
0.000000
0.000000
0.000000
0.000000
0.000000
0.000000
0.000000
0.000000
0.000000
0.000000
0.000000
0.000000
0.000000
0.000000
0.000000
0.000000
0.000000
0.000000
0.000000
0.000000
0.000000
0.000000
0.000000
0.000000
0.000000
0.000000
0.000000
0.000000
0.000000
0.000000
0.000000
0.000000
0.000000
0.000000
0.000000
0.000000
0.000000
0.000000
0.000000
0.000000
0.000000
0.000000
0.000000
0.000000
0.000000
0.000000
0.000000
0.000000
0.000000
0.000000
0.000000
0.000000
0.000000
0.000000
0.000000
0.000000
0.000000
0.000000
0.000000
0.000000
0.000000
0.000000
0.000000
0.000000
0.000000
0.000000
0.000000
0.000000
0.000000
0.000000
0.000000
0.000000
0.000000
0.000000
0.000000
0.000000
0.000000
0.000000
0.000000
0.000000
0.000000
0.000000
0.000000
0.000000
0.000000
0.000000
0.000000
0.000000
0.000000
0.000000
0.000000
0.000000
0.000000
0.000000
0.000000
0.000000
0.000000
0.000000
0.000000
0.000000
0.000000
0.000000
0.000000
0.000000
0.000000
0.000000
0.000000
0.000000
0.000000
0.000000
0.000000
0.000000
0.000000
0.000000
0.000000
0.000000
0.000000
0.000000
0.000000
0.000000
0.000000
0.000000
0.000000
0.000000
0.000000
0.000000
0.000000
0.000000
0.000000
0.000000
0.000000
0.000000
0.000000
0.000000
0.000000
0.000000
0.000000
0.000000
0.000000
0.000000
0.000000
0.000000
0.000000
0.000000
0.000000
0.000000
0.000000
0.000000
0.000000
0.000000
0.000000
0.000000
0.000000
0.000000
0.000000
0.000000
0.000000
0.000000
0.000000
0.000000
0.000000
0.000000
0.000000
0.000000
0.000000
0.000000
0.000000
0.000000
0.000000
0.000000
0.000000
0.000000
0.000000
0.000000
0.000000
0.000000
0.000000
0.000000
0.000000
0.000000
0.000000
0.000000
0.000000
0.000000
0.000000
0.000000
0.000000
0.000000
0.000000
0.000000
0.000000
0.000000
0.000000
0.000000
0.000000
0.000000
0.000000
0.000000
0.000000
0.000000
0.000000
0.000000
0.000000
0.000000
0.000000
0.000000
0.000000
0.000000
0.000000
0.000000
0.000000
0.000000
0.000000
0.000000
0.000000
0.000000
0.000000
0.000000
0.000000
0.000000
0.000000
0.000000
0.000000
0.000000
0.000000
0.000000
0.000000
0.000000
0.000000
0.000000
0.000000
0.000000
0.000000
0.000000
0.000000
0.000000
0.000000
0.000000
0.000000
0.000000
0.000000
0.000000
0.000000
0.000000
0.000000
0.000000
0.000000
0.000000
0.000000
0.000000
0.000000
0.000000
0.000000
0.000000
